# Time (ps)	CV (angstrom)
9.999999999975766229e+01 3.614739663750197174e+00
1.004999999997559001e+02 3.337777313574372240e+00
1.009999999997541380e+02 4.118064410110449103e+00
1.014999999997533990e+02 3.173869956797779057e+00
1.019999999997629061e+02 4.128638077277918761e+00
1.024999999997724132e+02 3.263341397665921129e+00
1.029999999997819060e+02 4.098093654084967064e+00
1.034999999997914131e+02 3.210213779791723621e+00
1.039999999998009201e+02 4.100820140113738077e+00
1.044999999998104272e+02 3.117957245759753970e+00
1.049999999998199343e+02 3.809626715497198557e+00
1.054999999998294413e+02 3.242974137470691520e+00
1.059999999998389484e+02 3.534693469224352125e+00
1.064999999998484554e+02 3.505309531249663824e+00
1.069999999998579483e+02 3.774551972221196650e+00
1.074999999998674554e+02 3.387235988876156068e+00
1.079999999998769624e+02 3.862407615563419050e+00
1.084999999998864695e+02 3.401326054700184898e+00
1.089999999998959765e+02 3.820525315017564427e+00
1.094999999999054836e+02 4.038637658444791612e+00
1.099999999999149907e+02 3.457001431442442207e+00
1.104999999999244977e+02 3.894956338513968053e+00
1.109999999999339906e+02 3.265480678866908626e+00
1.114999999999434976e+02 3.794874225843205107e+00
1.119999999999530047e+02 3.269948016022171000e+00
1.124999999999625118e+02 4.062742195593846084e+00
1.129999999999720188e+02 3.885395961172217305e+00
1.134999999999815259e+02 3.395487226823740379e+00
1.139999999999910330e+02 3.904525859730160420e+00
1.145000000000005400e+02 3.240339509949930363e+00
1.150000000000100329e+02 4.036752437410607186e+00
1.155000000000195399e+02 3.243071066733091978e+00
1.160000000000290470e+02 3.810346342643574857e+00
1.165000000000385540e+02 3.376363646042487954e+00
1.170000000000480611e+02 3.589606284177528472e+00
1.175000000000575682e+02 3.287828551304777580e+00
1.180000000000670752e+02 3.568486202120729534e+00
1.185000000000765823e+02 3.576548317002821165e+00
1.190000000000860751e+02 3.336259514116896252e+00
1.195000000000955822e+02 3.646509026054390645e+00
1.200000000001050893e+02 3.201491493937616450e+00
1.205000000001145963e+02 3.668003244752401137e+00
1.210000000001241034e+02 3.237254023469497977e+00
1.215000000001336105e+02 3.915499835924794780e+00
1.220000000001431175e+02 3.619863758538722553e+00
1.225000000001526246e+02 3.705676168358332134e+00
1.230000000001621174e+02 3.368590158528405709e+00
1.235000000001716245e+02 4.068262705572929683e+00
1.240000000001811316e+02 2.913695380348337860e+00
1.245000000001906386e+02 3.663447705234890606e+00
1.250000000002001457e+02 3.429165772988223004e+00
1.255000000002096527e+02 3.755155470176883004e+00
1.260000000002191598e+02 3.661655333734903817e+00
1.265000000002286527e+02 3.816446172331036113e+00
1.270000000002381597e+02 3.278152823643918801e+00
1.275000000002476668e+02 3.718114782494418957e+00
1.280000000002571880e+02 3.328931266554050694e+00
1.285000000002666809e+02 4.018219980080931286e+00
1.290000000002761738e+02 3.332016630829020887e+00
1.295000000002856950e+02 3.829388357557943490e+00
1.300000000002951879e+02 3.370286718170582230e+00
1.305000000003047091e+02 3.480139138200614379e+00
1.310000000003142020e+02 3.629318481911382843e+00
1.315000000003237233e+02 3.520002005945122914e+00
1.320000000003332161e+02 3.557139680641679735e+00
1.325000000003427090e+02 3.466417665247037316e+00
1.330000000003522302e+02 3.847940095366098046e+00
1.335000000003617231e+02 3.360236591696371011e+00
1.340000000003712444e+02 3.499034547531602257e+00
1.345000000003807372e+02 3.499418036174755997e+00
1.350000000003902585e+02 3.553322681067046407e+00
1.355000000003997513e+02 3.814991758791610454e+00
1.360000000004092726e+02 3.459643084635727117e+00
1.365000000004187655e+02 3.596619380456711035e+00
1.370000000004282583e+02 3.472047365026583954e+00
1.375000000004377796e+02 3.508063233012783222e+00
1.380000000004472724e+02 3.434589113668216953e+00
1.385000000004567937e+02 3.637003781212050146e+00
1.390000000004662866e+02 3.327847342786616647e+00
1.395000000004758078e+02 3.615904952252329441e+00
1.400000000004853007e+02 3.204072855879462001e+00
1.405000000004947935e+02 3.867717375652900191e+00
1.410000000005043148e+02 3.288172887650732346e+00
1.415000000005138077e+02 3.753062051885989625e+00
1.420000000005233289e+02 3.889152386940167627e+00
1.425000000005328218e+02 3.695680873681305378e+00
1.430000000005423431e+02 3.734522775708088549e+00
1.435000000005518359e+02 3.304865033294281051e+00
1.440000000005613572e+02 3.880350916789142790e+00
1.445000000005708500e+02 3.280024155376928707e+00
1.450000000005803429e+02 3.994148199223661599e+00
1.455000000005898642e+02 3.735111451846602204e+00
1.460000000005993570e+02 3.510869027627288474e+00
1.465000000006088783e+02 3.901397012340130477e+00
1.470000000006183711e+02 3.551459334162695214e+00
1.475000000006278924e+02 3.431012114007634395e+00
1.480000000006373853e+02 4.019478264997877304e+00
1.485000000006468781e+02 3.457284616902605912e+00
1.490000000006563994e+02 3.457871041572600390e+00
1.495000000006658922e+02 3.582510427376035089e+00
1.500000000006754135e+02 3.505481361775609983e+00
1.505000000006849064e+02 3.463451584481422429e+00
1.510000000006944276e+02 3.642017484021815577e+00
1.515000000007039205e+02 3.427546738583475250e+00
1.520000000007134133e+02 3.793479173136033111e+00
1.525000000007229346e+02 3.476747914608254941e+00
1.530000000007324275e+02 3.978770420965608956e+00
1.535000000007419487e+02 3.494784669449101600e+00
1.540000000007514416e+02 3.703398352801557269e+00
1.545000000007609628e+02 3.563971577386392475e+00
1.550000000007704557e+02 3.449029524577159833e+00
1.555000000007799770e+02 3.601515915378427746e+00
1.560000000007894698e+02 3.390026405385301533e+00
1.565000000007989627e+02 3.617900308320458613e+00
1.570000000008084839e+02 3.448143163397032307e+00
1.575000000008179768e+02 3.567065949392093316e+00
1.580000000008274981e+02 3.372242948282476949e+00
1.585000000008369909e+02 3.594109532427118836e+00
1.590000000008465122e+02 3.900544179594094718e+00
1.595000000008560050e+02 3.515932941926210198e+00
1.600000000008654979e+02 3.738094386666602986e+00
1.605000000008750192e+02 3.371073592826488330e+00
1.610000000008845120e+02 3.838270511835866650e+00
1.615000000008940333e+02 4.024137635996302365e+00
1.620000000009035261e+02 3.188934954762697060e+00
1.625000000009130474e+02 3.729241074516911336e+00
1.630000000009225403e+02 3.700583197295067350e+00
1.635000000009320615e+02 3.395587884362730069e+00
1.640000000009415544e+02 3.760114167244020145e+00
1.645000000009510472e+02 3.247951920090197842e+00
1.650000000009605685e+02 3.455529875982268351e+00
1.655000000009700614e+02 3.625929532892451235e+00
1.660000000009795826e+02 3.573143210989940144e+00
1.665000000009890755e+02 3.651573244040893229e+00
1.670000000009985968e+02 3.397577741444428590e+00
1.675000000010080896e+02 3.303875849190198277e+00
1.680000000010175825e+02 3.603574668216898758e+00
1.685000000010271037e+02 3.215155949403997404e+00
1.690000000010365966e+02 3.564940464270851539e+00
1.695000000010461179e+02 3.430456971347124906e+00
1.700000000010556107e+02 3.394812498122100841e+00
1.705000000010651320e+02 3.767436758653964102e+00
1.710000000010746248e+02 3.249077412617930705e+00
1.715000000010841177e+02 3.633336754653718970e+00
1.720000000010936390e+02 3.325314700266040813e+00
1.725000000011031318e+02 3.796954012011142687e+00
1.730000000011126531e+02 3.364075792320572855e+00
1.735000000011221459e+02 3.770781963500398515e+00
1.740000000011316672e+02 3.668180953924812915e+00
1.745000000011411601e+02 3.494332940633681162e+00
1.750000000011506813e+02 3.287016597650666672e+00
1.755000000011601742e+02 3.620642781023891477e+00
1.760000000011696670e+02 3.655226706361557998e+00
1.765000000011791883e+02 3.294109799055216392e+00
1.770000000011886812e+02 3.751827175512596479e+00
1.775000000011982024e+02 3.211602509273818296e+00
1.780000000012076953e+02 4.141087751733048883e+00
1.785000000012172165e+02 3.185028721298088339e+00
1.790000000012267094e+02 3.893887784701694610e+00
1.795000000012362023e+02 3.509871505071476161e+00
1.800000000012457235e+02 3.960064610842431332e+00
1.805000000012552164e+02 3.773299173834391507e+00
1.810000000012647376e+02 3.585012870820780684e+00
1.815000000012742305e+02 3.556902590637726735e+00
1.820000000012837518e+02 3.351765324442403493e+00
1.825000000012932446e+02 3.451738250617582882e+00
1.830000000013027659e+02 3.366050806758420055e+00
1.835000000013122587e+02 3.681571170759013523e+00
1.840000000013217516e+02 3.425986382958070120e+00
1.845000000013312729e+02 3.740134838535572381e+00
1.850000000013407657e+02 3.228485692100183435e+00
1.855000000013502870e+02 3.849414642591569624e+00
1.860000000013597798e+02 3.710626159665626922e+00
1.865000000013693011e+02 3.295573652499089068e+00
1.870000000013787940e+02 3.816269514109798866e+00
1.875000000013882868e+02 3.126156420877604258e+00
1.880000000013978081e+02 3.741768556229575271e+00
1.885000000014073009e+02 3.355581932543949542e+00
1.890000000014168222e+02 3.776670978347240748e+00
1.895000000014263151e+02 3.654208783012267592e+00
1.900000000014358363e+02 3.322981348259991918e+00
1.905000000014453292e+02 3.694032081983610105e+00
1.910000000014548220e+02 3.277949452309408152e+00
1.915000000014643433e+02 3.609782446536958567e+00
1.920000000014738362e+02 3.515888342826062996e+00
1.925000000014833574e+02 3.533725580374404540e+00
1.930000000014928503e+02 3.432732169923111254e+00
1.935000000015023716e+02 3.614795288837721721e+00
1.940000000015118644e+02 3.549208946542085297e+00
1.945000000015213857e+02 3.531805630238208593e+00
1.950000000015308785e+02 3.775644058072705977e+00
1.955000000015403714e+02 3.384542442847751076e+00
1.960000000015498927e+02 3.765719239946917263e+00
1.965000000015593855e+02 3.730685450658682623e+00
1.970000000015689068e+02 3.626176640041550048e+00
1.975000000015783996e+02 3.660817134316988408e+00
1.980000000015879209e+02 3.640438695706234462e+00
1.985000000015974138e+02 3.628441979892038649e+00
1.990000000016069066e+02 3.779231879389621351e+00
1.995000000016164279e+02 3.523927034218816701e+00
2.000000000016259207e+02 3.456652554024196355e+00
2.005000000016354420e+02 3.683494220695674226e+00
2.010000000016449349e+02 3.205617022497053714e+00
2.015000000016544561e+02 4.247937610962732258e+00
2.020000000016639490e+02 3.146413026234893273e+00
2.025000000016734703e+02 4.409739101965367780e+00
2.030000000016789556e+02 2.925124158672065544e+00
2.035000000016659385e+02 3.932350318953062640e+00
2.040000000016529214e+02 3.476693063448980325e+00
2.045000000016398758e+02 3.891069371941231925e+00
2.050000000016268586e+02 3.561920576278230666e+00
2.055000000016138415e+02 3.695788270098660622e+00
2.060000000016008244e+02 3.369445544586975760e+00
2.065000000015878072e+02 3.614452002623160798e+00
2.070000000015747617e+02 3.557511827290552819e+00
2.075000000015617445e+02 3.865977618823144724e+00
2.080000000015487274e+02 3.306026157307694557e+00
2.085000000015357102e+02 3.657346182486294506e+00
2.090000000015226931e+02 3.415570114948059288e+00
2.095000000015096475e+02 3.458840764628732689e+00
2.100000000014966304e+02 3.344714046923821460e+00
2.105000000014836132e+02 3.958018083879184079e+00
2.110000000014705961e+02 3.361925401601318697e+00
2.115000000014575789e+02 3.572212855684933075e+00
2.120000000014445618e+02 3.844145479295164147e+00
2.125000000014315162e+02 3.356207778988805845e+00
2.130000000014184991e+02 3.934180321253583745e+00
2.135000000014054820e+02 3.281286631550519139e+00
2.140000000013924648e+02 3.741296586817731917e+00
2.145000000013794477e+02 3.460481890279132777e+00
2.150000000013664021e+02 3.361640964200803161e+00
2.155000000013533850e+02 3.973599017140911904e+00
2.160000000013403678e+02 3.592144698390506097e+00
2.165000000013273507e+02 3.541425175553784221e+00
2.170000000013143335e+02 3.872525361049232284e+00
2.175000000013013164e+02 4.136663014112484937e+00
2.180000000012882708e+02 3.485596663882737811e+00
2.185000000012752537e+02 3.406669257288788888e+00
2.190000000012622365e+02 3.790307345668567862e+00
2.195000000012492194e+02 3.798261492278623752e+00
2.200000000012362023e+02 3.340900519248370948e+00
2.205000000012231567e+02 3.943879471896491129e+00
2.210000000012101395e+02 3.303598870175697311e+00
2.215000000011971224e+02 3.501638988838069899e+00
2.220000000011841053e+02 4.201664951129659542e+00
2.225000000011710881e+02 3.060290089662177415e+00
2.230000000011580710e+02 4.210786272726335433e+00
2.235000000011450254e+02 3.251705590744470964e+00
2.240000000011320083e+02 3.688298705823051638e+00
2.245000000011189911e+02 3.675464687001706032e+00
2.250000000011059740e+02 3.581381112684146384e+00
2.255000000010929568e+02 3.339970856769792551e+00
2.260000000010799113e+02 3.454055039643546987e+00
2.265000000010668941e+02 3.887829656835158687e+00
2.270000000010538770e+02 3.239310510132758836e+00
2.275000000010408598e+02 3.690763346833638270e+00
2.280000000010278427e+02 3.222478587222000090e+00
2.285000000010148256e+02 3.854025045017808182e+00
2.290000000010017800e+02 3.453579728231413348e+00
2.295000000009887628e+02 3.587039985418528865e+00
2.300000000009757457e+02 3.546593231539892699e+00
2.305000000009627286e+02 3.493005892274966939e+00
2.310000000009497114e+02 3.696684909573534572e+00
2.315000000009366659e+02 3.541810618407791988e+00
2.320000000009236487e+02 3.608295870100981073e+00
2.325000000009106316e+02 3.459568627211204728e+00
2.330000000008976144e+02 3.333914363607253240e+00
2.335000000008845973e+02 3.804364165800717235e+00
2.340000000008715517e+02 3.413934253860781531e+00
2.345000000008585346e+02 3.598485866855837489e+00
2.350000000008455174e+02 3.419777263017366398e+00
2.355000000008325003e+02 3.324245112986586648e+00
2.360000000008194831e+02 3.667252517698826875e+00
2.365000000008064660e+02 3.847714774565099916e+00
2.370000000007934204e+02 3.250421376633302106e+00
2.375000000007804033e+02 3.861303089946604761e+00
2.380000000007673862e+02 3.085564695110555533e+00
2.385000000007543690e+02 3.699411380892265289e+00
2.390000000007413519e+02 3.517150786732424539e+00
2.395000000007283063e+02 3.496148933510144996e+00
2.400000000007152892e+02 3.540668353360764353e+00
2.405000000007022720e+02 3.636778774268852654e+00
2.410000000006892549e+02 3.544741356309026425e+00
2.415000000006762377e+02 3.738758411100697288e+00
2.420000000006632206e+02 3.613789105663431034e+00
2.425000000006501750e+02 3.360250798916067261e+00
2.430000000006371579e+02 3.530287118527518864e+00
2.435000000006241407e+02 3.319337143374724963e+00
2.440000000006111236e+02 3.762298747515233188e+00
2.445000000005981065e+02 3.581480779017462535e+00
2.450000000005850609e+02 3.434664821510677868e+00
2.455000000005720437e+02 3.973533349206755272e+00
2.460000000005590266e+02 3.008922917790503249e+00
2.465000000005460095e+02 3.726312003096406755e+00
2.470000000005329923e+02 3.147575356517680945e+00
2.475000000005199752e+02 3.622860137888888055e+00
2.480000000005069296e+02 3.413115110646530947e+00
2.485000000004939125e+02 3.738728244496127839e+00
2.490000000004808953e+02 3.419434267835902208e+00
2.495000000004678782e+02 3.309580911538744008e+00
2.500000000004548610e+02 3.700947379218414213e+00
2.505000000004418155e+02 3.771048417364081917e+00
2.510000000004287983e+02 3.546802552555820665e+00
2.515000000004157812e+02 3.387802624512338046e+00
2.520000000004027640e+02 3.367684371492839723e+00
2.525000000003897469e+02 3.592406700064312730e+00
2.530000000003767013e+02 3.426883581190238282e+00
2.535000000003636842e+02 3.769110282920572708e+00
2.540000000003506671e+02 3.616421046452001242e+00
2.545000000003376499e+02 3.590729668748070313e+00
2.550000000003246328e+02 3.507755550322499527e+00
2.555000000003116156e+02 3.255690918115119015e+00
2.560000000002985985e+02 3.638838428700984284e+00
2.565000000002855813e+02 3.377340945981659459e+00
2.570000000002725642e+02 3.596390982118514934e+00
2.575000000002594902e+02 3.595047222472959714e+00
2.580000000002464731e+02 3.289099047464833614e+00
2.585000000002334559e+02 3.360641237656130098e+00
2.590000000002204388e+02 3.698377756498148372e+00
2.595000000002074216e+02 3.394105382778992208e+00
2.600000000001944045e+02 3.699184405835429512e+00
2.605000000001813873e+02 4.007529414039504800e+00
2.610000000001683702e+02 3.521995323776345721e+00
2.615000000001553531e+02 3.514693271596890600e+00
2.620000000001423359e+02 4.259889553285500341e+00
2.625000000001292619e+02 3.182367044562337988e+00
2.630000000001162448e+02 3.542078879024338267e+00
2.635000000001032276e+02 3.437167154914236633e+00
2.640000000000902105e+02 3.226885306108324247e+00
2.645000000000771934e+02 3.688375706382294617e+00
2.650000000000641762e+02 3.291403248985482310e+00
2.655000000000511591e+02 3.868367865519066306e+00
2.660000000000381419e+02 3.382638001040518372e+00
2.665000000000251248e+02 3.584711631583793690e+00
2.670000000000121076e+02 3.398968373892057304e+00
2.674999999999990905e+02 3.665559684536656260e+00
2.679999999999860165e+02 3.207542202067803938e+00
2.684999999999729994e+02 4.087647004547728891e+00
2.689999999999599822e+02 3.248090646743570176e+00
2.694999999999469651e+02 3.819580639350149465e+00
2.699999999999339479e+02 3.348702120641097846e+00
2.704999999999209308e+02 3.826194411715849064e+00
2.709999999999079137e+02 3.855481262975299472e+00
2.714999999998948965e+02 3.404894906666914967e+00
2.719999999998818794e+02 3.651772460145610744e+00
2.724999999998688622e+02 3.160484074834790658e+00
2.729999999998558451e+02 3.993112161071417532e+00
2.734999999998427711e+02 3.539496831119692377e+00
2.739999999998297540e+02 3.464101557267424081e+00
2.744999999998167368e+02 3.635578769550174449e+00
2.749999999998037197e+02 3.677238040978723976e+00
2.754999999997907025e+02 3.526283187409855913e+00
2.759999999997776854e+02 3.760170666412720131e+00
2.764999999997646682e+02 3.452903548044635951e+00
2.769999999997516511e+02 3.723838288560118226e+00
2.774999999997386340e+02 3.501793001678738193e+00
2.779999999997256168e+02 3.923734596241554851e+00
2.784999999997125997e+02 3.553385108747642906e+00
2.789999999996995257e+02 3.837675635062022916e+00
2.794999999996865085e+02 3.227559819051349255e+00
2.799999999996734914e+02 3.762838481658241196e+00
2.804999999996604743e+02 3.470065972416097377e+00
2.809999999996474571e+02 3.425944805424846695e+00
2.814999999996344400e+02 3.757595337078353470e+00
2.819999999996214228e+02 3.735806349056708608e+00
2.824999999996084057e+02 3.737006944822014898e+00
2.829999999995953885e+02 3.274389259868210278e+00
2.834999999995823714e+02 3.599635515652843676e+00
2.839999999995693543e+02 3.282265320419778920e+00
2.844999999995562803e+02 3.861736436054714616e+00
2.849999999995432631e+02 2.998115910644937987e+00
2.854999999995302460e+02 4.322274622712670933e+00
2.859999999995172288e+02 3.396410891312522384e+00
2.864999999995042117e+02 3.607951406871415134e+00
2.869999999994911946e+02 3.577396474135070115e+00
2.874999999994781774e+02 3.658042945940070734e+00
2.879999999994651603e+02 3.721819215904047073e+00
2.884999999994521431e+02 3.491691185974560074e+00
2.889999999994391260e+02 3.627792142302337819e+00
2.894999999994261088e+02 3.719735286367165550e+00
2.899999999994130349e+02 3.209445179244969637e+00
2.904999999994000177e+02 3.507849071488905235e+00
2.909999999993870006e+02 3.375783088087537465e+00
2.914999999993739834e+02 3.587720812022282768e+00
2.919999999993609663e+02 3.469909895313131099e+00
2.924999999993479491e+02 3.925707656682638991e+00
2.929999999993349320e+02 3.451953473442842757e+00
2.934999999993219149e+02 3.663002933664564420e+00
2.939999999993088977e+02 3.706107876967137393e+00
2.944999999992958806e+02 3.772384023913245787e+00
2.949999999992828634e+02 3.544401824929912070e+00
2.954999999992697894e+02 3.829395187999088623e+00
2.959999999992567723e+02 3.403602982707909952e+00
2.964999999992437552e+02 3.578855093941506915e+00
2.969999999992307380e+02 3.271480109855020579e+00
2.974999999992177209e+02 3.991905435265755919e+00
2.979999999992047037e+02 3.611625169190490592e+00
2.984999999991916866e+02 3.909429785976398009e+00
2.989999999991786694e+02 3.286725299849791782e+00
2.994999999991656523e+02 3.978669526292417213e+00
2.999999999991526352e+02 3.531328128813129741e+00
3.004999999991396180e+02 3.540686030036080290e+00
3.009999999991265440e+02 3.677316052532912050e+00
3.014999999991135269e+02 3.441733156112361858e+00
3.019999999991005097e+02 3.682807131715111648e+00
3.024999999990874926e+02 3.440400415049388094e+00
3.029999999990744755e+02 3.764047741812097225e+00
3.034999999990614583e+02 3.569362194863582971e+00
3.039999999990484412e+02 3.728473374295776743e+00
3.044999999990354240e+02 3.335961197209698970e+00
3.049999999990224069e+02 3.787168599110032119e+00
3.054999999990093897e+02 3.249602565941060561e+00
3.059999999989963158e+02 3.648859534043884079e+00
3.064999999989832986e+02 3.604960626250010680e+00
3.069999999989702815e+02 3.623031685741841645e+00
3.074999999989572643e+02 3.482193939913647007e+00
3.079999999989442472e+02 3.591731556506284395e+00
3.084999999989312300e+02 3.879509700654961257e+00
3.089999999989182129e+02 3.455291438882478250e+00
3.094999999989051958e+02 3.464259872505448534e+00
3.099999999988921786e+02 3.631606109649421654e+00
3.104999999988791615e+02 3.291384574463267043e+00
3.109999999988661443e+02 3.897853166657341273e+00
3.114999999988530703e+02 3.397694049160286944e+00
3.119999999988400532e+02 3.930612745564410204e+00
3.124999999988270361e+02 3.451397832076827488e+00
3.129999999988140189e+02 3.376625895874196814e+00
3.134999999988010018e+02 3.780477643202974303e+00
3.139999999987879846e+02 3.579308420489947462e+00
3.144999999987749675e+02 3.639579660269276040e+00
3.149999999987619503e+02 3.553746246769488248e+00
3.154999999987489332e+02 3.705785958321300200e+00
3.159999999987359161e+02 3.500056656070826833e+00
3.164999999987228989e+02 3.483976131544996857e+00
3.169999999987098249e+02 4.015362218628163227e+00
3.174999999986968078e+02 3.346732176236333789e+00
3.179999999986837906e+02 3.851571499712700852e+00
3.184999999986707735e+02 3.808449844376206705e+00
3.189999999986577564e+02 3.954317250331697231e+00
3.194999999986447392e+02 3.003556797229114839e+00
3.199999999986317221e+02 4.019690326347673981e+00
3.204999999986187049e+02 3.151126975573636191e+00
3.209999999986056878e+02 3.838783803306224929e+00
3.214999999985926706e+02 3.444549395338489806e+00
3.219999999985796535e+02 3.374319891559622864e+00
3.224999999985665795e+02 3.401845732509356512e+00
3.229999999985535624e+02 3.801688893367392463e+00
3.234999999985405452e+02 3.521970042797370137e+00
3.239999999985275281e+02 3.724617271124046614e+00
3.244999999985145109e+02 3.387284865484260887e+00
3.249999999985014938e+02 3.629416831648196506e+00
3.254999999984884766e+02 3.664595518938387642e+00
3.259999999984754595e+02 3.490289136380028800e+00
3.264999999984624424e+02 3.438444865350314572e+00
3.269999999984494252e+02 4.118548919510562456e+00
3.274999999984364081e+02 3.631256985138058280e+00
3.279999999984233341e+02 3.632554050364873000e+00
3.284999999984103169e+02 3.474147890973606323e+00
3.289999999983972998e+02 3.830129258987720053e+00
3.294999999983842827e+02 3.539661248905049185e+00
3.299999999983712655e+02 3.594272976751275550e+00
3.304999999983582484e+02 3.599537546846528269e+00
3.309999999983452312e+02 3.435765976220540807e+00
3.314999999983322141e+02 3.524259152569737541e+00
3.319999999983191969e+02 3.577591329749955307e+00
3.324999999983061798e+02 3.452097578922503018e+00
3.329999999982931627e+02 3.908712436825565906e+00
3.334999999982800887e+02 3.273998510761148228e+00
3.339999999982670715e+02 3.559195017893131752e+00
3.344999999982540544e+02 3.805961306558325319e+00
3.349999999982410372e+02 3.265954705239238365e+00
3.354999999982280201e+02 3.563276467958178539e+00
3.359999999982150030e+02 3.690542725735640239e+00
3.364999999982019858e+02 3.809377624734993084e+00
3.369999999981889687e+02 3.367532694465208198e+00
3.374999999981759515e+02 3.790074617753522279e+00
3.379999999981629344e+02 3.371971877000095041e+00
3.384999999981499172e+02 3.752552737535670868e+00
3.389999999981368433e+02 3.614547860163009663e+00
3.394999999981238261e+02 3.750574959188353930e+00
3.399999999981108090e+02 3.566631400160985343e+00
3.404999999980977918e+02 3.253810954290385471e+00
3.409999999980847747e+02 3.478042156701167009e+00
3.414999999980717575e+02 3.467855990876184347e+00
3.419999999980587404e+02 3.428698742632356744e+00
3.424999999980457233e+02 3.290757106484098582e+00
3.429999999980327061e+02 3.316008420875693918e+00
3.434999999980196890e+02 3.308852036171177069e+00
3.439999999980066718e+02 3.496906885566363865e+00
3.444999999979935978e+02 3.444368723225503803e+00
3.449999999979805807e+02 3.421071416972656820e+00
3.454999999979675636e+02 3.406186418557873630e+00
3.459999999979545464e+02 3.322576524621197347e+00
3.464999999979415293e+02 3.464004501182924578e+00
3.469999999979285121e+02 3.410783434179653906e+00
3.474999999979154950e+02 4.064109736100936843e+00
3.479999999979024778e+02 2.828525758791527789e+00
3.484999999978894607e+02 4.051075644315267787e+00
3.489999999978764436e+02 3.127912821785634456e+00
3.494999999978633696e+02 3.679001370457298581e+00
3.499999999978503524e+02 3.819887516108857017e+00
3.504999999978373353e+02 3.653022437624840357e+00
3.509999999978243181e+02 3.557692834817256955e+00
3.514999999978113010e+02 3.589535858839731919e+00
3.519999999977982839e+02 3.843554616655895373e+00
3.524999999977852667e+02 3.721136508669971921e+00
3.529999999977722496e+02 3.609640003049701562e+00
3.534999999977592324e+02 4.084204368087818615e+00
3.539999999977462153e+02 3.682711372993602517e+00
3.544999999977331981e+02 3.714693390501675019e+00
3.549999999977201242e+02 3.648828022272538885e+00
3.554999999977071070e+02 3.678096388668167016e+00
3.559999999976940899e+02 3.485972326891014106e+00
3.564999999976810727e+02 3.763409052060186610e+00
3.569999999976680556e+02 3.281194935324489581e+00
3.574999999976550384e+02 3.486236981179590799e+00
3.579999999976420213e+02 3.776588317094708991e+00
3.584999999976290042e+02 3.353679604704071338e+00
3.589999999976159870e+02 3.455039598944675383e+00
3.594999999976029699e+02 3.715045747816039690e+00
3.599999999975899527e+02 3.598743166559634332e+00
3.604999999975768787e+02 3.392578902218057912e+00
3.609999999975638616e+02 3.902539384945421741e+00
3.614999999975508445e+02 3.497594922602097256e+00
3.619999999975378273e+02 3.455326696605059755e+00
3.624999999975248102e+02 3.126235119370795346e+00
3.629999999975117930e+02 3.642935562405879679e+00
3.634999999974987759e+02 3.318266977846131116e+00
3.639999999974857587e+02 3.899596706414954372e+00
3.644999999974727416e+02 3.200412950467361739e+00
3.649999999974597245e+02 3.582510269771234768e+00
3.654999999974467073e+02 3.628254827151663253e+00
3.659999999974336333e+02 3.577667906815322763e+00
3.664999999974206162e+02 3.814262921990616118e+00
3.669999999974075990e+02 3.407512481128332826e+00
3.674999999973945819e+02 3.873421222727467583e+00
3.679999999973815648e+02 3.199941758974693684e+00
3.684999999973685476e+02 3.900361927185080901e+00
3.689999999973555305e+02 3.228846126939796779e+00
3.694999999973425133e+02 3.901048209926233135e+00
3.699999999973294962e+02 3.616403002106676201e+00
3.704999999973164790e+02 3.747517597640295683e+00
3.709999999973034619e+02 3.372348665963564862e+00
3.714999999972903879e+02 3.697274552940250203e+00
3.719999999972773708e+02 3.456410207092331710e+00
3.724999999972643536e+02 3.562735414775788367e+00
3.729999999972513365e+02 3.501362626421021140e+00
3.734999999972383193e+02 3.507263660169481323e+00
3.739999999972253022e+02 3.520295982878787644e+00
3.744999999972122851e+02 3.549630411076407643e+00
3.749999999971992679e+02 3.489336559500767265e+00
3.754999999971862508e+02 3.509382188582133910e+00
3.759999999971732336e+02 3.661728827007184606e+00
3.764999999971602165e+02 3.510557375829216120e+00
3.769999999971471425e+02 3.513266233614505296e+00
3.774999999971341254e+02 3.438464812138593008e+00
3.779999999971211082e+02 3.709279224132620900e+00
3.784999999971080911e+02 3.217148091141686983e+00
3.789999999970950739e+02 3.857508131659309836e+00
3.794999999970820568e+02 3.447556430251959014e+00
3.799999999970690396e+02 3.783863192558635902e+00
3.804999999970560225e+02 3.497938734214287582e+00
3.809999999970430054e+02 3.540161637381645132e+00
3.814999999970299882e+02 3.413210498450975905e+00
3.819999999970169711e+02 3.662479176248946811e+00
3.824999999970038971e+02 4.126262526231149863e+00
3.829999999969908799e+02 3.074767776087193205e+00
3.834999999969778628e+02 3.713978123045953428e+00
3.839999999969648456e+02 3.715139606429099572e+00
3.844999999969518285e+02 3.783202920467102714e+00
3.849999999969388114e+02 3.589110898405644345e+00
3.854999999969257942e+02 3.527969277461818098e+00
3.859999999969127771e+02 4.028213706863183141e+00
3.864999999968997599e+02 3.165304400488438308e+00
3.869999999968867428e+02 3.861072366560482916e+00
3.874999999968737256e+02 3.440339036228779346e+00
3.879999999968606517e+02 3.670427624604756911e+00
3.884999999968476345e+02 3.285075367530857715e+00
3.889999999968346174e+02 3.574174859979172059e+00
3.894999999968216002e+02 3.244087622661055548e+00
3.899999999968085831e+02 3.611829988141616266e+00
3.904999999967955659e+02 3.606284534182486290e+00
3.909999999967825488e+02 3.574439711947504428e+00
3.914999999967695317e+02 3.379620922170345487e+00
3.919999999967565145e+02 3.543023843410976870e+00
3.924999999967434974e+02 3.537075890418810875e+00
3.929999999967304234e+02 3.562871018822772129e+00
3.934999999967174062e+02 3.766451900223384719e+00
3.939999999967043891e+02 3.700396043181822137e+00
3.944999999966913720e+02 3.328168606748041380e+00
3.949999999966783548e+02 3.820604103075524449e+00
3.954999999966653377e+02 3.757727057486170530e+00
3.959999999966523205e+02 3.699549436242622225e+00
3.964999999966393034e+02 3.692065581472291136e+00
3.969999999966262862e+02 3.807451121307506181e+00
3.974999999966132691e+02 3.533909060029535976e+00
3.979999999966002520e+02 3.533589026519938781e+00
3.984999999965871780e+02 3.574885449394174852e+00
3.989999999965741608e+02 3.391541130548986427e+00
3.994999999965611437e+02 3.674073093412622004e+00
3.999999999965481265e+02 3.481346501506750180e+00
4.004999999965351094e+02 3.497497237962643002e+00
4.009999999965220923e+02 3.705601355777734529e+00
4.014999999965090751e+02 3.170368806671994388e+00
4.019999999964960580e+02 3.853570293558532089e+00
4.024999999964830408e+02 3.470633998028061828e+00
4.029999999964700237e+02 3.701132933948079184e+00
4.034999999964570065e+02 3.197019772022408279e+00
4.039999999964439326e+02 3.556596759146757769e+00
4.044999999964309154e+02 3.581295554869391218e+00
4.049999999964178983e+02 3.545511244657093108e+00
4.054999999964048811e+02 3.690451060306075615e+00
4.059999999964079507e+02 3.328058259414383269e+00
4.064999999964400104e+02 3.746802431912164888e+00
4.069999999964720132e+02 3.309641001016920381e+00
4.074999999965040729e+02 3.613556024680534051e+00
4.079999999965360757e+02 3.501923684247250979e+00
4.084999999965681354e+02 3.655129587850627804e+00
4.089999999966001383e+02 3.205467788476899393e+00
4.094999999966321980e+02 3.826884690409185108e+00
4.099999999966642008e+02 3.284644855476047010e+00
4.104999999966962605e+02 3.944087183413545805e+00
4.109999999967282633e+02 3.665008680875073033e+00
4.114999999967603230e+02 3.557923931361941960e+00
4.119999999967923259e+02 3.594270276089587490e+00
4.124999999968243856e+02 3.132972376607184195e+00
4.129999999968563884e+02 3.753014731692873251e+00
4.134999999968884481e+02 3.411808584067987038e+00
4.139999999969205078e+02 3.760537916048154905e+00
4.144999999969525106e+02 3.497492177855802797e+00
4.149999999969845703e+02 3.659469572199440801e+00
4.154999999970165732e+02 3.378552041324578870e+00
4.159999999970486328e+02 4.061683066192518510e+00
4.164999999970806357e+02 3.111087789685265115e+00
4.169999999971126954e+02 4.064704038421403709e+00
4.174999999971446982e+02 3.384363121596033253e+00
4.179999999971767579e+02 3.592731763655214294e+00
4.184999999972087608e+02 3.713886397577396359e+00
4.189999999972408204e+02 3.557201140727347610e+00
4.194999999972728233e+02 3.389237722388434015e+00
4.199999999973048830e+02 3.670831069851577144e+00
4.204999999973368858e+02 3.440112420761737066e+00
4.209999999973689455e+02 3.667741304527548873e+00
4.214999999974009484e+02 3.165503217028267535e+00
4.219999999974330080e+02 3.995064726623079654e+00
4.224999999974650109e+02 3.358833142321955734e+00
4.229999999974970706e+02 3.938165557139881479e+00
4.234999999975291303e+02 3.331711074205739198e+00
4.239999999975611331e+02 3.422620074255292799e+00
4.244999999975931928e+02 3.717484027069003716e+00
4.249999999976251956e+02 3.160102454686938067e+00
4.254999999976572553e+02 4.051766969272732055e+00
4.259999999976892582e+02 3.617331899155254771e+00
4.264999999977213179e+02 3.653252009669637257e+00
4.269999999977533207e+02 3.235616007640744751e+00
4.274999999977853804e+02 3.925911419528511637e+00
4.279999999978173832e+02 3.490312681017433860e+00
4.284999999978494429e+02 3.690707021606988381e+00
4.289999999978814458e+02 3.678862815761572591e+00
4.294999999979135055e+02 3.378042935344504727e+00
4.299999999979455083e+02 3.861222146696506208e+00
4.304999999979775680e+02 3.118714300297003916e+00
4.309999999980095708e+02 3.917156892868598472e+00
4.314999999980416305e+02 3.240088239817330518e+00
4.319999999980736902e+02 3.464677005368974605e+00
4.324999999981056931e+02 3.479584081396494000e+00
4.329999999981377528e+02 3.686120484849253476e+00
4.334999999981697556e+02 3.528779243443737279e+00
4.339999999982018153e+02 3.311558241719410933e+00
4.344999999982338181e+02 3.465119465689547429e+00
4.349999999982658778e+02 3.823091372487217310e+00
4.354999999982978807e+02 3.412530761389200862e+00
4.359999999983299404e+02 3.403944506197681630e+00
4.364999999983619432e+02 3.311015308007521529e+00
4.369999999983940029e+02 3.407922310111601849e+00
4.374999999984260057e+02 3.332745764666934285e+00
4.379999999984580654e+02 3.459616707583636597e+00
4.384999999984900683e+02 3.534884522208816549e+00
4.389999999985221280e+02 3.705209303811234367e+00
4.394999999985541308e+02 3.544343186455684691e+00
4.399999999985861905e+02 3.321955049355966860e+00
4.404999999986182502e+02 3.937175035026932335e+00
4.409999999986502530e+02 3.207270059465537226e+00
4.414999999986823127e+02 3.603699528692501541e+00
4.419999999987143156e+02 3.771199773489677831e+00
4.424999999987463752e+02 3.288585093120457881e+00
4.429999999987783781e+02 3.693011889895986499e+00
4.434999999988104378e+02 3.502285131827993503e+00
4.439999999988424406e+02 3.514662402010544806e+00
4.444999999988745003e+02 3.588658111398765005e+00
4.449999999989065032e+02 3.687240490608806098e+00
4.454999999989385628e+02 3.472239866800892472e+00
4.459999999989705657e+02 3.484782413224657649e+00
4.464999999990026254e+02 3.438839547728279822e+00
4.469999999990346282e+02 3.376442931916873391e+00
4.474999999990666879e+02 3.823978551955433236e+00
4.479999999990986908e+02 2.966156074121800046e+00
4.484999999991307504e+02 3.976218225884794233e+00
4.489999999991627533e+02 3.368823988387059210e+00
4.494999999991948130e+02 3.719711084350480590e+00
4.499999999992268727e+02 3.654171360066793994e+00
4.504999999992588755e+02 3.599906448600872721e+00
4.509999999992909352e+02 3.233432411469687295e+00
4.514999999993229380e+02 3.802674229970444131e+00
4.519999999993549977e+02 3.618764303993822207e+00
4.524999999993870006e+02 3.840268303055252019e+00
4.529999999994190603e+02 3.253735479240337902e+00
4.534999999994510631e+02 3.678641938949659629e+00
4.539999999994831228e+02 3.721764960147079471e+00
4.544999999995151256e+02 3.353727782981069883e+00
4.549999999995471853e+02 4.060194775596223771e+00
4.554999999995791882e+02 3.516952215540603000e+00
4.559999999996112479e+02 3.826513629576445030e+00
4.564999999996432507e+02 4.118740689263911570e+00
4.569999999996753104e+02 3.612717287662006616e+00
4.574999999997073132e+02 3.568026346252613390e+00
4.579999999997393729e+02 3.537326011571931161e+00
4.584999999997714326e+02 3.556308529398821250e+00
4.589999999998034355e+02 3.500141638961974166e+00
4.594999999998354951e+02 3.567283645645674905e+00
4.599999999998674980e+02 3.313036674309242535e+00
4.604999999998995577e+02 3.594834025708808500e+00
4.609999999999315605e+02 3.527784522560373226e+00
4.614999999999636202e+02 3.426633913841605761e+00
4.619999999999956231e+02 3.740834082964963780e+00
4.625000000000276827e+02 3.537907783800885664e+00
4.630000000000596856e+02 3.546200866551210140e+00
4.635000000000917453e+02 3.833770864483695640e+00
4.640000000001237481e+02 3.390580878575102819e+00
4.645000000001558078e+02 3.706824892377662994e+00
4.650000000001878107e+02 3.300621991466854421e+00
4.655000000002198703e+02 3.358705338256677386e+00
4.660000000002518732e+02 3.842464519993736172e+00
4.665000000002839329e+02 3.146116675837960397e+00
4.670000000003159357e+02 3.872932840183760828e+00
4.675000000003479954e+02 3.474733455384127812e+00
4.680000000003800551e+02 3.679378837930812995e+00
4.685000000004120579e+02 3.746091092860926342e+00
4.690000000004441176e+02 3.794383156991399275e+00
4.695000000004761205e+02 3.737929679180370446e+00
4.700000000005081802e+02 3.893936462364887330e+00
4.705000000005401830e+02 3.496198494988338457e+00
4.710000000005722427e+02 3.969258528966249866e+00
4.715000000006042455e+02 3.258888356021516497e+00
4.720000000006363052e+02 3.873641115532895807e+00
4.725000000006683081e+02 3.370427002830653329e+00
4.730000000007003678e+02 3.597698459344432553e+00
4.735000000007323706e+02 3.878563168939225925e+00
4.740000000007644303e+02 3.296415480840247270e+00
4.745000000007964331e+02 3.541948881940411020e+00
4.750000000008284928e+02 3.555096784697668877e+00
4.755000000008604957e+02 3.558823985147558044e+00
4.760000000008925554e+02 3.663301431723503754e+00
4.765000000009246151e+02 3.159159252068096446e+00
4.770000000009566179e+02 4.062138383861843671e+00
4.775000000009886776e+02 3.262702352921356130e+00
4.780000000010206804e+02 3.837346351265648270e+00
4.785000000010527401e+02 3.317378175345325086e+00
4.790000000010847430e+02 3.756573925344822484e+00
4.795000000011168027e+02 3.419977056334906340e+00
4.800000000011488055e+02 3.704123718758438599e+00
4.805000000011808652e+02 3.613465442008683137e+00
4.810000000012128680e+02 3.632333314338319852e+00
4.815000000012449277e+02 3.514410948227065568e+00
4.820000000012769306e+02 3.549372394379078255e+00
4.825000000013089902e+02 3.563288512323589785e+00
4.830000000013409931e+02 3.289471376084172949e+00
4.835000000013730528e+02 3.586615343299629277e+00
4.840000000014050556e+02 3.567232482713832642e+00
4.845000000014371153e+02 3.265403984245143665e+00
4.850000000014691750e+02 3.697433811957694161e+00
4.855000000015011778e+02 3.524024414253200455e+00
4.860000000015332375e+02 3.689103443252510939e+00
4.865000000015652404e+02 3.622102642496782821e+00
4.870000000015973001e+02 3.237861542784801649e+00
4.875000000016293029e+02 3.504051913725943379e+00
4.880000000016613626e+02 3.563841149093850635e+00
4.885000000016933654e+02 3.390668516078243933e+00
4.890000000017254251e+02 3.853452080491762022e+00
4.895000000017574280e+02 3.775671933439891603e+00
4.900000000017894877e+02 3.270015085868593907e+00
4.905000000018214905e+02 3.665536977327088941e+00
4.910000000018535502e+02 3.551766668559506623e+00
4.915000000018855530e+02 3.355857979599566221e+00
4.920000000019176127e+02 3.702081989384696126e+00
4.925000000019496156e+02 3.548494634085993304e+00
4.930000000019816753e+02 3.760914055756674479e+00
4.935000000020136781e+02 3.508259793861993270e+00
4.940000000020457378e+02 3.414863275171082346e+00
4.945000000020777975e+02 3.317983862034962428e+00
4.950000000021098003e+02 3.886909452698271483e+00
4.955000000021418600e+02 3.355139376971441045e+00
4.960000000021738629e+02 3.549770334750899536e+00
4.965000000022059226e+02 3.691761889312337619e+00
4.970000000022379254e+02 3.710276027739186411e+00
4.975000000022699851e+02 3.195735254582221518e+00
4.980000000023019879e+02 3.816545658896777660e+00
4.985000000023340476e+02 3.631380522902745600e+00
4.990000000023660505e+02 3.324152171510287967e+00
4.995000000023981102e+02 3.426608453893436490e+00
5.000000000024301130e+02 3.575101791065730339e+00
5.005000000024621727e+02 3.447803847676890410e+00
5.010000000024941755e+02 3.369038574867651015e+00
5.015000000025262352e+02 3.599364522899682672e+00
5.020000000025582381e+02 3.664090707509437106e+00
5.025000000025902978e+02 3.369373519470887146e+00
5.030000000026223574e+02 3.634207434543093918e+00
5.035000000026543603e+02 3.379311945386689331e+00
5.040000000026864200e+02 4.156493061492941621e+00
5.045000000027184228e+02 3.518321447196354868e+00
5.050000000027504825e+02 3.461698181908304583e+00
5.055000000027824854e+02 3.599598868649496630e+00
5.060000000028145450e+02 3.361667993781274344e+00
5.065000000028465479e+02 3.604275748997984419e+00
5.070000000028786076e+02 3.326459584929052582e+00
5.075000000029106104e+02 4.244972327967919234e+00
5.080000000029426701e+02 2.959556175069797845e+00
5.085000000029746730e+02 4.068109497158655330e+00
5.090000000030067326e+02 3.562468033802392853e+00
5.095000000030387355e+02 3.399462298314980924e+00
5.100000000030707952e+02 3.635538714077948264e+00
5.105000000031027980e+02 3.358283801666865909e+00
5.110000000031348577e+02 3.684719365007345093e+00
5.115000000031668606e+02 3.104606827345869124e+00
5.120000000031989202e+02 3.687610676501857476e+00
5.125000000032309799e+02 3.305591176623150496e+00
5.130000000032630396e+02 3.404698647052454064e+00
5.135000000032949856e+02 3.639342275854579256e+00
5.140000000033270453e+02 3.567953305079071935e+00
5.145000000033591050e+02 3.544638696885833884e+00
5.150000000033911647e+02 3.355914362969506293e+00
5.155000000034231107e+02 3.521461551098983289e+00
5.160000000034551704e+02 3.551425372802202940e+00
5.165000000034872301e+02 3.596119963004905440e+00
5.170000000035192897e+02 3.733025046567902461e+00
5.175000000035512357e+02 3.234499901685250034e+00
5.180000000035832954e+02 3.788370282064227101e+00
5.185000000036153551e+02 3.450659508388372210e+00
5.190000000036474148e+02 3.769638762358558992e+00
5.195000000036793608e+02 3.298575586461049536e+00
5.200000000037114205e+02 3.656368377614147125e+00
5.205000000037434802e+02 3.292849705111694281e+00
5.210000000037755399e+02 3.539820166489817677e+00
5.215000000038075996e+02 3.281193072285330192e+00
5.220000000038395456e+02 3.872418396585308731e+00
5.225000000038716053e+02 3.510849445708374095e+00
5.230000000039036649e+02 3.540243377331101726e+00
5.235000000039357246e+02 3.458368062668438547e+00
5.240000000039676706e+02 3.500855348482839968e+00
5.245000000039997303e+02 3.158811585008170386e+00
5.250000000040317900e+02 3.507566713665520197e+00
5.255000000040638497e+02 3.252565298726776355e+00
5.260000000040957957e+02 3.888350012894269181e+00
5.265000000041278554e+02 3.285305223765651927e+00
5.270000000041599151e+02 3.867233169738250265e+00
5.275000000041919748e+02 3.124814404798951450e+00
5.280000000042239208e+02 3.529715132119243481e+00
5.285000000042559805e+02 3.350175186537275529e+00
5.290000000042880401e+02 3.543840164040089391e+00
5.295000000043200998e+02 3.816095738203509669e+00
5.300000000043521595e+02 3.331481191263128139e+00
5.305000000043841055e+02 3.940414155066296331e+00
5.310000000044161652e+02 3.208015889237140872e+00
5.315000000044482249e+02 3.522701370059508896e+00
5.320000000044802846e+02 3.609970633870001055e+00
5.325000000045122306e+02 3.751980715323917526e+00
5.330000000045442903e+02 3.496382168726499984e+00
5.335000000045763500e+02 3.698232548592668589e+00
5.340000000046084097e+02 3.061775037423873691e+00
5.345000000046403557e+02 3.847991799140018099e+00
5.350000000046724153e+02 3.297589769363950207e+00
5.355000000047044750e+02 3.406589347221781416e+00
5.360000000047365347e+02 3.571631357650641547e+00
5.365000000047684807e+02 3.629841151420064360e+00
5.370000000048005404e+02 3.892626944682384682e+00
5.375000000048326001e+02 3.271836711164478384e+00
5.380000000048646598e+02 3.581818126726287854e+00
5.385000000048967195e+02 3.473999992138945725e+00
5.390000000049286655e+02 3.284171427919333919e+00
5.395000000049607252e+02 3.649794602632703722e+00
5.400000000049927849e+02 3.441928694209660744e+00
5.405000000050248445e+02 3.430625725393233516e+00
5.410000000050567905e+02 3.436095534120220840e+00
5.415000000050888502e+02 3.398972256421398441e+00
5.420000000051209099e+02 3.494213816298395781e+00
5.425000000051529696e+02 3.425748137465674859e+00
5.430000000051849156e+02 3.888766928794214373e+00
5.435000000052169753e+02 3.729966851586150600e+00
5.440000000052490350e+02 3.361251971799417593e+00
5.445000000052810947e+02 4.015557541359637383e+00
5.450000000053130407e+02 3.565193003278102069e+00
5.455000000053451004e+02 3.685667061256667321e+00
5.460000000053771601e+02 4.052524309573505512e+00
5.465000000054092197e+02 3.338021463309147396e+00
5.470000000054411657e+02 3.602587770158941272e+00
5.475000000054732254e+02 3.505250215876344999e+00
5.480000000055052851e+02 3.567085782626771451e+00
5.485000000055373448e+02 3.439718583698482046e+00
5.490000000055694045e+02 3.599498822913085760e+00
5.495000000056013505e+02 3.537134781005022433e+00
5.500000000056334102e+02 3.716343732490127838e+00
5.505000000056654699e+02 3.375649068689100307e+00
5.510000000056975296e+02 3.472193977089409689e+00
5.515000000057294756e+02 3.425067708679360834e+00
5.520000000057615352e+02 3.649952741238476683e+00
5.525000000057935949e+02 3.342839631037357595e+00
5.530000000058256546e+02 3.842560166007638056e+00
5.535000000058576006e+02 3.406797353566061837e+00
5.540000000058896603e+02 3.666222943592085670e+00
5.545000000059217200e+02 3.759744535019667655e+00
5.550000000059537797e+02 3.506875361709068883e+00
5.555000000059857257e+02 3.558898631072217267e+00
5.560000000060177854e+02 3.595248323561101689e+00
5.565000000060498451e+02 3.413122353223926986e+00
5.570000000060819048e+02 3.300844991306060905e+00
5.575000000061139644e+02 3.510216875565456807e+00
5.580000000061459104e+02 3.533935864776831082e+00
5.585000000061779701e+02 3.706664424862601948e+00
5.590000000062100298e+02 3.434589739971908529e+00
5.595000000062420895e+02 3.585173249138937646e+00
5.600000000062740355e+02 3.463013687868524926e+00
5.605000000063060952e+02 3.404292737621077869e+00
5.610000000063381549e+02 3.677962592465271463e+00
5.615000000063702146e+02 3.455979661933870961e+00
5.620000000064021606e+02 3.832669563945372726e+00
5.625000000064342203e+02 3.377848010269105306e+00
5.630000000064662800e+02 3.526757109771323950e+00
5.635000000064983396e+02 3.536220078853984372e+00
5.640000000065302856e+02 3.361044368918178371e+00
5.645000000065623453e+02 3.637534940304281150e+00
5.650000000065944050e+02 3.304154245960562619e+00
5.655000000066264647e+02 3.613584861553836625e+00
5.660000000066585244e+02 3.350302541517118371e+00
5.665000000066904704e+02 4.010761097200650660e+00
5.670000000067225301e+02 3.640013593568225847e+00
5.675000000067545898e+02 3.147837974453801646e+00
5.680000000067866495e+02 3.670251790566452677e+00
5.685000000068185955e+02 3.190593790532915808e+00
5.690000000068506552e+02 3.776143183060372444e+00
5.695000000068827148e+02 3.391957954413579390e+00
5.700000000069147745e+02 3.502557024551048226e+00
5.705000000069467205e+02 3.565250283310698265e+00
5.710000000069787802e+02 3.385435318115287195e+00
5.715000000070108399e+02 3.623781082842961521e+00
5.720000000070428996e+02 3.431105908668180771e+00
5.725000000070748456e+02 3.530827270972293874e+00
5.730000000071069053e+02 3.783674425821264009e+00
5.735000000071389650e+02 3.542160945108441705e+00
5.740000000071710247e+02 3.829117036765141258e+00
5.745000000072030844e+02 3.551056754095834211e+00
5.750000000072350304e+02 3.233785972478854465e+00
5.755000000072670900e+02 3.580377307200050652e+00
5.760000000072991497e+02 3.387872767176311140e+00
5.765000000073312094e+02 3.681293059041549576e+00
5.770000000073631554e+02 3.207521676744027772e+00
5.775000000073952151e+02 3.765182099320533382e+00
5.780000000074272748e+02 3.201521440304464949e+00
5.785000000074593345e+02 3.864218908583393119e+00
5.790000000074912805e+02 3.445695906582720180e+00
5.795000000075233402e+02 3.623955407343330659e+00
5.800000000075553999e+02 3.290418809093904606e+00
5.805000000075874595e+02 3.767592633009195779e+00
5.810000000076194056e+02 3.422652206561149768e+00
5.815000000076514652e+02 3.628418526145557710e+00
5.820000000076835249e+02 3.194282608867297757e+00
5.825000000077155846e+02 3.719816598146286513e+00
5.830000000077476443e+02 3.520589335173013090e+00
5.835000000077795903e+02 3.373541693969841493e+00
5.840000000078116500e+02 3.443354008197636151e+00
5.845000000078437097e+02 3.615072280659021864e+00
5.850000000078757694e+02 3.705845506003732748e+00
5.855000000079077154e+02 3.584297024461415848e+00
5.860000000079397751e+02 3.471643462266550184e+00
5.865000000079718347e+02 3.556755571212056211e+00
5.870000000080038944e+02 3.465739992423219284e+00
5.875000000080358404e+02 3.753341430144875535e+00
5.880000000080679001e+02 3.556863268051660310e+00
5.885000000080999598e+02 3.521051155248833719e+00
5.890000000081320195e+02 3.662220058364638042e+00
5.895000000081639655e+02 3.460783924339543294e+00
5.900000000081960252e+02 3.658076349448560638e+00
5.905000000082280849e+02 3.652903482663270918e+00
5.910000000082601446e+02 3.815550997732271910e+00
5.915000000082920906e+02 3.263625331477900016e+00
5.920000000083241503e+02 4.063864408495223124e+00
5.925000000083562099e+02 3.116008642681758367e+00
5.930000000083882696e+02 3.619429953831460267e+00
5.935000000084203293e+02 3.503320713768830696e+00
5.940000000084522753e+02 3.940836005525848673e+00
5.945000000084843350e+02 3.286436827529874538e+00
5.950000000085163947e+02 3.779585936864585438e+00
5.955000000085484544e+02 3.558219370251312519e+00
5.960000000085804004e+02 3.329504579680095500e+00
5.965000000086124601e+02 3.668179994253998544e+00
5.970000000086445198e+02 3.475901926362417349e+00
5.975000000086765795e+02 3.732001754387234360e+00
5.980000000087085255e+02 3.503742668680972727e+00
5.985000000087405851e+02 3.757930800837784968e+00
5.990000000087726448e+02 3.326651283969322748e+00
5.995000000088047045e+02 3.690644351341979323e+00
6.000000000088366505e+02 3.408678986035288627e+00
6.005000000088687102e+02 3.518878763880376237e+00
6.010000000089007699e+02 3.888840933835493008e+00
6.015000000089328296e+02 3.726869727213753869e+00
6.020000000089648893e+02 3.501411189275683622e+00
6.025000000089968353e+02 3.341057136139509165e+00
6.030000000090288950e+02 3.769171055188225594e+00
6.035000000090609547e+02 3.433150379059025425e+00
6.040000000090930143e+02 3.676101434269694490e+00
6.045000000091249603e+02 3.325429137370525812e+00
6.050000000091570200e+02 3.938535997138544964e+00
6.055000000091890797e+02 3.416032831140959569e+00
6.060000000092211394e+02 3.452065256926709402e+00
6.065000000092530854e+02 3.664968313066644612e+00
6.070000000092851451e+02 3.551607304912450136e+00
6.075000000093172048e+02 3.519313801274518649e+00
6.080000000093492645e+02 3.817843481638246494e+00
6.085000000093812105e+02 3.000975719256235852e+00
6.090000000094132702e+02 4.447139475970107725e+00
6.095000000094453299e+02 3.053034024556790627e+00
6.100000000094773895e+02 3.852549890192871196e+00
6.105000000095094492e+02 3.574709650177533504e+00
6.110000000095413952e+02 3.726088871375004885e+00
6.115000000095734549e+02 3.208665614991815129e+00
6.120000000096055146e+02 3.534954475646106431e+00
6.125000000096375743e+02 3.583309627153457022e+00
6.130000000096695203e+02 3.353312330355026738e+00
6.135000000097015800e+02 3.314003727950539879e+00
6.140000000097336397e+02 3.736757114599413399e+00
6.145000000097656994e+02 3.808295883011545868e+00
6.150000000097976454e+02 3.297142019832049797e+00
6.155000000098297050e+02 3.958162155839848761e+00
6.160000000098617647e+02 3.768637076287752574e+00
6.165000000098938244e+02 3.679124176171674421e+00
6.170000000099257704e+02 3.530833540529101811e+00
6.175000000099578301e+02 4.224476126269059328e+00
6.180000000099898898e+02 3.596112242037895257e+00
6.185000000100219495e+02 3.640391091772896992e+00
6.190000000100540092e+02 3.291212214044390016e+00
6.195000000100859552e+02 3.797352574065598230e+00
6.200000000101180149e+02 3.584984747996970977e+00
6.205000000101500746e+02 3.803998604352650137e+00
6.210000000101821342e+02 3.642520623484683195e+00
6.215000000102140802e+02 3.482135157597038067e+00
6.220000000102461399e+02 3.567730999803166991e+00
6.225000000102781996e+02 3.503517928118518032e+00
6.230000000103102593e+02 3.411663994370867758e+00
6.235000000103422053e+02 3.535036248667582370e+00
6.240000000103742650e+02 3.505873014461282189e+00
6.245000000104063247e+02 3.385099350578619770e+00
6.250000000104383844e+02 3.463569962178616013e+00
6.255000000104703304e+02 3.858835264082881800e+00
6.260000000105023901e+02 3.689232465312041409e+00
6.265000000105344498e+02 3.657733285841062720e+00
6.270000000105665094e+02 3.883526917555788938e+00
6.275000000105985691e+02 3.369787835264746345e+00
6.280000000106305151e+02 4.202062836366255993e+00
6.285000000106625748e+02 3.263384408225225464e+00
6.290000000106946345e+02 4.452116164290536915e+00
6.295000000107266942e+02 2.872433029936662496e+00
6.300000000107586402e+02 4.342545369740809846e+00
6.305000000107906999e+02 3.382350628216844513e+00
6.310000000108227596e+02 3.769825042190866782e+00
6.315000000108548193e+02 3.376329483007685983e+00
6.320000000108867653e+02 3.883626215333908061e+00
6.325000000109188250e+02 3.571841561499749407e+00
6.330000000109508846e+02 3.779387004846626485e+00
6.335000000109829443e+02 3.448715114808700299e+00
6.340000000110148903e+02 3.832720305188744181e+00
6.345000000110469500e+02 3.193208991462371138e+00
6.350000000110790097e+02 3.968288244818264143e+00
6.355000000111110694e+02 3.162084322455236407e+00
6.360000000111430154e+02 4.071259253988202431e+00
6.365000000111750751e+02 3.356991067065508982e+00
6.370000000112071348e+02 3.847666785184146843e+00
6.375000000112391945e+02 3.289315254280490652e+00
6.380000000112712542e+02 3.840537062821577141e+00
6.385000000113032002e+02 3.288788439285438070e+00
6.390000000113352598e+02 3.868526607406964413e+00
6.395000000113673195e+02 3.749817468516993824e+00
6.400000000113993792e+02 3.856932519456865993e+00
6.405000000114313252e+02 3.750998114988757237e+00
6.410000000114633849e+02 3.628712927096840790e+00
6.415000000114954446e+02 3.746904097004423839e+00
6.420000000115275043e+02 3.744159097653858570e+00
6.425000000115594503e+02 3.690183245985700466e+00
6.430000000115915100e+02 3.330962166005575043e+00
6.435000000116235697e+02 3.822924794351143962e+00
6.440000000116556294e+02 3.521871118196615136e+00
6.445000000116875754e+02 3.656115616997013706e+00
6.450000000117196350e+02 3.580413353394977349e+00
6.455000000117516947e+02 3.566576488618878660e+00
6.460000000117837544e+02 3.504800553414566533e+00
6.465000000118158141e+02 3.342003783663466177e+00
6.470000000118477601e+02 3.862069869024749025e+00
6.475000000118798198e+02 3.821225905675624368e+00
6.480000000119118795e+02 3.494516997570439543e+00
6.485000000119439392e+02 3.694950249975059720e+00
6.490000000119758852e+02 3.534795320125436291e+00
6.495000000120079449e+02 3.635325813816098872e+00
6.500000000120400045e+02 3.503975957854940315e+00
6.505000000120720642e+02 3.801968057806302426e+00
6.510000000121040102e+02 3.775872847992556736e+00
6.515000000121360699e+02 3.469745116837580579e+00
6.520000000121681296e+02 3.469853021867352449e+00
6.525000000122001893e+02 3.909632074181700112e+00
6.530000000122321353e+02 3.623216665764965594e+00
6.535000000122641950e+02 3.935487451498333122e+00
6.540000000122962547e+02 3.692782601580389734e+00
6.545000000123283144e+02 3.254506379566595609e+00
6.550000000123603741e+02 3.640749727400752978e+00
6.555000000123923201e+02 3.539712404858055717e+00
6.560000000124243797e+02 3.183430427352072378e+00
6.565000000124564394e+02 3.808430825101381423e+00
6.570000000124884991e+02 3.143998368736275584e+00
6.575000000125204451e+02 3.740332782499470543e+00
6.580000000125525048e+02 3.111186117645619920e+00
6.585000000125845645e+02 3.794170884305666291e+00
6.590000000126166242e+02 3.227460387189096114e+00
6.595000000126485702e+02 3.620462786938364097e+00
6.600000000126806299e+02 3.748834096795484960e+00
6.605000000127126896e+02 3.288681091319369809e+00
6.610000000127447493e+02 3.672623586714771182e+00
6.615000000127766953e+02 3.406608099390626698e+00
6.620000000128087549e+02 3.806177583970545619e+00
6.625000000128408146e+02 3.303765490430779384e+00
6.630000000128728743e+02 3.419676869402207053e+00
6.635000000129049340e+02 3.691496469186513973e+00
6.640000000129368800e+02 3.897048248068634368e+00
6.645000000129689397e+02 3.878502828157210924e+00
6.650000000130009994e+02 3.583333280132684262e+00
6.655000000130330591e+02 3.507384548422745496e+00
6.660000000130650051e+02 3.942271958862684222e+00
6.665000000130970648e+02 3.237112935719466567e+00
6.670000000131291245e+02 3.963608836934291446e+00
6.675000000131611841e+02 3.495293554648610801e+00
6.680000000131931301e+02 3.204472925687868567e+00
6.685000000132251898e+02 3.817876618427987534e+00
6.690000000132572495e+02 2.991764778568431815e+00
6.695000000132893092e+02 3.681522358621864832e+00
6.700000000133212552e+02 3.553092313280874048e+00
6.705000000133533149e+02 3.343380463573559336e+00
6.710000000133853746e+02 4.056156856666104815e+00
6.715000000134174343e+02 3.734724505366021852e+00
6.720000000134494940e+02 3.431916809936338630e+00
6.725000000134814400e+02 3.578458486693114171e+00
6.730000000135134997e+02 3.444899093223587450e+00
6.735000000135455593e+02 3.618091558785607287e+00
6.740000000135776190e+02 3.186232863977235485e+00
6.745000000136095650e+02 3.861991115574737954e+00
6.750000000136416247e+02 3.445612674154899580e+00
6.755000000136736844e+02 3.764751552211232699e+00
6.760000000137057441e+02 3.419604904566999615e+00
6.765000000137376901e+02 3.415825930316407355e+00
6.770000000137697498e+02 3.811500301176298677e+00
6.775000000138018095e+02 3.084926817433104596e+00
6.780000000138338692e+02 3.872789904738029865e+00
6.785000000138658152e+02 3.283782143647302032e+00
6.790000000138978749e+02 3.556782934297353371e+00
6.795000000139299345e+02 4.190122576798565923e+00
6.800000000139619942e+02 2.962895768231070370e+00
6.805000000139939402e+02 3.748163049687286641e+00
6.810000000140259999e+02 3.553773650331668588e+00
6.815000000140580596e+02 3.913962995728935912e+00
6.820000000140901193e+02 3.321761708972451377e+00
6.825000000141221790e+02 3.999402136543628750e+00
6.830000000141541250e+02 3.377778201256294022e+00
6.835000000141861847e+02 3.902472589910717549e+00
6.840000000142182444e+02 3.428426751760853541e+00
6.845000000142503040e+02 3.406036985678846385e+00
6.850000000142822500e+02 3.626451567334501469e+00
6.855000000143143097e+02 3.532441930998412083e+00
6.860000000143463694e+02 3.332792199299713154e+00
6.865000000143784291e+02 3.374260589226456997e+00
6.870000000144103751e+02 3.510439737879554212e+00
6.875000000144424348e+02 3.355270415223175817e+00
6.880000000144744945e+02 3.723999744054840910e+00
6.885000000145065542e+02 3.495107959236304129e+00
6.890000000145385002e+02 3.518847786396689159e+00
6.895000000145705599e+02 3.491339708936396224e+00
6.900000000146026196e+02 3.728617006610067008e+00
6.905000000146346792e+02 3.190447032751861034e+00
6.910000000146667389e+02 3.746409608629793997e+00
6.915000000146986849e+02 3.322242798425351307e+00
6.920000000147307446e+02 3.715430799745983670e+00
6.925000000147628043e+02 3.244584791472161278e+00
6.930000000147948640e+02 3.489504134403476066e+00
6.935000000148268100e+02 3.722733700261333212e+00
6.940000000148588697e+02 3.146741553497379051e+00
6.945000000148909294e+02 3.631357527268792573e+00
6.950000000149229891e+02 3.260704994200903872e+00
6.955000000149549351e+02 3.726360115531984096e+00
6.960000000149869948e+02 3.132140314645237567e+00
6.965000000150190544e+02 3.557958660907441839e+00
6.970000000150511141e+02 3.358100921483988532e+00
6.975000000150830601e+02 3.562512653725204981e+00
6.980000000151151198e+02 3.348699860293721908e+00
6.985000000151471795e+02 4.006638002571546231e+00
6.990000000151792392e+02 3.234499461236322038e+00
6.995000000152112989e+02 3.472142006108904333e+00
7.000000000152432449e+02 3.258844207042002061e+00
7.005000000152753046e+02 3.844747276915774226e+00
7.010000000153073643e+02 3.499502179459962559e+00
7.015000000153394240e+02 3.620607550738764502e+00
7.020000000153713700e+02 3.424698295933138681e+00
7.025000000154034296e+02 3.597198505055932749e+00
7.030000000154354893e+02 4.006465110161003373e+00
7.035000000154675490e+02 3.771499250285938576e+00
7.040000000154994950e+02 3.493447857488649611e+00
7.045000000155315547e+02 3.519090636993629673e+00
7.050000000155636144e+02 3.723331118740667023e+00
7.055000000155956741e+02 3.156676184678026242e+00
7.060000000156276201e+02 3.905227148220096645e+00
7.065000000156596798e+02 3.069662840351822020e+00
7.070000000156917395e+02 3.887694252436053599e+00
7.075000000157237992e+02 3.237214145661056808e+00
7.080000000157558588e+02 3.864840097924740370e+00
7.085000000157878048e+02 3.170878286087029263e+00
7.090000000158198645e+02 4.128912930195682840e+00
7.095000000158519242e+02 3.501373559770086352e+00
7.100000000158839839e+02 3.739886469407600611e+00
7.105000000159159299e+02 3.611828535991641775e+00
7.110000000159479896e+02 3.793946794523201937e+00
7.115000000159800493e+02 3.835275139706232572e+00
7.120000000160121090e+02 3.665669762115067787e+00
7.125000000160440550e+02 3.919298327955962780e+00
7.130000000160761147e+02 3.421997516419876373e+00
7.135000000161081743e+02 3.653895436728410218e+00
7.140000000161402340e+02 3.800280175526604687e+00
7.145000000161721800e+02 3.348033151594918433e+00
7.150000000162042397e+02 4.030175921809807882e+00
7.155000000162362994e+02 3.020439129220203522e+00
7.160000000162683591e+02 3.706481059384344245e+00
7.165000000163003051e+02 3.499794491092280246e+00
7.170000000163323648e+02 3.647067344315358728e+00
7.175000000163644245e+02 3.462871692502547560e+00
7.180000000163964842e+02 3.345330091086208935e+00
7.185000000164285439e+02 3.548326595855666898e+00
7.190000000164604899e+02 3.781432401242042385e+00
7.195000000164925495e+02 3.149771799376976489e+00
7.200000000165246092e+02 3.708866753275054773e+00
7.205000000165566689e+02 3.607411462334789487e+00
7.210000000165886149e+02 3.573913738909144211e+00
7.215000000166206746e+02 3.359177058993562781e+00
7.220000000166527343e+02 3.370189451532787484e+00
7.225000000166847940e+02 3.551902352245988936e+00
7.230000000167167400e+02 3.379109685785801620e+00
7.235000000167487997e+02 3.692052430236041793e+00
7.240000000167808594e+02 3.560817663327042748e+00
7.245000000168129191e+02 3.555938224752344112e+00
7.250000000168448651e+02 3.746142779196113271e+00
7.255000000168769247e+02 3.722653340623574447e+00
7.260000000169089844e+02 3.775589740051836785e+00
7.265000000169410441e+02 3.200469530386211847e+00
7.270000000169731038e+02 3.864085876601212721e+00
7.275000000170050498e+02 3.201872192588607557e+00
7.280000000170371095e+02 3.937875873268193772e+00
7.285000000170691692e+02 3.375515990048583603e+00
7.290000000171012289e+02 3.887966775261497254e+00
7.295000000171331749e+02 3.242683816162259980e+00
7.300000000171652346e+02 3.855242605885600415e+00
7.305000000171972943e+02 3.010064585781963231e+00
7.310000000172293539e+02 3.774454309305033561e+00
7.315000000172612999e+02 3.410507504418825775e+00
7.320000000172933596e+02 3.570042115003994709e+00
7.325000000173254193e+02 3.897087818500908352e+00
7.330000000173574790e+02 3.411446739612400414e+00
7.335000000173894250e+02 3.943845525270544439e+00
7.340000000174214847e+02 4.043116882111474020e+00
7.345000000174535444e+02 3.129362138406142080e+00
7.350000000174856041e+02 4.208400534569151752e+00
7.355000000175176638e+02 2.724592599242372515e+00
7.360000000175496098e+02 4.061704819228726393e+00
7.365000000175816695e+02 3.316065659842835966e+00
7.370000000176137291e+02 3.615349282337941617e+00
7.375000000176457888e+02 3.521999565376682906e+00
7.380000000176777348e+02 3.879415191439800736e+00
7.385000000177097945e+02 3.536786231910909795e+00
7.390000000177418542e+02 3.817345635455592578e+00
7.395000000177739139e+02 3.296222694953936827e+00
7.400000000178058599e+02 3.833153014131123637e+00
7.405000000178379196e+02 3.248416676155253313e+00
7.410000000178699793e+02 3.848328181880201537e+00
7.415000000179020390e+02 3.300657614869228595e+00
7.420000000179339850e+02 3.430982471764892239e+00
7.425000000179660447e+02 3.698512777213111224e+00
7.430000000179981043e+02 3.746071207027928285e+00
7.435000000180301640e+02 3.720366054590235727e+00
7.440000000180622237e+02 3.325910441580376631e+00
7.445000000180941697e+02 3.622305484607187598e+00
7.450000000181262294e+02 3.641686099324300319e+00
7.455000000181582891e+02 3.312238076006197574e+00
7.460000000181903488e+02 3.338719709862469465e+00
7.465000000182222948e+02 3.596548247832079603e+00
7.470000000182543545e+02 3.693295563255170055e+00
7.475000000182864142e+02 3.466820677904034920e+00
7.480000000183184738e+02 3.767604567715185482e+00
7.485000000183504199e+02 3.419529664845575301e+00
7.490000000183824795e+02 3.979994859879014246e+00
7.495000000184145392e+02 3.492340828710200018e+00
7.500000000184465989e+02 3.853167420458431192e+00
7.505000000184785449e+02 3.509769040720932320e+00
7.510000000185106046e+02 3.346480064210506367e+00
7.515000000185426643e+02 3.660434918608293842e+00
7.520000000185747240e+02 3.361346349392074107e+00
7.525000000186067837e+02 3.630310416036932608e+00
7.530000000186387297e+02 3.528525954802390618e+00
7.535000000186707894e+02 3.986772455762347622e+00
7.540000000187028490e+02 3.616011444855560697e+00
7.545000000187349087e+02 3.470061120376302100e+00
7.550000000187668547e+02 3.909005593177819371e+00
7.555000000187989144e+02 3.718822104396266592e+00
7.560000000188309741e+02 3.787160481978986137e+00
7.565000000188630338e+02 3.442779165641796091e+00
7.570000000188949798e+02 3.753768563867723618e+00
7.575000000189270395e+02 3.539198242443436282e+00
7.580000000189590992e+02 3.710591770697387215e+00
7.585000000189911589e+02 3.254960308699196059e+00
7.590000000190231049e+02 3.868733101506861338e+00
7.595000000190551646e+02 3.475206468481712108e+00
7.600000000190872242e+02 3.538259563328380874e+00
7.605000000191192839e+02 3.812232728082636690e+00
7.610000000191512299e+02 3.349485212883954954e+00
7.615000000191832896e+02 3.639933855826793074e+00
7.620000000192153493e+02 3.396026567407552932e+00
7.625000000192474090e+02 3.527915763951307238e+00
7.630000000192794687e+02 3.639697470344299912e+00
7.635000000193114147e+02 3.715814088802433357e+00
7.640000000193434744e+02 3.662771802550585765e+00
7.645000000193755341e+02 3.419405112842790473e+00
7.650000000194075938e+02 3.679771250252746650e+00
7.655000000194395398e+02 3.262836263373982248e+00
7.660000000194715994e+02 3.783805455692991870e+00
7.665000000195036591e+02 3.483979647476429964e+00
7.670000000195357188e+02 3.631082517097175888e+00
7.675000000195676648e+02 3.737075299115416360e+00
7.680000000195997245e+02 3.466390000379238945e+00
7.685000000196317842e+02 3.877514713854645301e+00
7.690000000196638439e+02 3.110886379077527852e+00
7.695000000196957899e+02 3.711584197570934052e+00
7.700000000197278496e+02 3.653532678162154657e+00
7.705000000197599093e+02 3.277857348709702912e+00
7.710000000197919690e+02 3.696811259062230182e+00
7.715000000198240286e+02 3.597094823609390701e+00
7.720000000198559746e+02 3.657563277438926619e+00
7.725000000198880343e+02 3.521456053063937386e+00
7.730000000199200940e+02 3.378837267434451341e+00
7.735000000199521537e+02 3.426902552020642201e+00
7.740000000199840997e+02 3.372647566390308604e+00
7.745000000200161594e+02 3.759259764208590315e+00
7.750000000200482191e+02 3.474669729831903808e+00
7.755000000200802788e+02 3.492867550916965325e+00
7.760000000201122248e+02 3.448865046106567522e+00
7.765000000201442845e+02 3.456666542342213155e+00
7.770000000201763442e+02 3.803836726381973232e+00
7.775000000202084038e+02 3.258021397216002146e+00
7.780000000202403498e+02 4.038150278670548765e+00
7.785000000202724095e+02 3.939814455235669310e+00
7.790000000203044692e+02 3.374770852023403211e+00
7.795000000203365289e+02 3.788520690249423950e+00
7.800000000203685886e+02 3.438506941072033030e+00
7.805000000204005346e+02 3.546859020321530220e+00
7.810000000204325943e+02 3.606656509730148841e+00
7.815000000204646540e+02 3.325944298993936510e+00
7.820000000204967137e+02 3.413163117423349213e+00
7.825000000205286597e+02 3.699153682217541039e+00
7.830000000205607193e+02 3.267414427613687611e+00
7.835000000205927790e+02 3.773979968193454937e+00
7.840000000206248387e+02 3.109269638860054474e+00
7.845000000206567847e+02 3.608437745073739045e+00
7.850000000206888444e+02 3.585675828655874309e+00
7.855000000207209041e+02 3.551226157339705036e+00
7.860000000207529638e+02 3.483490858455610795e+00
7.865000000207849098e+02 3.299463493155838645e+00
7.870000000208169695e+02 3.752030347057327297e+00
7.875000000208490292e+02 3.447528833530284054e+00
7.880000000208810889e+02 3.578581517190428496e+00
7.885000000209131485e+02 3.524488821914042891e+00
7.890000000209450945e+02 3.765603982010958362e+00
7.895000000209771542e+02 3.352646141795537549e+00
7.900000000210092139e+02 3.814618723126960376e+00
7.905000000210412736e+02 3.463891713264072081e+00
7.910000000210732196e+02 3.645660550822039436e+00
7.915000000211052793e+02 3.891508548343410645e+00
7.920000000211373390e+02 3.400990793846804916e+00
7.925000000211693987e+02 3.683664342726656660e+00
7.930000000212013447e+02 3.530932569819918321e+00
7.935000000212334044e+02 3.412849003465423525e+00
7.940000000212654641e+02 3.422822286033301520e+00
7.945000000212975237e+02 3.519857368600298297e+00
7.950000000213294697e+02 3.734092273196312206e+00
7.955000000213615294e+02 3.007544206765993433e+00
7.960000000213935891e+02 4.145905815883220491e+00
7.965000000214256488e+02 3.126764450492790726e+00
7.970000000214577085e+02 3.624847480243589271e+00
7.975000000214896545e+02 3.720950374949219874e+00
7.980000000215217142e+02 3.301393873990224215e+00
7.985000000215537739e+02 3.912713157896634542e+00
7.990000000215858336e+02 3.163871770040479703e+00
7.995000000216177796e+02 4.343045062381959198e+00
8.000000000216498393e+02 2.993994202538491134e+00
8.005000000216818989e+02 4.094666400525765582e+00
8.010000000217139586e+02 3.098588077063184620e+00
8.015000000217459046e+02 3.885967835274195092e+00
8.020000000217779643e+02 3.346447480038515554e+00
8.025000000218100240e+02 3.739825197028073589e+00
8.030000000218420837e+02 3.608976174205825505e+00
8.035000000218740297e+02 4.022612031935866028e+00
8.040000000219060894e+02 3.559840574347804765e+00
8.045000000219381491e+02 3.664323241021640865e+00
8.050000000219702088e+02 3.486068793650106468e+00
8.055000000220021548e+02 3.865745224316868178e+00
8.060000000220342145e+02 3.480969481129248422e+00
8.065000000220662741e+02 3.642065959941199971e+00
8.070000000220983338e+02 3.226755062089128323e+00
8.075000000221303935e+02 3.341845105199680255e+00
8.080000000221623395e+02 3.732218075203498575e+00
8.085000000221943992e+02 3.384160814136105699e+00
8.090000000222264589e+02 3.551461597747943788e+00
8.095000000222585186e+02 3.520195618680229455e+00
8.100000000222904646e+02 3.746862390557292866e+00
8.105000000223225243e+02 3.536142338024521603e+00
8.110000000223545840e+02 3.862549231170881114e+00
8.115000000223866436e+02 3.157396430900030637e+00
8.120000000224185897e+02 3.699940046434785579e+00
8.125000000224506493e+02 3.624277562572885358e+00
8.130000000224827090e+02 3.395504608047510420e+00
8.135000000225147687e+02 3.858541985595877133e+00
8.140000000225467147e+02 3.450539367282337011e+00
8.145000000225787744e+02 3.490301187828870777e+00
8.150000000226108341e+02 3.817065852823539274e+00
8.155000000226428938e+02 3.323369413666401151e+00
8.160000000226749535e+02 3.754104821935110969e+00
8.165000000227068995e+02 3.091787024277692808e+00
8.170000000227389592e+02 3.807187203274688070e+00
8.175000000227710188e+02 3.370125191142921306e+00
8.180000000228030785e+02 3.443240375100560247e+00
8.185000000228350245e+02 3.734766218331165621e+00
8.190000000228670842e+02 3.200307738787634637e+00
8.195000000228991439e+02 3.617905148096956403e+00
8.200000000229312036e+02 3.416179165562084119e+00
8.205000000229631496e+02 3.341279363778486111e+00
8.210000000229952093e+02 3.665941383721164293e+00
8.215000000230272690e+02 3.865929985219491716e+00
8.220000000230593287e+02 3.582050680183590075e+00
8.225000000230912747e+02 3.920976445178542047e+00
8.230000000231233344e+02 3.570965529493310697e+00
8.235000000231553940e+02 3.775025173458153471e+00
8.240000000231874537e+02 3.895798592844123664e+00
8.245000000232195134e+02 3.472302806317665969e+00
8.250000000232514594e+02 3.803361918295463884e+00
8.255000000232835191e+02 3.652887550309215747e+00
8.260000000233155788e+02 3.600061059017979570e+00
8.265000000233476385e+02 3.541875818637972628e+00
8.270000000233795845e+02 3.575360193135461717e+00
8.275000000234116442e+02 3.479865105185947272e+00
8.280000000234437039e+02 3.623740139070217747e+00
8.285000000234757636e+02 3.442038420009749800e+00
8.290000000235077096e+02 3.380595954704520345e+00
8.295000000235397692e+02 3.656727563964818906e+00
8.300000000235718289e+02 3.300937156451249965e+00
8.305000000236038886e+02 3.472234153497380849e+00
8.310000000236358346e+02 3.595390789943916143e+00
8.315000000236678943e+02 3.183302482317915683e+00
8.320000000236999540e+02 3.907263530254680983e+00
8.325000000237320137e+02 3.442591489473911359e+00
8.330000000237640734e+02 3.624672023153206801e+00
8.335000000237960194e+02 3.642823124133950152e+00
8.340000000238280791e+02 3.756881361776800432e+00
8.345000000238601388e+02 3.817181137014967529e+00
8.350000000238921984e+02 3.653720361349473311e+00
8.355000000239241444e+02 3.266625459760337247e+00
8.360000000239562041e+02 3.467405189651236341e+00
8.365000000239882638e+02 3.569757388454526836e+00
8.370000000240203235e+02 3.589810005861046704e+00
8.375000000240522695e+02 3.572330762545293137e+00
8.380000000240843292e+02 3.354934707393361748e+00
8.385000000241163889e+02 3.775203940099821853e+00
8.390000000241484486e+02 3.101243694220100267e+00
8.395000000241803946e+02 3.817909395522233407e+00
8.400000000242124543e+02 3.489111324134996472e+00
8.405000000242445140e+02 4.139875398231307457e+00
8.410000000242765736e+02 3.298476580603867170e+00
8.415000000243086333e+02 3.639036834459751013e+00
8.420000000243405793e+02 3.671214670831765670e+00
8.425000000243726390e+02 3.665967720798041896e+00
8.430000000244046987e+02 3.900216383077002025e+00
8.435000000244367584e+02 3.523877137976459295e+00
8.440000000244687044e+02 4.046447841427438519e+00
8.445000000245007641e+02 2.873984878714431979e+00
8.450000000245328238e+02 4.254856683707280318e+00
8.455000000245648835e+02 3.088029103706829037e+00
8.460000000245968295e+02 3.800098696398636289e+00
8.465000000246288892e+02 3.861254382373413119e+00
8.470000000246609488e+02 3.131564578465017679e+00
8.475000000246930085e+02 3.708462069662235461e+00
8.480000000247249545e+02 3.397110711389347948e+00
8.485000000247570142e+02 3.700754101503831439e+00
8.490000000247890739e+02 3.714028392162477488e+00
8.495000000248211336e+02 3.249077150126277846e+00
8.500000000248530796e+02 4.013343885926292209e+00
8.505000000248851393e+02 3.179840787774575350e+00
8.510000000249171990e+02 3.439135555330071536e+00
8.515000000249492587e+02 3.510807484243352761e+00
8.520000000249813183e+02 3.396159689817094485e+00
8.525000000250132643e+02 4.106374378877140074e+00
8.530000000250453240e+02 3.189527084194823114e+00
8.535000000250773837e+02 4.490595898008545639e+00
8.540000000251094434e+02 3.505655181718001501e+00
8.545000000251413894e+02 3.699255227245747069e+00
8.550000000251734491e+02 3.587028678262528913e+00
8.555000000252055088e+02 3.164172252658086659e+00
8.560000000252375685e+02 3.644919910711036160e+00
8.565000000252695145e+02 3.675927495518677368e+00
8.570000000253015742e+02 3.553107753003228453e+00
8.575000000253336339e+02 3.305259870551830570e+00
8.580000000253656935e+02 3.591441946308877142e+00
8.585000000253976395e+02 3.594772046967860568e+00
8.590000000254296992e+02 3.461765438834527142e+00
8.595000000254617589e+02 3.645577689341413574e+00
8.600000000254938186e+02 3.331711756386785073e+00
8.605000000255258783e+02 3.698157217713182732e+00
8.610000000255578243e+02 3.523835073279081520e+00
8.615000000255898840e+02 3.250176053181543345e+00
8.620000000256219437e+02 3.673233021232705564e+00
8.625000000256540034e+02 3.212227204410241566e+00
8.630000000256859494e+02 3.780067897437741742e+00
8.635000000257180091e+02 3.288601282685401195e+00
8.640000000257500687e+02 3.706214640014120487e+00
8.645000000257821284e+02 3.487041053971761784e+00
8.650000000258140744e+02 3.665623787023309710e+00
8.655000000258461341e+02 3.440291617209206620e+00
8.660000000258781938e+02 3.728574151533647907e+00
8.665000000259102535e+02 3.533902872508560833e+00
8.670000000259421995e+02 3.846968038048740546e+00
8.675000000259742592e+02 3.439427618237189233e+00
8.680000000260063189e+02 3.726491317072697207e+00
8.685000000260383786e+02 3.635385228873874830e+00
8.690000000260704383e+02 3.558864169128177934e+00
8.695000000261023843e+02 3.204384270585541206e+00
8.700000000261344439e+02 3.890889647156529740e+00
8.705000000261665036e+02 3.438254601964978452e+00
8.710000000261985633e+02 3.824896981006769892e+00
8.715000000262305093e+02 3.226523508882759295e+00
8.720000000262625690e+02 3.932421824030408519e+00
8.725000000262946287e+02 3.198607671394291696e+00
8.730000000263266884e+02 3.891934881985241734e+00
8.735000000263586344e+02 3.517116394734816076e+00
8.740000000263906941e+02 3.729518714353586173e+00
8.745000000264227538e+02 3.398810494012612704e+00
8.750000000264548135e+02 3.718313300171053992e+00
8.755000000264867595e+02 3.621143067620387512e+00
8.760000000265188191e+02 3.377869223534367027e+00
8.765000000265508788e+02 3.956767354290212868e+00
8.770000000265829385e+02 3.236656643658734289e+00
8.775000000266149982e+02 3.551595730952654240e+00
8.780000000266469442e+02 3.740328885861756270e+00
8.785000000266790039e+02 3.633128472571550471e+00
8.790000000267110636e+02 3.434746824869411519e+00
8.795000000267431233e+02 3.433750527229214811e+00
8.800000000267750693e+02 3.595086016686898756e+00
8.805000000268071290e+02 3.518631627974015075e+00
8.810000000268391886e+02 3.477793409357981869e+00
8.815000000268712483e+02 3.471758792205059674e+00
8.820000000269031943e+02 4.088049888379735819e+00
8.825000000269352540e+02 3.944078063541135215e+00
8.830000000269673137e+02 3.545358689157457999e+00
8.835000000269993734e+02 3.626665710638832252e+00
8.840000000270313194e+02 3.407972300339125127e+00
8.845000000270633791e+02 3.856872471788056256e+00
8.850000000270954388e+02 3.638304051037186237e+00
8.855000000271274985e+02 3.438568531432869335e+00
8.860000000271595582e+02 3.436286429645873053e+00
8.865000000271915042e+02 3.642375990052480361e+00
8.870000000272235638e+02 3.311192882063396681e+00
8.875000000272556235e+02 3.913408968541264077e+00
8.880000000272876832e+02 3.518603199371917345e+00
8.885000000273196292e+02 3.700265093832507013e+00
8.890000000273516889e+02 3.472019431949216361e+00
8.895000000273837486e+02 3.904689367989194970e+00
8.900000000274158083e+02 3.481874526705285522e+00
8.905000000274477543e+02 3.636879961294766872e+00
8.910000000274798140e+02 3.511823145001988333e+00
8.915000000275118737e+02 3.629402007094755689e+00
8.920000000275439334e+02 3.524229829464768038e+00
8.925000000275758794e+02 3.626068962383824701e+00
8.930000000276079390e+02 3.288206709854076593e+00
8.935000000276399987e+02 3.835541702081766147e+00
8.940000000276720584e+02 3.519259769111068081e+00
8.945000000277040044e+02 3.861141064441687032e+00
8.950000000277360641e+02 3.473211734833503428e+00
8.955000000277681238e+02 3.656489408472358260e+00
8.960000000278001835e+02 3.438601471949493504e+00
8.965000000278322432e+02 3.506001755784654783e+00
8.970000000278641892e+02 3.339117671076343274e+00
8.975000000278962489e+02 4.022704647589190330e+00
8.980000000279283086e+02 3.905842225256829447e+00
8.985000000279603682e+02 3.586776124381577446e+00
8.990000000279923142e+02 3.795980747263110633e+00
8.995000000280243739e+02 3.444177237616674603e+00
9.000000000280564336e+02 3.659857052471056971e+00
9.005000000280884933e+02 3.197214419782022699e+00
9.010000000281204393e+02 3.846236699740275711e+00
9.015000000281524990e+02 3.704854339488203419e+00
9.020000000281845587e+02 3.842519740967345054e+00
9.025000000282166184e+02 3.674380622315915446e+00
9.030000000282485644e+02 3.367197871927475106e+00
9.035000000282806241e+02 3.667450955957899605e+00
9.040000000283126838e+02 3.890242214824660483e+00
9.045000000283447434e+02 3.369360823484975676e+00
9.050000000283768031e+02 3.941726035191077671e+00
9.055000000284087491e+02 3.248832006823398455e+00
9.060000000284408088e+02 3.920624290487682462e+00
9.065000000284728685e+02 3.630639636372365864e+00
9.070000000285049282e+02 3.398400395031801580e+00
9.075000000285368742e+02 3.817748182355529707e+00
9.080000000285689339e+02 3.199618562842572178e+00
9.085000000286009936e+02 4.194738084267334521e+00
9.090000000286330533e+02 3.258896739851651958e+00
9.095000000286649993e+02 3.917416755927342287e+00
9.100000000286970590e+02 3.077943552792512083e+00
9.105000000287291186e+02 3.927815252618752417e+00
9.110000000287611783e+02 3.187778955117804180e+00
9.115000000287931243e+02 3.882464152271151381e+00
9.120000000288251840e+02 3.288312731644403630e+00
9.125000000288572437e+02 3.347760885347609960e+00
9.130000000288893034e+02 3.434161358909205042e+00
9.135000000289213631e+02 3.583240787677625772e+00
9.140000000289533091e+02 3.020696423713786771e+00
9.145000000289853688e+02 3.999482892490828778e+00
9.150000000290174285e+02 3.403602870573327888e+00
9.155000000290494881e+02 3.689283023056799227e+00
9.160000000290814341e+02 3.601300306407860585e+00
9.165000000291134938e+02 3.513485300496038466e+00
9.170000000291455535e+02 3.833215290616015292e+00
9.175000000291776132e+02 3.463361599114866518e+00
9.180000000292095592e+02 3.688789782216188584e+00
9.185000000292416189e+02 3.274083461440723042e+00
9.190000000292736786e+02 3.533596716229815193e+00
9.195000000293057383e+02 3.633956445862368767e+00
9.200000000293376843e+02 3.268526193274610137e+00
9.205000000293697440e+02 3.386586326355177867e+00
9.210000000294018037e+02 3.675518941195843325e+00
9.215000000294338633e+02 3.206658363188112926e+00
9.220000000294659230e+02 3.869158133938538580e+00
9.225000000294978690e+02 3.114077039850422057e+00
9.230000000295299287e+02 3.802201361033771931e+00
9.235000000295619884e+02 3.127590435351350173e+00
9.240000000295940481e+02 3.866322334780262437e+00
9.245000000296259941e+02 3.292882591310933194e+00
9.250000000296580538e+02 3.780853247148946217e+00
9.255000000296901135e+02 3.557456772646426124e+00
9.260000000297221732e+02 3.256352053065834529e+00
9.265000000297541192e+02 3.504082990392261454e+00
9.270000000297861789e+02 3.445907628581197812e+00
9.275000000298182385e+02 3.942540594830154621e+00
9.280000000298502982e+02 3.675863609610114935e+00
9.285000000298822442e+02 3.941580596930842617e+00
9.290000000299143039e+02 3.323238155065126431e+00
9.295000000299463636e+02 3.710402667569978608e+00
9.300000000299784233e+02 3.727717886747814457e+00
9.305000000300104830e+02 3.489888838813918870e+00
9.310000000300424290e+02 3.738848642916746456e+00
9.315000000300744887e+02 3.677627143067353721e+00
9.320000000301065484e+02 3.766489993455893082e+00
9.325000000301386081e+02 3.579804433998147406e+00
9.330000000301705541e+02 3.599144404090799387e+00
9.335000000302026137e+02 3.453925685479293239e+00
9.340000000302346734e+02 3.959322424252365913e+00
9.345000000302667331e+02 3.078496252027201674e+00
9.350000000302986791e+02 3.732264205816890890e+00
9.355000000303307388e+02 3.312883448144368970e+00
9.360000000303627985e+02 3.786183892626962866e+00
9.365000000303948582e+02 3.544977659798426384e+00
9.370000000304268042e+02 3.844337167150110535e+00
9.375000000304588639e+02 3.615151340123301082e+00
9.380000000304909236e+02 3.787115261020370216e+00
9.385000000305229833e+02 3.459293252637293037e+00
9.390000000305549293e+02 3.865791117609350014e+00
9.395000000305869889e+02 3.541375550272856110e+00
9.400000000306190486e+02 3.369213824161978899e+00
9.405000000306511083e+02 3.904815704185908398e+00
9.410000000306831680e+02 3.187051852787689654e+00
9.415000000307151140e+02 3.954430622543747109e+00
9.420000000307471737e+02 3.564794666605132889e+00
9.425000000307792334e+02 3.831468588379973284e+00
9.430000000308112931e+02 3.474869271274028115e+00
9.435000000308432391e+02 3.327380920889645655e+00
9.440000000308752988e+02 3.540734624398902408e+00
9.445000000309073585e+02 3.842602516247600075e+00
9.450000000309394181e+02 3.304487446172183152e+00
9.455000000309713641e+02 3.881907583252810046e+00
9.460000000310034238e+02 3.256669778043450147e+00
9.465000000310354835e+02 3.662307084982534988e+00
9.470000000310675432e+02 3.532243694536283396e+00
9.475000000310994892e+02 3.543962053752812924e+00
9.480000000311315489e+02 3.185467132566071502e+00
9.485000000311636086e+02 3.572531184909995883e+00
9.490000000311956683e+02 3.424983246132541570e+00
9.495000000312277280e+02 3.535739994257317775e+00
9.500000000312596740e+02 3.558548885254313898e+00
9.505000000312917336e+02 3.556193589748640083e+00
9.510000000313237933e+02 3.548943823205688020e+00
9.515000000313558530e+02 3.782121326500518244e+00
9.520000000313877990e+02 3.669012930328858335e+00
9.525000000314198587e+02 3.848428999953092511e+00
9.530000000314519184e+02 3.609067246484003011e+00
9.535000000314839781e+02 3.624098993667829394e+00
9.540000000315159241e+02 3.523587599460262343e+00
9.545000000315479838e+02 3.527396273906503232e+00
9.550000000315800435e+02 3.423084710770122996e+00
9.555000000316121032e+02 3.480697433338437730e+00
9.560000000316440492e+02 3.657300230056836465e+00
9.565000000316761088e+02 3.238680911664699735e+00
9.570000000317081685e+02 3.441932223048342454e+00
9.575000000317402282e+02 3.486129472572350618e+00
9.580000000317722879e+02 3.660001086104496704e+00
9.585000000318042339e+02 3.702640918797508007e+00
9.590000000318362936e+02 3.174772433045045972e+00
9.595000000318683533e+02 4.002391836614798137e+00
9.600000000319004130e+02 3.153264407046385998e+00
9.605000000319323590e+02 4.217409570258405793e+00
9.610000000319644187e+02 3.370247573449440370e+00
9.615000000319964784e+02 3.716314377915522105e+00
9.620000000320285380e+02 3.388347402678677511e+00
9.625000000320604840e+02 3.729442538410302710e+00
9.630000000320925437e+02 3.151147397325319233e+00
9.635000000321246034e+02 3.905693553697097808e+00
9.640000000321566631e+02 3.707392773977772560e+00
9.645000000321886091e+02 3.608768795786192474e+00
9.650000000322206688e+02 3.421016900283722073e+00
9.655000000322527285e+02 3.496455399353433080e+00
9.660000000322847882e+02 3.465534809573768804e+00
9.665000000323168479e+02 3.824071207400368877e+00
9.670000000323487939e+02 3.499195031818075563e+00
9.675000000323808536e+02 3.381903221005133631e+00
9.680000000324129132e+02 3.866205127278641740e+00
9.685000000324449729e+02 3.733587647115578445e+00
9.690000000324769189e+02 3.456045984906431556e+00
9.695000000325089786e+02 3.659717840030794367e+00
9.700000000325410383e+02 3.497022016648480225e+00
9.705000000325730980e+02 3.706213096172678689e+00
9.710000000326050440e+02 3.475111991415935186e+00
9.715000000326371037e+02 3.907498832606495220e+00
9.720000000326691634e+02 3.448207310724198393e+00
9.725000000327012231e+02 3.612634185426636169e+00
9.730000000327331691e+02 3.461474903055355767e+00
9.735000000327652288e+02 3.391053333707695572e+00
9.740000000327972884e+02 3.580918673844839972e+00
9.745000000328293481e+02 3.497803689397109839e+00
9.750000000328614078e+02 3.632780661537525990e+00
9.755000000328933538e+02 3.454617920386781282e+00
9.760000000329254135e+02 3.862752212693897569e+00
9.765000000329574732e+02 3.243605450057172490e+00
9.770000000329895329e+02 3.885922189649480885e+00
9.775000000330214789e+02 3.573702448609729299e+00
9.780000000330535386e+02 3.465693563836141244e+00
9.785000000330855983e+02 3.764641573957784093e+00
9.790000000331176579e+02 3.500227426216314885e+00
9.795000000331496040e+02 3.479838680606510692e+00
9.800000000331816636e+02 3.494378535140174602e+00
9.805000000332137233e+02 3.591015259184887842e+00
9.810000000332457830e+02 3.243074125741422620e+00
9.815000000332777290e+02 3.786655995864493640e+00
9.820000000333097887e+02 3.484033934766806340e+00
9.825000000333418484e+02 3.464251667832629611e+00
9.830000000333739081e+02 3.428289448749131552e+00
9.835000000334058541e+02 3.411139230755473317e+00
9.840000000334379138e+02 3.499114265775829846e+00
9.845000000334699735e+02 3.593519254242051986e+00
9.850000000335020331e+02 3.715416112326464404e+00
9.855000000335340928e+02 3.262110795529782337e+00
9.860000000335660388e+02 3.911143735969213164e+00
9.865000000335980985e+02 3.537129342913295282e+00
9.870000000336301582e+02 3.693110279984836986e+00
9.875000000336622179e+02 3.573046216036761535e+00
9.880000000336941639e+02 3.599647613336356411e+00
9.885000000337262236e+02 3.560237959779544603e+00
9.890000000337582833e+02 3.593502131370553521e+00
9.895000000337903430e+02 3.314521271708712469e+00
9.900000000338222890e+02 3.872067823840266154e+00
9.905000000338543487e+02 3.116372079286056973e+00
9.910000000338864083e+02 3.757941923291527431e+00
9.915000000339184680e+02 3.212050213039572277e+00
9.920000000339504140e+02 3.489432854600269973e+00
9.925000000339824737e+02 3.397721777601119264e+00
9.930000000340145334e+02 3.517005713630605435e+00
9.935000000340465931e+02 3.753899165580416586e+00
9.940000000340786528e+02 3.020037380441546127e+00
9.945000000341105988e+02 4.136419737990464363e+00
9.950000000341426585e+02 3.010356019942878714e+00
9.955000000341747182e+02 3.832188067669179077e+00
9.960000000342067779e+02 3.208017059528861736e+00
9.965000000342387239e+02 3.772895063227660550e+00
9.970000000342707835e+02 3.722487616131747057e+00
9.975000000343028432e+02 3.530777608989363436e+00
9.980000000343349029e+02 3.510005963877785184e+00
9.985000000343668489e+02 3.964460007758394688e+00
9.990000000343989086e+02 3.279246953129412390e+00
9.995000000344309683e+02 3.746739160672961422e+00
1.000000000034463028e+03 3.700061669578717627e+00
