# Time (ps)	CV (angstrom)
9.999999999975766229e+01 4.183172193834557850e-01
1.004999999997559001e+02 2.872752135971221588e-01
1.009999999997541380e+02 2.616919185120468172e-01
1.014999999997533990e+02 3.562426952917880363e-01
1.019999999997629061e+02 5.585535187987464845e-01
1.024999999997724132e+02 5.976218645280312325e-01
1.029999999997819060e+02 6.388890327066945041e-01
1.034999999997914131e+02 5.593847607116695375e-01
1.039999999998009201e+02 4.876065575034514987e-01
1.044999999998104272e+02 3.705508861611714888e-01
1.049999999998199343e+02 2.764507579922164671e-01
1.054999999998294413e+02 3.178890768004157263e-01
1.059999999998389484e+02 3.905978231167090420e-01
1.064999999998484554e+02 4.510281011979859200e-01
1.069999999998579483e+02 2.618497010097813327e-01
1.074999999998674554e+02 2.614813508431814149e-01
1.079999999998769624e+02 4.523330762300693531e-01
1.084999999998864695e+02 5.016592513831459321e-01
1.089999999998959765e+02 3.528100261920595893e-01
1.094999999999054836e+02 3.210935049276182895e-01
1.099999999999149907e+02 3.060463363675888782e-01
1.104999999999244977e+02 4.957332999507107485e-01
1.109999999999339906e+02 4.086513934724185226e-01
1.114999999999434976e+02 4.197047782973928887e-01
1.119999999999530047e+02 5.039326246163468026e-01
1.124999999999625118e+02 5.123091199799948425e-01
1.129999999999720188e+02 4.273517530935601050e-01
1.134999999999815259e+02 3.495404209755900160e-01
1.139999999999910330e+02 4.625683268282049232e-01
1.145000000000005400e+02 5.221418820739009981e-01
1.150000000000100329e+02 6.064883715944351383e-01
1.155000000000195399e+02 3.447604733320721593e-01
1.160000000000290470e+02 2.510004691948966582e-01
1.165000000000385540e+02 3.864103336572325409e-01
1.170000000000480611e+02 3.967058312944553577e-01
1.175000000000575682e+02 3.943884472754949910e-01
1.180000000000670752e+02 4.680355858057052010e-01
1.185000000000765823e+02 5.132419742933183038e-01
1.190000000000860751e+02 5.160641144260880164e-01
1.195000000000955822e+02 4.981372229677272778e-01
1.200000000001050893e+02 4.258160621925132783e-01
1.205000000001145963e+02 1.529637713503888552e-01
1.210000000001241034e+02 -1.134717619196237530e-02
1.215000000001336105e+02 1.131077353994861256e-01
1.220000000001431175e+02 4.561902976680946020e-01
1.225000000001526246e+02 7.350691456879682173e-01
1.230000000001621174e+02 5.244785513558144485e-01
1.235000000001716245e+02 3.683435377431216740e-01
1.240000000001811316e+02 1.574704941963093185e-01
1.245000000001906386e+02 2.593330163433202884e-01
1.250000000002001457e+02 3.958864106688206874e-01
1.255000000002096527e+02 3.642297786587632702e-01
1.260000000002191598e+02 3.621778132612777368e-01
1.265000000002286527e+02 5.268215609747579631e-01
1.270000000002381597e+02 7.219285477139572027e-01
1.275000000002476668e+02 6.480840518334070044e-01
1.280000000002571880e+02 4.411224686571554310e-01
1.285000000002666809e+02 1.316235557137672707e-01
1.290000000002761738e+02 1.120558974818000042e-01
1.295000000002856950e+02 2.678213910310045520e-01
1.300000000002951879e+02 4.369302816317023885e-01
1.305000000003047091e+02 5.531602138331809249e-01
1.310000000003142020e+02 5.094757266640654869e-01
1.315000000003237233e+02 3.892028490976461308e-01
1.320000000003332161e+02 4.196120608365261906e-01
1.325000000003427090e+02 3.272262846485303189e-01
1.330000000003522302e+02 1.715654908003649559e-01
1.335000000003617231e+02 2.866597637060316339e-01
1.340000000003712444e+02 4.209939837365501147e-01
1.345000000003807372e+02 4.753743396623986706e-01
1.350000000003902585e+02 4.321025978661910405e-01
1.355000000003997513e+02 3.098658316001585145e-01
1.360000000004092726e+02 2.773481509293061475e-01
1.365000000004187655e+02 4.814995519209845365e-01
1.370000000004282583e+02 5.942125503189531477e-01
1.375000000004377796e+02 3.597406908202339104e-01
1.380000000004472724e+02 2.547658314980141836e-01
1.385000000004567937e+02 2.354948914094654455e-01
1.390000000004662866e+02 4.045276784088340238e-01
1.395000000004758078e+02 4.405579072124888307e-01
1.400000000004853007e+02 3.400165273668570021e-01
1.405000000004947935e+02 3.242388088427000659e-01
1.410000000005043148e+02 3.341767428460299949e-01
1.415000000005138077e+02 3.597406942672133900e-01
1.420000000005233289e+02 2.937320918303219508e-01
1.425000000005328218e+02 2.416260898995683803e-01
1.430000000005423431e+02 2.148370506329569107e-01
1.435000000005518359e+02 2.963950758239318750e-01
1.440000000005613572e+02 4.230147493024438154e-01
1.445000000005708500e+02 3.165411894523399439e-01
1.450000000005803429e+02 4.001505665961128111e-01
1.455000000005898642e+02 3.273281510032885477e-01
1.460000000005993570e+02 4.144908427578476440e-01
1.465000000006088783e+02 4.672019720065710979e-01
1.470000000006183711e+02 2.844094500041896567e-01
1.475000000006278924e+02 1.730252806169311486e-01
1.480000000006373853e+02 2.366627010178033730e-01
1.485000000006468781e+02 4.232958890444601940e-01
1.490000000006563994e+02 4.770882609726627144e-01
1.495000000006658922e+02 4.818435788990893531e-01
1.500000000006754135e+02 4.114618887880074904e-01
1.505000000006849064e+02 4.101468834594391710e-01
1.510000000006944276e+02 4.036354996469989076e-01
1.515000000007039205e+02 3.776333626805112864e-01
1.520000000007134133e+02 3.105490391614960655e-01
1.525000000007229346e+02 3.110119793022438350e-01
1.530000000007324275e+02 5.097118521696570870e-01
1.535000000007419487e+02 4.090554780802845292e-01
1.540000000007514416e+02 1.264444046456364990e-01
1.545000000007609628e+02 2.681200123249550815e-01
1.550000000007704557e+02 4.535303413373798498e-01
1.555000000007799770e+02 6.117124280126201574e-01
1.560000000007894698e+02 6.728359296309963655e-01
1.565000000007989627e+02 5.481543666555448446e-01
1.570000000008084839e+02 3.469735755125264443e-01
1.575000000008179768e+02 2.265937595469665750e-02
1.580000000008274981e+02 1.746600046514591165e-01
1.585000000008369909e+02 4.669546231009013004e-01
1.590000000008465122e+02 5.794406792302926323e-01
1.595000000008560050e+02 5.301120224000599457e-01
1.600000000008654979e+02 5.811490616163015321e-01
1.605000000008750192e+02 4.169395912943790194e-01
1.610000000008845120e+02 3.104565186164312540e-01
1.615000000008940333e+02 4.014346972376057199e-01
1.620000000009035261e+02 5.654879412126175842e-01
1.625000000009130474e+02 5.603702349244764624e-01
1.630000000009225403e+02 4.722880324998595669e-01
1.635000000009320615e+02 3.493225306499080363e-01
1.640000000009415544e+02 2.675132269033035914e-01
1.645000000009510472e+02 3.588937389299321490e-01
1.650000000009605685e+02 2.753217620890341943e-01
1.655000000009700614e+02 1.856531074584751861e-01
1.660000000009795826e+02 4.534518760143941840e-01
1.665000000009890755e+02 5.995494256116693510e-01
1.670000000009985968e+02 6.009132386861170128e-01
1.675000000010080896e+02 4.150808945960949292e-01
1.680000000010175825e+02 2.835738854506507090e-01
1.685000000010271037e+02 1.047907167388737737e-01
1.690000000010365966e+02 1.781456587626093768e-01
1.695000000010461179e+02 3.372454014799502464e-01
1.700000000010556107e+02 5.082037002313170015e-01
1.705000000010651320e+02 4.986115703715526815e-01
1.710000000010746248e+02 6.075841715258456510e-01
1.715000000010841177e+02 3.936634367780468824e-01
1.720000000010936390e+02 2.147288967609100319e-01
1.725000000011031318e+02 4.144892331356442305e-01
1.730000000011126531e+02 3.205775756095304851e-01
1.735000000011221459e+02 3.121555749705750560e-01
1.740000000011316672e+02 4.515588842234459221e-01
1.745000000011411601e+02 4.101652008993086351e-01
1.750000000011506813e+02 4.727229606022783637e-01
1.755000000011601742e+02 4.392086048305798296e-01
1.760000000011696670e+02 2.405374733214997729e-01
1.765000000011791883e+02 3.775334110446015301e-01
1.770000000011886812e+02 3.894397931890976050e-01
1.775000000011982024e+02 4.491923807433374494e-01
1.780000000012076953e+02 4.483189938376102024e-01
1.785000000012172165e+02 4.912893490483427050e-01
1.790000000012267094e+02 4.882534617529551979e-01
1.795000000012362023e+02 4.650812388903586836e-01
1.800000000012457235e+02 4.123071241117120533e-01
1.805000000012552164e+02 3.627399897535806828e-01
1.810000000012647376e+02 3.422760150660462686e-01
1.815000000012742305e+02 3.631658270913460940e-01
1.820000000012837518e+02 4.278141631814724732e-01
1.825000000012932446e+02 3.948120634058638334e-01
1.830000000013027659e+02 4.503277028124169634e-01
1.835000000013122587e+02 3.172341074626300328e-01
1.840000000013217516e+02 1.744169737195324921e-01
1.845000000013312729e+02 2.224282028938879274e-01
1.850000000013407657e+02 1.853190107177290769e-01
1.855000000013502870e+02 3.143561025745166271e-01
1.860000000013597798e+02 4.730951742967581808e-01
1.865000000013693011e+02 4.380926669413071073e-01
1.870000000013787940e+02 4.323017908465527359e-01
1.875000000013882868e+02 5.088132504417356428e-01
1.880000000013978081e+02 2.334830156031089121e-01
1.885000000014073009e+02 2.813875029764614233e-01
1.890000000014168222e+02 3.649539347134969636e-01
1.895000000014263151e+02 2.919511056256130499e-01
1.900000000014358363e+02 1.762762914200062536e-01
1.905000000014453292e+02 9.509432419449936891e-02
1.910000000014548220e+02 9.043998704729364069e-02
1.915000000014643433e+02 3.085799034558171505e-01
1.920000000014738362e+02 3.614971330616485456e-01
1.925000000014833574e+02 3.221547371439373308e-01
1.930000000014928503e+02 2.813118699666499745e-01
1.935000000015023716e+02 3.815242193910987067e-01
1.940000000015118644e+02 5.090072343960884149e-01
1.945000000015213857e+02 5.214583912999614101e-01
1.950000000015308785e+02 4.464217136361767202e-01
1.955000000015403714e+02 2.789223882253582532e-01
1.960000000015498927e+02 2.665114407028910670e-01
1.965000000015593855e+02 3.064375132859317730e-01
1.970000000015689068e+02 4.504491790941743123e-01
1.975000000015783996e+02 6.212438063574841074e-01
1.980000000015879209e+02 4.247931770185506273e-01
1.985000000015974138e+02 1.862025072734839470e-01
1.990000000016069066e+02 1.118115973760704235e-01
1.995000000016164279e+02 1.261114683913185097e-01
2.000000000016259207e+02 5.685763118729524335e-01
2.005000000016354420e+02 7.853329659044223643e-01
2.010000000016449349e+02 7.318613146336181430e-01
2.015000000016544561e+02 4.249410406754196012e-01
2.020000000016639490e+02 2.047876690972253999e-01
2.025000000016734703e+02 1.550052625198465768e-02
2.030000000016789556e+02 1.662719292531250892e-01
2.035000000016659385e+02 3.638258666543494613e-01
2.040000000016529214e+02 2.883444357279282277e-01
2.045000000016398758e+02 3.946660219201009734e-01
2.050000000016268586e+02 3.890539435164948601e-01
2.055000000016138415e+02 2.542026472385307545e-01
2.060000000016008244e+02 2.014806799994616482e-01
2.065000000015878072e+02 1.184048311097651435e-01
2.070000000015747617e+02 2.903762711858177137e-01
2.075000000015617445e+02 4.122229795005382669e-01
2.080000000015487274e+02 4.514427300750044059e-01
2.085000000015357102e+02 5.166751845680908062e-01
2.090000000015226931e+02 4.531249701063096436e-01
2.095000000015096475e+02 2.832921256610644312e-01
2.100000000014966304e+02 1.946218637410564722e-01
2.105000000014836132e+02 1.538292526729343468e-01
2.110000000014705961e+02 6.136854404966088916e-01
2.115000000014575789e+02 7.485547883442320583e-01
2.120000000014445618e+02 6.920497922734712981e-01
2.125000000014315162e+02 3.351062734622938799e-01
2.130000000014184991e+02 -6.437711770044743376e-02
2.135000000014054820e+02 -8.916524095159096552e-02
2.140000000013924648e+02 3.009189477519758071e-01
2.145000000013794477e+02 6.182250781705116438e-01
2.150000000013664021e+02 5.763354935398942169e-01
2.155000000013533850e+02 4.186165377037544544e-01
2.160000000013403678e+02 4.770244076084815266e-01
2.165000000013273507e+02 4.366282142349086626e-01
2.170000000013143335e+02 4.253095881965054947e-01
2.175000000013013164e+02 6.961325575441213998e-01
2.180000000012882708e+02 7.952545726843206486e-01
2.185000000012752537e+02 6.258548610936855994e-01
2.190000000012622365e+02 4.785941846535183286e-01
2.195000000012492194e+02 1.685610174785659165e-01
2.200000000012362023e+02 8.010460914819159117e-02
2.205000000012231567e+02 1.668976039510687015e-01
2.210000000012101395e+02 2.659024051657667975e-01
2.215000000011971224e+02 5.293263404653688609e-01
2.220000000011841053e+02 6.107420446719827867e-01
2.225000000011710881e+02 6.380181546019765282e-01
2.230000000011580710e+02 4.605021133056378946e-01
2.235000000011450254e+02 1.432175115926324627e-01
2.240000000011320083e+02 -1.634895581088168237e-01
2.245000000011189911e+02 -2.000291569607315356e-01
2.250000000011059740e+02 2.588043111767628357e-01
2.255000000010929568e+02 5.479562288821181459e-01
2.260000000010799113e+02 5.141616020211632332e-01
2.265000000010668941e+02 5.041969578756428927e-01
2.270000000010538770e+02 3.910851431749028384e-01
2.275000000010408598e+02 4.524330490309806663e-02
2.280000000010278427e+02 1.369601596770159968e-01
2.285000000010148256e+02 3.759800248164333336e-01
2.290000000010017800e+02 5.876668201844708062e-01
2.295000000009887628e+02 6.334684636586936923e-01
2.300000000009757457e+02 4.682632659339291403e-01
2.305000000009627286e+02 4.626346273023561051e-01
2.310000000009497114e+02 3.951921724382342349e-01
2.315000000009366659e+02 3.922323719075137549e-01
2.320000000009236487e+02 2.810281957090838278e-01
2.325000000009106316e+02 2.234379476322042035e-01
2.330000000008976144e+02 2.914905641514367041e-01
2.335000000008845973e+02 5.430009990249166085e-01
2.340000000008715517e+02 5.761975055164588744e-01
2.345000000008585346e+02 3.900938435535726834e-01
2.350000000008455174e+02 3.548767862955175545e-01
2.355000000008325003e+02 2.708811582133526241e-01
2.360000000008194831e+02 1.638626424824628502e-01
2.365000000008064660e+02 1.753213712918628431e-01
2.370000000007934204e+02 2.710962020813870166e-01
2.375000000007804033e+02 4.417047518496347025e-01
2.380000000007673862e+02 6.430931297490787291e-01
2.385000000007543690e+02 7.177436345875334300e-01
2.390000000007413519e+02 6.024762596761823463e-01
2.395000000007283063e+02 3.045433302540966336e-01
2.400000000007152892e+02 1.425601620739782305e-01
2.405000000007022720e+02 2.570112547613000453e-01
2.410000000006892549e+02 5.529262108998477254e-01
2.415000000006762377e+02 5.540794052331186048e-01
2.420000000006632206e+02 4.673770674165868555e-01
2.425000000006501750e+02 3.184834745616929030e-01
2.430000000006371579e+02 3.954594518220413413e-01
2.435000000006241407e+02 3.022079206199229651e-01
2.440000000006111236e+02 2.297521324060016468e-01
2.445000000005981065e+02 4.691723738388195453e-01
2.450000000005850609e+02 4.711338964024030518e-01
2.455000000005720437e+02 4.002362102988799575e-01
2.460000000005590266e+02 4.057915540102548513e-01
2.465000000005460095e+02 1.886954442009199095e-01
2.470000000005329923e+02 3.002499533700803136e-01
2.475000000005199752e+02 5.029758389018279541e-01
2.480000000005069296e+02 5.057793867749075245e-01
2.485000000004939125e+02 5.405249118175353695e-01
2.490000000004808953e+02 3.754283110005240953e-01
2.495000000004678782e+02 3.048426329796442569e-01
2.500000000004548610e+02 2.483949160941852918e-01
2.505000000004418155e+02 1.747464868442109576e-01
2.510000000004287983e+02 3.812781807326086070e-01
2.515000000004157812e+02 6.980455380332959425e-01
2.520000000004027640e+02 7.471180410666122818e-01
2.525000000003897469e+02 5.711661614105509877e-01
2.530000000003767013e+02 3.095729523241577130e-01
2.535000000003636842e+02 8.903597380828574825e-02
2.540000000003506671e+02 1.905890516429669668e-01
2.545000000003376499e+02 2.695839268701413216e-01
2.550000000003246328e+02 4.400124520067593692e-01
2.555000000003116156e+02 5.561848059642927611e-01
2.560000000002985985e+02 7.300139049434353211e-01
2.565000000002855813e+02 5.239605293794776797e-01
2.570000000002725642e+02 4.092909409113258401e-01
2.575000000002594902e+02 3.326756232495861609e-01
2.580000000002464731e+02 2.442232091051418086e-01
2.585000000002334559e+02 4.367484736182184468e-01
2.590000000002204388e+02 5.169079733158935541e-01
2.595000000002074216e+02 5.015457468410372543e-01
2.600000000001944045e+02 2.522438796798750493e-01
2.605000000001813873e+02 2.722406588793754856e-01
2.610000000001683702e+02 3.487135467870758898e-01
2.615000000001553531e+02 2.861857095434374165e-01
2.620000000001423359e+02 3.573542801090701104e-01
2.625000000001292619e+02 3.182984874543646758e-01
2.630000000001162448e+02 2.313418445215119079e-01
2.635000000001032276e+02 2.645068144779737507e-01
2.640000000000902105e+02 3.009372549214300863e-01
2.645000000000771934e+02 4.137000438474121022e-01
2.650000000000641762e+02 5.530840363066110710e-01
2.655000000000511591e+02 5.747706851064905420e-01
2.660000000000381419e+02 3.113954865596918475e-01
2.665000000000251248e+02 2.513392907042181768e-01
2.670000000000121076e+02 1.539596921407438423e-01
2.674999999999990905e+02 3.047593803435016957e-01
2.679999999999860165e+02 3.575247625191432799e-01
2.684999999999729994e+02 2.679430223629020724e-01
2.689999999999599822e+02 3.381451136292450421e-01
2.694999999999469651e+02 4.982322956131198799e-01
2.699999999999339479e+02 6.181499749469557825e-01
2.704999999999209308e+02 4.430478052552198620e-01
2.709999999999079137e+02 4.876615791513621012e-01
2.714999999998948965e+02 4.495231841667078898e-01
2.719999999998818794e+02 3.756246576256300207e-01
2.724999999998688622e+02 3.664859159201023786e-01
2.729999999998558451e+02 4.726048245931826486e-01
2.734999999998427711e+02 4.684887519257024402e-01
2.739999999998297540e+02 4.272453534022604416e-01
2.744999999998167368e+02 4.625815899680268406e-01
2.749999999998037197e+02 3.944005223967513296e-01
2.754999999997907025e+02 2.654812907704217628e-01
2.759999999997776854e+02 3.319641309012208441e-01
2.764999999997646682e+02 5.063900163677698130e-01
2.769999999997516511e+02 5.377247312608164354e-01
2.774999999997386340e+02 5.978931064053825128e-01
2.779999999997256168e+02 6.893994400449983129e-01
2.784999999997125997e+02 4.441917362387965973e-01
2.789999999996995257e+02 2.763469234358342241e-01
2.794999999996865085e+02 8.520239803382864685e-02
2.799999999996734914e+02 2.299975725648692182e-01
2.804999999996604743e+02 4.614613602923928193e-01
2.809999999996474571e+02 5.830612277823417067e-01
2.814999999996344400e+02 6.184651983503386408e-01
2.819999999996214228e+02 4.187478550835393443e-01
2.824999999996084057e+02 3.263170893914420501e-01
2.829999999995953885e+02 2.482852230458832132e-01
2.834999999995823714e+02 2.793682138343895893e-01
2.839999999995693543e+02 3.952212018678433747e-01
2.844999999995562803e+02 4.591206384157747178e-01
2.849999999995432631e+02 4.380364334257270120e-01
2.854999999995302460e+02 2.129049207930741872e-01
2.859999999995172288e+02 1.823461292094461228e-01
2.864999999995042117e+02 1.556557272467924968e-01
2.869999999994911946e+02 2.169471283786197358e-01
2.874999999994781774e+02 3.802657986232012011e-01
2.879999999994651603e+02 5.174348617320936317e-01
2.884999999994521431e+02 4.178537915665613278e-01
2.889999999994391260e+02 1.716932221124482238e-01
2.894999999994261088e+02 1.812242436185967642e-01
2.899999999994130349e+02 1.406719753372737414e-01
2.904999999994000177e+02 8.449745223613215617e-02
2.909999999993870006e+02 3.138536008947742095e-01
2.914999999993739834e+02 5.303897502363310590e-01
2.919999999993609663e+02 3.957834052800545677e-01
2.924999999993479491e+02 4.927716151140022482e-01
2.929999999993349320e+02 3.998830997939980536e-01
2.934999999993219149e+02 3.585190683249344645e-01
2.939999999993088977e+02 3.686393426506243687e-01
2.944999999992958806e+02 2.326709609470399565e-01
2.949999999992828634e+02 1.308432139995054089e-01
2.954999999992697894e+02 4.164106390635274324e-01
2.959999999992567723e+02 5.301204047860421653e-01
2.964999999992437552e+02 5.515919666792706844e-01
2.969999999992307380e+02 4.763215388407022743e-01
2.974999999992177209e+02 2.858608620492696373e-01
2.979999999992047037e+02 6.269334285705212284e-02
2.984999999991916866e+02 2.551559309788462362e-02
2.989999999991786694e+02 2.299759058555623237e-01
2.994999999991656523e+02 4.809953083420154818e-01
2.999999999991526352e+02 7.173902614200110550e-01
3.004999999991396180e+02 4.448752288069667826e-01
3.009999999991265440e+02 1.747784729463447984e-01
3.014999999991135269e+02 1.318437261499346980e-01
3.019999999991005097e+02 2.528323289995928480e-01
3.024999999990874926e+02 4.612440072759445564e-01
3.029999999990744755e+02 4.998561096319690256e-01
3.034999999990614583e+02 4.465912581265326087e-01
3.039999999990484412e+02 2.969399417932763185e-01
3.044999999990354240e+02 3.027726311091128442e-01
3.049999999990224069e+02 3.022853413125806132e-01
3.054999999990093897e+02 2.737938104937912009e-01
3.059999999989963158e+02 6.588147507954015270e-01
3.064999999989832986e+02 5.961529649311311241e-01
3.069999999989702815e+02 4.033573443156042715e-01
3.074999999989572643e+02 3.193407918214441477e-01
3.079999999989442472e+02 2.659185873054782934e-01
3.084999999989312300e+02 2.662204623298889405e-01
3.089999999989182129e+02 3.570601953320434174e-01
3.094999999989051958e+02 3.813938925287976844e-01
3.099999999988921786e+02 3.389421809590059120e-01
3.104999999988791615e+02 3.154754069733348709e-01
3.109999999988661443e+02 3.607936472909962222e-01
3.114999999988530703e+02 4.414733476692584424e-01
3.119999999988400532e+02 3.992562998641419059e-01
3.124999999988270361e+02 4.592501260029442922e-01
3.129999999988140189e+02 5.350833696212725643e-01
3.134999999988010018e+02 5.903116579617080362e-01
3.139999999987879846e+02 4.941707107512741670e-01
3.144999999987749675e+02 3.878348119766090174e-01
3.149999999987619503e+02 3.651487552840827489e-01
3.154999999987489332e+02 6.030458778091506433e-01
3.159999999987359161e+02 5.825745331838807495e-01
3.164999999987228989e+02 4.525591099471422685e-01
3.169999999987098249e+02 8.957482320493705130e-02
3.174999999986968078e+02 1.482785339951715187e-01
3.179999999986837906e+02 2.809180172444797341e-01
3.184999999986707735e+02 2.325849611927935934e-01
3.189999999986577564e+02 1.977253422779887970e-01
3.194999999986447392e+02 1.198571910032259907e-01
3.199999999986317221e+02 1.988653452305605973e-01
3.204999999986187049e+02 2.907772455741157724e-01
3.209999999986056878e+02 3.266249204115135862e-01
3.214999999985926706e+02 7.288144143953562137e-01
3.219999999985796535e+02 7.792642860111790304e-01
3.224999999985665795e+02 5.692635319677841199e-01
3.229999999985535624e+02 4.607461167704798299e-01
3.234999999985405452e+02 3.671323915378407743e-01
3.239999999985275281e+02 2.494818120770740388e-01
3.244999999985145109e+02 3.109617188277724042e-01
3.249999999985014938e+02 5.086274922796369946e-01
3.254999999984884766e+02 3.640384926821261247e-01
3.259999999984754595e+02 1.490702840262506934e-01
3.264999999984624424e+02 2.161025991845149652e-01
3.269999999984494252e+02 3.587555387704087773e-01
3.274999999984364081e+02 5.175358081860421677e-01
3.279999999984233341e+02 4.838981817139761388e-01
3.284999999984103169e+02 3.485512034873960996e-01
3.289999999983972998e+02 1.102801736867470850e-01
3.294999999983842827e+02 2.121764792364709828e-01
3.299999999983712655e+02 5.124066905840378716e-01
3.304999999983582484e+02 6.307816529558168961e-01
3.309999999983452312e+02 5.373171725765731876e-01
3.314999999983322141e+02 4.540984863613691247e-01
3.319999999983191969e+02 4.603472458557249514e-01
3.324999999983061798e+02 6.536851478221791800e-02
3.329999999982931627e+02 8.881338391621007577e-02
3.334999999982800887e+02 1.549260127785779539e-01
3.339999999982670715e+02 2.487816607974961403e-01
3.344999999982540544e+02 4.539386131055735407e-01
3.349999999982410372e+02 5.147886749664218886e-01
3.354999999982280201e+02 5.159196137121636605e-01
3.359999999982150030e+02 2.205444031326380117e-01
3.364999999982019858e+02 2.908111511337157506e-01
3.369999999981889687e+02 5.804564996043062308e-01
3.374999999981759515e+02 5.897196683999299527e-01
3.379999999981629344e+02 3.876352394079555785e-01
3.384999999981499172e+02 2.735573879072064063e-01
3.389999999981368433e+02 2.955872592459448112e-01
3.394999999981238261e+02 3.936811401157190304e-01
3.399999999981108090e+02 4.368659517707426110e-01
3.404999999980977918e+02 3.857309266966786332e-01
3.409999999980847747e+02 1.973331700818327650e-01
3.414999999980717575e+02 1.975632240013324714e-01
3.419999999980587404e+02 3.631084629858143953e-01
3.424999999980457233e+02 6.532124447724596550e-01
3.429999999980327061e+02 4.493049970542959404e-01
3.434999999980196890e+02 2.061989837050467178e-01
3.439999999980066718e+02 6.547221114650175755e-02
3.444999999979935978e+02 1.335395080427022318e-01
3.449999999979805807e+02 3.744646846265407003e-01
3.454999999979675636e+02 6.647561941169585209e-01
3.459999999979545464e+02 7.608441196832399500e-01
3.464999999979415293e+02 6.301223622516367584e-01
3.469999999979285121e+02 5.932685035077096547e-01
3.474999999979154950e+02 4.722712545136212858e-01
3.479999999979024778e+02 4.472114717425611508e-01
3.484999999978894607e+02 3.079818290474193310e-01
3.489999999978764436e+02 2.982715671205644625e-01
3.494999999978633696e+02 5.799485680584328673e-01
3.499999999978503524e+02 6.500426459419450520e-01
3.504999999978373353e+02 6.523562851195054968e-01
3.509999999978243181e+02 3.674169517624433778e-01
3.514999999978113010e+02 3.585023417975575222e-01
3.519999999977982839e+02 3.415014215096759398e-01
3.524999999977852667e+02 3.697444939779212514e-01
3.529999999977722496e+02 3.740700116781258133e-01
3.534999999977592324e+02 1.700611371039099373e-01
3.539999999977462153e+02 1.493972863702871523e-01
3.544999999977331981e+02 3.180568367769407989e-01
3.549999999977201242e+02 4.015734846476014530e-01
3.554999999977071070e+02 5.452051678476869112e-01
3.559999999976940899e+02 5.008340664400259268e-01
3.564999999976810727e+02 3.305812981978945020e-01
3.569999999976680556e+02 2.733730986929435725e-01
3.574999999976550384e+02 3.052914768408832580e-01
3.579999999976420213e+02 3.627621403726757898e-01
3.584999999976290042e+02 4.250299527508649700e-01
3.589999999976159870e+02 5.328171128847390969e-01
3.594999999976029699e+02 3.863091725067018256e-01
3.599999999975899527e+02 2.670137386069278973e-01
3.604999999975768787e+02 3.050913988935919363e-01
3.609999999975638616e+02 2.729239631539654987e-01
3.614999999975508445e+02 4.224288530674631392e-01
3.619999999975378273e+02 4.673685693028450383e-01
3.624999999975248102e+02 4.571812306585358310e-01
3.629999999975117930e+02 2.961000487323373620e-01
3.634999999974987759e+02 1.370155908156825142e-01
3.639999999974857587e+02 4.079612719724048930e-01
3.644999999974727416e+02 5.077048837915342228e-01
3.649999999974597245e+02 4.876100683451622397e-01
3.654999999974467073e+02 5.949722023142279825e-01
3.659999999974336333e+02 5.864595035958298785e-01
3.664999999974206162e+02 4.808135035524845335e-01
3.669999999974075990e+02 5.245832665434256858e-01
3.674999999973945819e+02 2.878139407967374996e-01
3.679999999973815648e+02 2.029865355261828153e-01
3.684999999973685476e+02 2.882108027554244334e-01
3.689999999973555305e+02 1.591411211648816326e-01
3.694999999973425133e+02 2.012545701563857037e-01
3.699999999973294962e+02 2.364748391912905867e-01
3.704999999973164790e+02 3.957865357832922593e-01
3.709999999973034619e+02 4.663953887616279492e-01
3.714999999972903879e+02 4.536827020785078046e-01
3.719999999972773708e+02 6.075326677233156003e-01
3.724999999972643536e+02 3.743374815323094462e-01
3.729999999972513365e+02 4.472405075160333920e-01
3.734999999972383193e+02 3.071501194041043603e-01
3.739999999972253022e+02 2.437264047509055120e-01
3.744999999972122851e+02 1.443744687163396601e-01
3.749999999971992679e+02 3.607255899496092932e-01
3.754999999971862508e+02 4.483411074409027197e-01
3.759999999971732336e+02 2.820734431542887277e-01
3.764999999971602165e+02 2.150870009358016866e-01
3.769999999971471425e+02 3.182120425993369972e-01
3.774999999971341254e+02 4.629369812494528169e-01
3.779999999971211082e+02 6.069177169731753141e-01
3.784999999971080911e+02 7.579152729001833455e-01
3.789999999970950739e+02 5.716712604558290556e-01
3.794999999970820568e+02 5.201395649974047686e-01
3.799999999970690396e+02 4.083872301897493728e-01
3.804999999970560225e+02 4.229390389138515949e-01
3.809999999970430054e+02 3.548263919886073259e-01
3.814999999970299882e+02 2.981368191812706625e-01
3.819999999970169711e+02 4.275238303045738597e-01
3.824999999970038971e+02 5.089303076103430801e-01
3.829999999969908799e+02 5.600366355365908877e-01
3.834999999969778628e+02 4.495344870162649720e-01
3.839999999969648456e+02 2.877911862760493267e-01
3.844999999969518285e+02 3.295639362046774434e-01
3.849999999969388114e+02 2.832181142758161130e-01
3.854999999969257942e+02 3.031578805683537992e-01
3.859999999969127771e+02 4.275096729527017025e-01
3.864999999968997599e+02 3.300268248574428354e-01
3.869999999968867428e+02 3.485718513290466669e-01
3.874999999968737256e+02 3.610550617318996069e-01
3.879999999968606517e+02 2.626760400610494428e-01
3.884999999968476345e+02 3.378768818951142228e-01
3.889999999968346174e+02 3.353840864794468413e-01
3.894999999968216002e+02 3.729273537524465665e-01
3.899999999968085831e+02 3.819792293299652530e-01
3.904999999967955659e+02 3.751374693122077053e-01
3.909999999967825488e+02 5.032986127668667153e-01
3.914999999967695317e+02 3.623168119434261314e-01
3.919999999967565145e+02 2.190268385785740790e-01
3.924999999967434974e+02 2.980682389367625973e-01
3.929999999967304234e+02 3.165640947338831945e-01
3.934999999967174062e+02 2.808372917668283675e-01
3.939999999967043891e+02 2.367991361948255935e-01
3.944999999966913720e+02 1.503241685007113970e-01
3.949999999966783548e+02 1.383841409443796744e-01
3.954999999966653377e+02 1.853277264948940684e-01
3.959999999966523205e+02 3.689625446495272132e-01
3.964999999966393034e+02 3.152618802253933650e-01
3.969999999966262862e+02 3.046319322773971550e-01
3.974999999966132691e+02 2.701103363150585968e-01
3.979999999966002520e+02 3.384931133916227464e-01
3.984999999965871780e+02 6.245728872652001051e-01
3.989999999965741608e+02 6.210539930104008732e-01
3.994999999965611437e+02 6.135166427688185653e-01
3.999999999965481265e+02 3.776337872940419005e-01
4.004999999965351094e+02 1.618169735949121224e-01
4.009999999965220923e+02 1.217334960163330565e-01
4.014999999965090751e+02 1.930831056951425317e-01
4.019999999964960580e+02 5.236292106377018474e-01
4.024999999964830408e+02 7.165199252325960000e-01
4.029999999964700237e+02 6.236940888711672848e-01
4.034999999964570065e+02 4.919529398544911780e-01
4.039999999964439326e+02 2.778453541603442267e-01
4.044999999964309154e+02 2.449072133876222801e-01
4.049999999964178983e+02 2.896436316406209022e-01
4.054999999964048811e+02 3.451964531919476387e-01
4.059999999964079507e+02 3.943571949890480877e-01
4.064999999964400104e+02 5.235582965038290126e-01
4.069999999964720132e+02 5.067384633416994744e-01
4.074999999965040729e+02 4.083934673723594311e-01
4.079999999965360757e+02 3.712865114305892722e-01
4.084999999965681354e+02 4.812695341811417116e-01
4.089999999966001383e+02 5.756916734129242652e-01
4.094999999966321980e+02 4.091150299434528348e-01
4.099999999966642008e+02 2.355779372667517746e-01
4.104999999966962605e+02 9.317454462146063099e-02
4.109999999967282633e+02 2.371413883031652237e-01
4.114999999967603230e+02 4.622735262757827202e-01
4.119999999967923259e+02 4.996422378166539557e-01
4.124999999968243856e+02 6.733017853273233211e-01
4.129999999968563884e+02 5.681336591148316018e-01
4.134999999968884481e+02 4.519610528356918233e-01
4.139999999969205078e+02 2.895759311896889399e-01
4.144999999969525106e+02 3.275278839602904779e-01
4.149999999969845703e+02 2.116429872014770897e-01
4.154999999970165732e+02 2.444737237567157218e-01
4.159999999970486328e+02 1.483777829298928153e-01
4.164999999970806357e+02 1.502211823016227632e-01
4.169999999971126954e+02 2.649963738623297704e-01
4.174999999971446982e+02 5.098077587937254185e-01
4.179999999971767579e+02 6.209972762764379706e-01
4.184999999972087608e+02 5.669413974556687386e-01
4.189999999972408204e+02 2.853839142156440190e-01
4.194999999972728233e+02 3.021319273211704737e-02
4.199999999973048830e+02 -1.103032913723176189e-01
4.204999999973368858e+02 1.063956266145520413e-01
4.209999999973689455e+02 2.190420646210531341e-01
4.214999999974009484e+02 2.449600448635274041e-01
4.219999999974330080e+02 4.824766796566894445e-01
4.224999999974650109e+02 5.325583912911705520e-01
4.229999999974970706e+02 3.888097817434208459e-01
4.234999999975291303e+02 4.454360569261308633e-01
4.239999999975611331e+02 4.597300044267323416e-01
4.244999999975931928e+02 4.353022071995636955e-01
4.249999999976251956e+02 3.204713588253990109e-01
4.254999999976572553e+02 2.802571926381183243e-01
4.259999999976892582e+02 2.817507672129913598e-01
4.264999999977213179e+02 3.350827169794904359e-01
4.269999999977533207e+02 4.403991204453194253e-01
4.274999999977853804e+02 6.529545272911552178e-01
4.279999999978173832e+02 4.366796736406556856e-01
4.284999999978494429e+02 3.669101980003464658e-01
4.289999999978814458e+02 2.856657192031422654e-01
4.294999999979135055e+02 4.414569577443586690e-01
4.299999999979455083e+02 4.654400227171831550e-01
4.304999999979775680e+02 4.068779164531044490e-01
4.309999999980095708e+02 3.175983969620964076e-01
4.314999999980416305e+02 1.224337859289846842e-01
4.319999999980736902e+02 2.726918109023620529e-01
4.324999999981056931e+02 4.587943548373996094e-01
4.329999999981377528e+02 4.802586886033921587e-01
4.334999999981697556e+02 4.653771897387170009e-01
4.339999999982018153e+02 4.121352643146637407e-01
4.344999999982338181e+02 1.888570581817082261e-01
4.349999999982658778e+02 1.468333111309684524e-01
4.354999999982978807e+02 1.573581271577934870e-01
4.359999999983299404e+02 3.030221411141165722e-01
4.364999999983619432e+02 6.075294003044171554e-01
4.369999999983940029e+02 5.028685106065883259e-01
4.374999999984260057e+02 2.857422915830782895e-01
4.379999999984580654e+02 3.647346532652091522e-01
4.384999999984900683e+02 4.794269226768922421e-01
4.389999999985221280e+02 4.969753391769217155e-01
4.394999999985541308e+02 3.713221771830920170e-01
4.399999999985861905e+02 3.371396129334425229e-01
4.404999999986182502e+02 3.263905450504046568e-01
4.409999999986502530e+02 3.424777004605509267e-01
4.414999999986823127e+02 3.234149371056930233e-01
4.419999999987143156e+02 3.653225307041590986e-01
4.424999999987463752e+02 5.756798786369479171e-01
4.429999999987783781e+02 4.033475657528469149e-01
4.434999999988104378e+02 4.698872177686134188e-01
4.439999999988424406e+02 5.367158754064752513e-01
4.444999999988745003e+02 5.447865089352994517e-01
4.449999999989065032e+02 3.929131312575352419e-01
4.454999999989385628e+02 3.380318703489639254e-01
4.459999999989705657e+02 2.593504521103300875e-01
4.464999999990026254e+02 3.355349748536060606e-01
4.469999999990346282e+02 4.353348852569132732e-01
4.474999999990666879e+02 3.518393119565804694e-01
4.479999999990986908e+02 1.886400911242161194e-01
4.484999999991307504e+02 3.624215424982571987e-01
4.489999999991627533e+02 4.535542516250291034e-01
4.494999999991948130e+02 3.873247846826069485e-01
4.499999999992268727e+02 1.258246804049967249e-01
4.504999999992588755e+02 1.414218018434903468e-01
4.509999999992909352e+02 2.948878584065504627e-01
4.514999999993229380e+02 4.309424424061608083e-01
4.519999999993549977e+02 5.082506001931508255e-01
4.524999999993870006e+02 5.047085017911175919e-01
4.529999999994190603e+02 3.839555590560746468e-01
4.534999999994510631e+02 4.295172370727995959e-01
4.539999999994831228e+02 4.518052491173574770e-01
4.544999999995151256e+02 3.873709556543206145e-01
4.549999999995471853e+02 3.290111533806265309e-01
4.554999999995791882e+02 3.421206732640353354e-01
4.559999999996112479e+02 2.572151548370853469e-01
4.564999999996432507e+02 3.418415219041042730e-01
4.569999999996753104e+02 3.823122791532336251e-01
4.574999999997073132e+02 5.065095867463930146e-01
4.579999999997393729e+02 5.467729298780225067e-01
4.584999999997714326e+02 5.196809718164923098e-01
4.589999999998034355e+02 5.482265095238688657e-01
4.594999999998354951e+02 3.675941801351955696e-01
4.599999999998674980e+02 2.641316727870766101e-01
4.604999999998995577e+02 9.852631001058086146e-02
4.609999999999315605e+02 2.293686248333420830e-01
4.614999999999636202e+02 5.433612618528366189e-01
4.619999999999956231e+02 5.770746635245392886e-01
4.625000000000276827e+02 6.413818877361272541e-01
4.630000000000596856e+02 6.028041667995508446e-01
4.635000000000917453e+02 3.874371933675241353e-01
4.640000000001237481e+02 3.117360682383802928e-01
4.645000000001558078e+02 2.968812873995005375e-01
4.650000000001878107e+02 4.084492958527409234e-01
4.655000000002198703e+02 5.336084306372766983e-01
4.660000000002518732e+02 5.167237216044952008e-01
4.665000000002839329e+02 4.946436786405077335e-01
4.670000000003159357e+02 3.903990814599043180e-01
4.675000000003479954e+02 2.913503924157187508e-01
4.680000000003800551e+02 1.067348694216395666e-01
4.685000000004120579e+02 2.587843726802310784e-01
4.690000000004441176e+02 4.316552714288304782e-01
4.695000000004761205e+02 5.492763571553349600e-01
4.700000000005081802e+02 4.732156893105516349e-01
4.705000000005401830e+02 2.765802562012802945e-01
4.710000000005722427e+02 1.706911446898157561e-02
4.715000000006042455e+02 1.285062987362711462e-01
4.720000000006363052e+02 3.598951745041470418e-01
4.725000000006683081e+02 4.300161116331798761e-01
4.730000000007003678e+02 4.998749724403571126e-01
4.735000000007323706e+02 4.728062266265175007e-01
4.740000000007644303e+02 2.699488338882740646e-01
4.745000000007964331e+02 1.997322382042155398e-01
4.750000000008284928e+02 1.834950268664823636e-01
4.755000000008604957e+02 4.255113337961810016e-01
4.760000000008925554e+02 5.330812439872903985e-01
4.765000000009246151e+02 3.836120592738846424e-01
4.770000000009566179e+02 2.737186345111831121e-01
4.775000000009886776e+02 3.398047586150243493e-01
4.780000000010206804e+02 3.186088578190181542e-01
4.785000000010527401e+02 3.416344871725873200e-01
4.790000000010847430e+02 3.746470951495054491e-01
4.795000000011168027e+02 2.967669664400147678e-01
4.800000000011488055e+02 2.172879954075662146e-01
4.805000000011808652e+02 3.195412619141793087e-01
4.810000000012128680e+02 4.542215591082193749e-01
4.815000000012449277e+02 4.430039734677551633e-01
4.820000000012769306e+02 2.481391115704481010e-01
4.825000000013089902e+02 2.284759858944174216e-01
4.830000000013409931e+02 3.500281452374358060e-01
4.835000000013730528e+02 2.697449849336299721e-01
4.840000000014050556e+02 2.392046209843224636e-01
4.845000000014371153e+02 2.222839187508075798e-01
4.850000000014691750e+02 3.433743683124543256e-01
4.855000000015011778e+02 4.995804862704957827e-01
4.860000000015332375e+02 6.375954256504212658e-01
4.865000000015652404e+02 5.238212126309350625e-01
4.870000000015973001e+02 3.597707149185292441e-01
4.875000000016293029e+02 3.290693904575730522e-01
4.880000000016613626e+02 2.781176414952052367e-01
4.885000000016933654e+02 5.520170914045099408e-01
4.890000000017254251e+02 5.640782113691569233e-01
4.895000000017574280e+02 6.175693008358486003e-01
4.900000000017894877e+02 5.292776676909721756e-01
4.905000000018214905e+02 2.291253294458903134e-01
4.910000000018535502e+02 9.184482210205606456e-02
4.915000000018855530e+02 2.190622125667579800e-01
4.920000000019176127e+02 3.157065805850989837e-01
4.925000000019496156e+02 4.027525942147741622e-01
4.930000000019816753e+02 4.729312383471084291e-01
4.935000000020136781e+02 4.453834139554652682e-01
4.940000000020457378e+02 4.369147265060641105e-01
4.945000000020777975e+02 4.297852439536540836e-01
4.950000000021098003e+02 2.976240877764689818e-01
4.955000000021418600e+02 3.378924818131828767e-01
4.960000000021738629e+02 4.616954350495065529e-01
4.965000000022059226e+02 4.950750933685348354e-01
4.970000000022379254e+02 5.548034950994911174e-01
4.975000000022699851e+02 5.216628236983583689e-01
4.980000000023019879e+02 2.319978609863572461e-01
4.985000000023340476e+02 8.421636027156022275e-02
4.990000000023660505e+02 1.438199395871879172e-01
4.995000000023981102e+02 4.089055877690576657e-01
5.000000000024301130e+02 5.116067316396938347e-01
5.005000000024621727e+02 5.208208622445713587e-01
5.010000000024941755e+02 4.997123586638135828e-01
5.015000000025262352e+02 4.015669807910672295e-01
5.020000000025582381e+02 3.528217636548087732e-01
5.025000000025902978e+02 3.134025041539599821e-01
5.030000000026223574e+02 3.108221104921154443e-01
5.035000000026543603e+02 5.597963326641528514e-01
5.040000000026864200e+02 5.670129646763254483e-01
5.045000000027184228e+02 1.946671802166395626e-01
5.050000000027504825e+02 2.057575358037204774e-02
5.055000000027824854e+02 1.651302931427780507e-01
5.060000000028145450e+02 3.611857475983265564e-01
5.065000000028465479e+02 5.907215260010639790e-01
5.070000000028786076e+02 4.720389489542277661e-01
5.075000000029106104e+02 4.137432715095778479e-01
5.080000000029426701e+02 3.807340369781210820e-01
5.085000000029746730e+02 3.260694994862520235e-01
5.090000000030067326e+02 3.968672335090570047e-01
5.095000000030387355e+02 4.532364366746028939e-01
5.100000000030707952e+02 4.474849111896663234e-01
5.105000000031027980e+02 4.317025014115798420e-01
5.110000000031348577e+02 4.564849043276088536e-01
5.115000000031668606e+02 3.711483432168045660e-01
5.120000000031989202e+02 4.867408444462042461e-01
5.125000000032309799e+02 5.019841079746713008e-01
5.130000000032630396e+02 4.373926892091772878e-01
5.135000000032949856e+02 3.972624459633479210e-01
5.140000000033270453e+02 2.049917678162548884e-01
5.145000000033591050e+02 3.193428004874264148e-01
5.150000000033911647e+02 4.326307002124850087e-01
5.155000000034231107e+02 4.661149657233517596e-01
5.160000000034551704e+02 5.316456447670681040e-01
5.165000000034872301e+02 4.124351225104189722e-01
5.170000000035192897e+02 2.854555016325722172e-01
5.175000000035512357e+02 3.471800752076057428e-01
5.180000000035832954e+02 4.004479978959611941e-01
5.185000000036153551e+02 5.845898572978969199e-01
5.190000000036474148e+02 5.579925187404728426e-01
5.195000000036793608e+02 3.243578843340126916e-01
5.200000000037114205e+02 1.441114883918675205e-01
5.205000000037434802e+02 2.233078512046464126e-01
5.210000000037755399e+02 4.455736502612474004e-01
5.215000000038075996e+02 6.147655926542660021e-01
5.220000000038395456e+02 5.149484486839115416e-01
5.225000000038716053e+02 4.055517105810280132e-01
5.230000000039036649e+02 4.121846750982264829e-01
5.235000000039357246e+02 3.177878671790002052e-01
5.240000000039676706e+02 3.968646181571935938e-01
5.245000000039997303e+02 3.827605362953823143e-01
5.250000000040317900e+02 5.586100685327929360e-01
5.255000000040638497e+02 5.866529688019591626e-01
5.260000000040957957e+02 6.603433785608369133e-01
5.265000000041278554e+02 6.001883490036566959e-01
5.270000000041599151e+02 5.716265232466503088e-01
5.275000000041919748e+02 3.645117088631483759e-01
5.280000000042239208e+02 4.572878367827563628e-01
5.285000000042559805e+02 2.416880993728391935e-01
5.290000000042880401e+02 1.707950834395118855e-01
5.295000000043200998e+02 3.550844550179082515e-01
5.300000000043521595e+02 5.345047161539433489e-01
5.305000000043841055e+02 6.160233124327095799e-01
5.310000000044161652e+02 4.798389310279780329e-01
5.315000000044482249e+02 2.808989804903954113e-01
5.320000000044802846e+02 3.235516263302329887e-01
5.325000000045122306e+02 2.068957525500226546e-01
5.330000000045442903e+02 2.216587703124473230e-01
5.335000000045763500e+02 3.344301040501135303e-01
5.340000000046084097e+02 4.904203040006865355e-01
5.345000000046403557e+02 4.919063538462823959e-01
5.350000000046724153e+02 2.467374346060699219e-01
5.355000000047044750e+02 9.839668722228610276e-02
5.360000000047365347e+02 9.532536254539081266e-02
5.365000000047684807e+02 2.115312005945488294e-01
5.370000000048005404e+02 2.859207194521589113e-01
5.375000000048326001e+02 3.172444733078443324e-01
5.380000000048646598e+02 4.343301748118460481e-01
5.385000000048967195e+02 3.342317092834624637e-01
5.390000000049286655e+02 1.456312338508361226e-01
5.395000000049607252e+02 1.586846447947094507e-01
5.400000000049927849e+02 1.909666337398142344e-01
5.405000000050248445e+02 3.562736315059746861e-01
5.410000000050567905e+02 4.570132874570708159e-01
5.415000000050888502e+02 3.512035380351465341e-01
5.420000000051209099e+02 3.398315244019419201e-01
5.425000000051529696e+02 3.372481411921884331e-01
5.430000000051849156e+02 4.245467473171138373e-01
5.435000000052169753e+02 4.115566237865592725e-01
5.440000000052490350e+02 2.630458234549730712e-01
5.445000000052810947e+02 2.116078743481092650e-01
5.450000000053130407e+02 2.321171832644762789e-01
5.455000000053451004e+02 3.061734493556324543e-01
5.460000000053771601e+02 4.929895302200182905e-01
5.465000000054092197e+02 4.881861392474689532e-01
5.470000000054411657e+02 4.496408295758523854e-01
5.475000000054732254e+02 4.138588570221359286e-01
5.480000000055052851e+02 4.497281979311407718e-01
5.485000000055373448e+02 2.708073886497602834e-01
5.490000000055694045e+02 2.280915939517184354e-01
5.495000000056013505e+02 4.895058409621778073e-01
5.500000000056334102e+02 5.753129617322457756e-01
5.505000000056654699e+02 6.764933695956064641e-01
5.510000000056975296e+02 6.740802122353427572e-01
5.515000000057294756e+02 4.229149396968650554e-01
5.520000000057615352e+02 1.987088963619963455e-01
5.525000000057935949e+02 2.664691047512173228e-01
5.530000000058256546e+02 3.324592029871724641e-01
5.535000000058576006e+02 3.751688481227192784e-01
5.540000000058896603e+02 3.820231517425279333e-01
5.545000000059217200e+02 4.493518618539988907e-01
5.550000000059537797e+02 3.797703981216132285e-01
5.555000000059857257e+02 5.024315614147800702e-01
5.560000000060177854e+02 6.491908804461096194e-01
5.565000000060498451e+02 5.490670954742019605e-01
5.570000000060819048e+02 3.134128500777704773e-01
5.575000000061139644e+02 1.494597362077618175e-01
5.580000000061459104e+02 1.375847917688605981e-01
5.585000000061779701e+02 2.497979215084541738e-01
5.590000000062100298e+02 2.756527465855901915e-01
5.595000000062420895e+02 2.958805135656616958e-01
5.600000000062740355e+02 4.136160184868281076e-01
5.605000000063060952e+02 3.649341935033783568e-01
5.610000000063381549e+02 2.117283978700540414e-01
5.615000000063702146e+02 1.412718686944766933e-01
5.620000000064021606e+02 1.451733113622862836e-01
5.625000000064342203e+02 4.067055030449115427e-01
5.630000000064662800e+02 6.422381192992240306e-01
5.635000000064983396e+02 7.204444870196342610e-01
5.640000000065302856e+02 5.174883715100079273e-01
5.645000000065623453e+02 2.979077522448836390e-01
5.650000000065944050e+02 1.818339803145674338e-01
5.655000000066264647e+02 2.153186129187684705e-01
5.660000000066585244e+02 4.077264457735405578e-01
5.665000000066904704e+02 5.322269604017914046e-01
5.670000000067225301e+02 6.616567628102091314e-01
5.675000000067545898e+02 6.760391529510337838e-01
5.680000000067866495e+02 6.820223980566507693e-01
5.685000000068185955e+02 4.547817618515952454e-01
5.690000000068506552e+02 3.342984968940774237e-01
5.695000000068827148e+02 2.059928295924216002e-01
5.700000000069147745e+02 1.774219720837165726e-01
5.705000000069467205e+02 1.279190220203449968e-01
5.710000000069787802e+02 1.705582889609398856e-01
5.715000000070108399e+02 4.436036377221306837e-01
5.720000000070428996e+02 4.256689142203454734e-01
5.725000000070748456e+02 4.165375775923803592e-01
5.730000000071069053e+02 4.731707289336518074e-01
5.735000000071389650e+02 5.268684688916135395e-01
5.740000000071710247e+02 3.774706146445723776e-01
5.745000000072030844e+02 3.603040881777022642e-01
5.750000000072350304e+02 1.370597138316993202e-01
5.755000000072670900e+02 2.088934722405833277e-01
5.760000000072991497e+02 3.549659769977164259e-01
5.765000000073312094e+02 4.518630866684862912e-01
5.770000000073631554e+02 3.200214900868142975e-01
5.775000000073952151e+02 4.129726323482212913e-01
5.780000000074272748e+02 3.221022448659963122e-01
5.785000000074593345e+02 5.083165588441020954e-01
5.790000000074912805e+02 7.195336803549194915e-01
5.795000000075233402e+02 6.578535673183679711e-01
5.800000000075553999e+02 6.182937006014654902e-01
5.805000000075874595e+02 4.987302999914564050e-01
5.810000000076194056e+02 3.617028475262255016e-01
5.815000000076514652e+02 3.282408941431251281e-01
5.820000000076835249e+02 4.727720296162823965e-01
5.825000000077155846e+02 5.128752091083613740e-01
5.830000000077476443e+02 3.656691057556007984e-01
5.835000000077795903e+02 3.747769241477633684e-01
5.840000000078116500e+02 4.391230762186703052e-01
5.845000000078437097e+02 4.322250580714663282e-01
5.850000000078757694e+02 4.779290558989545135e-01
5.855000000079077154e+02 4.567840365552253701e-01
5.860000000079397751e+02 4.225582993543806620e-01
5.865000000079718347e+02 2.112723143724318520e-01
5.870000000080038944e+02 2.531693151978831047e-01
5.875000000080358404e+02 3.219524382060763856e-01
5.880000000080679001e+02 4.190677605747521461e-01
5.885000000080999598e+02 5.345742161809832194e-01
5.890000000081320195e+02 4.649303251786990332e-01
5.895000000081639655e+02 3.718477416035765315e-01
5.900000000081960252e+02 5.249880756401991144e-01
5.905000000082280849e+02 5.877787178212874331e-01
5.910000000082601446e+02 3.763480292517252246e-01
5.915000000082920906e+02 2.570877836162767660e-01
5.920000000083241503e+02 2.746127744335758458e-01
5.925000000083562099e+02 4.137703921534506279e-01
5.930000000083882696e+02 4.184561560755292731e-01
5.935000000084203293e+02 5.553108615814016380e-01
5.940000000084522753e+02 4.864644772498482039e-01
5.945000000084843350e+02 4.333852389155840035e-01
5.950000000085163947e+02 3.546102630337369943e-01
5.955000000085484544e+02 2.833861354454319526e-01
5.960000000085804004e+02 2.725194814677879829e-01
5.965000000086124601e+02 2.728575496920368493e-01
5.970000000086445198e+02 3.729595718488248890e-01
5.975000000086765795e+02 5.460911766226245190e-01
5.980000000087085255e+02 4.611513471658415519e-01
5.985000000087405851e+02 2.518448276659302487e-01
5.990000000087726448e+02 5.508186315909943120e-01
5.995000000088047045e+02 4.203023600014347272e-01
6.000000000088366505e+02 2.502632531195944643e-01
6.005000000088687102e+02 3.766710607240532638e-01
6.010000000089007699e+02 5.887453902907694436e-01
6.015000000089328296e+02 6.296703359930516664e-01
6.020000000089648893e+02 2.390321991884394315e-01
6.025000000089968353e+02 -7.703684569310273456e-02
6.030000000090288950e+02 -1.159112669743047191e-01
6.035000000090609547e+02 3.443086704821294308e-01
6.040000000090930143e+02 7.186879072016277847e-01
6.045000000091249603e+02 8.025694968566702281e-01
6.050000000091570200e+02 7.337167193102583918e-01
6.055000000091890797e+02 3.917413267290003054e-01
6.060000000092211394e+02 2.275394666728806914e-01
6.065000000092530854e+02 2.516664475459704509e-01
6.070000000092851451e+02 3.591266757521048292e-01
6.075000000093172048e+02 5.034387340302627356e-01
6.080000000093492645e+02 5.756011737535505768e-01
6.085000000093812105e+02 5.547684550147951033e-01
6.090000000094132702e+02 2.027580757440490544e-01
6.095000000094453299e+02 2.131705909863625958e-01
6.100000000094773895e+02 4.265820028948317244e-01
6.105000000095094492e+02 5.483359080043958000e-01
6.110000000095413952e+02 5.436071596882011692e-01
6.115000000095734549e+02 5.117460002250046047e-01
6.120000000096055146e+02 4.894338787146462200e-01
6.125000000096375743e+02 3.995069925126883414e-01
6.130000000096695203e+02 2.977309064067212296e-01
6.135000000097015800e+02 4.285216271701034474e-01
6.140000000097336397e+02 3.375071634110747842e-01
6.145000000097656994e+02 1.784065634465779593e-01
6.150000000097976454e+02 1.413747623974505596e-01
6.155000000098297050e+02 2.147383798552800482e-01
6.160000000098617647e+02 3.649708165243745195e-01
6.165000000098938244e+02 4.098718275161043478e-01
6.170000000099257704e+02 2.268035440976485517e-01
6.175000000099578301e+02 -3.467520847887487628e-02
6.180000000099898898e+02 1.255318543340666060e-01
6.185000000100219495e+02 4.373716015313002803e-01
6.190000000100540092e+02 7.070268057963868813e-01
6.195000000100859552e+02 7.133309215381308244e-01
6.200000000101180149e+02 6.407372739204419965e-01
6.205000000101500746e+02 3.394510727827461105e-01
6.210000000101821342e+02 2.129876590957458238e-01
6.215000000102140802e+02 3.181171760148251426e-01
6.220000000102461399e+02 5.411711325932738736e-01
6.225000000102781996e+02 6.091528079459144207e-01
6.230000000103102593e+02 5.319684620039765166e-01
6.235000000103422053e+02 4.414690303958018203e-01
6.240000000103742650e+02 2.410937954784025672e-01
6.245000000104063247e+02 3.109328091487924550e-01
6.250000000104383844e+02 2.993753212809249775e-01
6.255000000104703304e+02 2.285776320810533058e-01
6.260000000105023901e+02 2.937368940263631600e-01
6.265000000105344498e+02 3.939464329509758111e-01
6.270000000105665094e+02 4.351184107637093845e-01
6.275000000105985691e+02 3.883260482516198153e-01
6.280000000106305151e+02 3.017541105221865361e-01
6.285000000106625748e+02 2.362573702589676750e-01
6.290000000106946345e+02 2.676176636684506893e-01
6.295000000107266942e+02 3.496543725240092160e-01
6.300000000107586402e+02 5.468774727008138825e-01
6.305000000107906999e+02 6.284785330270393766e-01
6.310000000108227596e+02 4.377018081106345826e-01
6.315000000108548193e+02 3.561941775138468547e-01
6.320000000108867653e+02 3.097610743223269680e-01
6.325000000109188250e+02 4.194270043662489122e-01
6.330000000109508846e+02 3.704910490054418859e-01
6.335000000109829443e+02 2.075965889186973667e-01
6.340000000110148903e+02 1.732526440169227799e-01
6.345000000110469500e+02 2.659342491029325628e-01
6.350000000110790097e+02 4.792704411043300916e-01
6.355000000111110694e+02 6.154090636048246132e-01
6.360000000111430154e+02 7.196469120894930516e-01
6.365000000111750751e+02 4.438675288916575923e-01
6.370000000112071348e+02 2.245441361897555776e-01
6.375000000112391945e+02 3.332851170880886671e-01
6.380000000112712542e+02 5.586028886641504210e-01
6.385000000113032002e+02 3.909096235521734575e-01
6.390000000113352598e+02 2.697743564210520750e-01
6.395000000113673195e+02 1.099015296006984194e-01
6.400000000113993792e+02 1.241598984981043680e-01
6.405000000114313252e+02 2.344497001042141204e-01
6.410000000114633849e+02 3.920022243034422815e-01
6.415000000114954446e+02 5.617344960716055269e-01
6.420000000115275043e+02 5.453737311641135843e-01
6.425000000115594503e+02 4.630945879661085840e-01
6.430000000115915100e+02 3.953834051429868657e-01
6.435000000116235697e+02 2.307368392602355822e-01
6.440000000116556294e+02 3.312838939625605272e-01
6.445000000116875754e+02 3.136404572481885089e-01
6.450000000117196350e+02 3.851722309358302510e-01
6.455000000117516947e+02 3.915437266135627370e-01
6.460000000117837544e+02 4.466243742752279977e-01
6.465000000118158141e+02 4.926423880909725495e-01
6.470000000118477601e+02 6.064722511582629760e-01
6.475000000118798198e+02 5.522432155996243042e-01
6.480000000119118795e+02 4.403574004680000931e-01
6.485000000119439392e+02 2.094576386288210523e-01
6.490000000119758852e+02 1.491544849788003224e-01
6.495000000120079449e+02 3.283020410693009428e-01
6.500000000120400045e+02 4.629778813356342781e-01
6.505000000120720642e+02 4.133401698203726382e-01
6.510000000121040102e+02 5.171366440693109245e-01
6.515000000121360699e+02 3.826771542044242747e-01
6.520000000121681296e+02 3.538934119744153173e-01
6.525000000122001893e+02 2.808473452121552638e-01
6.530000000122321353e+02 1.883016329468386318e-01
6.535000000122641950e+02 3.460785385176932127e-01
6.540000000122962547e+02 4.881868348610584607e-01
6.545000000123283144e+02 4.130798742562116210e-01
6.550000000123603741e+02 3.368941558338924280e-01
6.555000000123923201e+02 2.904820770392714246e-01
6.560000000124243797e+02 4.231907278252673987e-01
6.565000000124564394e+02 4.098444919449807378e-01
6.570000000124884991e+02 4.375824887347656844e-01
6.575000000125204451e+02 4.152317420900893397e-01
6.580000000125525048e+02 3.979048021825140613e-01
6.585000000125845645e+02 3.446564034589617576e-01
6.590000000126166242e+02 2.592740770301936726e-01
6.595000000126485702e+02 3.094697706179480590e-01
6.600000000126806299e+02 3.467241591859063221e-01
6.605000000127126896e+02 3.416185405233684302e-01
6.610000000127447493e+02 3.405560117540940013e-01
6.615000000127766953e+02 2.095853526161210456e-01
6.620000000128087549e+02 1.716785978272473423e-01
6.625000000128408146e+02 2.913687187212821161e-01
6.630000000128728743e+02 3.347062394565770149e-01
6.635000000129049340e+02 5.075300320391982201e-01
6.640000000129368800e+02 5.203965426901836500e-01
6.645000000129689397e+02 3.968117849452098000e-01
6.650000000130009994e+02 2.740225343795826829e-01
6.655000000130330591e+02 3.583857666538891040e-01
6.660000000130650051e+02 5.510432922648181853e-01
6.665000000130970648e+02 6.702105431710725369e-01
6.670000000131291245e+02 4.889501858054279837e-01
6.675000000131611841e+02 4.349585852246274920e-01
6.680000000131931301e+02 2.437540293882169973e-01
6.685000000132251898e+02 7.676027861120118811e-02
6.690000000132572495e+02 2.773285099229144679e-01
6.695000000132893092e+02 5.112950150939263860e-01
6.700000000133212552e+02 5.607301009538193659e-01
6.705000000133533149e+02 5.491211856961905058e-01
6.710000000133853746e+02 3.918229590020205211e-01
6.715000000134174343e+02 1.770252666986182610e-01
6.720000000134494940e+02 2.557184086300018921e-01
6.725000000134814400e+02 3.405561450811085411e-01
6.730000000135134997e+02 2.332664102393995631e-01
6.735000000135455593e+02 5.218641685249638673e-01
6.740000000135776190e+02 5.219458030619361644e-01
6.745000000136095650e+02 3.193572271733983170e-01
6.750000000136416247e+02 1.428643999263356501e-01
6.755000000136736844e+02 2.058076173988141466e-01
6.760000000137057441e+02 3.156941249381697845e-01
6.765000000137376901e+02 3.437965083205395400e-01
6.770000000137697498e+02 3.488953563732880570e-01
6.775000000138018095e+02 2.005382128483160498e-01
6.780000000138338692e+02 1.699396072575815320e-01
6.785000000138658152e+02 3.432869166883390499e-01
6.790000000138978749e+02 4.511786787566992585e-01
6.795000000139299345e+02 5.455407226979851476e-01
6.800000000139619942e+02 6.525410082957646685e-01
6.805000000139939402e+02 4.397912315633408231e-01
6.810000000140259999e+02 2.140742471596645824e-01
6.815000000140580596e+02 1.806497807438168235e-01
6.820000000140901193e+02 1.531821125358824934e-02
6.825000000141221790e+02 3.887111302670582247e-01
6.830000000141541250e+02 5.070120808793538991e-01
6.835000000141861847e+02 4.752725813573887015e-01
6.840000000142182444e+02 5.890934959209253030e-01
6.845000000142503040e+02 4.860741131713145480e-01
6.850000000142822500e+02 4.076715866421531942e-01
6.855000000143143097e+02 4.032334339419583746e-01
6.860000000143463694e+02 4.027570574981179652e-01
6.865000000143784291e+02 2.761793539140923737e-01
6.870000000144103751e+02 3.456218816369892033e-01
6.875000000144424348e+02 4.934271509779238341e-01
6.880000000144744945e+02 4.413938693294430227e-01
6.885000000145065542e+02 5.125773498848965604e-01
6.890000000145385002e+02 4.329529782532939297e-01
6.895000000145705599e+02 2.490527407592293963e-01
6.900000000146026196e+02 1.321127194837166396e-01
6.905000000146346792e+02 1.772232763845766612e-01
6.910000000146667389e+02 3.471952208754054969e-01
6.915000000146986849e+02 3.682851483510667379e-01
6.920000000147307446e+02 4.478458999587791034e-01
6.925000000147628043e+02 5.786286163010093686e-01
6.930000000147948640e+02 5.287902643254470680e-01
6.935000000148268100e+02 3.819353916146862038e-01
6.940000000148588697e+02 2.202110221122258737e-01
6.945000000148909294e+02 2.353818505063498545e-01
6.950000000149229891e+02 4.417532394939414075e-01
6.955000000149549351e+02 4.366416499643883675e-01
6.960000000149869948e+02 4.522848258038225655e-01
6.965000000150190544e+02 4.238300468083553429e-01
6.970000000150511141e+02 4.058298864966343733e-01
6.975000000150830601e+02 2.963361930474034400e-01
6.980000000151151198e+02 2.139415906980779714e-01
6.985000000151471795e+02 1.573432287643585781e-01
6.990000000151792392e+02 3.225970348162625068e-01
6.995000000152112989e+02 4.817584715728177591e-01
7.000000000152432449e+02 5.135999441310248326e-01
7.005000000152753046e+02 3.606278803851405979e-01
7.010000000153073643e+02 2.503493976199411830e-01
7.015000000153394240e+02 2.102659726410356089e-01
7.020000000153713700e+02 3.410104681927744186e-01
7.025000000154034296e+02 4.747416631217038496e-01
7.030000000154354893e+02 3.568616103121926564e-01
7.035000000154675490e+02 2.941568876040753788e-01
7.040000000154994950e+02 4.386698865032547245e-01
7.045000000155315547e+02 5.727028101996378684e-01
7.050000000155636144e+02 6.039349829366877920e-01
7.055000000155956741e+02 3.668458764157637164e-01
7.060000000156276201e+02 2.723527197615930873e-01
7.065000000156596798e+02 2.777833710393577960e-01
7.070000000156917395e+02 2.584871109891589969e-01
7.075000000157237992e+02 3.102812283171599295e-01
7.080000000157558588e+02 5.052165213949215694e-01
7.085000000157878048e+02 5.140592127656693489e-01
7.090000000158198645e+02 4.763028999425176213e-01
7.095000000158519242e+02 4.207724452289769990e-01
7.100000000158839839e+02 5.155717996896003186e-01
7.105000000159159299e+02 3.541891576527671504e-01
7.110000000159479896e+02 2.837438967266434631e-01
7.115000000159800493e+02 1.861668441619936387e-01
7.120000000160121090e+02 1.464583306810828822e-01
7.125000000160440550e+02 3.203530221344949025e-01
7.130000000160761147e+02 4.242370245755063829e-01
7.135000000161081743e+02 3.281783189203210660e-01
7.140000000161402340e+02 3.533988149755651342e-01
7.145000000161721800e+02 5.245126823063296362e-01
7.150000000162042397e+02 4.993441328647679200e-01
7.155000000162362994e+02 4.482672400751704367e-01
7.160000000162683591e+02 4.555303919320167760e-01
7.165000000163003051e+02 3.811535239525843943e-01
7.170000000163323648e+02 2.366912889724016034e-01
7.175000000163644245e+02 1.655208821817507614e-01
7.180000000163964842e+02 4.001425137797719467e-01
7.185000000164285439e+02 5.292942363639411285e-01
7.190000000164604899e+02 3.190749498265482154e-01
7.195000000164925495e+02 2.852358786220268172e-01
7.200000000165246092e+02 2.565386085517502579e-01
7.205000000165566689e+02 3.069789633483889779e-01
7.210000000165886149e+02 4.585818860541977515e-01
7.215000000166206746e+02 6.070048851272495938e-01
7.220000000166527343e+02 5.547046956964731823e-01
7.225000000166847940e+02 4.583391254979660712e-01
7.230000000167167400e+02 2.572566304136073567e-01
7.235000000167487997e+02 2.218517772821518852e-01
7.240000000167808594e+02 3.015100921807743473e-01
7.245000000168129191e+02 3.365263030734359506e-01
7.250000000168448651e+02 4.674065356182378617e-01
7.255000000168769247e+02 4.085338560994057344e-01
7.260000000169089844e+02 3.793776593972147948e-01
7.265000000169410441e+02 3.398685131787416713e-01
7.270000000169731038e+02 3.786124045202262089e-01
7.275000000170050498e+02 4.848452814011731671e-01
7.280000000170371095e+02 4.306554404347140430e-01
7.285000000170691692e+02 3.964199968726761503e-01
7.290000000171012289e+02 3.957485048608638811e-01
7.295000000171331749e+02 4.837724476840962184e-01
7.300000000171652346e+02 3.768785180732198703e-01
7.305000000171972943e+02 2.238716975534983389e-01
7.310000000172293539e+02 3.890679480910370636e-01
7.315000000172612999e+02 3.902008315999536125e-01
7.320000000172933596e+02 1.726735870269597573e-01
7.325000000173254193e+02 1.760436693847977074e-01
7.330000000173574790e+02 1.518789059012257137e-01
7.335000000173894250e+02 3.222967031244308722e-01
7.340000000174214847e+02 4.973521634919630952e-01
7.345000000174535444e+02 4.589196128408162267e-01
7.350000000174856041e+02 3.608140614578583816e-01
7.355000000175176638e+02 1.221923633354384531e-01
7.360000000175496098e+02 -1.128450791164001526e-03
7.365000000175816695e+02 2.551336731845828543e-01
7.370000000176137291e+02 5.136733981437667795e-01
7.375000000176457888e+02 6.517405606669355311e-01
7.380000000176777348e+02 5.349018210120020100e-01
7.385000000177097945e+02 4.104873132431097749e-01
7.390000000177418542e+02 4.930578310529685204e-01
7.395000000177739139e+02 4.290446824440604101e-01
7.400000000178058599e+02 4.615522267431571013e-01
7.405000000178379196e+02 4.331747167591566972e-01
7.410000000178699793e+02 3.757224026517883564e-01
7.415000000179020390e+02 4.382575149784833091e-01
7.420000000179339850e+02 1.951693662998467693e-01
7.425000000179660447e+02 3.254374326115451188e-01
7.430000000179981043e+02 4.897881903611996379e-01
7.435000000180301640e+02 5.245290856907243171e-01
7.440000000180622237e+02 5.636994785213931269e-01
7.445000000180941697e+02 5.828289448846560861e-01
7.450000000181262294e+02 4.295197582205488307e-01
7.455000000181582891e+02 4.229226858042540310e-02
7.460000000181903488e+02 1.351122162049823716e-01
7.465000000182222948e+02 2.650388499408642407e-01
7.470000000182543545e+02 4.171749725041540846e-01
7.475000000182864142e+02 4.640045092023196149e-01
7.480000000183184738e+02 5.644508603845854733e-01
7.485000000183504199e+02 5.970306385211984201e-01
7.490000000183824795e+02 4.979989793415472432e-01
7.495000000184145392e+02 1.829805347382097991e-01
7.500000000184465989e+02 4.905174986384254476e-02
7.505000000184785449e+02 2.149444054879232346e-01
7.510000000185106046e+02 3.076911494979822081e-01
7.515000000185426643e+02 3.117693654102564604e-01
7.520000000185747240e+02 3.012695621396263568e-01
7.525000000186067837e+02 1.838773341705755293e-01
7.530000000186387297e+02 1.412077282409819334e-01
7.535000000186707894e+02 3.330540854934269102e-01
7.540000000187028490e+02 4.615757223912439478e-01
7.545000000187349087e+02 5.361522305513303222e-01
7.550000000187668547e+02 4.302327451286521165e-01
7.555000000187989144e+02 4.251643455714081421e-01
7.560000000188309741e+02 3.155689355227966897e-01
7.565000000188630338e+02 2.131290606081586436e-01
7.570000000188949798e+02 5.142768652309923777e-02
7.575000000189270395e+02 1.529557782052568815e-01
7.580000000189590992e+02 4.065974439322035949e-01
7.585000000189911589e+02 4.922856916798906135e-01
7.590000000190231049e+02 5.402531734822563214e-01
7.595000000190551646e+02 5.174992262384198183e-01
7.600000000190872242e+02 4.007208717943385179e-01
7.605000000191192839e+02 3.868911662213255220e-01
7.610000000191512299e+02 3.634000027687351309e-01
7.615000000191832896e+02 4.853971723634323832e-01
7.620000000192153493e+02 5.182469915091929558e-01
7.625000000192474090e+02 2.968714034407755609e-01
7.630000000192794687e+02 4.074158678621545016e-01
7.635000000193114147e+02 4.192727395227495157e-01
7.640000000193434744e+02 4.101553183402819047e-01
7.645000000193755341e+02 3.028829071505150239e-01
7.650000000194075938e+02 2.884955462823338146e-01
7.655000000194395398e+02 4.111868027657586966e-01
7.660000000194715994e+02 5.111914865465310154e-01
7.665000000195036591e+02 4.901541523108111087e-01
7.670000000195357188e+02 3.449817313577943079e-01
7.675000000195676648e+02 1.819020252171870689e-01
7.680000000195997245e+02 1.683056914427225048e-01
7.685000000196317842e+02 1.930233956499209647e-01
7.690000000196638439e+02 2.442154035593703532e-01
7.695000000196957899e+02 3.491203226239765200e-01
7.700000000197278496e+02 5.602661217289870432e-01
7.705000000197599093e+02 5.655127389654244219e-01
7.710000000197919690e+02 4.716183279089400382e-01
7.715000000198240286e+02 2.938682543330596864e-01
7.720000000198559746e+02 2.402616941735939149e-01
7.725000000198880343e+02 2.731648811044990466e-01
7.730000000199200940e+02 4.223643797419751600e-01
7.735000000199521537e+02 4.756425508189647267e-01
7.740000000199840997e+02 4.526185601459740138e-01
7.745000000200161594e+02 3.298972214463659069e-01
7.750000000200482191e+02 2.745214373247247819e-01
7.755000000200802788e+02 2.272516236055766858e-01
7.760000000201122248e+02 3.781046818550448663e-01
7.765000000201442845e+02 5.105277330791646584e-01
7.770000000201763442e+02 5.916745153029052684e-01
7.775000000202084038e+02 4.750782533765615101e-01
7.780000000202403498e+02 4.485819479292787459e-01
7.785000000202724095e+02 4.610661171250777235e-01
7.790000000203044692e+02 3.976837633829199969e-01
7.795000000203365289e+02 3.942695076942763222e-01
7.800000000203685886e+02 4.888471013471563653e-01
7.805000000204005346e+02 5.080400568593739230e-01
7.810000000204325943e+02 5.189450443146821357e-01
7.815000000204646540e+02 4.061419508539395595e-01
7.820000000204967137e+02 2.187368445801135264e-01
7.825000000205286597e+02 3.077161826641925391e-01
7.830000000205607193e+02 3.473861604688709415e-01
7.835000000205927790e+02 3.536519580302983079e-01
7.840000000206248387e+02 3.468302760627142156e-01
7.845000000206567847e+02 4.826284998573350249e-01
7.850000000206888444e+02 5.332625830281437773e-01
7.855000000207209041e+02 5.653400692897434521e-01
7.860000000207529638e+02 5.239088800697078163e-01
7.865000000207849098e+02 3.848847647958643092e-01
7.870000000208169695e+02 4.837926947262775612e-01
7.875000000208490292e+02 5.153209105703634441e-01
7.880000000208810889e+02 5.610793671457924292e-01
7.885000000209131485e+02 4.405428888635550266e-01
7.890000000209450945e+02 2.871011674367133226e-01
7.895000000209771542e+02 2.504993862733826959e-01
7.900000000210092139e+02 2.271405362326892607e-01
7.905000000210412736e+02 3.632476179600468424e-01
7.910000000210732196e+02 4.835827889248056066e-01
7.915000000211052793e+02 5.927112792840728561e-01
7.920000000211373390e+02 4.443561375293154092e-01
7.925000000211693987e+02 3.816860099542710438e-01
7.930000000212013447e+02 3.625939129799544691e-01
7.935000000212334044e+02 4.607218945627884477e-01
7.940000000212654641e+02 4.146184088241564036e-01
7.945000000212975237e+02 4.730896809988988649e-01
7.950000000213294697e+02 3.886802756900428757e-01
7.955000000213615294e+02 3.504041426329732034e-01
7.960000000213935891e+02 3.329988326442170909e-01
7.965000000214256488e+02 4.474952954288304308e-01
7.970000000214577085e+02 5.608820967799507118e-01
7.975000000214896545e+02 3.552808556347225588e-01
7.980000000215217142e+02 3.432914333932110540e-01
7.985000000215537739e+02 3.666960757835561746e-01
7.990000000215858336e+02 3.989784173409219870e-01
7.995000000216177796e+02 4.651580059091800501e-01
8.000000000216498393e+02 3.773423507720002901e-01
8.005000000216818989e+02 3.808378769900813698e-01
8.010000000217139586e+02 5.171307196857650723e-01
8.015000000217459046e+02 6.724484523258025259e-01
8.020000000217779643e+02 5.887297516528804397e-01
8.025000000218100240e+02 3.733725922193455449e-01
8.030000000218420837e+02 2.875504098870876324e-01
8.035000000218740297e+02 2.890288054255583661e-01
8.040000000219060894e+02 1.988227831272700030e-01
8.045000000219381491e+02 2.224877745954951525e-01
8.050000000219702088e+02 2.596898203412836281e-01
8.055000000220021548e+02 4.784972546161702089e-01
8.060000000220342145e+02 6.064541116291433109e-01
8.065000000220662741e+02 4.766888948811900395e-01
8.070000000220983338e+02 3.514853238179824757e-01
8.075000000221303935e+02 3.231005865804029709e-01
8.080000000221623395e+02 1.532984809590480502e-01
8.085000000221943992e+02 1.694817029894784000e-01
8.090000000222264589e+02 4.206841397613014233e-01
8.095000000222585186e+02 6.315110606316884923e-01
8.100000000222904646e+02 7.306634924955747179e-01
8.105000000223225243e+02 4.958234010745761755e-01
8.110000000223545840e+02 1.789994367963025079e-01
8.115000000223866436e+02 -2.262391025480656095e-03
8.120000000224185897e+02 1.322063247310027723e-01
8.125000000224506493e+02 3.863598990849821946e-01
8.130000000224827090e+02 4.149853280838427527e-01
8.135000000225147687e+02 4.950722781237719694e-01
8.140000000225467147e+02 3.885743246396747841e-01
8.145000000225787744e+02 5.809669759114444165e-01
8.150000000226108341e+02 4.688574468003572915e-01
8.155000000226428938e+02 4.063413204594701345e-01
8.160000000226749535e+02 2.227708812816863171e-01
8.165000000227068995e+02 1.671213759793024611e-01
8.170000000227389592e+02 1.491669643322178496e-01
8.175000000227710188e+02 5.588655783320436443e-01
8.180000000228030785e+02 7.168319726693047622e-01
8.185000000228350245e+02 6.877921901134081972e-01
8.190000000228670842e+02 4.123991264030085202e-01
8.195000000228991439e+02 3.100562137198303314e-01
8.200000000229312036e+02 3.319922220879561459e-01
8.205000000229631496e+02 2.822615741028463021e-01
8.210000000229952093e+02 3.867632007483849388e-01
8.215000000230272690e+02 4.202768201229408751e-01
8.220000000230593287e+02 4.318296777519712304e-01
8.225000000230912747e+02 3.381270811988584812e-01
8.230000000231233344e+02 2.508851136747298205e-01
8.235000000231553940e+02 2.774948974784581801e-01
8.240000000231874537e+02 4.018663088757387647e-01
8.245000000232195134e+02 4.306100338563888519e-01
8.250000000232514594e+02 4.076349868103346097e-01
8.255000000232835191e+02 2.158311584448669995e-01
8.260000000233155788e+02 2.919300626882575522e-01
8.265000000233476385e+02 3.565171993854542309e-01
8.270000000233795845e+02 2.042971013225882704e-01
8.275000000234116442e+02 1.890033724414333094e-01
8.280000000234437039e+02 2.691431464251172190e-01
8.285000000234757636e+02 2.718557180518380023e-01
8.290000000235077096e+02 3.618627108241108670e-01
8.295000000235397692e+02 3.338270880413776731e-01
8.300000000235718289e+02 2.490523817824578379e-01
8.305000000236038886e+02 4.137231978291439627e-01
8.310000000236358346e+02 4.046760477717557536e-01
8.315000000236678943e+02 4.654046886341972056e-01
8.320000000236999540e+02 3.620854952397021820e-01
8.325000000237320137e+02 4.183940925363578422e-01
8.330000000237640734e+02 4.457966727453492317e-01
8.335000000237960194e+02 4.074068735910445493e-01
8.340000000238280791e+02 3.482058502995010740e-01
8.345000000238601388e+02 4.803256222974487955e-01
8.350000000238921984e+02 5.247982243303882521e-01
8.355000000239241444e+02 5.270403947398750732e-01
8.360000000239562041e+02 6.247183260291518936e-01
8.365000000239882638e+02 6.141258215590058578e-01
8.370000000240203235e+02 3.115110156749041348e-01
8.375000000240522695e+02 3.090461952584677707e-01
8.380000000240843292e+02 3.527178711253217691e-02
8.385000000241163889e+02 9.624465421731730197e-02
8.390000000241484486e+02 3.060574516679257506e-01
8.395000000241803946e+02 5.183639180354350229e-01
8.400000000242124543e+02 4.517473877466418042e-01
8.405000000242445140e+02 2.532934637104208297e-01
8.410000000242765736e+02 1.587421982553208488e-01
8.415000000243086333e+02 3.126643194394263525e-01
8.420000000243405793e+02 3.290530561627573736e-01
8.425000000243726390e+02 2.726498992801202892e-01
8.430000000244046987e+02 1.091390962000075571e-01
8.435000000244367584e+02 2.100248494461443016e-01
8.440000000244687044e+02 3.257149168840347553e-01
8.445000000245007641e+02 3.402152060993812177e-01
8.450000000245328238e+02 3.695667276797717782e-01
8.455000000245648835e+02 5.080122907603685789e-01
8.460000000245968295e+02 5.215505862244501634e-01
8.465000000246288892e+02 5.532258957935266563e-01
8.470000000246609488e+02 6.048204005848095699e-01
8.475000000246930085e+02 4.850834180012254526e-01
8.480000000247249545e+02 5.012004115574645313e-01
8.485000000247570142e+02 5.829000567476976258e-01
8.490000000247890739e+02 4.160724044501957208e-01
8.495000000248211336e+02 4.215045281989490134e-01
8.500000000248530796e+02 5.324683752982587448e-01
8.505000000248851393e+02 6.227747910964719358e-01
8.510000000249171990e+02 6.088796643034896094e-01
8.515000000249492587e+02 3.511992198745802485e-01
8.520000000249813183e+02 6.170100438430328044e-02
8.525000000250132643e+02 1.577050099205170586e-01
8.530000000250453240e+02 2.840463916122045740e-01
8.535000000250773837e+02 6.168712198294528104e-01
8.540000000251094434e+02 7.228846082736469780e-01
8.545000000251413894e+02 5.596049435410793693e-01
8.550000000251734491e+02 2.237872598091206200e-01
8.555000000252055088e+02 2.056654573130090591e-01
8.560000000252375685e+02 3.659136908087443074e-01
8.565000000252695145e+02 4.947853795766474772e-01
8.570000000253015742e+02 4.600886999394604993e-01
8.575000000253336339e+02 4.092341209583399975e-01
8.580000000253656935e+02 3.225200451251187816e-01
8.585000000253976395e+02 2.606765740568617318e-01
8.590000000254296992e+02 2.660808448403940152e-01
8.595000000254617589e+02 3.102407114730837412e-01
8.600000000254938186e+02 4.017474722644230889e-01
8.605000000255258783e+02 6.013537182978498929e-01
8.610000000255578243e+02 6.010580673993645151e-01
8.615000000255898840e+02 4.974370560925681639e-01
8.620000000256219437e+02 4.246479895722276021e-01
8.625000000256540034e+02 2.457605340576012876e-01
8.630000000256859494e+02 2.606106119382493591e-01
8.635000000257180091e+02 5.853113663584079696e-01
8.640000000257500687e+02 6.943481655085239623e-01
8.645000000257821284e+02 4.200331000498420120e-01
8.650000000258140744e+02 2.857278524965133903e-01
8.655000000258461341e+02 3.101829068574969428e-01
8.660000000258781938e+02 2.485542169052207817e-01
8.665000000259102535e+02 1.785681333140498039e-01
8.670000000259421995e+02 1.526544925207811154e-01
8.675000000259742592e+02 4.618044801228327612e-01
8.680000000260063189e+02 5.714990315396678566e-01
8.685000000260383786e+02 5.411351733619608195e-01
8.690000000260704383e+02 4.574862868791005899e-01
8.695000000261023843e+02 2.286574843832746839e-01
8.700000000261344439e+02 1.251511909325405403e-01
8.705000000261665036e+02 3.849503057408877882e-01
8.710000000261985633e+02 4.200227873797643396e-01
8.715000000262305093e+02 5.812355989095179254e-01
8.720000000262625690e+02 5.622101108303746431e-01
8.725000000262946287e+02 3.279903756950660609e-01
8.730000000263266884e+02 1.894846369639703598e-01
8.735000000263586344e+02 1.326353301214067970e-01
8.740000000263906941e+02 9.771118729145492066e-02
8.745000000264227538e+02 2.448899579048197939e-01
8.750000000264548135e+02 4.895904855200991501e-01
8.755000000264867595e+02 4.766845314122467592e-01
8.760000000265188191e+02 4.084289658807513379e-01
8.765000000265508788e+02 2.964101264508847144e-01
8.770000000265829385e+02 1.898342440223802496e-01
8.775000000266149982e+02 2.071630160591318159e-01
8.780000000266469442e+02 2.370701476965259569e-01
8.785000000266790039e+02 4.993310724964687419e-01
8.790000000267110636e+02 7.817925953226034785e-01
8.795000000267431233e+02 7.864991626703699001e-01
8.800000000267750693e+02 3.809124530241688733e-01
8.805000000268071290e+02 8.739094913455566771e-02
8.810000000268391886e+02 2.429349246980082033e-01
8.815000000268712483e+02 3.937683533027813154e-01
8.820000000269031943e+02 4.703410231420083742e-01
8.825000000269352540e+02 6.000209835221523846e-01
8.830000000269673137e+02 4.445288128781377801e-01
8.835000000269993734e+02 2.711818590911733717e-01
8.840000000270313194e+02 1.482155081618688752e-01
8.845000000270633791e+02 3.429659187154945887e-01
8.850000000270954388e+02 6.339248342325095598e-01
8.855000000271274985e+02 5.821500960445276096e-01
8.860000000271595582e+02 5.110750557181771292e-01
8.865000000271915042e+02 3.649660873291623586e-01
8.870000000272235638e+02 3.294909420581918491e-01
8.875000000272556235e+02 4.962818375311614516e-01
8.880000000272876832e+02 6.249512108519750253e-01
8.885000000273196292e+02 4.412202251233363626e-01
8.890000000273516889e+02 2.877956349771391142e-01
8.895000000273837486e+02 2.425167168676388985e-01
8.900000000274158083e+02 3.668466880552401221e-01
8.905000000274477543e+02 4.624366926629674412e-01
8.910000000274798140e+02 5.112741004742330508e-01
8.915000000275118737e+02 5.715024198540595846e-01
8.920000000275439334e+02 4.520727782809296214e-01
8.925000000275758794e+02 3.034700257082000863e-01
8.930000000276079390e+02 1.939433138630216880e-01
8.935000000276399987e+02 2.923030841379391509e-01
8.940000000276720584e+02 3.478120879605925420e-01
8.945000000277040044e+02 3.691875592118463167e-01
8.950000000277360641e+02 5.138376929960122297e-01
8.955000000277681238e+02 6.246244549367748755e-01
8.960000000278001835e+02 4.403366464393311808e-01
8.965000000278322432e+02 1.072975773161184559e-01
8.970000000278641892e+02 6.361501627148742968e-03
8.975000000278962489e+02 1.852385813225418121e-01
8.980000000279283086e+02 4.816594377923300585e-01
8.985000000279603682e+02 5.523644292976419568e-01
8.990000000279923142e+02 4.401833621393113072e-01
8.995000000280243739e+02 4.578461647944360724e-01
9.000000000280564336e+02 3.855845321720750563e-01
9.005000000280884933e+02 4.785452115635890902e-01
9.010000000281204393e+02 3.482436508118843532e-01
9.015000000281524990e+02 3.533637366334201335e-01
9.020000000281845587e+02 4.203584449797553302e-01
9.025000000282166184e+02 5.635811831675763273e-01
9.030000000282485644e+02 5.734627382135706331e-01
9.035000000282806241e+02 4.009456331071898361e-01
9.040000000283126838e+02 1.887018563964257545e-01
9.045000000283447434e+02 1.220935993665745872e-01
9.050000000283768031e+02 2.916259679637137059e-01
9.055000000284087491e+02 5.283569976108576371e-01
9.060000000284408088e+02 7.185505475630833416e-01
9.065000000284728685e+02 4.540554261987400086e-01
9.070000000285049282e+02 2.712220395856992927e-01
9.075000000285368742e+02 1.685698683310001833e-01
9.080000000285689339e+02 3.910421870266952982e-01
9.085000000286009936e+02 3.960514736908289923e-01
9.090000000286330533e+02 4.763244639605082598e-01
9.095000000286649993e+02 4.538387989645821241e-01
9.100000000286970590e+02 3.030522208055869138e-01
9.105000000287291186e+02 2.700750257805024646e-01
9.110000000287611783e+02 2.848635239051323653e-01
9.115000000287931243e+02 3.840407750526623754e-01
9.120000000288251840e+02 3.394138006114364448e-01
9.125000000288572437e+02 2.569872732459153597e-01
9.130000000288893034e+02 2.494697167440795837e-01
9.135000000289213631e+02 2.405298301042204656e-01
9.140000000289533091e+02 1.517394873267278455e-01
9.145000000289853688e+02 8.756880182428465609e-02
9.150000000290174285e+02 1.449923937290070464e-01
9.155000000290494881e+02 4.347500212817452248e-01
9.160000000290814341e+02 5.410516740460851182e-01
9.165000000291134938e+02 7.446160074040231169e-01
9.170000000291455535e+02 7.644337854411240585e-01
9.175000000291776132e+02 4.301312302212884631e-01
9.180000000292095592e+02 1.100327470997997277e-02
9.185000000292416189e+02 -7.141853189788810452e-02
9.190000000292736786e+02 2.287730661085084494e-01
9.195000000293057383e+02 3.615955493117484210e-01
9.200000000293376843e+02 4.632254678611528176e-01
9.205000000293697440e+02 6.521397721389968760e-01
9.210000000294018037e+02 5.591050688640168964e-01
9.215000000294338633e+02 3.303668353386218781e-01
9.220000000294659230e+02 1.996153757321709188e-01
9.225000000294978690e+02 1.856356991829067327e-01
9.230000000295299287e+02 1.691997093935680152e-01
9.235000000295619884e+02 3.408055755673193299e-01
9.240000000295940481e+02 2.956834246867975358e-01
9.245000000296259941e+02 1.974382567001740918e-01
9.250000000296580538e+02 1.376057694614561677e-01
9.255000000296901135e+02 4.235476774582302428e-01
9.260000000297221732e+02 8.673637133571189262e-01
9.265000000297541192e+02 8.295761140003996559e-01
9.270000000297861789e+02 3.354048510406943406e-01
9.275000000298182385e+02 -6.977948286092992489e-03
9.280000000298502982e+02 8.073716161711881611e-02
9.285000000298822442e+02 3.939655474599501606e-01
9.290000000299143039e+02 5.336772453834585095e-01
9.295000000299463636e+02 4.593021339245419998e-01
9.300000000299784233e+02 3.843946320316615761e-01
9.305000000300104830e+02 2.968026794140676827e-01
9.310000000300424290e+02 2.923309249251038744e-01
9.315000000300744887e+02 3.688805787841424322e-01
9.320000000301065484e+02 4.283588302929456360e-01
9.325000000301386081e+02 3.835312729842938473e-01
9.330000000301705541e+02 5.713316355423440074e-01
9.335000000302026137e+02 6.954717910619855337e-01
9.340000000302346734e+02 7.589346296609990050e-01
9.345000000302667331e+02 5.499651644841351272e-01
9.350000000302986791e+02 2.461312743710794837e-01
9.355000000303307388e+02 1.056585312000008110e-02
9.360000000303627985e+02 2.709827314511207841e-01
9.365000000303948582e+02 5.436331408749991434e-01
9.370000000304268042e+02 6.882002559441661171e-01
9.375000000304588639e+02 6.761064130028739960e-01
9.380000000304909236e+02 4.962890779072139935e-01
9.385000000305229833e+02 3.528396245695393230e-01
9.390000000305549293e+02 7.295053420586547488e-02
9.395000000305869889e+02 2.622873530462420666e-01
9.400000000306190486e+02 4.213300184648271496e-01
9.405000000306511083e+02 4.322103811141237983e-01
9.410000000306831680e+02 4.709721545684501520e-01
9.415000000307151140e+02 4.787603809515043607e-01
9.420000000307471737e+02 4.551024356916739122e-01
9.425000000307792334e+02 3.799778618602372426e-01
9.430000000308112931e+02 3.588804679338472581e-01
9.435000000308432391e+02 4.299732682292666808e-01
9.440000000308752988e+02 4.261452161468714528e-01
9.445000000309073585e+02 4.451843599257080952e-01
9.450000000309394181e+02 4.349030453663376705e-01
9.455000000309713641e+02 6.058017102767919715e-01
9.460000000310034238e+02 6.515545899037480382e-01
9.465000000310354835e+02 4.383340686651096552e-01
9.470000000310675432e+02 2.193513886522175382e-01
9.475000000310994892e+02 7.504522844764349720e-02
9.480000000311315489e+02 1.740286251466538481e-01
9.485000000311636086e+02 4.798737251284296845e-01
9.490000000311956683e+02 6.229428297055127350e-01
9.495000000312277280e+02 5.494454234132306603e-01
9.500000000312596740e+02 2.206940034951357932e-01
9.505000000312917336e+02 8.104598653031665212e-02
9.510000000313237933e+02 4.337316129683700394e-01
9.515000000313558530e+02 5.161793112248741489e-01
9.520000000313877990e+02 3.229521034074396280e-01
9.525000000314198587e+02 2.148816341830251109e-01
9.530000000314519184e+02 2.429818624952132800e-01
9.535000000314839781e+02 3.612483662526642103e-01
9.540000000315159241e+02 4.213874580255776436e-01
9.545000000315479838e+02 3.880464191168226940e-01
9.550000000315800435e+02 3.246566708217915598e-01
9.555000000316121032e+02 4.507819891389548972e-01
9.560000000316440492e+02 4.600584761263084022e-01
9.565000000316761088e+02 4.742802227086910793e-01
9.570000000317081685e+02 3.873765324909270724e-01
9.575000000317402282e+02 3.466846348370446473e-01
9.580000000317722879e+02 3.195620619591206801e-01
9.585000000318042339e+02 4.096230030952394130e-01
9.590000000318362936e+02 3.669955007104510614e-01
9.595000000318683533e+02 5.397389145533451060e-01
9.600000000319004130e+02 6.140604648693915868e-01
9.605000000319323590e+02 4.601569518112617607e-01
9.610000000319644187e+02 2.384390720487841731e-01
9.615000000319964784e+02 1.163927301389938995e-01
9.620000000320285380e+02 1.888738322514860180e-02
9.625000000320604840e+02 2.402331514187968642e-01
9.630000000320925437e+02 5.523475663707676508e-01
9.635000000321246034e+02 5.569872496052192812e-01
9.640000000321566631e+02 4.397118415820187587e-01
9.645000000321886091e+02 4.272803171205953876e-01
9.650000000322206688e+02 4.194183856199794613e-01
9.655000000322527285e+02 3.222446819109377469e-01
9.660000000322847882e+02 2.603359505208919233e-01
9.665000000323168479e+02 2.806840476505749749e-01
9.670000000323487939e+02 3.873713831965280852e-01
9.675000000323808536e+02 1.772251020880308281e-01
9.680000000324129132e+02 1.484184398489856727e-01
9.685000000324449729e+02 2.681093427243719240e-01
9.690000000324769189e+02 3.053776512249450348e-01
9.695000000325089786e+02 4.853358612389007676e-01
9.700000000325410383e+02 4.704887216929393157e-01
9.705000000325730980e+02 2.952130604842468364e-01
9.710000000326050440e+02 3.189300369420449144e-01
9.715000000326371037e+02 3.290364926182582361e-01
9.720000000326691634e+02 4.046589014536414730e-01
9.725000000327012231e+02 4.627493887204285894e-01
9.730000000327331691e+02 3.289522905888389581e-01
9.735000000327652288e+02 1.958900742122128280e-01
9.740000000327972884e+02 3.114973864709337792e-01
9.745000000328293481e+02 5.141721235815313040e-01
9.750000000328614078e+02 6.558601657477531877e-01
9.755000000328933538e+02 7.143042069391792870e-01
9.760000000329254135e+02 6.069111078540971871e-01
9.765000000329574732e+02 3.676086465920151980e-01
9.770000000329895329e+02 1.331226467684456793e-01
9.775000000330214789e+02 1.136721496595282654e-01
9.780000000330535386e+02 1.167856226024288208e-01
9.785000000330855983e+02 3.860187633070115698e-01
9.790000000331176579e+02 6.880386796685147299e-01
9.795000000331496040e+02 7.129979231459249167e-01
9.800000000331816636e+02 5.449252026986698416e-01
9.805000000332137233e+02 3.502392187032672966e-01
9.810000000332457830e+02 7.833604867891617862e-02
9.815000000332777290e+02 1.579993896646854634e-01
9.820000000333097887e+02 2.545860808196077074e-01
9.825000000333418484e+02 3.658063458360278908e-01
9.830000000333739081e+02 5.018671463371464636e-01
9.835000000334058541e+02 3.307361551023106916e-01
9.840000000334379138e+02 2.421948646831623975e-01
9.845000000334699735e+02 2.697506596895631881e-01
9.850000000335020331e+02 4.820171694223223113e-01
9.855000000335340928e+02 5.554472381893192923e-01
9.860000000335660388e+02 6.166162106725957548e-01
9.865000000335980985e+02 4.126277691855120278e-01
9.870000000336301582e+02 3.656455087273807192e-01
9.875000000336622179e+02 3.598896263162992826e-01
9.880000000336941639e+02 4.118408255156588704e-01
9.885000000337262236e+02 4.733779909602963132e-01
9.890000000337582833e+02 3.357778399162418270e-01
9.895000000337903430e+02 3.911217417013469477e-01
9.900000000338222890e+02 3.184897854062475608e-01
9.905000000338543487e+02 2.783874219451560883e-01
9.910000000338864083e+02 2.890080485975399793e-01
9.915000000339184680e+02 3.448172431245844494e-01
9.920000000339504140e+02 5.164148539312068964e-01
9.925000000339824737e+02 6.063577428043817052e-01
9.930000000340145334e+02 6.196830601570735286e-01
9.935000000340465931e+02 2.305637815734881135e-01
9.940000000340786528e+02 5.699272497073529231e-02
9.945000000341105988e+02 6.310759122601732052e-02
9.950000000341426585e+02 2.117488975088402392e-01
9.955000000341747182e+02 4.899066146227208374e-01
9.960000000342067779e+02 4.481288339976602919e-01
9.965000000342387239e+02 2.755840949268975604e-01
9.970000000342707835e+02 2.323617491012442415e-01
9.975000000343028432e+02 2.381508719474408342e-01
9.980000000343349029e+02 3.142649078942203467e-01
9.985000000343668489e+02 5.593225109315816956e-01
9.990000000343989086e+02 7.626378111873216570e-01
9.995000000344309683e+02 7.635241600855585675e-01
1.000000000034463028e+03 3.549930294727610680e-01
