# Time (ps)	CV (angstrom)
9.999999999975766229e+01 -1.002374041246708991e+01
1.004999999997559001e+02 -1.064323114731198672e+01
1.009999999997541380e+02 -9.980344389224418578e+00
1.014999999997533990e+02 -1.028325236556853461e+01
1.019999999997629061e+02 -1.032814972998730241e+01
1.024999999997724132e+02 -1.035645551782924478e+01
1.029999999997819060e+02 -1.015851381413198951e+01
1.034999999997914131e+02 -1.005760176255302696e+01
1.039999999998009201e+02 -1.014005098212410338e+01
1.044999999998104272e+02 -1.002931148543854256e+01
1.049999999998199343e+02 -1.033489628205240685e+01
1.054999999998294413e+02 -1.009270602374420278e+01
1.059999999998389484e+02 -1.010835710947425881e+01
1.064999999998484554e+02 -1.018960130263155683e+01
1.069999999998579483e+02 -1.047374860244525152e+01
1.074999999998674554e+02 -1.069119593605886820e+01
1.079999999998769624e+02 -1.014489357242520029e+01
1.084999999998864695e+02 -1.031957227223309559e+01
1.089999999998959765e+02 -9.801231844677767313e+00
1.094999999999054836e+02 -1.025898328304710638e+01
1.099999999999149907e+02 -1.010942749608735980e+01
1.104999999999244977e+02 -1.040549002432944370e+01
1.109999999999339906e+02 -1.029864176268215914e+01
1.114999999999434976e+02 -1.025018105246911304e+01
1.119999999999530047e+02 -1.012145084876784829e+01
1.124999999999625118e+02 -1.041576495557117354e+01
1.129999999999720188e+02 -1.002418384198794676e+01
1.134999999999815259e+02 -9.966190224912949702e+00
1.139999999999910330e+02 -1.054506390063560950e+01
1.145000000000005400e+02 -1.013429600408217368e+01
1.150000000000100329e+02 -1.040577189195562546e+01
1.155000000000195399e+02 -1.041977004433904597e+01
1.160000000000290470e+02 -1.025602751866352236e+01
1.165000000000385540e+02 -1.028128977867422833e+01
1.170000000000480611e+02 -1.056665209009996786e+01
1.175000000000575682e+02 -9.664531470505927757e+00
1.180000000000670752e+02 -9.816796882733072493e+00
1.185000000000765823e+02 -1.007747482396687211e+01
1.190000000000860751e+02 -1.057660059788077866e+01
1.195000000000955822e+02 -1.048511665161406725e+01
1.200000000001050893e+02 -1.029653439970301321e+01
1.205000000001145963e+02 -1.003125225183110913e+01
1.210000000001241034e+02 -9.995873139629321003e+00
1.215000000001336105e+02 -1.023955604077700876e+01
1.220000000001431175e+02 -1.016828912730964163e+01
1.225000000001526246e+02 -1.033066817871759113e+01
1.230000000001621174e+02 -1.047902448268249564e+01
1.235000000001716245e+02 -1.037938463048462978e+01
1.240000000001811316e+02 -1.051518272764546680e+01
1.245000000001906386e+02 -9.847930842520243644e+00
1.250000000002001457e+02 -1.011993855999816816e+01
1.255000000002096527e+02 -1.030523610179736238e+01
1.260000000002191598e+02 -9.621968501964202503e+00
1.265000000002286527e+02 -1.044790741281291524e+01
1.270000000002381597e+02 -9.843795901402550896e+00
1.275000000002476668e+02 -1.020796501431019010e+01
1.280000000002571880e+02 -1.027597287529480852e+01
1.285000000002666809e+02 -1.047981304642110523e+01
1.290000000002761738e+02 -1.003704232813693764e+01
1.295000000002856950e+02 -1.025048262595537807e+01
1.300000000002951879e+02 -9.717625234880195251e+00
1.305000000003047091e+02 -1.034628738800068426e+01
1.310000000003142020e+02 -1.025163179310157524e+01
1.315000000003237233e+02 -1.026201927320554219e+01
1.320000000003332161e+02 -1.021875540936856197e+01
1.325000000003427090e+02 -9.868372196641930216e+00
1.330000000003522302e+02 -1.009291149255255426e+01
1.335000000003617231e+02 -1.024809582697825938e+01
1.340000000003712444e+02 -1.009085188687547330e+01
1.345000000003807372e+02 -1.016369724652138551e+01
1.350000000003902585e+02 -1.040290468416321090e+01
1.355000000003997513e+02 -9.687377481874003493e+00
1.360000000004092726e+02 -1.059865836748349821e+01
1.365000000004187655e+02 -1.024047649756712630e+01
1.370000000004282583e+02 -1.025438592852924735e+01
1.375000000004377796e+02 -1.051155613881631723e+01
1.380000000004472724e+02 -9.926822453592469842e+00
1.385000000004567937e+02 -9.875948701271124008e+00
1.390000000004662866e+02 -1.040409239919407014e+01
1.395000000004758078e+02 -1.033250264649576522e+01
1.400000000004853007e+02 -9.691265047300841928e+00
1.405000000004947935e+02 -9.675652618516306092e+00
1.410000000005043148e+02 -9.893119371550564978e+00
1.415000000005138077e+02 -1.049039067517551516e+01
1.420000000005233289e+02 -1.006314227258013361e+01
1.425000000005328218e+02 -1.003582792363747167e+01
1.430000000005423431e+02 -9.746074817966876580e+00
1.435000000005518359e+02 -9.786480568199598551e+00
1.440000000005613572e+02 -1.012243373062775120e+01
1.445000000005708500e+02 -1.001581627827685494e+01
1.450000000005803429e+02 -1.019714083168903329e+01
1.455000000005898642e+02 -1.046020612166622676e+01
1.460000000005993570e+02 -1.001739956624893679e+01
1.465000000006088783e+02 -9.788612943419723322e+00
1.470000000006183711e+02 -1.023151752407197534e+01
1.475000000006278924e+02 -1.067636303552262689e+01
1.480000000006373853e+02 -9.893238850657297689e+00
1.485000000006468781e+02 -1.042812088408931714e+01
1.490000000006563994e+02 -1.028103342512700813e+01
1.495000000006658922e+02 -9.847158609950760422e+00
1.500000000006754135e+02 -1.028524168178200071e+01
1.505000000006849064e+02 -1.054197119123974069e+01
1.510000000006944276e+02 -9.894232439754889086e+00
1.515000000007039205e+02 -9.828663381437399593e+00
1.520000000007134133e+02 -1.021883220177267759e+01
1.525000000007229346e+02 -1.010336752325665799e+01
1.530000000007324275e+02 -1.051130837416507724e+01
1.535000000007419487e+02 -1.011431156080038996e+01
1.540000000007514416e+02 -9.843449917452263165e+00
1.545000000007609628e+02 -9.617918767132556113e+00
1.550000000007704557e+02 -1.011380416428720608e+01
1.555000000007799770e+02 -1.014285875008615534e+01
1.560000000007894698e+02 -1.045155171627921042e+01
1.565000000007989627e+02 -9.891695947505636966e+00
1.570000000008084839e+02 -1.001282994394804327e+01
1.575000000008179768e+02 -9.699101158118525134e+00
1.580000000008274981e+02 -1.005088664238269125e+01
1.585000000008369909e+02 -1.052916596482943845e+01
1.590000000008465122e+02 -1.022269232826359620e+01
1.595000000008560050e+02 -9.916974272238066490e+00
1.600000000008654979e+02 -1.025868915701660455e+01
1.605000000008750192e+02 -1.027855287573756371e+01
1.610000000008845120e+02 -1.041441607096825273e+01
1.615000000008940333e+02 -1.030699869529013490e+01
1.620000000009035261e+02 -1.012156753489209038e+01
1.625000000009130474e+02 -9.942046485004711442e+00
1.630000000009225403e+02 -1.042121773849685873e+01
1.635000000009320615e+02 -1.030442472708022628e+01
1.640000000009415544e+02 -9.699510352228665866e+00
1.645000000009510472e+02 -9.581308179402372005e+00
1.650000000009605685e+02 -1.047440010745095051e+01
1.655000000009700614e+02 -1.003656526404172844e+01
1.660000000009795826e+02 -1.022120519408025530e+01
1.665000000009890755e+02 -1.020618722386138444e+01
1.670000000009985968e+02 -1.020941115679933020e+01
1.675000000010080896e+02 -1.033518906972141416e+01
1.680000000010175825e+02 -1.035864870737627896e+01
1.685000000010271037e+02 -1.035637457394857464e+01
1.690000000010365966e+02 -9.653491207339309099e+00
1.695000000010461179e+02 -9.663945913038194391e+00
1.700000000010556107e+02 -9.797107158563500562e+00
1.705000000010651320e+02 -1.029465471644734720e+01
1.710000000010746248e+02 -1.030462576872976221e+01
1.715000000010841177e+02 -1.027037429300338900e+01
1.720000000010936390e+02 -9.996357309930530732e+00
1.725000000011031318e+02 -1.003648564808918842e+01
1.730000000011126531e+02 -1.002291756333291417e+01
1.735000000011221459e+02 -1.028644644021036392e+01
1.740000000011316672e+02 -1.051383365880429288e+01
1.745000000011411601e+02 -1.006264053563489469e+01
1.750000000011506813e+02 -1.049576934610918144e+01
1.755000000011601742e+02 -1.030451414666240950e+01
1.760000000011696670e+02 -1.018026084670485432e+01
1.765000000011791883e+02 -1.019692925086881452e+01
1.770000000011886812e+02 -9.929589385525400047e+00
1.775000000011982024e+02 -1.035529482938899370e+01
1.780000000012076953e+02 -1.008707633229811584e+01
1.785000000012172165e+02 -1.037081635009272240e+01
1.790000000012267094e+02 -9.700279037281363870e+00
1.795000000012362023e+02 -1.021103748879585282e+01
1.800000000012457235e+02 -1.031665304895536828e+01
1.805000000012552164e+02 -9.979766260359969721e+00
1.810000000012647376e+02 -9.925796036359946228e+00
1.815000000012742305e+02 -9.906452663269490699e+00
1.820000000012837518e+02 -1.003883001213414161e+01
1.825000000012932446e+02 -1.008792823175105013e+01
1.830000000013027659e+02 -9.821989443485525939e+00
1.835000000013122587e+02 -1.003628985243982363e+01
1.840000000013217516e+02 -1.023806824132707938e+01
1.845000000013312729e+02 -1.040004085366292763e+01
1.850000000013407657e+02 -1.070286655090350436e+01
1.855000000013502870e+02 -9.972940742713079842e+00
1.860000000013597798e+02 -1.019082904693868308e+01
1.865000000013693011e+02 -1.005146982815183065e+01
1.870000000013787940e+02 -9.764363917550927141e+00
1.875000000013882868e+02 -1.013305700825696576e+01
1.880000000013978081e+02 -9.884100593164664161e+00
1.885000000014073009e+02 -1.048919819033089240e+01
1.890000000014168222e+02 -1.005184762765444795e+01
1.895000000014263151e+02 -1.027095056793946881e+01
1.900000000014358363e+02 -1.019203222927892050e+01
1.905000000014453292e+02 -9.901165302409086877e+00
1.910000000014548220e+02 -1.023160714504857793e+01
1.915000000014643433e+02 -9.751750283533091590e+00
1.920000000014738362e+02 -1.028328745980329373e+01
1.925000000014833574e+02 -9.869965599680581292e+00
1.930000000014928503e+02 -1.006933756780698985e+01
1.935000000015023716e+02 -1.018451548982767285e+01
1.940000000015118644e+02 -1.033719090701123022e+01
1.945000000015213857e+02 -9.888150402512344783e+00
1.950000000015308785e+02 -9.926912548875701958e+00
1.955000000015403714e+02 -1.023929768845095367e+01
1.960000000015498927e+02 -9.818394051570654923e+00
1.965000000015593855e+02 -1.047499576254160125e+01
1.970000000015689068e+02 -1.013972565421487460e+01
1.975000000015783996e+02 -1.005244527225285012e+01
1.980000000015879209e+02 -1.004870173099397590e+01
1.985000000015974138e+02 -1.013390103083926697e+01
1.990000000016069066e+02 -1.025622261080382103e+01
1.995000000016164279e+02 -9.593738740284862843e+00
2.000000000016259207e+02 -1.059792711661592080e+01
2.005000000016354420e+02 -9.502043152816415983e+00
2.010000000016449349e+02 -9.791122276242104405e+00
2.015000000016544561e+02 -1.021477889718580023e+01
2.020000000016639490e+02 -1.002759912608822290e+01
2.025000000016734703e+02 -1.007175440954296164e+01
2.030000000016789556e+02 -1.012016768383059251e+01
2.035000000016659385e+02 -9.495670909526753078e+00
2.040000000016529214e+02 -1.047336812418912366e+01
2.045000000016398758e+02 -9.690769362671863618e+00
2.050000000016268586e+02 -1.024939198212941882e+01
2.055000000016138415e+02 -9.989680651405555167e+00
2.060000000016008244e+02 -1.005420003086888414e+01
2.065000000015878072e+02 -1.047335461260209932e+01
2.070000000015747617e+02 -9.940490449327660016e+00
2.075000000015617445e+02 -1.049561310284934379e+01
2.080000000015487274e+02 -9.748970372165379317e+00
2.085000000015357102e+02 -1.030885810789357748e+01
2.090000000015226931e+02 -9.897664304250426426e+00
2.095000000015096475e+02 -1.030782640014522578e+01
2.100000000014966304e+02 -1.013348914303312220e+01
2.105000000014836132e+02 -1.006642350050976553e+01
2.110000000014705961e+02 -1.003833120876667273e+01
2.115000000014575789e+02 -9.913759216635284588e+00
2.120000000014445618e+02 -1.023508808293865968e+01
2.125000000014315162e+02 -1.001313111169133307e+01
2.130000000014184991e+02 -9.947958079772678985e+00
2.135000000014054820e+02 -9.889876378243354083e+00
2.140000000013924648e+02 -1.044986937682978123e+01
2.145000000013794477e+02 -9.949472569049891746e+00
2.150000000013664021e+02 -9.968776375358945785e+00
2.155000000013533850e+02 -1.054549372734286727e+01
2.160000000013403678e+02 -9.709596072932610511e+00
2.165000000013273507e+02 -1.075334761536706552e+01
2.170000000013143335e+02 -1.019230560388957940e+01
2.175000000013013164e+02 -9.513643880390015184e+00
2.180000000012882708e+02 -9.962854118117604685e+00
2.185000000012752537e+02 -9.669102999999509507e+00
2.190000000012622365e+02 -1.029303563893012452e+01
2.195000000012492194e+02 -9.822424748242012171e+00
2.200000000012362023e+02 -1.006130135601594233e+01
2.205000000012231567e+02 -9.829624809158071130e+00
2.210000000012101395e+02 -1.037487574019993097e+01
2.215000000011971224e+02 -1.016447073510646604e+01
2.220000000011841053e+02 -9.335187606065801447e+00
2.225000000011710881e+02 -1.008783098427143265e+01
2.230000000011580710e+02 -1.061607848268032939e+01
2.235000000011450254e+02 -9.807276081087405117e+00
2.240000000011320083e+02 -9.659797445989202203e+00
2.245000000011189911e+02 -9.731184405577694818e+00
2.250000000011059740e+02 -9.741731205820281403e+00
2.255000000010929568e+02 -9.974135864956355846e+00
2.260000000010799113e+02 -1.014911209162489136e+01
2.265000000010668941e+02 -9.895950946079103971e+00
2.270000000010538770e+02 -1.059829257336243735e+01
2.275000000010408598e+02 -9.997692481012393273e+00
2.280000000010278427e+02 -9.945517582780606602e+00
2.285000000010148256e+02 -1.024835069983312863e+01
2.290000000010017800e+02 -1.038727915485537245e+01
2.295000000009887628e+02 -1.008576667506369517e+01
2.300000000009757457e+02 -1.047191555393892237e+01
2.305000000009627286e+02 -1.025110750479610644e+01
2.310000000009497114e+02 -9.679820640432087231e+00
2.315000000009366659e+02 -1.005160960325585329e+01
2.320000000009236487e+02 -1.022289415088570763e+01
2.325000000009106316e+02 -9.938366702681072695e+00
2.330000000008976144e+02 -1.015829868782626555e+01
2.335000000008845973e+02 -1.033879296545900317e+01
2.340000000008715517e+02 -9.895993707835067710e+00
2.345000000008585346e+02 -9.949703442311815138e+00
2.350000000008455174e+02 -1.026824131762983328e+01
2.355000000008325003e+02 -1.025915146242292941e+01
2.360000000008194831e+02 -1.011681033010783182e+01
2.365000000008064660e+02 -1.020769566634185033e+01
2.370000000007934204e+02 -1.015464569316701038e+01
2.375000000007804033e+02 -1.031437386382122767e+01
2.380000000007673862e+02 -9.712054148071931792e+00
2.385000000007543690e+02 -1.006869274609615061e+01
2.390000000007413519e+02 -1.050108985499112535e+01
2.395000000007283063e+02 -1.055320851527496018e+01
2.400000000007152892e+02 -9.926042959181019754e+00
2.405000000007022720e+02 -1.013082644202346039e+01
2.410000000006892549e+02 -1.007731505657728555e+01
2.415000000006762377e+02 -1.014513724320968002e+01
2.420000000006632206e+02 -9.891756427625619352e+00
2.425000000006501750e+02 -1.057654910491464761e+01
2.430000000006371579e+02 -9.791160323222499073e+00
2.435000000006241407e+02 -9.967013523264180108e+00
2.440000000006111236e+02 -1.020132902560686894e+01
2.445000000005981065e+02 -9.910106369132742898e+00
2.450000000005850609e+02 -1.047667393391853885e+01
2.455000000005720437e+02 -9.803626875895167458e+00
2.460000000005590266e+02 -9.825937654312840053e+00
2.465000000005460095e+02 -1.016913930097332397e+01
2.470000000005329923e+02 -9.747650513318077969e+00
2.475000000005199752e+02 -9.889948594574175189e+00
2.480000000005069296e+02 -1.028812192226680544e+01
2.485000000004939125e+02 -1.006825863419300227e+01
2.490000000004808953e+02 -9.876385933064991463e+00
2.495000000004678782e+02 -1.020529212052266566e+01
2.500000000004548610e+02 -9.470333011401027790e+00
2.505000000004418155e+02 -1.036063565131311393e+01
2.510000000004287983e+02 -1.022288194380417004e+01
2.515000000004157812e+02 -1.045563476926308510e+01
2.520000000004027640e+02 -9.381655948960943903e+00
2.525000000003897469e+02 -9.763204561940034054e+00
2.530000000003767013e+02 -1.055439878106583684e+01
2.535000000003636842e+02 -1.008683739401105406e+01
2.540000000003506671e+02 -1.026114666494083139e+01
2.545000000003376499e+02 -1.000078234703387814e+01
2.550000000003246328e+02 -9.970990555546265455e+00
2.555000000003116156e+02 -1.020256409588705182e+01
2.560000000002985985e+02 -1.005957188407238334e+01
2.565000000002855813e+02 -1.032511921931831367e+01
2.570000000002725642e+02 -1.008902853119768928e+01
2.575000000002594902e+02 -1.032446310243094878e+01
2.580000000002464731e+02 -9.757999478813934147e+00
2.585000000002334559e+02 -1.004282542087596219e+01
2.590000000002204388e+02 -9.409226218144230103e+00
2.595000000002074216e+02 -1.042933830809540829e+01
2.600000000001944045e+02 -1.030050229518070282e+01
2.605000000001813873e+02 -9.872555884929631986e+00
2.610000000001683702e+02 -1.052695681689662166e+01
2.615000000001553531e+02 -9.947083443552124038e+00
2.620000000001423359e+02 -1.042831242220240462e+01
2.625000000001292619e+02 -9.949920858156930947e+00
2.630000000001162448e+02 -1.034116851438821705e+01
2.635000000001032276e+02 -9.446129040867909055e+00
2.640000000000902105e+02 -1.039718911105637211e+01
2.645000000000771934e+02 -1.001147073300663237e+01
2.650000000000641762e+02 -9.893202253750493114e+00
2.655000000000511591e+02 -1.023796751443953568e+01
2.660000000000381419e+02 -1.045774938044663038e+01
2.665000000000251248e+02 -9.337635872663049952e+00
2.670000000000121076e+02 -1.034924209164603504e+01
2.674999999999990905e+02 -1.016066936805440513e+01
2.679999999999860165e+02 -9.945914881573788335e+00
2.684999999999729994e+02 -9.854752153897212708e+00
2.689999999999599822e+02 -1.019393418607063850e+01
2.694999999999469651e+02 -1.028358703033243415e+01
2.699999999999339479e+02 -9.922901621994800081e+00
2.704999999999209308e+02 -1.027080600988742454e+01
2.709999999999079137e+02 -1.031794508058975524e+01
2.714999999998948965e+02 -1.042869979763469601e+01
2.719999999998818794e+02 -1.037647803710917671e+01
2.724999999998688622e+02 -1.018502171282693070e+01
2.729999999998558451e+02 -1.053483366436249291e+01
2.734999999998427711e+02 -1.057819730630450650e+01
2.739999999998297540e+02 -1.023133420100153401e+01
2.744999999998167368e+02 -1.035603810019247639e+01
2.749999999998037197e+02 -1.024185998745020321e+01
2.754999999997907025e+02 -1.080690547387892408e+01
2.759999999997776854e+02 -1.035094955994779653e+01
2.764999999997646682e+02 -1.000517197600633068e+01
2.769999999997516511e+02 -1.052179522172454007e+01
2.774999999997386340e+02 -1.006280464353180193e+01
2.779999999997256168e+02 -1.009529301679784652e+01
2.784999999997125997e+02 -9.851469273004344274e+00
2.789999999996995257e+02 -1.043748373987968847e+01
2.794999999996865085e+02 -1.035966325952053602e+01
2.799999999996734914e+02 -9.795014614955388055e+00
2.804999999996604743e+02 -9.982572918887417046e+00
2.809999999996474571e+02 -9.857056426506245472e+00
2.814999999996344400e+02 -1.009485485938638760e+01
2.819999999996214228e+02 -9.665982988029638179e+00
2.824999999996084057e+02 -9.979656592555599559e+00
2.829999999995953885e+02 -1.079402855150171980e+01
2.834999999995823714e+02 -1.023316217776160286e+01
2.839999999995693543e+02 -1.050563595192584110e+01
2.844999999995562803e+02 -9.987530144992172509e+00
2.849999999995432631e+02 -9.936553989626849770e+00
2.854999999995302460e+02 -9.899525924555042877e+00
2.859999999995172288e+02 -9.949945865306109027e+00
2.864999999995042117e+02 -1.052045451895514461e+01
2.869999999994911946e+02 -1.005985984602767935e+01
2.874999999994781774e+02 -9.879908542212776368e+00
2.879999999994651603e+02 -1.049450481223732368e+01
2.884999999994521431e+02 -1.050138932211249809e+01
2.889999999994391260e+02 -1.061573657171477514e+01
2.894999999994261088e+02 -1.063801220473786735e+01
2.899999999994130349e+02 -1.041719959694274067e+01
2.904999999994000177e+02 -1.056976241405511985e+01
2.909999999993870006e+02 -9.909581187731015817e+00
2.914999999993739834e+02 -1.028195665425331917e+01
2.919999999993609663e+02 -9.914869252795115884e+00
2.924999999993479491e+02 -1.049132261278358236e+01
2.929999999993349320e+02 -9.908078126768058880e+00
2.934999999993219149e+02 -1.038403023014436677e+01
2.939999999993088977e+02 -9.745942431584444066e+00
2.944999999992958806e+02 -1.026162431207804282e+01
2.949999999992828634e+02 -1.040736032465716576e+01
2.954999999992697894e+02 -9.949960835152888095e+00
2.959999999992567723e+02 -9.922473511876678032e+00
2.964999999992437552e+02 -1.005528443789179605e+01
2.969999999992307380e+02 -1.016858971694767533e+01
2.974999999992177209e+02 -1.024832015670300578e+01
2.979999999992047037e+02 -1.046377044314128923e+01
2.984999999991916866e+02 -1.002285158494444417e+01
2.989999999991786694e+02 -1.020360383496220891e+01
2.994999999991656523e+02 -9.841124909326612880e+00
2.999999999991526352e+02 -1.002337774530162484e+01
3.004999999991396180e+02 -1.040636303303451271e+01
3.009999999991265440e+02 -1.024503955682698653e+01
3.014999999991135269e+02 -1.006822383870474091e+01
3.019999999991005097e+02 -1.024371063981435803e+01
3.024999999990874926e+02 -1.018694930984288760e+01
3.029999999990744755e+02 -1.063979441299668949e+01
3.034999999990614583e+02 -9.688352982564996552e+00
3.039999999990484412e+02 -9.937350878772843288e+00
3.044999999990354240e+02 -1.014948288475764571e+01
3.049999999990224069e+02 -9.878533264615352749e+00
3.054999999990093897e+02 -1.012601137077757940e+01
3.059999999989963158e+02 -1.028284396065337702e+01
3.064999999989832986e+02 -1.002995814727001544e+01
3.069999999989702815e+02 -9.909700230883435879e+00
3.074999999989572643e+02 -1.032440521219540130e+01
3.079999999989442472e+02 -9.978697459670804903e+00
3.084999999989312300e+02 -1.015520017345462023e+01
3.089999999989182129e+02 -1.038618104126398833e+01
3.094999999989051958e+02 -9.804101918215932798e+00
3.099999999988921786e+02 -9.579864115846762118e+00
3.104999999988791615e+02 -1.046387618992170765e+01
3.109999999988661443e+02 -1.011860384231801113e+01
3.114999999988530703e+02 -1.020406053470024155e+01
3.119999999988400532e+02 -1.019040635901819059e+01
3.124999999988270361e+02 -1.019323121725247461e+01
3.129999999988140189e+02 -1.007263798211616113e+01
3.134999999988010018e+02 -1.029778192657770930e+01
3.139999999987879846e+02 -1.058884681582233256e+01
3.144999999987749675e+02 -9.714186379222383039e+00
3.149999999987619503e+02 -9.891263739745403072e+00
3.154999999987489332e+02 -1.024706553973066825e+01
3.159999999987359161e+02 -1.007338067192069175e+01
3.164999999987228989e+02 -9.840374495232957486e+00
3.169999999987098249e+02 -1.003540159565288725e+01
3.174999999986968078e+02 -1.019606238345423144e+01
3.179999999986837906e+02 -9.455183367269198058e+00
3.184999999986707735e+02 -1.000228583947642313e+01
3.189999999986577564e+02 -1.027146738062941367e+01
3.194999999986447392e+02 -1.028297375071068664e+01
3.199999999986317221e+02 -1.007717981110563876e+01
3.204999999986187049e+02 -9.747848437440010727e+00
3.209999999986056878e+02 -1.027873434302246558e+01
3.214999999985926706e+02 -1.023224556737388191e+01
3.219999999985796535e+02 -1.013082964524746643e+01
3.224999999985665795e+02 -1.016256906909044488e+01
3.229999999985535624e+02 -1.033617961042222255e+01
3.234999999985405452e+02 -9.780364052630838856e+00
3.239999999985275281e+02 -1.035618078240282713e+01
3.244999999985145109e+02 -9.945190310818651014e+00
3.249999999985014938e+02 -1.020703118895013972e+01
3.254999999984884766e+02 -9.784452654118164006e+00
3.259999999984754595e+02 -1.054697421795301082e+01
3.264999999984624424e+02 -9.729176154886513217e+00
3.269999999984494252e+02 -1.029901142585879725e+01
3.274999999984364081e+02 -1.005504868242265637e+01
3.279999999984233341e+02 -1.017163210227011838e+01
3.284999999984103169e+02 -1.018838257696598681e+01
3.289999999983972998e+02 -1.031092796088865882e+01
3.294999999983842827e+02 -9.790262927491539813e+00
3.299999999983712655e+02 -1.028485910933132530e+01
3.304999999983582484e+02 -1.015038993078012908e+01
3.309999999983452312e+02 -1.012965314937610017e+01
3.314999999983322141e+02 -9.946808526708682763e+00
3.319999999983191969e+02 -1.039036196019306324e+01
3.324999999983061798e+02 -9.964746896333204873e+00
3.329999999982931627e+02 -9.980852466633468367e+00
3.334999999982800887e+02 -1.031722255764700513e+01
3.339999999982670715e+02 -9.906179045149782425e+00
3.344999999982540544e+02 -9.905913508693165781e+00
3.349999999982410372e+02 -1.028582397556663075e+01
3.354999999982280201e+02 -9.782676024169251860e+00
3.359999999982150030e+02 -9.996316660690172995e+00
3.364999999982019858e+02 -1.011712754961602556e+01
3.369999999981889687e+02 -1.021787512632448447e+01
3.374999999981759515e+02 -1.036677978303286451e+01
3.379999999981629344e+02 -1.009605242035685357e+01
3.384999999981499172e+02 -1.058535783554015808e+01
3.389999999981368433e+02 -1.001218260260111670e+01
3.394999999981238261e+02 -1.029157302167403998e+01
3.399999999981108090e+02 -1.008774507530079134e+01
3.404999999980977918e+02 -1.047825841761857646e+01
3.409999999980847747e+02 -9.858600808145304484e+00
3.414999999980717575e+02 -1.030460213743190678e+01
3.419999999980587404e+02 -9.494493050264905420e+00
3.424999999980457233e+02 -1.028657134992879918e+01
3.429999999980327061e+02 -1.000266185348265147e+01
3.434999999980196890e+02 -1.036371483791422676e+01
3.439999999980066718e+02 -1.093177268595778706e+01
3.444999999979935978e+02 -1.017719736578366074e+01
3.449999999979805807e+02 -9.909385374528920210e+00
3.454999999979675636e+02 -1.027659358548069157e+01
3.459999999979545464e+02 -9.972466428619913614e+00
3.464999999979415293e+02 -1.012610072425886365e+01
3.469999999979285121e+02 -1.003141518648031116e+01
3.474999999979154950e+02 -1.041419375757404531e+01
3.479999999979024778e+02 -9.934470147829312481e+00
3.484999999978894607e+02 -1.044060578307577991e+01
3.489999999978764436e+02 -1.000351252740834163e+01
3.494999999978633696e+02 -1.036484071346893998e+01
3.499999999978503524e+02 -9.905168030575531191e+00
3.504999999978373353e+02 -1.017732931546648878e+01
3.509999999978243181e+02 -9.938828681485514238e+00
3.514999999978113010e+02 -1.025442215554963177e+01
3.519999999977982839e+02 -1.015295327347362075e+01
3.524999999977852667e+02 -1.030216919471198267e+01
3.529999999977722496e+02 -1.027107025977462129e+01
3.534999999977592324e+02 -1.013013494343871379e+01
3.539999999977462153e+02 -1.023299469176427223e+01
3.544999999977331981e+02 -1.039014772218066085e+01
3.549999999977201242e+02 -1.007067296618314778e+01
3.554999999977071070e+02 -9.818767947357393666e+00
3.559999999976940899e+02 -9.598728278957985083e+00
3.564999999976810727e+02 -1.074098052840408180e+01
3.569999999976680556e+02 -9.916144855541778824e+00
3.574999999976550384e+02 -1.037287142694084707e+01
3.579999999976420213e+02 -9.897846168275339807e+00
3.584999999976290042e+02 -1.007470858849229423e+01
3.589999999976159870e+02 -9.987280457076144202e+00
3.594999999976029699e+02 -1.006064768419324551e+01
3.599999999975899527e+02 -1.010893264140145575e+01
3.604999999975768787e+02 -1.028169252955812674e+01
3.609999999975638616e+02 -1.043960527170574082e+01
3.614999999975508445e+02 -1.057408407672862261e+01
3.619999999975378273e+02 -1.002527113848079665e+01
3.624999999975248102e+02 -1.011519911045492925e+01
3.629999999975117930e+02 -9.979155486403495701e+00
3.634999999974987759e+02 -1.020372902339598475e+01
3.639999999974857587e+02 -1.012244505180329490e+01
3.644999999974727416e+02 -1.041904226003754808e+01
3.649999999974597245e+02 -1.028097467996464687e+01
3.654999999974467073e+02 -1.046320580086398699e+01
3.659999999974336333e+02 -1.017099622595462627e+01
3.664999999974206162e+02 -1.002478774973460851e+01
3.669999999974075990e+02 -1.005739250198731405e+01
3.674999999973945819e+02 -1.025003780512452778e+01
3.679999999973815648e+02 -1.012628575383626206e+01
3.684999999973685476e+02 -1.039248997660270746e+01
3.689999999973555305e+02 -1.056567936973671173e+01
3.694999999973425133e+02 -1.000429791368049770e+01
3.699999999973294962e+02 -9.795718235618315006e+00
3.704999999973164790e+02 -9.765735695599476074e+00
3.709999999973034619e+02 -9.744998501760280263e+00
3.714999999972903879e+02 -1.017167973202023390e+01
3.719999999972773708e+02 -1.029887050420376937e+01
3.724999999972643536e+02 -1.033592506071907025e+01
3.729999999972513365e+02 -1.014371618977208911e+01
3.734999999972383193e+02 -9.891519391005074269e+00
3.739999999972253022e+02 -1.066688695401955833e+01
3.744999999972122851e+02 -9.931276638659749523e+00
3.749999999971992679e+02 -9.906315919141668758e+00
3.754999999971862508e+02 -9.826005212792024324e+00
3.759999999971732336e+02 -1.025117288022823914e+01
3.764999999971602165e+02 -1.028129394325574708e+01
3.769999999971471425e+02 -1.031601778025404315e+01
3.774999999971341254e+02 -9.972268087045220497e+00
3.779999999971211082e+02 -9.791263015488619104e+00
3.784999999971080911e+02 -1.024473123811514874e+01
3.789999999970950739e+02 -9.995455914090962679e+00
3.794999999970820568e+02 -1.010380792729809407e+01
3.799999999970690396e+02 -1.013493469276486358e+01
3.804999999970560225e+02 -1.019340937259702429e+01
3.809999999970430054e+02 -9.793046946562169452e+00
3.814999999970299882e+02 -1.013107888647510180e+01
3.819999999970169711e+02 -1.033932370003947909e+01
3.824999999970038971e+02 -1.002198809841594951e+01
3.829999999969908799e+02 -1.042304691099071157e+01
3.834999999969778628e+02 -9.805926396652099086e+00
3.839999999969648456e+02 -1.013471164875666197e+01
3.844999999969518285e+02 -9.804208247777751239e+00
3.849999999969388114e+02 -1.035404422118152112e+01
3.854999999969257942e+02 -1.016053286236667219e+01
3.859999999969127771e+02 -1.057666775653217961e+01
3.864999999968997599e+02 -9.766366371765778709e+00
3.869999999968867428e+02 -1.034680855888368001e+01
3.874999999968737256e+02 -9.723589884453229359e+00
3.879999999968606517e+02 -9.974148783230182502e+00
3.884999999968476345e+02 -1.019795487055009886e+01
3.889999999968346174e+02 -1.034030382578766094e+01
3.894999999968216002e+02 -1.057144671200575559e+01
3.899999999968085831e+02 -1.032519410057427223e+01
3.904999999967955659e+02 -1.001952335683859374e+01
3.909999999967825488e+02 -9.511865555419696250e+00
3.914999999967695317e+02 -1.022402203574513457e+01
3.919999999967565145e+02 -1.013092881406386958e+01
3.924999999967434974e+02 -1.052764861937144225e+01
3.929999999967304234e+02 -1.009051145043116193e+01
3.934999999967174062e+02 -1.024978054372583891e+01
3.939999999967043891e+02 -9.755656899424991479e+00
3.944999999966913720e+02 -1.075803160081128595e+01
3.949999999966783548e+02 -9.695026503968730225e+00
3.954999999966653377e+02 -9.936487481101064390e+00
3.959999999966523205e+02 -9.748478485986248998e+00
3.964999999966393034e+02 -1.026314339979030521e+01
3.969999999966262862e+02 -1.011728225421650507e+01
3.974999999966132691e+02 -9.981106446009155420e+00
3.979999999966002520e+02 -9.820361887235518950e+00
3.984999999965871780e+02 -9.952993432612295521e+00
3.989999999965741608e+02 -1.023397305823401382e+01
3.994999999965611437e+02 -1.023342509596911043e+01
3.999999999965481265e+02 -9.944893443959072599e+00
4.004999999965351094e+02 -1.005376223267595925e+01
4.009999999965220923e+02 -1.059406248254181904e+01
4.014999999965090751e+02 -9.710872764393197798e+00
4.019999999964960580e+02 -1.001290317754047265e+01
4.024999999964830408e+02 -1.016504839074833555e+01
4.029999999964700237e+02 -1.022303168050860123e+01
4.034999999964570065e+02 -9.659006573305312315e+00
4.039999999964439326e+02 -1.020718128685578385e+01
4.044999999964309154e+02 -9.873147470315615237e+00
4.049999999964178983e+02 -1.007269417696143776e+01
4.054999999964048811e+02 -1.067487319513716670e+01
4.059999999964079507e+02 -9.339399844687976682e+00
4.064999999964400104e+02 -1.043676226302856413e+01
4.069999999964720132e+02 -9.511080039356263782e+00
4.074999999965040729e+02 -9.996437968971449095e+00
4.079999999965360757e+02 -9.911436773290635216e+00
4.084999999965681354e+02 -1.021119518155454919e+01
4.089999999966001383e+02 -9.878704895358465521e+00
4.094999999966321980e+02 -9.798349900484687680e+00
4.099999999966642008e+02 -1.033906074920230189e+01
4.104999999966962605e+02 -9.756424893467407600e+00
4.109999999967282633e+02 -1.052005940657809901e+01
4.114999999967603230e+02 -9.722863625492339068e+00
4.119999999967923259e+02 -1.004300883925161081e+01
4.124999999968243856e+02 -1.003819610186641498e+01
4.129999999968563884e+02 -9.684151025090310227e+00
4.134999999968884481e+02 -1.003166779871015635e+01
4.139999999969205078e+02 -1.063774881727348642e+01
4.144999999969525106e+02 -9.580318210455571304e+00
4.149999999969845703e+02 -1.071309308595056464e+01
4.154999999970165732e+02 -9.554366236051111017e+00
4.159999999970486328e+02 -9.944987431476965511e+00
4.164999999970806357e+02 -1.000455018673388174e+01
4.169999999971126954e+02 -1.044027582525539977e+01
4.174999999971446982e+02 -1.006637326761691220e+01
4.179999999971767579e+02 -1.055244565213216568e+01
4.184999999972087608e+02 -1.018979122946161375e+01
4.189999999972408204e+02 -1.010687773023633795e+01
4.194999999972728233e+02 -9.692159557651145008e+00
4.199999999973048830e+02 -1.023362332897657723e+01
4.204999999973368858e+02 -9.872109525314572309e+00
4.209999999973689455e+02 -1.035236218310585699e+01
4.214999999974009484e+02 -1.010922668305514982e+01
4.219999999974330080e+02 -9.829108687419440216e+00
4.224999999974650109e+02 -9.904457520388289637e+00
4.229999999974970706e+02 -1.058691162173518130e+01
4.234999999975291303e+02 -9.976411649873320187e+00
4.239999999975611331e+02 -1.033634341252904143e+01
4.244999999975931928e+02 -1.003266695854425095e+01
4.249999999976251956e+02 -9.575940856096359255e+00
4.254999999976572553e+02 -9.826176703376345856e+00
4.259999999976892582e+02 -1.049866624222183731e+01
4.264999999977213179e+02 -1.021056313527442505e+01
4.269999999977533207e+02 -1.018757051605135189e+01
4.274999999977853804e+02 -1.035482115034574413e+01
4.279999999978173832e+02 -1.012172539070759214e+01
4.284999999978494429e+02 -9.788254866439297430e+00
4.289999999978814458e+02 -1.011722138300108753e+01
4.294999999979135055e+02 -1.023707874972708254e+01
4.299999999979455083e+02 -9.778402087342698223e+00
4.304999999979775680e+02 -1.024377469598051071e+01
4.309999999980095708e+02 -1.018505861195806439e+01
4.314999999980416305e+02 -1.045307929390649448e+01
4.319999999980736902e+02 -1.019648233160456918e+01
4.324999999981056931e+02 -1.022472389945852456e+01
4.329999999981377528e+02 -9.823101581222809742e+00
4.334999999981697556e+02 -1.038061437861736103e+01
4.339999999982018153e+02 -9.887277865222298345e+00
4.344999999982338181e+02 -9.874534377677045782e+00
4.349999999982658778e+02 -1.009306955977487164e+01
4.354999999982978807e+02 -1.046966617888579520e+01
4.359999999983299404e+02 -1.019874581139384340e+01
4.364999999983619432e+02 -9.808693813353739799e+00
4.369999999983940029e+02 -1.012557735929327940e+01
4.374999999984260057e+02 -1.039882750858146920e+01
4.379999999984580654e+02 -9.582109451256425103e+00
4.384999999984900683e+02 -1.011120531556628244e+01
4.389999999985221280e+02 -1.053438210276697973e+01
4.394999999985541308e+02 -1.030400434525141407e+01
4.399999999985861905e+02 -9.760727002465120705e+00
4.404999999986182502e+02 -1.012846660410416888e+01
4.409999999986502530e+02 -1.017702400118928630e+01
4.414999999986823127e+02 -1.038153692620172031e+01
4.419999999987143156e+02 -1.008446439672674266e+01
4.424999999987463752e+02 -1.015601651423225427e+01
4.429999999987783781e+02 -1.027709733240669365e+01
4.434999999988104378e+02 -1.024048210414734328e+01
4.439999999988424406e+02 -1.005104629735093447e+01
4.444999999988745003e+02 -1.058817245155714915e+01
4.449999999989065032e+02 -1.016360048156640694e+01
4.454999999989385628e+02 -1.050950833389478767e+01
4.459999999989705657e+02 -1.000470714092144675e+01
4.464999999990026254e+02 -1.035109012029751696e+01
4.469999999990346282e+02 -9.665565806420364225e+00
4.474999999990666879e+02 -1.042137591291126242e+01
4.479999999990986908e+02 -9.865786596506863404e+00
4.484999999991307504e+02 -1.013645875341042135e+01
4.489999999991627533e+02 -1.028316018087579664e+01
4.494999999991948130e+02 -1.025168040758279453e+01
4.499999999992268727e+02 -9.664322073624219911e+00
4.504999999992588755e+02 -9.747240613051301850e+00
4.509999999992909352e+02 -1.028292626073061911e+01
4.514999999993229380e+02 -1.007829322680007422e+01
4.519999999993549977e+02 -9.882543638155141252e+00
4.524999999993870006e+02 -1.036374584722942060e+01
4.529999999994190603e+02 -9.756577701008016135e+00
4.534999999994510631e+02 -1.047979129888663152e+01
4.539999999994831228e+02 -9.709681249068006892e+00
4.544999999995151256e+02 -1.022004054693368147e+01
4.549999999995471853e+02 -1.024829392391170835e+01
4.554999999995791882e+02 -1.048322106950688948e+01
4.559999999996112479e+02 -9.377811218972054164e+00
4.564999999996432507e+02 -9.892296672600714658e+00
4.569999999996753104e+02 -9.976909409580564159e+00
4.574999999997073132e+02 -1.039940350339971076e+01
4.579999999997393729e+02 -1.046677445139947160e+01
4.584999999997714326e+02 -1.012958982098832550e+01
4.589999999998034355e+02 -1.039428428457852682e+01
4.594999999998354951e+02 -1.001491729489009508e+01
4.599999999998674980e+02 -1.009585934702056420e+01
4.604999999998995577e+02 -1.012587882570027098e+01
4.609999999999315605e+02 -1.047696415042097229e+01
4.614999999999636202e+02 -1.001758889665970642e+01
4.619999999999956231e+02 -1.026604665695563412e+01
4.625000000000276827e+02 -1.006777184451748219e+01
4.630000000000596856e+02 -1.060817471467169959e+01
4.635000000000917453e+02 -9.828688355664780829e+00
4.640000000001237481e+02 -1.024120172352412439e+01
4.645000000001558078e+02 -9.930601083277720065e+00
4.650000000001878107e+02 -1.021375489076839038e+01
4.655000000002198703e+02 -9.878727426429778191e+00
4.660000000002518732e+02 -1.004998484324164565e+01
4.665000000002839329e+02 -1.006618627097855168e+01
4.670000000003159357e+02 -9.795828414256723349e+00
4.675000000003479954e+02 -1.004205469467381739e+01
4.680000000003800551e+02 -1.014230577992044147e+01
4.685000000004120579e+02 -9.685870836415304552e+00
4.690000000004441176e+02 -1.004557491890732557e+01
4.695000000004761205e+02 -1.026075522231686676e+01
4.700000000005081802e+02 -1.024523690755422400e+01
4.705000000005401830e+02 -9.854754196178008741e+00
4.710000000005722427e+02 -9.877408557806887757e+00
4.715000000006042455e+02 -1.055110193599601232e+01
4.720000000006363052e+02 -9.910538917147595939e+00
4.725000000006683081e+02 -9.927323277843150606e+00
4.730000000007003678e+02 -1.000220439648404636e+01
4.735000000007323706e+02 -1.016242457585505576e+01
4.740000000007644303e+02 -9.867985635403526246e+00
4.745000000007964331e+02 -9.993471395109519761e+00
4.750000000008284928e+02 -1.081337661263251526e+01
4.755000000008604957e+02 -9.881970072491100154e+00
4.760000000008925554e+02 -9.884388674401375141e+00
4.765000000009246151e+02 -9.628252413332845094e+00
4.770000000009566179e+02 -1.062632665328059112e+01
4.775000000009886776e+02 -1.035363871687604131e+01
4.780000000010206804e+02 -9.673013008887537012e+00
4.785000000010527401e+02 -9.932120519880422549e+00
4.790000000010847430e+02 -1.039815955269253855e+01
4.795000000011168027e+02 -9.737061379371803937e+00
4.800000000011488055e+02 -1.033576189735249251e+01
4.805000000011808652e+02 -9.864552831569959324e+00
4.810000000012128680e+02 -1.024325026422946472e+01
4.815000000012449277e+02 -1.029331744141646254e+01
4.820000000012769306e+02 -1.020676679385664620e+01
4.825000000013089902e+02 -1.040831618011032766e+01
4.830000000013409931e+02 -1.029096078629919120e+01
4.835000000013730528e+02 -1.063893815326349568e+01
4.840000000014050556e+02 -1.004763808125536961e+01
4.845000000014371153e+02 -9.860404635587231681e+00
4.850000000014691750e+02 -9.726961895373550604e+00
4.855000000015011778e+02 -1.044786336939021254e+01
4.860000000015332375e+02 -1.053097120761347583e+01
4.865000000015652404e+02 -1.006453959700175105e+01
4.870000000015973001e+02 -1.031471457457223906e+01
4.875000000016293029e+02 -1.032482525221879222e+01
4.880000000016613626e+02 -1.027091273921623049e+01
4.885000000016933654e+02 -1.054326362510633253e+01
4.890000000017254251e+02 -1.003392651575847516e+01
4.895000000017574280e+02 -9.828882423079006614e+00
4.900000000017894877e+02 -9.656973200139065128e+00
4.905000000018214905e+02 -1.022604263599041730e+01
4.910000000018535502e+02 -1.004247800096077725e+01
4.915000000018855530e+02 -9.957093915675841345e+00
4.920000000019176127e+02 -1.007325037008266833e+01
4.925000000019496156e+02 -9.824311934965557214e+00
4.930000000019816753e+02 -9.948867143538391744e+00
4.935000000020136781e+02 -1.011509707973757166e+01
4.940000000020457378e+02 -1.051211928515875371e+01
4.945000000020777975e+02 -1.022813243733420840e+01
4.950000000021098003e+02 -1.028283689044886628e+01
4.955000000021418600e+02 -1.023255864314335817e+01
4.960000000021738629e+02 -1.007072015575914925e+01
4.965000000022059226e+02 -1.059332263831366561e+01
4.970000000022379254e+02 -9.848628086357484435e+00
4.975000000022699851e+02 -9.639539008155571409e+00
4.980000000023019879e+02 -1.027880921810530346e+01
4.985000000023340476e+02 -1.034052330783290508e+01
4.990000000023660505e+02 -1.030992725648209785e+01
4.995000000023981102e+02 -1.037877528936092553e+01
5.000000000024301130e+02 -1.006189171204438715e+01
5.005000000024621727e+02 -1.033834577723235526e+01
5.010000000024941755e+02 -9.969083993286176337e+00
5.015000000025262352e+02 -1.021845814501967808e+01
5.020000000025582381e+02 -1.010643485204649217e+01
5.025000000025902978e+02 -1.029714914897122213e+01
5.030000000026223574e+02 -1.018021681625154606e+01
5.035000000026543603e+02 -1.055175406034679497e+01
5.040000000026864200e+02 -1.009958048850723067e+01
5.045000000027184228e+02 -1.014048503135713553e+01
5.050000000027504825e+02 -1.012566114779557047e+01
5.055000000027824854e+02 -9.986850122220539916e+00
5.060000000028145450e+02 -1.050940883591503372e+01
5.065000000028465479e+02 -1.032355950161770863e+01
5.070000000028786076e+02 -9.843149024978142592e+00
5.075000000029106104e+02 -1.016282678458335020e+01
5.080000000029426701e+02 -1.026965632450680665e+01
5.085000000029746730e+02 -1.019389899174789527e+01
5.090000000030067326e+02 -1.028083591535900965e+01
5.095000000030387355e+02 -1.040566891373318015e+01
5.100000000030707952e+02 -1.005761874606282014e+01
5.105000000031027980e+02 -1.075009600735883808e+01
5.110000000031348577e+02 -1.029595871858400180e+01
5.115000000031668606e+02 -9.865981505330458035e+00
5.120000000031989202e+02 -1.007535709683717329e+01
5.125000000032309799e+02 -1.009973461102775616e+01
5.130000000032630396e+02 -1.028406476034386863e+01
5.135000000032949856e+02 -1.032371134929823064e+01
5.140000000033270453e+02 -1.026691735784682535e+01
5.145000000033591050e+02 -1.049676030492202017e+01
5.150000000033911647e+02 -1.026223189604722741e+01
5.155000000034231107e+02 -1.011961036761225685e+01
5.160000000034551704e+02 -9.884560018856662467e+00
5.165000000034872301e+02 -9.931590211703563043e+00
5.170000000035192897e+02 -1.053947630057913010e+01
5.175000000035512357e+02 -1.000339841343320657e+01
5.180000000035832954e+02 -1.032276549921250997e+01
5.185000000036153551e+02 -1.030229120756506411e+01
5.190000000036474148e+02 -1.032267041311668265e+01
5.195000000036793608e+02 -1.032278204086406603e+01
5.200000000037114205e+02 -9.584260493769555467e+00
5.205000000037434802e+02 -1.034135004395889190e+01
5.210000000037755399e+02 -1.036484966189797241e+01
5.215000000038075996e+02 -9.817404406408813955e+00
5.220000000038395456e+02 -1.082186074350973826e+01
5.225000000038716053e+02 -9.898928512863438556e+00
5.230000000039036649e+02 -9.963323959868230162e+00
5.235000000039357246e+02 -9.849224425275611594e+00
5.240000000039676706e+02 -1.043790051835282995e+01
5.245000000039997303e+02 -1.050418394771032737e+01
5.250000000040317900e+02 -1.008956930548507458e+01
5.255000000040638497e+02 -1.014008709337284664e+01
5.260000000040957957e+02 -1.004006453004592991e+01
5.265000000041278554e+02 -1.008126084759814667e+01
5.270000000041599151e+02 -1.023109488561694214e+01
5.275000000041919748e+02 -9.923695938133993977e+00
5.280000000042239208e+02 -1.020901286614084569e+01
5.285000000042559805e+02 -9.561086329491551794e+00
5.290000000042880401e+02 -9.898020540244775844e+00
5.295000000043200998e+02 -1.045976005516688545e+01
5.300000000043521595e+02 -1.028147268344564047e+01
5.305000000043841055e+02 -1.060468321583178053e+01
5.310000000044161652e+02 -9.749350181659309555e+00
5.315000000044482249e+02 -9.975540238048058228e+00
5.320000000044802846e+02 -1.014138411075513169e+01
5.325000000045122306e+02 -1.034501720902067667e+01
5.330000000045442903e+02 -1.002050075580733157e+01
5.335000000045763500e+02 -9.951539601351699460e+00
5.340000000046084097e+02 -1.056668774521862453e+01
5.345000000046403557e+02 -1.035253794590416199e+01
5.350000000046724153e+02 -1.019550753482157646e+01
5.355000000047044750e+02 -1.001506719305995396e+01
5.360000000047365347e+02 -1.014597557148983853e+01
5.365000000047684807e+02 -1.038319630140246730e+01
5.370000000048005404e+02 -1.041119420652930572e+01
5.375000000048326001e+02 -9.868800656987819053e+00
5.380000000048646598e+02 -1.015367371519680084e+01
5.385000000048967195e+02 -1.007185736936223819e+01
5.390000000049286655e+02 -9.964733281308664203e+00
5.395000000049607252e+02 -1.095164063814419997e+01
5.400000000049927849e+02 -1.035622499961070453e+01
5.405000000050248445e+02 -9.675833253036261183e+00
5.410000000050567905e+02 -1.007709596057705781e+01
5.415000000050888502e+02 -1.017934745210802028e+01
5.420000000051209099e+02 -1.021488936547605419e+01
5.425000000051529696e+02 -1.048869635603474038e+01
5.430000000051849156e+02 -1.025090575903711709e+01
5.435000000052169753e+02 -1.017383924940732776e+01
5.440000000052490350e+02 -9.881195953785523400e+00
5.445000000052810947e+02 -1.024289695704401559e+01
5.450000000053130407e+02 -1.036551568293376491e+01
5.455000000053451004e+02 -9.763975852577198467e+00
5.460000000053771601e+02 -9.639595220875509796e+00
5.465000000054092197e+02 -1.049903953720464678e+01
5.470000000054411657e+02 -9.609105737808500081e+00
5.475000000054732254e+02 -1.006232616864836160e+01
5.480000000055052851e+02 -9.780794852120065386e+00
5.485000000055373448e+02 -9.623025221995614942e+00
5.490000000055694045e+02 -9.979732565035636327e+00
5.495000000056013505e+02 -1.059768510141372744e+01
5.500000000056334102e+02 -1.021857137760544809e+01
5.505000000056654699e+02 -1.055801189695336717e+01
5.510000000056975296e+02 -1.043780079995009125e+01
5.515000000057294756e+02 -1.048269794091321216e+01
5.520000000057615352e+02 -1.026339666674330076e+01
5.525000000057935949e+02 -1.010985353064543979e+01
5.530000000058256546e+02 -1.050969162978873506e+01
5.535000000058576006e+02 -9.916734567487459628e+00
5.540000000058896603e+02 -1.018737712092005232e+01
5.545000000059217200e+02 -9.888744198536162600e+00
5.550000000059537797e+02 -1.031174846005903945e+01
5.555000000059857257e+02 -9.907421246281755245e+00
5.560000000060177854e+02 -1.024134744597363778e+01
5.565000000060498451e+02 -1.000458211191500801e+01
5.570000000060819048e+02 -1.063692767568534414e+01
5.575000000061139644e+02 -9.877622170235703436e+00
5.580000000061459104e+02 -1.038234864846782735e+01
5.585000000061779701e+02 -1.023727303900853514e+01
5.590000000062100298e+02 -1.061397696004019942e+01
5.595000000062420895e+02 -1.012701231044148820e+01
5.600000000062740355e+02 -1.003396863813260609e+01
5.605000000063060952e+02 -1.034091675392317811e+01
5.610000000063381549e+02 -1.008023094849837165e+01
5.615000000063702146e+02 -1.028396955553182224e+01
5.620000000064021606e+02 -1.018723088533744381e+01
5.625000000064342203e+02 -9.840932847236578240e+00
5.630000000064662800e+02 -9.942460224044992856e+00
5.635000000064983396e+02 -1.011372890065348429e+01
5.640000000065302856e+02 -9.792309772987056959e+00
5.645000000065623453e+02 -1.030225736450811524e+01
5.650000000065944050e+02 -9.667733039710338261e+00
5.655000000066264647e+02 -1.038225256503288563e+01
5.660000000066585244e+02 -9.985688319143410041e+00
5.665000000066904704e+02 -9.928712564652819594e+00
5.670000000067225301e+02 -1.034953288313694308e+01
5.675000000067545898e+02 -1.006357995628213331e+01
5.680000000067866495e+02 -9.997775264288094377e+00
5.685000000068185955e+02 -1.033423021207788750e+01
5.690000000068506552e+02 -1.024244178865384214e+01
5.695000000068827148e+02 -9.979061170177477180e+00
5.700000000069147745e+02 -9.604057264761532764e+00
5.705000000069467205e+02 -1.049032132764895309e+01
5.710000000069787802e+02 -1.009030721260184116e+01
5.715000000070108399e+02 -1.033726490225695471e+01
5.720000000070428996e+02 -1.026887453295172747e+01
5.725000000070748456e+02 -1.015588841897020700e+01
5.730000000071069053e+02 -1.037696531179079606e+01
5.735000000071389650e+02 -1.005014456670207501e+01
5.740000000071710247e+02 -9.943371712938057883e+00
5.745000000072030844e+02 -1.041004231997413143e+01
5.750000000072350304e+02 -1.021843496350342129e+01
5.755000000072670900e+02 -1.019487820310963677e+01
5.760000000072991497e+02 -9.976469074546141513e+00
5.765000000073312094e+02 -1.006618807372716695e+01
5.770000000073631554e+02 -1.016471046342723383e+01
5.775000000073952151e+02 -1.013424489430521191e+01
5.780000000074272748e+02 -1.024562148147714424e+01
5.785000000074593345e+02 -1.006638256530772857e+01
5.790000000074912805e+02 -1.030184833613712492e+01
5.795000000075233402e+02 -1.052589885334892905e+01
5.800000000075553999e+02 -1.048963987250492735e+01
5.805000000075874595e+02 -1.011233229839774417e+01
5.810000000076194056e+02 -9.967500290874200530e+00
5.815000000076514652e+02 -1.041870748744661235e+01
5.820000000076835249e+02 -1.038034383986129505e+01
5.825000000077155846e+02 -1.044120276742708775e+01
5.830000000077476443e+02 -1.009771750927397349e+01
5.835000000077795903e+02 -1.075614030607756000e+01
5.840000000078116500e+02 -1.006078487509387287e+01
5.845000000078437097e+02 -9.883743055287574464e+00
5.850000000078757694e+02 -1.037886972709599043e+01
5.855000000079077154e+02 -1.038956458996148591e+01
5.860000000079397751e+02 -1.039263191442112877e+01
5.865000000079718347e+02 -9.991960251205977528e+00
5.870000000080038944e+02 -9.944476450974358173e+00
5.875000000080358404e+02 -9.708848941501575069e+00
5.880000000080679001e+02 -1.048230437936655335e+01
5.885000000080999598e+02 -9.923359351862453437e+00
5.890000000081320195e+02 -1.021760641090133248e+01
5.895000000081639655e+02 -1.013311434277948742e+01
5.900000000081960252e+02 -1.041640614032604439e+01
5.905000000082280849e+02 -1.001490202179088129e+01
5.910000000082601446e+02 -1.070764611553578938e+01
5.915000000082920906e+02 -1.051667239439159118e+01
5.920000000083241503e+02 -9.767950513747548413e+00
5.925000000083562099e+02 -9.939331966152925801e+00
5.930000000083882696e+02 -9.758918167930120902e+00
5.935000000084203293e+02 -1.037039730573576790e+01
5.940000000084522753e+02 -9.973098064038616428e+00
5.945000000084843350e+02 -1.056573266547858658e+01
5.950000000085163947e+02 -9.891072464219687888e+00
5.955000000085484544e+02 -9.752470033081991119e+00
5.960000000085804004e+02 -9.788230105558083594e+00
5.965000000086124601e+02 -9.901773764309933057e+00
5.970000000086445198e+02 -1.067400345084192814e+01
5.975000000086765795e+02 -9.807241413964113974e+00
5.980000000087085255e+02 -1.015065094398952894e+01
5.985000000087405851e+02 -9.656416908700498070e+00
5.990000000087726448e+02 -1.037869880777810039e+01
5.995000000088047045e+02 -1.004745019485350888e+01
6.000000000088366505e+02 -1.013616948862074096e+01
6.005000000088687102e+02 -1.039761591901128845e+01
6.010000000089007699e+02 -9.919738654345135132e+00
6.015000000089328296e+02 -9.657225186697301567e+00
6.020000000089648893e+02 -1.033678581307794708e+01
6.025000000089968353e+02 -1.000899239997837853e+01
6.030000000090288950e+02 -9.742736649318873177e+00
6.035000000090609547e+02 -1.005170824222140347e+01
6.040000000090930143e+02 -1.030776877977513983e+01
6.045000000091249603e+02 -1.026683403175725751e+01
6.050000000091570200e+02 -1.046057763441982935e+01
6.055000000091890797e+02 -1.033345277216573166e+01
6.060000000092211394e+02 -1.026077735357454301e+01
6.065000000092530854e+02 -1.040919809040910060e+01
6.070000000092851451e+02 -1.019122316974495135e+01
6.075000000093172048e+02 -1.028959526335935948e+01
6.080000000093492645e+02 -1.027084877099188454e+01
6.085000000093812105e+02 -1.040701622544995431e+01
6.090000000094132702e+02 -1.045025479863889117e+01
6.095000000094453299e+02 -1.037343867102895700e+01
6.100000000094773895e+02 -1.026522327405140800e+01
6.105000000095094492e+02 -1.006072957310245464e+01
6.110000000095413952e+02 -1.047147855191429677e+01
6.115000000095734549e+02 -1.004268924951754371e+01
6.120000000096055146e+02 -1.038189020395810758e+01
6.125000000096375743e+02 -1.001555747720933986e+01
6.130000000096695203e+02 -9.948460627728570316e+00
6.135000000097015800e+02 -1.021002563702872656e+01
6.140000000097336397e+02 -1.024660257810649000e+01
6.145000000097656994e+02 -1.001872106822529496e+01
6.150000000097976454e+02 -9.978019240700465531e+00
6.155000000098297050e+02 -9.856038271637725501e+00
6.160000000098617647e+02 -1.017500471857002431e+01
6.165000000098938244e+02 -1.051651998433942126e+01
6.170000000099257704e+02 -1.019950985558235601e+01
6.175000000099578301e+02 -1.025476237290924786e+01
6.180000000099898898e+02 -1.041770623899085457e+01
6.185000000100219495e+02 -9.950812652514949619e+00
6.190000000100540092e+02 -1.012137813293104038e+01
6.195000000100859552e+02 -1.018543934182666888e+01
6.200000000101180149e+02 -9.907853046322326662e+00
6.205000000101500746e+02 -1.035589396003846474e+01
6.210000000101821342e+02 -1.006754513144338858e+01
6.215000000102140802e+02 -1.020965905959481290e+01
6.220000000102461399e+02 -1.002142516201310229e+01
6.225000000102781996e+02 -9.968378228025127186e+00
6.230000000103102593e+02 -1.002408671565491538e+01
6.235000000103422053e+02 -1.003734647341981479e+01
6.240000000103742650e+02 -1.004608696322284800e+01
6.245000000104063247e+02 -9.792973877512391567e+00
6.250000000104383844e+02 -1.022669346044608751e+01
6.255000000104703304e+02 -1.062560213347336635e+01
6.260000000105023901e+02 -9.671831317439272269e+00
6.265000000105344498e+02 -9.947336143523708429e+00
6.270000000105665094e+02 -9.919908797396830735e+00
6.275000000105985691e+02 -1.000130396822017076e+01
6.280000000106305151e+02 -9.710508451642873240e+00
6.285000000106625748e+02 -1.024849098763202804e+01
6.290000000106946345e+02 -9.811182193789061756e+00
6.295000000107266942e+02 -1.025902882325532772e+01
6.300000000107586402e+02 -1.032203157474068433e+01
6.305000000107906999e+02 -1.000066441920724358e+01
6.310000000108227596e+02 -1.060330747116662842e+01
6.315000000108548193e+02 -9.434523248578791765e+00
6.320000000108867653e+02 -1.029818485173606213e+01
6.325000000109188250e+02 -9.701070902667003892e+00
6.330000000109508846e+02 -9.862224261650844426e+00
6.335000000109829443e+02 -1.038559587669026563e+01
6.340000000110148903e+02 -1.011484065561129420e+01
6.345000000110469500e+02 -1.020280670277145774e+01
6.350000000110790097e+02 -1.031085406916940528e+01
6.355000000111110694e+02 -1.032108693142241940e+01
6.360000000111430154e+02 -9.951510291025812194e+00
6.365000000111750751e+02 -9.951555929420877078e+00
6.370000000112071348e+02 -1.010562976727773865e+01
6.375000000112391945e+02 -1.000207730708188869e+01
6.380000000112712542e+02 -1.022963909670950144e+01
6.385000000113032002e+02 -1.003773720047484908e+01
6.390000000113352598e+02 -1.016238551275954904e+01
6.395000000113673195e+02 -1.036046284327458089e+01
6.400000000113993792e+02 -1.029513748175517662e+01
6.405000000114313252e+02 -1.041539045384799778e+01
6.410000000114633849e+02 -1.017396909552153872e+01
6.415000000114954446e+02 -1.029639434274026932e+01
6.420000000115275043e+02 -9.550466488659038689e+00
6.425000000115594503e+02 -1.054181943124315524e+01
6.430000000115915100e+02 -9.935717247777246186e+00
6.435000000116235697e+02 -9.877994863505524137e+00
6.440000000116556294e+02 -9.876685592547923775e+00
6.445000000116875754e+02 -1.036059556422804384e+01
6.450000000117196350e+02 -9.977919429357298142e+00
6.455000000117516947e+02 -1.058403810892459695e+01
6.460000000117837544e+02 -9.737687609579955605e+00
6.465000000118158141e+02 -1.023916717068142646e+01
6.470000000118477601e+02 -1.026264994496320071e+01
6.475000000118798198e+02 -1.010686647082164669e+01
6.480000000119118795e+02 -9.913304428153910663e+00
6.485000000119439392e+02 -9.923535986499421924e+00
6.490000000119758852e+02 -1.016417814223792071e+01
6.495000000120079449e+02 -1.005934986414503030e+01
6.500000000120400045e+02 -1.018594800045465476e+01
6.505000000120720642e+02 -1.037932653582466713e+01
6.510000000121040102e+02 -1.008034349771295446e+01
6.515000000121360699e+02 -1.020658721483311382e+01
6.520000000121681296e+02 -1.006542918412166365e+01
6.525000000122001893e+02 -1.014028595842665226e+01
6.530000000122321353e+02 -9.688763396921615367e+00
6.535000000122641950e+02 -9.801886918729284304e+00
6.540000000122962547e+02 -1.025418619326095637e+01
6.545000000123283144e+02 -1.021830696232895619e+01
6.550000000123603741e+02 -9.889405311247708497e+00
6.555000000123923201e+02 -1.021933462305235274e+01
6.560000000124243797e+02 -9.978926047088821250e+00
6.565000000124564394e+02 -1.023345788662129152e+01
6.570000000124884991e+02 -9.995928496139290687e+00
6.575000000125204451e+02 -9.877853750517971321e+00
6.580000000125525048e+02 -1.038561493729742402e+01
6.585000000125845645e+02 -1.011941521058817450e+01
6.590000000126166242e+02 -9.743368125118401224e+00
6.595000000126485702e+02 -9.716271552896545316e+00
6.600000000126806299e+02 -1.053934005314389211e+01
6.605000000127126896e+02 -9.578826066375947690e+00
6.610000000127447493e+02 -1.024587871935598571e+01
6.615000000127766953e+02 -1.004619300244627311e+01
6.620000000128087549e+02 -1.010464961263259553e+01
6.625000000128408146e+02 -1.031663857381744087e+01
6.630000000128728743e+02 -1.026650391327207856e+01
6.635000000129049340e+02 -9.785115040596446434e+00
6.640000000129368800e+02 -1.031942873424156915e+01
6.645000000129689397e+02 -1.032988861368644251e+01
6.650000000130009994e+02 -1.004306779976668373e+01
6.655000000130330591e+02 -9.863902845091066851e+00
6.660000000130650051e+02 -1.020149196694282523e+01
6.665000000130970648e+02 -1.042566331583194383e+01
6.670000000131291245e+02 -1.014091000229615602e+01
6.675000000131611841e+02 -1.047737517804918461e+01
6.680000000131931301e+02 -1.001962713175562136e+01
6.685000000132251898e+02 -9.936727238213634905e+00
6.690000000132572495e+02 -1.027135063851802421e+01
6.695000000132893092e+02 -1.018428858031241546e+01
6.700000000133212552e+02 -9.709862308953736587e+00
6.705000000133533149e+02 -1.047451514032251652e+01
6.710000000133853746e+02 -1.009346712414025404e+01
6.715000000134174343e+02 -1.009203485363795316e+01
6.720000000134494940e+02 -9.806448927336827381e+00
6.725000000134814400e+02 -1.006119802887516101e+01
6.730000000135134997e+02 -1.012668179811665503e+01
6.735000000135455593e+02 -1.017415025483562196e+01
6.740000000135776190e+02 -9.682287911039248129e+00
6.745000000136095650e+02 -9.701890533277204298e+00
6.750000000136416247e+02 -1.012833681295703592e+01
6.755000000136736844e+02 -1.037619033536395463e+01
6.760000000137057441e+02 -1.038042336503745489e+01
6.765000000137376901e+02 -1.045684659667475103e+01
6.770000000137697498e+02 -1.014898396958640880e+01
6.775000000138018095e+02 -1.013482084828217999e+01
6.780000000138338692e+02 -9.834481797186283458e+00
6.785000000138658152e+02 -1.022605884458992875e+01
6.790000000138978749e+02 -1.012633515417200414e+01
6.795000000139299345e+02 -1.044674296150158277e+01
6.800000000139619942e+02 -9.722134182643484834e+00
6.805000000139939402e+02 -1.026249986966703887e+01
6.810000000140259999e+02 -9.994677653675774209e+00
6.815000000140580596e+02 -1.048769430421676496e+01
6.820000000140901193e+02 -1.014416442069143010e+01
6.825000000141221790e+02 -1.025831537588036291e+01
6.830000000141541250e+02 -1.036939113442793037e+01
6.835000000141861847e+02 -9.887574192229999781e+00
6.840000000142182444e+02 -9.806889156984526679e+00
6.845000000142503040e+02 -9.941118236590586577e+00
6.850000000142822500e+02 -1.004678211689788192e+01
6.855000000143143097e+02 -9.946531697322571475e+00
6.860000000143463694e+02 -1.029997368760211174e+01
6.865000000143784291e+02 -1.009441560697811724e+01
6.870000000144103751e+02 -1.006845110066384308e+01
6.875000000144424348e+02 -1.042458401664427825e+01
6.880000000144744945e+02 -9.875534830451259793e+00
6.885000000145065542e+02 -1.041706112704901876e+01
6.890000000145385002e+02 -1.024401725896152016e+01
6.895000000145705599e+02 -1.000393935810943269e+01
6.900000000146026196e+02 -9.660193065913924571e+00
6.905000000146346792e+02 -1.030337020830219430e+01
6.910000000146667389e+02 -1.028928355278847384e+01
6.915000000146986849e+02 -1.039714211749099704e+01
6.920000000147307446e+02 -9.685651302592635403e+00
6.925000000147628043e+02 -1.001879260426819940e+01
6.930000000147948640e+02 -9.735963531766826051e+00
6.935000000148268100e+02 -1.018821239291474434e+01
6.940000000148588697e+02 -9.503506845391232360e+00
6.945000000148909294e+02 -9.847502809410579871e+00
6.950000000149229891e+02 -1.026726800571633547e+01
6.955000000149549351e+02 -9.704988086775497180e+00
6.960000000149869948e+02 -1.028852730331736076e+01
6.965000000150190544e+02 -1.000089829733236435e+01
6.970000000150511141e+02 -1.025990113958670058e+01
6.975000000150830601e+02 -1.017623407018507997e+01
6.980000000151151198e+02 -9.878751982751007077e+00
6.985000000151471795e+02 -9.761627819957437779e+00
6.990000000151792392e+02 -1.054000774614261005e+01
6.995000000152112989e+02 -1.030189122092595788e+01
7.000000000152432449e+02 -1.026896703417655488e+01
7.005000000152753046e+02 -1.016283991414822729e+01
7.010000000153073643e+02 -1.037489506230892822e+01
7.015000000153394240e+02 -9.958451678019288877e+00
7.020000000153713700e+02 -1.023257819098272137e+01
7.025000000154034296e+02 -9.556120360056421958e+00
7.030000000154354893e+02 -1.027860664006589886e+01
7.035000000154675490e+02 -1.005859922709061927e+01
7.040000000154994950e+02 -1.027854946048378970e+01
7.045000000155315547e+02 -1.019076592624240618e+01
7.050000000155636144e+02 -1.010414568718793049e+01
7.055000000155956741e+02 -9.924527843499181046e+00
7.060000000156276201e+02 -9.777097299176636724e+00
7.065000000156596798e+02 -1.078841125117932798e+01
7.070000000156917395e+02 -1.022184888262297342e+01
7.075000000157237992e+02 -1.044546424365137050e+01
7.080000000157558588e+02 -9.758398693321808537e+00
7.085000000157878048e+02 -1.026664396030746396e+01
7.090000000158198645e+02 -1.042228180639020430e+01
7.095000000158519242e+02 -1.050261810676089702e+01
7.100000000158839839e+02 -1.043578065482311246e+01
7.105000000159159299e+02 -1.020164205165225546e+01
7.110000000159479896e+02 -1.071954670747402538e+01
7.115000000159800493e+02 -1.019580869009464941e+01
7.120000000160121090e+02 -1.028262116783734292e+01
7.125000000160440550e+02 -9.854882981343960680e+00
7.130000000160761147e+02 -1.014884976988785326e+01
7.135000000161081743e+02 -9.997363651486081082e+00
7.140000000161402340e+02 -1.009037728053206529e+01
7.145000000161721800e+02 -1.012600386485881998e+01
7.150000000162042397e+02 -1.010157271216690056e+01
7.155000000162362994e+02 -9.995177188140338842e+00
7.160000000162683591e+02 -9.785465767092885514e+00
7.165000000163003051e+02 -1.045487514027166576e+01
7.170000000163323648e+02 -1.038872747907192284e+01
7.175000000163644245e+02 -9.916629011610021749e+00
7.180000000163964842e+02 -1.017757706047534683e+01
7.185000000164285439e+02 -1.020614093760659635e+01
7.190000000164604899e+02 -1.017262513872427121e+01
7.195000000164925495e+02 -1.021987570528758305e+01
7.200000000165246092e+02 -1.039263884536115334e+01
7.205000000165566689e+02 -1.011117241918704046e+01
7.210000000165886149e+02 -1.036974289190152199e+01
7.215000000166206746e+02 -1.029529170015637440e+01
7.220000000166527343e+02 -1.033852326892774443e+01
7.225000000166847940e+02 -1.003353178876868768e+01
7.230000000167167400e+02 -1.003746283932072636e+01
7.235000000167487997e+02 -1.016437964084786039e+01
7.240000000167808594e+02 -1.018914326849489527e+01
7.245000000168129191e+02 -1.078492246587248893e+01
7.250000000168448651e+02 -9.999693704102231351e+00
7.255000000168769247e+02 -1.030650964897986377e+01
7.260000000169089844e+02 -9.668196688757950241e+00
7.265000000169410441e+02 -9.900119925530793452e+00
7.270000000169731038e+02 -1.052608658914496154e+01
7.275000000170050498e+02 -1.042500150958109195e+01
7.280000000170371095e+02 -1.053064781448604315e+01
7.285000000170691692e+02 -1.032579137963439209e+01
7.290000000171012289e+02 -9.898613416512857199e+00
7.295000000171331749e+02 -1.076813397579713261e+01
7.300000000171652346e+02 -1.016058741465700699e+01
7.305000000171972943e+02 -1.039923353430438979e+01
7.310000000172293539e+02 -9.715765926885930881e+00
7.315000000172612999e+02 -1.014471800076596253e+01
7.320000000172933596e+02 -1.059673584879288377e+01
7.325000000173254193e+02 -1.017270719075540697e+01
7.330000000173574790e+02 -1.024810310673901803e+01
7.335000000173894250e+02 -9.718078658400326475e+00
7.340000000174214847e+02 -9.850106350605598138e+00
7.345000000174535444e+02 -1.070073241111683693e+01
7.350000000174856041e+02 -1.031890242785956247e+01
7.355000000175176638e+02 -1.032929658616333413e+01
7.360000000175496098e+02 -1.009937568533700158e+01
7.365000000175816695e+02 -9.856557989122553209e+00
7.370000000176137291e+02 -9.422000632519409891e+00
7.375000000176457888e+02 -1.006969071035583063e+01
7.380000000176777348e+02 -1.026762464541283748e+01
7.385000000177097945e+02 -1.024289794806347054e+01
7.390000000177418542e+02 -9.838331080340331880e+00
7.395000000177739139e+02 -1.035309621890606202e+01
7.400000000178058599e+02 -1.003361482456924847e+01
7.405000000178379196e+02 -9.838298507503893120e+00
7.410000000178699793e+02 -1.003321523584118147e+01
7.415000000179020390e+02 -1.022767864115922620e+01
7.420000000179339850e+02 -1.008984051539968974e+01
7.425000000179660447e+02 -9.938190921583808901e+00
7.430000000179981043e+02 -1.044789820403713065e+01
7.435000000180301640e+02 -9.762491665308900224e+00
7.440000000180622237e+02 -1.006310540387313601e+01
7.445000000180941697e+02 -1.010661590914905794e+01
7.450000000181262294e+02 -1.022275680851000246e+01
7.455000000181582891e+02 -1.018868094401805280e+01
7.460000000181903488e+02 -1.035049995037156911e+01
7.465000000182222948e+02 -9.975942415198952418e+00
7.470000000182543545e+02 -1.032052643314547069e+01
7.475000000182864142e+02 -9.854919191594111894e+00
7.480000000183184738e+02 -1.005775845091054599e+01
7.485000000183504199e+02 -9.911015355284582995e+00
7.490000000183824795e+02 -1.010923909510413310e+01
7.495000000184145392e+02 -1.012269672394238107e+01
7.500000000184465989e+02 -1.023860018209074951e+01
7.505000000184785449e+02 -9.828842193837084906e+00
7.510000000185106046e+02 -1.055844449802812335e+01
7.515000000185426643e+02 -1.005547336836436401e+01
7.520000000185747240e+02 -1.019576363611997571e+01
7.525000000186067837e+02 -1.009186855100496416e+01
7.530000000186387297e+02 -1.000465702516551403e+01
7.535000000186707894e+02 -1.049073105159993169e+01
7.540000000187028490e+02 -1.037370090808334133e+01
7.545000000187349087e+02 -1.022060084601719687e+01
7.550000000187668547e+02 -9.727672081555114758e+00
7.555000000187989144e+02 -1.022170750874790457e+01
7.560000000188309741e+02 -1.018626353593033329e+01
7.565000000188630338e+02 -1.052439256982220783e+01
7.570000000188949798e+02 -1.019954743619628168e+01
7.575000000189270395e+02 -1.044369759753451277e+01
7.580000000189590992e+02 -1.021929646221228261e+01
7.585000000189911589e+02 -9.998052429806872254e+00
7.590000000190231049e+02 -1.044855216064778070e+01
7.595000000190551646e+02 -1.017826666607214214e+01
7.600000000190872242e+02 -1.015073243974525496e+01
7.605000000191192839e+02 -1.011967417095663535e+01
7.610000000191512299e+02 -9.936184850527983059e+00
7.615000000191832896e+02 -1.003279423211908394e+01
7.620000000192153493e+02 -1.057186304775811614e+01
7.625000000192474090e+02 -1.021024384989835276e+01
7.630000000192794687e+02 -1.004817587567682224e+01
7.635000000193114147e+02 -1.041853634869307932e+01
7.640000000193434744e+02 -1.043642165598716431e+01
7.645000000193755341e+02 -1.008923076771279170e+01
7.650000000194075938e+02 -9.616941123373557332e+00
7.655000000194395398e+02 -1.045948549515922643e+01
7.660000000194715994e+02 -1.001512928104282807e+01
7.665000000195036591e+02 -9.865228161292407094e+00
7.670000000195357188e+02 -9.810800965690763320e+00
7.675000000195676648e+02 -1.000918422614530634e+01
7.680000000195997245e+02 -1.006342342084744601e+01
7.685000000196317842e+02 -1.067188888824061976e+01
7.690000000196638439e+02 -9.867580886008813223e+00
7.695000000196957899e+02 -1.039717268345862067e+01
7.700000000197278496e+02 -1.037381980904477530e+01
7.705000000197599093e+02 -1.019480390284214799e+01
7.710000000197919690e+02 -1.002931135576696065e+01
7.715000000198240286e+02 -1.040489884520126473e+01
7.720000000198559746e+02 -1.003116577170389512e+01
7.725000000198880343e+02 -1.015059558612981228e+01
7.730000000199200940e+02 -1.005016955819274038e+01
7.735000000199521537e+02 -1.033711652131490233e+01
7.740000000199840997e+02 -1.029106944496645859e+01
7.745000000200161594e+02 -9.512718138357339370e+00
7.750000000200482191e+02 -1.008760442303614369e+01
7.755000000200802788e+02 -1.029335764027201527e+01
7.760000000201122248e+02 -9.931655251396767525e+00
7.765000000201442845e+02 -1.022352953627327921e+01
7.770000000201763442e+02 -9.785610076841152249e+00
7.775000000202084038e+02 -1.020285380093615579e+01
7.780000000202403498e+02 -1.034471442482758263e+01
7.785000000202724095e+02 -1.070560382851072667e+01
7.790000000203044692e+02 -1.042757807847072193e+01
7.795000000203365289e+02 -1.010184106100062174e+01
7.800000000203685886e+02 -9.947165075039137605e+00
7.805000000204005346e+02 -1.046375812104506231e+01
7.810000000204325943e+02 -1.025606020979821764e+01
7.815000000204646540e+02 -1.003725563564881185e+01
7.820000000204967137e+02 -9.704970533125445442e+00
7.825000000205286597e+02 -1.001081596771584081e+01
7.830000000205607193e+02 -1.019625185099877029e+01
7.835000000205927790e+02 -1.010709562922303384e+01
7.840000000206248387e+02 -1.045799592412022427e+01
7.845000000206567847e+02 -1.025027190362044038e+01
7.850000000206888444e+02 -1.025661524994734997e+01
7.855000000207209041e+02 -1.014671393975645586e+01
7.860000000207529638e+02 -1.048213076790755416e+01
7.865000000207849098e+02 -1.002452238789747874e+01
7.870000000208169695e+02 -9.779476046959320712e+00
7.875000000208490292e+02 -9.901768908145690773e+00
7.880000000208810889e+02 -9.970212945773585744e+00
7.885000000209131485e+02 -1.023239955431411907e+01
7.890000000209450945e+02 -1.019655083905574067e+01
7.895000000209771542e+02 -9.912351414151748585e+00
7.900000000210092139e+02 -9.996081033043582309e+00
7.905000000210412736e+02 -1.013397282953217804e+01
7.910000000210732196e+02 -1.018914608306366176e+01
7.915000000211052793e+02 -1.006308786612634520e+01
7.920000000211373390e+02 -1.000672795258918590e+01
7.925000000211693987e+02 -9.911965847807827856e+00
7.930000000212013447e+02 -1.014208586793128575e+01
7.935000000212334044e+02 -1.003977233135910474e+01
7.940000000212654641e+02 -9.963466945284174869e+00
7.945000000212975237e+02 -1.019306349549359147e+01
7.950000000213294697e+02 -1.040602358409534034e+01
7.955000000213615294e+02 -1.029577394089711895e+01
7.960000000213935891e+02 -1.045116966242832035e+01
7.965000000214256488e+02 -1.038720692893667241e+01
7.970000000214577085e+02 -1.048108583395746862e+01
7.975000000214896545e+02 -9.915281710270511084e+00
7.980000000215217142e+02 -1.023234269002542440e+01
7.985000000215537739e+02 -1.018539142793183672e+01
7.990000000215858336e+02 -1.034223026035648552e+01
7.995000000216177796e+02 -9.774953861642048381e+00
8.000000000216498393e+02 -9.874118021880718743e+00
8.005000000216818989e+02 -1.013944480321221420e+01
8.010000000217139586e+02 -1.005846953524243581e+01
8.015000000217459046e+02 -1.021523440008818007e+01
8.020000000217779643e+02 -1.015882372911336873e+01
8.025000000218100240e+02 -1.020083738689423569e+01
8.030000000218420837e+02 -1.060019733281686172e+01
8.035000000218740297e+02 -9.540440164794159017e+00
8.040000000219060894e+02 -1.006069198719951352e+01
8.045000000219381491e+02 -1.002829281863434119e+01
8.050000000219702088e+02 -9.729324293710426730e+00
8.055000000220021548e+02 -1.048792674185479790e+01
8.060000000220342145e+02 -9.858043608203381325e+00
8.065000000220662741e+02 -1.041778461341381501e+01
8.070000000220983338e+02 -9.750042614822824305e+00
8.075000000221303935e+02 -1.016410683717719188e+01
8.080000000221623395e+02 -1.055735401796083828e+01
8.085000000221943992e+02 -9.863168384627975627e+00
8.090000000222264589e+02 -9.958222578959643911e+00
8.095000000222585186e+02 -1.023638568440138208e+01
8.100000000222904646e+02 -1.019493763651128759e+01
8.105000000223225243e+02 -1.012914534038518788e+01
8.110000000223545840e+02 -1.012343218424026325e+01
8.115000000223866436e+02 -1.026876289637310435e+01
8.120000000224185897e+02 -1.001034109828431440e+01
8.125000000224506493e+02 -1.024534339086931212e+01
8.130000000224827090e+02 -1.011378802550741796e+01
8.135000000225147687e+02 -9.774422367280495294e+00
8.140000000225467147e+02 -9.668845288411134220e+00
8.145000000225787744e+02 -9.699532419715609421e+00
8.150000000226108341e+02 -1.030089278819353460e+01
8.155000000226428938e+02 -1.009072237705888142e+01
8.160000000226749535e+02 -1.052041654628466993e+01
8.165000000227068995e+02 -1.037707848306302161e+01
8.170000000227389592e+02 -1.023833958322931004e+01
8.175000000227710188e+02 -9.460824476178705922e+00
8.180000000228030785e+02 -1.066202818939503594e+01
8.185000000228350245e+02 -9.089533549624698949e+00
8.190000000228670842e+02 -1.034292886970906089e+01
8.195000000228991439e+02 -1.006535109072686041e+01
8.200000000229312036e+02 -1.007214712012410018e+01
8.205000000229631496e+02 -1.022376067415123657e+01
8.210000000229952093e+02 -1.032435600189065994e+01
8.215000000230272690e+02 -1.026017407156854944e+01
8.220000000230593287e+02 -9.706969675256351238e+00
8.225000000230912747e+02 -1.043758809286065237e+01
8.230000000231233344e+02 -1.035342216686593275e+01
8.235000000231553940e+02 -9.856796220547529686e+00
8.240000000231874537e+02 -9.971100810151456884e+00
8.245000000232195134e+02 -1.030923132453667712e+01
8.250000000232514594e+02 -9.889553979983290333e+00
8.255000000232835191e+02 -1.025765033841440399e+01
8.260000000233155788e+02 -1.030445505291518771e+01
8.265000000233476385e+02 -9.897299252526792657e+00
8.270000000233795845e+02 -1.037808767471635107e+01
8.275000000234116442e+02 -9.433134454563047555e+00
8.280000000234437039e+02 -1.044170900321311990e+01
8.285000000234757636e+02 -9.876006595582790482e+00
8.290000000235077096e+02 -9.846356208015702549e+00
8.295000000235397692e+02 -1.031624410814763770e+01
8.300000000235718289e+02 -1.008806613925069051e+01
8.305000000236038886e+02 -1.043766750193875659e+01
8.310000000236358346e+02 -1.011233518697980038e+01
8.315000000236678943e+02 -9.999165744330204220e+00
8.320000000236999540e+02 -9.407352190621285359e+00
8.325000000237320137e+02 -1.034318069477710189e+01
8.330000000237640734e+02 -9.891631261480981152e+00
8.335000000237960194e+02 -1.045477281835239403e+01
8.340000000238280791e+02 -1.016750879773025673e+01
8.345000000238601388e+02 -1.024641959451381545e+01
8.350000000238921984e+02 -1.019122868143010407e+01
8.355000000239241444e+02 -1.033390838402020684e+01
8.360000000239562041e+02 -9.952618913304471349e+00
8.365000000239882638e+02 -1.026417840629315137e+01
8.370000000240203235e+02 -1.005559993099175387e+01
8.375000000240522695e+02 -1.039489665418186171e+01
8.380000000240843292e+02 -9.881510604865260561e+00
8.385000000241163889e+02 -1.021347358596871224e+01
8.390000000241484486e+02 -1.008983430792373071e+01
8.395000000241803946e+02 -1.053084725680895772e+01
8.400000000242124543e+02 -1.010481257198576444e+01
8.405000000242445140e+02 -9.893903064831343741e+00
8.410000000242765736e+02 -1.019514298388162743e+01
8.415000000243086333e+02 -9.535404611340048575e+00
8.420000000243405793e+02 -1.029484489973425276e+01
8.425000000243726390e+02 -9.908868342315209077e+00
8.430000000244046987e+02 -1.025169557853942237e+01
8.435000000244367584e+02 -1.022765886130238755e+01
8.440000000244687044e+02 -1.022678779359164025e+01
8.445000000245007641e+02 -9.745339207459192465e+00
8.450000000245328238e+02 -1.060892710715435783e+01
8.455000000245648835e+02 -9.366854184056942145e+00
8.460000000245968295e+02 -9.701060481563045457e+00
8.465000000246288892e+02 -1.033585387357253893e+01
8.470000000246609488e+02 -9.714270953010311516e+00
8.475000000246930085e+02 -1.044274731381015364e+01
8.480000000247249545e+02 -1.005156961503247359e+01
8.485000000247570142e+02 -1.023974472643278055e+01
8.490000000247890739e+02 -1.003068794456521751e+01
8.495000000248211336e+02 -1.002914039296502047e+01
8.500000000248530796e+02 -1.021789048431108426e+01
8.505000000248851393e+02 -9.937746012495193071e+00
8.510000000249171990e+02 -1.050250768266375623e+01
8.515000000249492587e+02 -9.816533610061137338e+00
8.520000000249813183e+02 -1.045351233231894028e+01
8.525000000250132643e+02 -1.037086001405025115e+01
8.530000000250453240e+02 -1.034620614461652188e+01
8.535000000250773837e+02 -9.450918504998300662e+00
8.540000000251094434e+02 -1.038635012480320796e+01
8.545000000251413894e+02 -9.957018753744701911e+00
8.550000000251734491e+02 -1.031198731654467160e+01
8.555000000252055088e+02 -1.043236297585873018e+01
8.560000000252375685e+02 -9.982809178756948398e+00
8.565000000252695145e+02 -1.023184425174050993e+01
8.570000000253015742e+02 -1.007765606268942982e+01
8.575000000253336339e+02 -9.892819354046677560e+00
8.580000000253656935e+02 -9.871338841982328915e+00
8.585000000253976395e+02 -1.034364529100757224e+01
8.590000000254296992e+02 -1.057304679645750589e+01
8.595000000254617589e+02 -1.018569880379502379e+01
8.600000000254938186e+02 -9.935474428864692342e+00
8.605000000255258783e+02 -9.951244419576735112e+00
8.610000000255578243e+02 -1.034994974041577187e+01
8.615000000255898840e+02 -9.608212309636369852e+00
8.620000000256219437e+02 -1.041085889211812265e+01
8.625000000256540034e+02 -9.886599471258499250e+00
8.630000000256859494e+02 -1.058453773689837085e+01
8.635000000257180091e+02 -9.689740518521245960e+00
8.640000000257500687e+02 -1.018983310166669121e+01
8.645000000257821284e+02 -1.000740589510186318e+01
8.650000000258140744e+02 -9.890479070527725014e+00
8.655000000258461341e+02 -9.962679974867672428e+00
8.660000000258781938e+02 -1.021060866246002519e+01
8.665000000259102535e+02 -1.042305207113080812e+01
8.670000000259421995e+02 -9.920839517797555018e+00
8.675000000259742592e+02 -1.027168847276337615e+01
8.680000000260063189e+02 -1.022431763209180033e+01
8.685000000260383786e+02 -9.767164523194377779e+00
8.690000000260704383e+02 -9.935109104274436831e+00
8.695000000261023843e+02 -1.008960389717568695e+01
8.700000000261344439e+02 -1.015291438391718337e+01
8.705000000261665036e+02 -1.091584441615777301e+01
8.710000000261985633e+02 -9.842084871480173192e+00
8.715000000262305093e+02 -1.002100106071731034e+01
8.720000000262625690e+02 -9.989822279378936187e+00
8.725000000262946287e+02 -1.025095223267517497e+01
8.730000000263266884e+02 -1.017027403950342901e+01
8.735000000263586344e+02 -9.933512508480685455e+00
8.740000000263906941e+02 -1.019904492177059119e+01
8.745000000264227538e+02 -9.747446599187714611e+00
8.750000000264548135e+02 -1.018447605500557529e+01
8.755000000264867595e+02 -1.016525641872429908e+01
8.760000000265188191e+02 -1.024007888948000655e+01
8.765000000265508788e+02 -1.027650962697543768e+01
8.770000000265829385e+02 -9.805381889978443510e+00
8.775000000266149982e+02 -9.950355735413973335e+00
8.780000000266469442e+02 -9.812831745453626908e+00
8.785000000266790039e+02 -1.031967157593393125e+01
8.790000000267110636e+02 -1.003886402086083507e+01
8.795000000267431233e+02 -1.019180870755840829e+01
8.800000000267750693e+02 -1.007022656589378329e+01
8.805000000268071290e+02 -9.573749614603581648e+00
8.810000000268391886e+02 -1.003491147946842688e+01
8.815000000268712483e+02 -9.706301955608845233e+00
8.820000000269031943e+02 -1.049954749925007569e+01
8.825000000269352540e+02 -1.027752763301504402e+01
8.830000000269673137e+02 -1.030676286585122803e+01
8.835000000269993734e+02 -9.587151509150125150e+00
8.840000000270313194e+02 -1.075006504295245335e+01
8.845000000270633791e+02 -9.480612398715644318e+00
8.850000000270954388e+02 -1.032908496000216481e+01
8.855000000271274985e+02 -1.042482574907042014e+01
8.860000000271595582e+02 -9.841742575277864447e+00
8.865000000271915042e+02 -1.017508443321145251e+01
8.870000000272235638e+02 -1.040391107522122560e+01
8.875000000272556235e+02 -1.021608182974469869e+01
8.880000000272876832e+02 -1.050263755908200913e+01
8.885000000273196292e+02 -9.976735070367189095e+00
8.890000000273516889e+02 -9.927998012212849943e+00
8.895000000273837486e+02 -1.002432748252063988e+01
8.900000000274158083e+02 -1.008221948302092486e+01
8.905000000274477543e+02 -1.044992031237440067e+01
8.910000000274798140e+02 -1.037305196535639418e+01
8.915000000275118737e+02 -9.542636354096540430e+00
8.920000000275439334e+02 -9.619160792609557475e+00
8.925000000275758794e+02 -1.005841150152343388e+01
8.930000000276079390e+02 -1.029528578821067164e+01
8.935000000276399987e+02 -1.019868681707649216e+01
8.940000000276720584e+02 -1.034449742115542392e+01
8.945000000277040044e+02 -9.984844949765301791e+00
8.950000000277360641e+02 -1.050573530163754832e+01
8.955000000277681238e+02 -9.730571977715399612e+00
8.960000000278001835e+02 -1.006845794136211936e+01
8.965000000278322432e+02 -9.832454926143363139e+00
8.970000000278641892e+02 -1.093285788033964678e+01
8.975000000278962489e+02 -1.017988492553869584e+01
8.980000000279283086e+02 -1.006690376099737350e+01
8.985000000279603682e+02 -1.047567287499362898e+01
8.990000000279923142e+02 -9.841940308957809691e+00
8.995000000280243739e+02 -1.033792317944239159e+01
9.000000000280564336e+02 -1.000798061456613830e+01
9.005000000280884933e+02 -1.017089418034260362e+01
9.010000000281204393e+02 -1.025460900403405518e+01
9.015000000281524990e+02 -9.997661861580636966e+00
9.020000000281845587e+02 -1.031854146891151203e+01
9.025000000282166184e+02 -1.013452110910173154e+01
9.030000000282485644e+02 -1.018407152731031928e+01
9.035000000282806241e+02 -1.022652190348747325e+01
9.040000000283126838e+02 -1.002404453562984266e+01
9.045000000283447434e+02 -1.009028792302525268e+01
9.050000000283768031e+02 -1.024040954215934462e+01
9.055000000284087491e+02 -1.007712450081287336e+01
9.060000000284408088e+02 -1.035038483725327119e+01
9.065000000284728685e+02 -1.000199109839726397e+01
9.070000000285049282e+02 -1.061698772104687549e+01
9.075000000285368742e+02 -1.003185974940825353e+01
9.080000000285689339e+02 -1.004029800144582474e+01
9.085000000286009936e+02 -1.006067708410776262e+01
9.090000000286330533e+02 -1.034410578883517928e+01
9.095000000286649993e+02 -1.044604507044548214e+01
9.100000000286970590e+02 -1.019449756462566015e+01
9.105000000287291186e+02 -1.015122400209117437e+01
9.110000000287611783e+02 -1.037152635880275930e+01
9.115000000287931243e+02 -1.000154782981680768e+01
9.120000000288251840e+02 -9.862480010556977206e+00
9.125000000288572437e+02 -9.753906764418795561e+00
9.130000000288893034e+02 -1.086051504615078400e+01
9.135000000289213631e+02 -9.808059129604750126e+00
9.140000000289533091e+02 -1.017320029016802785e+01
9.145000000289853688e+02 -1.021716293594594305e+01
9.150000000290174285e+02 -9.724122312549896563e+00
9.155000000290494881e+02 -9.850219906717095242e+00
9.160000000290814341e+02 -1.011779197925232587e+01
9.165000000291134938e+02 -1.057239034666831046e+01
9.170000000291455535e+02 -1.027407116489334804e+01
9.175000000291776132e+02 -1.016896947449322042e+01
9.180000000292095592e+02 -1.008325695948613721e+01
9.185000000292416189e+02 -1.012488202815132254e+01
9.190000000292736786e+02 -1.027540661656104426e+01
9.195000000293057383e+02 -1.023960653464351012e+01
9.200000000293376843e+02 -9.835160811496042044e+00
9.205000000293697440e+02 -9.769349078199548231e+00
9.210000000294018037e+02 -1.058186376815109675e+01
9.215000000294338633e+02 -9.607950731865370742e+00
9.220000000294659230e+02 -9.972998434609623430e+00
9.225000000294978690e+02 -9.861634540725921383e+00
9.230000000295299287e+02 -1.005266320241067923e+01
9.235000000295619884e+02 -1.050964082476783723e+01
9.240000000295940481e+02 -9.674030088918875947e+00
9.245000000296259941e+02 -9.934493149881099328e+00
9.250000000296580538e+02 -1.040063279935965568e+01
9.255000000296901135e+02 -1.057700349438090015e+01
9.260000000297221732e+02 -9.874970519280502401e+00
9.265000000297541192e+02 -1.044333908337104688e+01
9.270000000297861789e+02 -1.017680872760677602e+01
9.275000000298182385e+02 -1.040591868966469669e+01
9.280000000298502982e+02 -1.014349291272939979e+01
9.285000000298822442e+02 -1.019753611956825701e+01
9.290000000299143039e+02 -1.009547836900485684e+01
9.295000000299463636e+02 -1.028091598799717943e+01
9.300000000299784233e+02 -1.022674815589073383e+01
9.305000000300104830e+02 -9.751234687232523513e+00
9.310000000300424290e+02 -1.005227641811589301e+01
9.315000000300744887e+02 -1.000946086468212215e+01
9.320000000301065484e+02 -1.015625509411375482e+01
9.325000000301386081e+02 -1.001132272525999056e+01
9.330000000301705541e+02 -1.000767766325027530e+01
9.335000000302026137e+02 -1.043803642275566723e+01
9.340000000302346734e+02 -1.033769896695474522e+01
9.345000000302667331e+02 -1.002719138407315747e+01
9.350000000302986791e+02 -1.019602201488122617e+01
9.355000000303307388e+02 -1.038477001751303774e+01
9.360000000303627985e+02 -1.009042232136996198e+01
9.365000000303948582e+02 -1.024022943861916524e+01
9.370000000304268042e+02 -9.920562098508410642e+00
9.375000000304588639e+02 -1.007222423667513844e+01
9.380000000304909236e+02 -1.013958463616858019e+01
9.385000000305229833e+02 -1.006855305077228024e+01
9.390000000305549293e+02 -1.024486404820808261e+01
9.395000000305869889e+02 -9.537961391287714363e+00
9.400000000306190486e+02 -1.045514385936973589e+01
9.405000000306511083e+02 -1.005380047195322568e+01
9.410000000306831680e+02 -1.024759474727529529e+01
9.415000000307151140e+02 -9.601783544322044506e+00
9.420000000307471737e+02 -1.018388285558281403e+01
9.425000000307792334e+02 -9.851400539367054066e+00
9.430000000308112931e+02 -1.010713496082351348e+01
9.435000000308432391e+02 -1.017852328262742567e+01
9.440000000308752988e+02 -9.466539917485643940e+00
9.445000000309073585e+02 -9.980965639648054832e+00
9.450000000309394181e+02 -1.003056558465658554e+01
9.455000000309713641e+02 -1.051932813866424610e+01
9.460000000310034238e+02 -9.939910365880129106e+00
9.465000000310354835e+02 -9.971597011481650341e+00
9.470000000310675432e+02 -9.784962542359291859e+00
9.475000000310994892e+02 -1.007716438042460894e+01
9.480000000311315489e+02 -1.071081923767389910e+01
9.485000000311636086e+02 -9.992875277080589314e+00
9.490000000311956683e+02 -9.862961480464164765e+00
9.495000000312277280e+02 -1.031246325490472238e+01
9.500000000312596740e+02 -9.751873015711520765e+00
9.505000000312917336e+02 -1.009097986217526532e+01
9.510000000313237933e+02 -1.074301040566648524e+01
9.515000000313558530e+02 -1.013347350327068419e+01
9.520000000313877990e+02 -1.013019790819801536e+01
9.525000000314198587e+02 -9.744056648411220323e+00
9.530000000314519184e+02 -9.852561324356742034e+00
9.535000000314839781e+02 -9.751370012423034694e+00
9.540000000315159241e+02 -1.020115315311570647e+01
9.545000000315479838e+02 -1.010599047183453258e+01
9.550000000315800435e+02 -1.013119763519882000e+01
9.555000000316121032e+02 -1.014943096556940105e+01
9.560000000316440492e+02 -9.936827517178768332e+00
9.565000000316761088e+02 -1.041973792399648246e+01
9.570000000317081685e+02 -9.997724766051181433e+00
9.575000000317402282e+02 -1.038703017360781722e+01
9.580000000317722879e+02 -1.026203934913239557e+01
9.585000000318042339e+02 -9.918578297656107878e+00
9.590000000318362936e+02 -1.028871129234457094e+01
9.595000000318683533e+02 -9.850543895022759955e+00
9.600000000319004130e+02 -9.950473743467632914e+00
9.605000000319323590e+02 -1.031574228758897327e+01
9.610000000319644187e+02 -1.022945474884643424e+01
9.615000000319964784e+02 -1.029116523541747696e+01
9.620000000320285380e+02 -9.832034762492426694e+00
9.625000000320604840e+02 -1.047570340408294420e+01
9.630000000320925437e+02 -1.024909947744300709e+01
9.635000000321246034e+02 -1.002028383578294601e+01
9.640000000321566631e+02 -1.001682238636695033e+01
9.645000000321886091e+02 -1.044641824080578907e+01
9.650000000322206688e+02 -9.731170063585896202e+00
9.655000000322527285e+02 -9.931497350003684943e+00
9.660000000322847882e+02 -9.937632713890813818e+00
9.665000000323168479e+02 -1.036480278566082980e+01
9.670000000323487939e+02 -1.037144895691483804e+01
9.675000000323808536e+02 -9.974760929043950952e+00
9.680000000324129132e+02 -1.007765746328615286e+01
9.685000000324449729e+02 -1.010371732381221754e+01
9.690000000324769189e+02 -1.043934136809566127e+01
9.695000000325089786e+02 -1.063485412965490795e+01
9.700000000325410383e+02 -1.049132435087742543e+01
9.705000000325730980e+02 -1.011388163335110590e+01
9.710000000326050440e+02 -1.050497222012713827e+01
9.715000000326371037e+02 -1.017833038496844189e+01
9.720000000326691634e+02 -1.018961769435505360e+01
9.725000000327012231e+02 -9.619684570497396336e+00
9.730000000327331691e+02 -1.015690109002643915e+01
9.735000000327652288e+02 -1.023227868590052836e+01
9.740000000327972884e+02 -9.866306117504089812e+00
9.745000000328293481e+02 -1.025166672563468140e+01
9.750000000328614078e+02 -1.031864193475764502e+01
9.755000000328933538e+02 -9.949794672224205883e+00
9.760000000329254135e+02 -9.695275236918845962e+00
9.765000000329574732e+02 -9.894290354814975430e+00
9.770000000329895329e+02 -9.983135548375635437e+00
9.775000000330214789e+02 -1.030041595151611311e+01
9.780000000330535386e+02 -1.059190679661684342e+01
9.785000000330855983e+02 -1.028518754535185309e+01
9.790000000331176579e+02 -9.496372349884879327e+00
9.795000000331496040e+02 -1.024144552679089060e+01
9.800000000331816636e+02 -1.004536917509120109e+01
9.805000000332137233e+02 -1.024431785157171682e+01
9.810000000332457830e+02 -1.042218897998209037e+01
9.815000000332777290e+02 -9.749027694558147772e+00
9.820000000333097887e+02 -1.031903553758125724e+01
9.825000000333418484e+02 -1.017700194760566390e+01
9.830000000333739081e+02 -1.050104674292843754e+01
9.835000000334058541e+02 -9.922972561983710804e+00
9.840000000334379138e+02 -1.068733691352311510e+01
9.845000000334699735e+02 -9.727114970658043092e+00
9.850000000335020331e+02 -1.006764405278184782e+01
9.855000000335340928e+02 -1.000794485268183642e+01
9.860000000335660388e+02 -1.006806295081671543e+01
9.865000000335980985e+02 -1.004168604215832872e+01
9.870000000336301582e+02 -1.003094543492404433e+01
9.875000000336622179e+02 -1.014710493714742512e+01
9.880000000336941639e+02 -1.002849585816204225e+01
9.885000000337262236e+02 -1.012987381084249172e+01
9.890000000337582833e+02 -1.030581830092226880e+01
9.895000000337903430e+02 -1.050047407876896344e+01
9.900000000338222890e+02 -1.028163299795446406e+01
9.905000000338543487e+02 -9.910095405676917935e+00
9.910000000338864083e+02 -1.011753156867682613e+01
9.915000000339184680e+02 -1.037223921444409847e+01
9.920000000339504140e+02 -1.035093869849376702e+01
9.925000000339824737e+02 -1.024546750522681826e+01
9.930000000340145334e+02 -9.635408649781954438e+00
9.935000000340465931e+02 -9.850409693503943132e+00
9.940000000340786528e+02 -1.026856126453014006e+01
9.945000000341105988e+02 -9.883658795724512558e+00
9.950000000341426585e+02 -1.054113872554153097e+01
9.955000000341747182e+02 -1.004603574460245241e+01
9.960000000342067779e+02 -1.071579903378605358e+01
9.965000000342387239e+02 -1.007283762221426215e+01
9.970000000342707835e+02 -1.023392011043536165e+01
9.975000000343028432e+02 -1.003621706304346262e+01
9.980000000343349029e+02 -1.002864718572564051e+01
9.985000000343668489e+02 -9.915363695427132029e+00
9.990000000343989086e+02 -9.598779630195405588e+00
9.995000000344309683e+02 -1.035331957491599297e+01
1.000000000034463028e+03 -1.028847737543435770e+01
