# Time (ps)	CV (angstrom)
9.999999999975766229e+01 -7.549145652048950161e+00
1.004999999997559001e+02 -7.932583702409178983e+00
1.009999999997541380e+02 -7.700732444087759809e+00
1.014999999997533990e+02 -7.975443605853858919e+00
1.019999999997629061e+02 -7.792135810090108805e+00
1.024999999997724132e+02 -7.730763132701654605e+00
1.029999999997819060e+02 -7.579461323077839374e+00
1.034999999997914131e+02 -8.039853563048156460e+00
1.039999999998009201e+02 -7.268459944691815444e+00
1.044999999998104272e+02 -8.265220531361356038e+00
1.049999999998199343e+02 -7.300180036078602441e+00
1.054999999998294413e+02 -7.761997526184994278e+00
1.059999999998389484e+02 -7.805484582069359689e+00
1.064999999998484554e+02 -7.510499447091051550e+00
1.069999999998579483e+02 -7.763902718641629619e+00
1.074999999998674554e+02 -7.648619446898425878e+00
1.079999999998769624e+02 -8.013950168982887590e+00
1.084999999998864695e+02 -7.915107498766320582e+00
1.089999999998959765e+02 -7.798673493540879242e+00
1.094999999999054836e+02 -7.695101916748106952e+00
1.099999999999149907e+02 -7.278441585509057177e+00
1.104999999999244977e+02 -7.729355019645050895e+00
1.109999999999339906e+02 -7.111756487164567098e+00
1.114999999999434976e+02 -8.430477387385712618e+00
1.119999999999530047e+02 -7.351384752047844806e+00
1.124999999999625118e+02 -8.013918643292747390e+00
1.129999999999720188e+02 -7.479430619975196315e+00
1.134999999999815259e+02 -7.889465943075356869e+00
1.139999999999910330e+02 -7.584386701521641960e+00
1.145000000000005400e+02 -7.725647158431452333e+00
1.150000000000100329e+02 -7.259764932026897100e+00
1.155000000000195399e+02 -8.031083323120329354e+00
1.160000000000290470e+02 -7.995223304839621292e+00
1.165000000000385540e+02 -6.594416361009919569e+00
1.170000000000480611e+02 -7.576640399957244476e+00
1.175000000000575682e+02 -7.858789633830375543e+00
1.180000000000670752e+02 -7.612350617965007338e+00
1.185000000000765823e+02 -7.950307620687742549e+00
1.190000000000860751e+02 -7.374249214665448804e+00
1.195000000000955822e+02 -7.895587480202582498e+00
1.200000000001050893e+02 -8.017401649015075904e+00
1.205000000001145963e+02 -6.878953232825003816e+00
1.210000000001241034e+02 -7.913202018047988062e+00
1.215000000001336105e+02 -7.851598480973700056e+00
1.220000000001431175e+02 -7.712893479825542187e+00
1.225000000001526246e+02 -7.672885679777779799e+00
1.230000000001621174e+02 -8.085608805633901497e+00
1.235000000001716245e+02 -7.512648829609520185e+00
1.240000000001811316e+02 -7.942421952308568400e+00
1.245000000001906386e+02 -7.429745245017757682e+00
1.250000000002001457e+02 -7.606557382869484130e+00
1.255000000002096527e+02 -7.744155711884091353e+00
1.260000000002191598e+02 -7.797853755409111187e+00
1.265000000002286527e+02 -7.185330783549477296e+00
1.270000000002381597e+02 -8.017758969074289865e+00
1.275000000002476668e+02 -7.308946105296561413e+00
1.280000000002571880e+02 -7.804733984035672201e+00
1.285000000002666809e+02 -7.615246452323616744e+00
1.290000000002761738e+02 -7.518967510356232786e+00
1.295000000002856950e+02 -7.584471437665974314e+00
1.300000000002951879e+02 -7.588196153876491934e+00
1.305000000003047091e+02 -7.547036313047025935e+00
1.310000000003142020e+02 -7.669204571521743397e+00
1.315000000003237233e+02 -7.593463619662812469e+00
1.320000000003332161e+02 -7.130207223993091148e+00
1.325000000003427090e+02 -8.381642490358384379e+00
1.330000000003522302e+02 -7.340664146167453552e+00
1.335000000003617231e+02 -7.884656154380376591e+00
1.340000000003712444e+02 -7.641278537557587569e+00
1.345000000003807372e+02 -7.868815611327683257e+00
1.350000000003902585e+02 -7.778196852094038327e+00
1.355000000003997513e+02 -7.572846422410193234e+00
1.360000000004092726e+02 -7.730930046444561832e+00
1.365000000004187655e+02 -7.705909938475655530e+00
1.370000000004282583e+02 -7.687755404050058416e+00
1.375000000004377796e+02 -8.185762185982486727e+00
1.380000000004472724e+02 -7.709263865869714571e+00
1.385000000004567937e+02 -7.843463631240733314e+00
1.390000000004662866e+02 -7.814547813864442638e+00
1.395000000004758078e+02 -7.704328862573172287e+00
1.400000000004853007e+02 -7.596110841974096139e+00
1.405000000004947935e+02 -7.977655769385926909e+00
1.410000000005043148e+02 -7.581068842767521687e+00
1.415000000005138077e+02 -7.895703766709752713e+00
1.420000000005233289e+02 -7.735834300427654853e+00
1.425000000005328218e+02 -7.489371979496428189e+00
1.430000000005423431e+02 -7.481581053306717521e+00
1.435000000005518359e+02 -7.988265308216543126e+00
1.440000000005613572e+02 -7.646362398551008965e+00
1.445000000005708500e+02 -7.400398786374366544e+00
1.450000000005803429e+02 -7.916610683830572093e+00
1.455000000005898642e+02 -7.567354642035365231e+00
1.460000000005993570e+02 -7.817996603862868099e+00
1.465000000006088783e+02 -7.445164737101600316e+00
1.470000000006183711e+02 -7.786247467072494821e+00
1.475000000006278924e+02 -7.656109073563128753e+00
1.480000000006373853e+02 -7.882732113579060673e+00
1.485000000006468781e+02 -7.234874441067612238e+00
1.490000000006563994e+02 -7.370856316094075211e+00
1.495000000006658922e+02 -7.453523206074834206e+00
1.500000000006754135e+02 -7.859610472866401132e+00
1.505000000006849064e+02 -7.470201904137621085e+00
1.510000000006944276e+02 -7.838790817010898415e+00
1.515000000007039205e+02 -7.691851633838755475e+00
1.520000000007134133e+02 -7.912501172130085969e+00
1.525000000007229346e+02 -7.641280885542893309e+00
1.530000000007324275e+02 -7.612298753181600652e+00
1.535000000007419487e+02 -7.834569468065388342e+00
1.540000000007514416e+02 -7.482384363681982009e+00
1.545000000007609628e+02 -7.707418054805859953e+00
1.550000000007704557e+02 -7.265385770643965735e+00
1.555000000007799770e+02 -7.404560984711447524e+00
1.560000000007894698e+02 -7.288619364208897444e+00
1.565000000007989627e+02 -8.061263452442155142e+00
1.570000000008084839e+02 -7.220793017708793116e+00
1.575000000008179768e+02 -7.605518849342684184e+00
1.580000000008274981e+02 -7.831064196531928978e+00
1.585000000008369909e+02 -7.667900637454106771e+00
1.590000000008465122e+02 -6.911519154828200229e+00
1.595000000008560050e+02 -7.275622055581862035e+00
1.600000000008654979e+02 -7.672929828536139141e+00
1.605000000008750192e+02 -8.114181788277278429e+00
1.610000000008845120e+02 -7.165465460853120305e+00
1.615000000008940333e+02 -7.813606750596684414e+00
1.620000000009035261e+02 -7.681914213004093384e+00
1.625000000009130474e+02 -7.183850415710875126e+00
1.630000000009225403e+02 -7.254920933747673217e+00
1.635000000009320615e+02 -7.891205416135060879e+00
1.640000000009415544e+02 -7.416180831421541164e+00
1.645000000009510472e+02 -7.720653839241611749e+00
1.650000000009605685e+02 -7.806462322521363184e+00
1.655000000009700614e+02 -7.065968511572435773e+00
1.660000000009795826e+02 -7.449014317065832280e+00
1.665000000009890755e+02 -7.651808226637572652e+00
1.670000000009985968e+02 -7.863641035254271827e+00
1.675000000010080896e+02 -7.451262390142542102e+00
1.680000000010175825e+02 -7.768944754059306845e+00
1.685000000010271037e+02 -7.333507359470672782e+00
1.690000000010365966e+02 -7.854338957936453980e+00
1.695000000010461179e+02 -7.317490407739177805e+00
1.700000000010556107e+02 -8.022227150813826313e+00
1.705000000010651320e+02 -8.005612099454282315e+00
1.710000000010746248e+02 -7.905261179041781716e+00
1.715000000010841177e+02 -6.982006374999905063e+00
1.720000000010936390e+02 -8.305597295817324976e+00
1.725000000011031318e+02 -7.383256284627421451e+00
1.730000000011126531e+02 -8.176756018488188005e+00
1.735000000011221459e+02 -7.447801777670899348e+00
1.740000000011316672e+02 -7.614779431430497958e+00
1.745000000011411601e+02 -8.059987665188385719e+00
1.750000000011506813e+02 -7.465908119853039260e+00
1.755000000011601742e+02 -7.574600840043681060e+00
1.760000000011696670e+02 -7.822129634651972196e+00
1.765000000011791883e+02 -7.576716672830698940e+00
1.770000000011886812e+02 -7.942664436780404458e+00
1.775000000011982024e+02 -7.575653262217096895e+00
1.780000000012076953e+02 -7.557509726252422233e+00
1.785000000012172165e+02 -7.807419237198781836e+00
1.790000000012267094e+02 -7.087854369601264359e+00
1.795000000012362023e+02 -8.037896669405125039e+00
1.800000000012457235e+02 -8.091177231097782752e+00
1.805000000012552164e+02 -7.816242802608285523e+00
1.810000000012647376e+02 -7.529059665595798201e+00
1.815000000012742305e+02 -7.414512647557351066e+00
1.820000000012837518e+02 -7.914472928671400176e+00
1.825000000012932446e+02 -7.856561627108971102e+00
1.830000000013027659e+02 -8.022814118659001181e+00
1.835000000013122587e+02 -7.656311738831905522e+00
1.840000000013217516e+02 -7.809770597347326593e+00
1.845000000013312729e+02 -7.474983278232911310e+00
1.850000000013407657e+02 -7.806675744301870168e+00
1.855000000013502870e+02 -7.660080553153155947e+00
1.860000000013597798e+02 -7.254120227404316168e+00
1.865000000013693011e+02 -8.462674065515333410e+00
1.870000000013787940e+02 -7.721317928070080328e+00
1.875000000013882868e+02 -7.131321621365080965e+00
1.880000000013978081e+02 -7.821682340588129279e+00
1.885000000014073009e+02 -7.912231461444362068e+00
1.890000000014168222e+02 -7.462001767532561836e+00
1.895000000014263151e+02 -7.945910846678649442e+00
1.900000000014358363e+02 -7.806194323209701302e+00
1.905000000014453292e+02 -8.429569392511568893e+00
1.910000000014548220e+02 -7.004657163597985736e+00
1.915000000014643433e+02 -8.382266894103462818e+00
1.920000000014738362e+02 -7.451485722673217182e+00
1.925000000014833574e+02 -8.102365215018609845e+00
1.930000000014928503e+02 -7.936146959747744312e+00
1.935000000015023716e+02 -7.347641702193043578e+00
1.940000000015118644e+02 -7.501240366362992518e+00
1.945000000015213857e+02 -7.806297751891304593e+00
1.950000000015308785e+02 -7.664105340457884274e+00
1.955000000015403714e+02 -7.673518746853645212e+00
1.960000000015498927e+02 -7.814422957921173918e+00
1.965000000015593855e+02 -7.565884837647087302e+00
1.970000000015689068e+02 -7.170034127840563265e+00
1.975000000015783996e+02 -7.777105923680969646e+00
1.980000000015879209e+02 -7.425934191178162003e+00
1.985000000015974138e+02 -7.666639681436913989e+00
1.990000000016069066e+02 -7.326998098324127184e+00
1.995000000016164279e+02 -7.419286955822093077e+00
2.000000000016259207e+02 -7.364252872268774119e+00
2.005000000016354420e+02 -7.460062506080975098e+00
2.010000000016449349e+02 -7.821888541754875135e+00
2.015000000016544561e+02 -7.326068478218742186e+00
2.020000000016639490e+02 -7.779784944633532540e+00
2.025000000016734703e+02 -7.459424464094579044e+00
2.030000000016789556e+02 -7.822296809849385468e+00
2.035000000016659385e+02 -6.964125297970080730e+00
2.040000000016529214e+02 -7.582024149974317062e+00
2.045000000016398758e+02 -7.903486136125507322e+00
2.050000000016268586e+02 -7.624162962172998270e+00
2.055000000016138415e+02 -7.797273399357484536e+00
2.060000000016008244e+02 -7.384468096185612396e+00
2.065000000015878072e+02 -8.004355197556259682e+00
2.070000000015747617e+02 -7.589979739066010644e+00
2.075000000015617445e+02 -7.135187301336480381e+00
2.080000000015487274e+02 -8.374225115112457374e+00
2.085000000015357102e+02 -7.379594784381087180e+00
2.090000000015226931e+02 -7.558503283679174345e+00
2.095000000015096475e+02 -7.477923841166310481e+00
2.100000000014966304e+02 -7.356148538775931556e+00
2.105000000014836132e+02 -7.601897777453532790e+00
2.110000000014705961e+02 -7.523337834347579189e+00
2.115000000014575789e+02 -7.243740853849791606e+00
2.120000000014445618e+02 -8.053239212658262147e+00
2.125000000014315162e+02 -7.443853040945041855e+00
2.130000000014184991e+02 -7.518126516255278169e+00
2.135000000014054820e+02 -7.449035733749962418e+00
2.140000000013924648e+02 -7.785038306562102051e+00
2.145000000013794477e+02 -7.991229770252634701e+00
2.150000000013664021e+02 -7.127436229089839870e+00
2.155000000013533850e+02 -7.582639889427633229e+00
2.160000000013403678e+02 -7.151101052676557934e+00
2.165000000013273507e+02 -7.084280725194993522e+00
2.170000000013143335e+02 -8.010030952139215898e+00
2.175000000013013164e+02 -7.643644226500706296e+00
2.180000000012882708e+02 -7.828438301724414572e+00
2.185000000012752537e+02 -7.649694790635019004e+00
2.190000000012622365e+02 -7.920889743260107529e+00
2.195000000012492194e+02 -7.617158797993525354e+00
2.200000000012362023e+02 -7.647799179901239697e+00
2.205000000012231567e+02 -6.861854581494179151e+00
2.210000000012101395e+02 -7.695010464397778804e+00
2.215000000011971224e+02 -7.904520068108695341e+00
2.220000000011841053e+02 -7.405431866556122067e+00
2.225000000011710881e+02 -7.779137158167055865e+00
2.230000000011580710e+02 -7.733953445703392049e+00
2.235000000011450254e+02 -7.748412704237869875e+00
2.240000000011320083e+02 -7.488230547707689588e+00
2.245000000011189911e+02 -8.029507415017235417e+00
2.250000000011059740e+02 -7.177698316549981250e+00
2.255000000010929568e+02 -7.643844078859072688e+00
2.260000000010799113e+02 -7.529250834298417239e+00
2.265000000010668941e+02 -7.279689891318206207e+00
2.270000000010538770e+02 -8.110630641265418106e+00
2.275000000010408598e+02 -7.406475687940307751e+00
2.280000000010278427e+02 -7.422638640858751913e+00
2.285000000010148256e+02 -7.470390972568751842e+00
2.290000000010017800e+02 -7.754061671207833406e+00
2.295000000009887628e+02 -7.728548547404343161e+00
2.300000000009757457e+02 -7.839752421847641095e+00
2.305000000009627286e+02 -6.689296413188820623e+00
2.310000000009497114e+02 -7.545303769556492846e+00
2.315000000009366659e+02 -7.616854794388794758e+00
2.320000000009236487e+02 -8.005291654817691338e+00
2.325000000009106316e+02 -7.724300054032015694e+00
2.330000000008976144e+02 -7.758426077590949710e+00
2.335000000008845973e+02 -7.620807130478579161e+00
2.340000000008715517e+02 -7.558761112729056819e+00
2.345000000008585346e+02 -7.800519576840787117e+00
2.350000000008455174e+02 -7.901494002709718245e+00
2.355000000008325003e+02 -7.547573949337337496e+00
2.360000000008194831e+02 -7.421321374795969206e+00
2.365000000008064660e+02 -7.548972723835190024e+00
2.370000000007934204e+02 -8.107804485433641517e+00
2.375000000007804033e+02 -7.528642317895242186e+00
2.380000000007673862e+02 -7.857547695054633685e+00
2.385000000007543690e+02 -7.560380289770796125e+00
2.390000000007413519e+02 -7.750910743433014005e+00
2.395000000007283063e+02 -7.344794585413218613e+00
2.400000000007152892e+02 -7.102648261374547189e+00
2.405000000007022720e+02 -8.023727730796363034e+00
2.410000000006892549e+02 -7.496592285139763057e+00
2.415000000006762377e+02 -7.779923829560624782e+00
2.420000000006632206e+02 -7.784140856420334487e+00
2.425000000006501750e+02 -7.735134915133475175e+00
2.430000000006371579e+02 -7.033260100713685681e+00
2.435000000006241407e+02 -8.220740505136417298e+00
2.440000000006111236e+02 -7.269840382319390670e+00
2.445000000005981065e+02 -7.692662683881382080e+00
2.450000000005850609e+02 -7.428591923516653317e+00
2.455000000005720437e+02 -7.604108677415178263e+00
2.460000000005590266e+02 -7.263701610463018987e+00
2.465000000005460095e+02 -7.924365843505917439e+00
2.470000000005329923e+02 -7.661496292550820542e+00
2.475000000005199752e+02 -8.013400270987643736e+00
2.480000000005069296e+02 -7.375136579821306881e+00
2.485000000004939125e+02 -7.629312005554726106e+00
2.490000000004808953e+02 -7.259489826499248899e+00
2.495000000004678782e+02 -7.768840912732515314e+00
2.500000000004548610e+02 -7.889533298746154166e+00
2.505000000004418155e+02 -7.503170531275346278e+00
2.510000000004287983e+02 -7.604910446252451273e+00
2.515000000004157812e+02 -7.721494283930589120e+00
2.520000000004027640e+02 -7.829543468582786048e+00
2.525000000003897469e+02 -7.846730341204732895e+00
2.530000000003767013e+02 -7.181285533335287852e+00
2.535000000003636842e+02 -8.156454890744049280e+00
2.540000000003506671e+02 -7.064270609517398825e+00
2.545000000003376499e+02 -8.113260479567205863e+00
2.550000000003246328e+02 -7.433847805504059103e+00
2.555000000003116156e+02 -7.131601340368198372e+00
2.560000000002985985e+02 -7.391300134468258953e+00
2.565000000002855813e+02 -7.699544713299825816e+00
2.570000000002725642e+02 -7.745122323781060025e+00
2.575000000002594902e+02 -8.320530729142742388e+00
2.580000000002464731e+02 -7.960956371961270150e+00
2.585000000002334559e+02 -7.546123135825191675e+00
2.590000000002204388e+02 -7.782887671308317046e+00
2.595000000002074216e+02 -7.881644766184431106e+00
2.600000000001944045e+02 -7.326816222763286923e+00
2.605000000001813873e+02 -7.871055499944905165e+00
2.610000000001683702e+02 -6.984733037051499061e+00
2.615000000001553531e+02 -8.241939741784918283e+00
2.620000000001423359e+02 -7.745525305895111678e+00
2.625000000001292619e+02 -7.021691774738354930e+00
2.630000000001162448e+02 -8.080703162766074144e+00
2.635000000001032276e+02 -7.676046786231557562e+00
2.640000000000902105e+02 -7.208964665587623166e+00
2.645000000000771934e+02 -8.161153643854644812e+00
2.650000000000641762e+02 -7.326102672523297166e+00
2.655000000000511591e+02 -7.792161428237000642e+00
2.660000000000381419e+02 -7.741059023369378345e+00
2.665000000000251248e+02 -7.645327922285875211e+00
2.670000000000121076e+02 -7.945485476828154425e+00
2.674999999999990905e+02 -7.681007947330094510e+00
2.679999999999860165e+02 -7.573331322163503465e+00
2.684999999999729994e+02 -7.898619693562445754e+00
2.689999999999599822e+02 -7.427551830279690570e+00
2.694999999999469651e+02 -7.484929173768545496e+00
2.699999999999339479e+02 -7.741246835068483101e+00
2.704999999999209308e+02 -7.277598566327433183e+00
2.709999999999079137e+02 -7.534679539839879148e+00
2.714999999998948965e+02 -7.793981035929371082e+00
2.719999999998818794e+02 -7.345073837743254508e+00
2.724999999998688622e+02 -7.601620073132961508e+00
2.729999999998558451e+02 -7.640880452573948212e+00
2.734999999998427711e+02 -7.957192200599311427e+00
2.739999999998297540e+02 -7.641383928150325744e+00
2.744999999998167368e+02 -7.398817816410049097e+00
2.749999999998037197e+02 -7.475877970547751161e+00
2.754999999997907025e+02 -7.330156289795360713e+00
2.759999999997776854e+02 -8.118147948537624004e+00
2.764999999997646682e+02 -7.497912657325651153e+00
2.769999999997516511e+02 -8.057027331568756168e+00
2.774999999997386340e+02 -7.842441745346595106e+00
2.779999999997256168e+02 -7.509136511576927298e+00
2.784999999997125997e+02 -7.427584317072221332e+00
2.789999999996995257e+02 -8.326339043573884879e+00
2.794999999996865085e+02 -7.479113436918019886e+00
2.799999999996734914e+02 -7.651761507523467287e+00
2.804999999996604743e+02 -8.013680432614210147e+00
2.809999999996474571e+02 -7.552683065015285635e+00
2.814999999996344400e+02 -6.994728779382952233e+00
2.819999999996214228e+02 -7.678995949672359878e+00
2.824999999996084057e+02 -7.789235225490613423e+00
2.829999999995953885e+02 -7.134868680014998965e+00
2.834999999995823714e+02 -7.271075743947706727e+00
2.839999999995693543e+02 -7.182650548478039632e+00
2.844999999995562803e+02 -8.035555980735608728e+00
2.849999999995432631e+02 -7.641833501985566990e+00
2.854999999995302460e+02 -7.693119145042222939e+00
2.859999999995172288e+02 -7.306892719357135135e+00
2.864999999995042117e+02 -7.295563983541881292e+00
2.869999999994911946e+02 -7.971017954636227643e+00
2.874999999994781774e+02 -7.907111319848884712e+00
2.879999999994651603e+02 -7.305668195260459186e+00
2.884999999994521431e+02 -7.945991999499305791e+00
2.889999999994391260e+02 -7.069344775346959153e+00
2.894999999994261088e+02 -7.845247668753825288e+00
2.899999999994130349e+02 -7.539549108299225644e+00
2.904999999994000177e+02 -7.420137961069067423e+00
2.909999999993870006e+02 -7.789733475937728358e+00
2.914999999993739834e+02 -7.543060178178924602e+00
2.919999999993609663e+02 -7.609247852557182057e+00
2.924999999993479491e+02 -7.703893885715660694e+00
2.929999999993349320e+02 -7.528222196287984502e+00
2.934999999993219149e+02 -8.182301724886256622e+00
2.939999999993088977e+02 -7.855226555920759246e+00
2.944999999992958806e+02 -7.035567638331718499e+00
2.949999999992828634e+02 -8.300917644758177616e+00
2.954999999992697894e+02 -7.705452502589257513e+00
2.959999999992567723e+02 -7.592165780222590143e+00
2.964999999992437552e+02 -7.650386410226196254e+00
2.969999999992307380e+02 -7.938457430044818075e+00
2.974999999992177209e+02 -7.511702115848678751e+00
2.979999999992047037e+02 -7.976915090736878433e+00
2.984999999991916866e+02 -7.815391907815364192e+00
2.989999999991786694e+02 -7.838404272180826915e+00
2.994999999991656523e+02 -7.522503820790980456e+00
2.999999999991526352e+02 -7.803139184821743513e+00
3.004999999991396180e+02 -8.060435550513883385e+00
3.009999999991265440e+02 -7.707538145555019149e+00
3.014999999991135269e+02 -6.976156201382842426e+00
3.019999999991005097e+02 -7.483164952275502380e+00
3.024999999990874926e+02 -7.978916187646584390e+00
3.029999999990744755e+02 -7.414694130351641377e+00
3.034999999990614583e+02 -7.858442142156611077e+00
3.039999999990484412e+02 -7.423786646211288698e+00
3.044999999990354240e+02 -7.705086906047307949e+00
3.049999999990224069e+02 -7.650131245842742622e+00
3.054999999990093897e+02 -7.846776814966123226e+00
3.059999999989963158e+02 -7.434556710818859493e+00
3.064999999989832986e+02 -7.546417647024460607e+00
3.069999999989702815e+02 -7.436080418289703786e+00
3.074999999989572643e+02 -7.604653965479289290e+00
3.079999999989442472e+02 -7.704554825709769794e+00
3.084999999989312300e+02 -7.412571001404853810e+00
3.089999999989182129e+02 -7.755668268670634191e+00
3.094999999989051958e+02 -7.521152587645971721e+00
3.099999999988921786e+02 -7.469264939138076542e+00
3.104999999988791615e+02 -8.202315714468603858e+00
3.109999999988661443e+02 -7.454721727099085982e+00
3.114999999988530703e+02 -7.243073272032418686e+00
3.119999999988400532e+02 -7.972857329616730659e+00
3.124999999988270361e+02 -7.411470533685748485e+00
3.129999999988140189e+02 -7.708856183295961451e+00
3.134999999988010018e+02 -7.696001021568103617e+00
3.139999999987879846e+02 -7.215487938593787121e+00
3.144999999987749675e+02 -7.985990319756722577e+00
3.149999999987619503e+02 -8.056675872344154499e+00
3.154999999987489332e+02 -7.487660573643959872e+00
3.159999999987359161e+02 -7.731487506816326238e+00
3.164999999987228989e+02 -7.605477800295783908e+00
3.169999999987098249e+02 -7.363833594017109796e+00
3.174999999986968078e+02 -7.883775236692866173e+00
3.179999999986837906e+02 -7.546737560463129491e+00
3.184999999986707735e+02 -7.873233865284527511e+00
3.189999999986577564e+02 -7.682663291446863774e+00
3.194999999986447392e+02 -7.918657201049333239e+00
3.199999999986317221e+02 -7.299705663155791058e+00
3.204999999986187049e+02 -7.941192212817977492e+00
3.209999999986056878e+02 -7.687773898266451411e+00
3.214999999985926706e+02 -7.441168926234920988e+00
3.219999999985796535e+02 -8.177118658408002005e+00
3.224999999985665795e+02 -7.522545660738892970e+00
3.229999999985535624e+02 -7.256129199811277353e+00
3.234999999985405452e+02 -7.643736797384740989e+00
3.239999999985275281e+02 -7.866888538119363616e+00
3.244999999985145109e+02 -7.525356685100178744e+00
3.249999999985014938e+02 -7.701766850199311065e+00
3.254999999984884766e+02 -7.540604954955782979e+00
3.259999999984754595e+02 -7.715454141942769795e+00
3.264999999984624424e+02 -7.882850424345973828e+00
3.269999999984494252e+02 -7.215808371293062073e+00
3.274999999984364081e+02 -7.686475342224190044e+00
3.279999999984233341e+02 -7.859834902599029505e+00
3.284999999984103169e+02 -7.425572922131938647e+00
3.289999999983972998e+02 -7.637628672158340848e+00
3.294999999983842827e+02 -7.492963227010895011e+00
3.299999999983712655e+02 -7.388939507142871399e+00
3.304999999983582484e+02 -7.792373998634505305e+00
3.309999999983452312e+02 -7.497331229464754720e+00
3.314999999983322141e+02 -7.034747034526295018e+00
3.319999999983191969e+02 -7.904344273106628904e+00
3.324999999983061798e+02 -7.458501068907947840e+00
3.329999999982931627e+02 -7.392694807369225352e+00
3.334999999982800887e+02 -7.429297535433838640e+00
3.339999999982670715e+02 -7.665328408607544830e+00
3.344999999982540544e+02 -7.424331653807843878e+00
3.349999999982410372e+02 -7.605667021230379632e+00
3.354999999982280201e+02 -7.930821072599599120e+00
3.359999999982150030e+02 -7.233158258833334742e+00
3.364999999982019858e+02 -7.582215610984689214e+00
3.369999999981889687e+02 -7.528761304285545464e+00
3.374999999981759515e+02 -7.351069334851313641e+00
3.379999999981629344e+02 -7.455944544633732463e+00
3.384999999981499172e+02 -7.888089685669799955e+00
3.389999999981368433e+02 -7.854392727651914541e+00
3.394999999981238261e+02 -7.426080405972609100e+00
3.399999999981108090e+02 -7.992085729131797045e+00
3.404999999980977918e+02 -6.963228820641608863e+00
3.409999999980847747e+02 -7.689462108706726085e+00
3.414999999980717575e+02 -7.494770931665345692e+00
3.419999999980587404e+02 -7.640641626955203769e+00
3.424999999980457233e+02 -7.152421564154500366e+00
3.429999999980327061e+02 -7.652395194477836782e+00
3.434999999980196890e+02 -7.697675082483306674e+00
3.439999999980066718e+02 -7.667377009025221568e+00
3.444999999979935978e+02 -7.271085518693975125e+00
3.449999999979805807e+02 -7.851286198914460890e+00
3.454999999979675636e+02 -7.676907421614023619e+00
3.459999999979545464e+02 -7.239654413573540559e+00
3.464999999979415293e+02 -7.766385144726094758e+00
3.469999999979285121e+02 -7.451493548551872514e+00
3.474999999979154950e+02 -7.521911462429589967e+00
3.479999999979024778e+02 -8.091402066128168258e+00
3.484999999978894607e+02 -8.025262162554691159e+00
3.489999999978764436e+02 -7.500811942542997102e+00
3.494999999978633696e+02 -7.543225351281196644e+00
3.499999999978503524e+02 -7.819521142262394697e+00
3.504999999978373353e+02 -7.210361116373070978e+00
3.509999999978243181e+02 -7.635597236189531678e+00
3.514999999978113010e+02 -7.807387337019386031e+00
3.519999999977982839e+02 -7.696890040415243384e+00
3.524999999977852667e+02 -7.643156794417071964e+00
3.529999999977722496e+02 -7.348287768243189078e+00
3.534999999977592324e+02 -7.658086996382056810e+00
3.539999999977462153e+02 -7.520977024859333504e+00
3.544999999977331981e+02 -7.733563443470682586e+00
3.549999999977201242e+02 -7.904395385254436412e+00
3.554999999977071070e+02 -7.153739463071719484e+00
3.559999999976940899e+02 -7.632999167369188598e+00
3.564999999976810727e+02 -7.620312453862669422e+00
3.569999999976680556e+02 -7.414136616412774217e+00
3.574999999976550384e+02 -7.283610481890161914e+00
3.579999999976420213e+02 -7.891559895428132521e+00
3.584999999976290042e+02 -7.555177712636119480e+00
3.589999999976159870e+02 -7.629532912436753911e+00
3.594999999976029699e+02 -7.821777222052759271e+00
3.599999999975899527e+02 -7.594456087870239180e+00
3.604999999975768787e+02 -8.467307752410000887e+00
3.609999999975638616e+02 -7.403192205100384449e+00
3.614999999975508445e+02 -7.836758302682152788e+00
3.619999999975378273e+02 -7.576805527780578586e+00
3.624999999975248102e+02 -7.469992167408641137e+00
3.629999999975117930e+02 -7.986682690883746716e+00
3.634999999974987759e+02 -7.580248005296446934e+00
3.639999999974857587e+02 -8.015618049092903874e+00
3.644999999974727416e+02 -7.593216730686399352e+00
3.649999999974597245e+02 -7.402963559673954919e+00
3.654999999974467073e+02 -7.732900516962083692e+00
3.659999999974336333e+02 -7.494099922307842832e+00
3.664999999974206162e+02 -7.934955564065163891e+00
3.669999999974075990e+02 -7.837214259652025561e+00
3.674999999973945819e+02 -8.359798829084398974e+00
3.679999999973815648e+02 -7.582265025473585496e+00
3.684999999973685476e+02 -7.818091499983506054e+00
3.689999999973555305e+02 -7.783399820705491301e+00
3.694999999973425133e+02 -7.435735819845255001e+00
3.699999999973294962e+02 -8.049205319525745139e+00
3.704999999973164790e+02 -7.734048542433072271e+00
3.709999999973034619e+02 -7.887312317487031876e+00
3.714999999972903879e+02 -7.847098502724711544e+00
3.719999999972773708e+02 -7.200018736801300001e+00
3.724999999972643536e+02 -7.452785092011801282e+00
3.729999999972513365e+02 -7.865383412719105571e+00
3.734999999972383193e+02 -7.476928917910149686e+00
3.739999999972253022e+02 -8.024253985200569872e+00
3.744999999972122851e+02 -7.005413731338973271e+00
3.749999999971992679e+02 -7.357086828950395230e+00
3.754999999971862508e+02 -7.811718418689183707e+00
3.759999999971732336e+02 -7.836767636873083198e+00
3.764999999971602165e+02 -7.560397043922377769e+00
3.769999999971471425e+02 -7.428440837809374031e+00
3.774999999971341254e+02 -7.416843324763983780e+00
3.779999999971211082e+02 -7.908578163628861013e+00
3.784999999971080911e+02 -7.660070312425910188e+00
3.789999999970950739e+02 -7.087934280432535594e+00
3.794999999970820568e+02 -8.076092505769263852e+00
3.799999999970690396e+02 -7.569550468956081524e+00
3.804999999970560225e+02 -7.080086773302775249e+00
3.809999999970430054e+02 -7.920212390148177128e+00
3.814999999970299882e+02 -7.650802590318208196e+00
3.819999999970169711e+02 -7.025511057404789206e+00
3.824999999970038971e+02 -7.910764363841165547e+00
3.829999999969908799e+02 -7.473505848577960187e+00
3.834999999969778628e+02 -7.410012981628292472e+00
3.839999999969648456e+02 -7.631798450954643265e+00
3.844999999969518285e+02 -7.692145293505167736e+00
3.849999999969388114e+02 -7.308642895648233662e+00
3.854999999969257942e+02 -7.579914960982094385e+00
3.859999999969127771e+02 -7.597534831768971486e+00
3.864999999968997599e+02 -7.833217576905348700e+00
3.869999999968867428e+02 -7.733162886990899487e+00
3.874999999968737256e+02 -8.211977629837978299e+00
3.879999999968606517e+02 -7.128026576605617670e+00
3.884999999968476345e+02 -8.006340725898482447e+00
3.889999999968346174e+02 -7.694691653610298943e+00
3.894999999968216002e+02 -7.760414708283823515e+00
3.899999999968085831e+02 -7.158328458343270029e+00
3.904999999967955659e+02 -7.821743122730191899e+00
3.909999999967825488e+02 -7.019252327808399805e+00
3.914999999967695317e+02 -7.411514457496502395e+00
3.919999999967565145e+02 -7.784121656051537386e+00
3.924999999967434974e+02 -7.983155506270851909e+00
3.929999999967304234e+02 -7.115822647198489115e+00
3.934999999967174062e+02 -7.641735624155268525e+00
3.939999999967043891e+02 -7.548329599011207591e+00
3.944999999966913720e+02 -7.679776155742580990e+00
3.949999999966783548e+02 -7.545109999195440231e+00
3.954999999966653377e+02 -7.858338110452909753e+00
3.959999999966523205e+02 -7.775081976304001330e+00
3.964999999966393034e+02 -7.493597447859174032e+00
3.969999999966262862e+02 -7.491011373762314740e+00
3.974999999966132691e+02 -7.344702864624538030e+00
3.979999999966002520e+02 -8.141725777366053407e+00
3.984999999965871780e+02 -6.875773672687281568e+00
3.989999999965741608e+02 -7.967480731738413979e+00
3.994999999965611437e+02 -7.676213162019021041e+00
3.999999999965481265e+02 -7.380985753883377853e+00
4.004999999965351094e+02 -7.766848221369929028e+00
4.009999999965220923e+02 -7.125727588071353757e+00
4.014999999965090751e+02 -7.898791176984446771e+00
4.019999999964960580e+02 -7.908651864074674798e+00
4.024999999964830408e+02 -7.950009955106045467e+00
4.029999999964700237e+02 -7.734452529647474428e+00
4.034999999964570065e+02 -7.580812204333555293e+00
4.039999999964439326e+02 -7.878538855418069531e+00
4.044999999964309154e+02 -7.834371110770054436e+00
4.049999999964178983e+02 -7.178437389015540404e+00
4.054999999964048811e+02 -8.063920620821130925e+00
4.059999999964079507e+02 -7.960861009649008224e+00
4.064999999964400104e+02 -7.494493530324067621e+00
4.069999999964720132e+02 -7.941908378839384497e+00
4.074999999965040729e+02 -8.017631883801227488e+00
4.079999999965360757e+02 -7.057534411716710032e+00
4.084999999965681354e+02 -8.101590006684372014e+00
4.089999999966001383e+02 -7.296016342867686078e+00
4.094999999966321980e+02 -8.307513607744862583e+00
4.099999999966642008e+02 -7.726364928854914993e+00
4.104999999966962605e+02 -7.550993612953024403e+00
4.109999999967282633e+02 -7.900444354041894712e+00
4.114999999967603230e+02 -7.273309090158819323e+00
4.119999999967923259e+02 -7.972512205119693718e+00
4.124999999968243856e+02 -7.670851848272080886e+00
4.129999999968563884e+02 -7.648334992808980992e+00
4.134999999968884481e+02 -7.642092369395657059e+00
4.139999999969205078e+02 -7.703314746182275741e+00
4.144999999969525106e+02 -7.532466353489295052e+00
4.149999999969845703e+02 -7.752095364980793768e+00
4.154999999970165732e+02 -7.311185194884965988e+00
4.159999999970486328e+02 -7.430569817425960899e+00
4.164999999970806357e+02 -7.849264294229336691e+00
4.169999999971126954e+02 -7.452087622438469339e+00
4.174999999971446982e+02 -7.594116014189982167e+00
4.179999999971767579e+02 -7.241663852963698744e+00
4.184999999972087608e+02 -8.172359856360849051e+00
4.189999999972408204e+02 -7.309465130235956565e+00
4.194999999972728233e+02 -7.485902009984868322e+00
4.199999999973048830e+02 -8.200623901915255587e+00
4.204999999973368858e+02 -7.709882846660025990e+00
4.209999999973689455e+02 -6.981914070678350015e+00
4.214999999974009484e+02 -7.819299156684451191e+00
4.219999999974330080e+02 -7.387471560550923577e+00
4.224999999974650109e+02 -7.980443592103162231e+00
4.229999999974970706e+02 -7.642600692284700514e+00
4.234999999975291303e+02 -8.159431681148683779e+00
4.239999999975611331e+02 -7.729281860634085177e+00
4.244999999975931928e+02 -7.541664924448310714e+00
4.249999999976251956e+02 -7.894867099858418946e+00
4.254999999976572553e+02 -7.888641804740685437e+00
4.259999999976892582e+02 -7.617461682144061719e+00
4.264999999977213179e+02 -8.051353258969967897e+00
4.269999999977533207e+02 -7.637437154586860011e+00
4.274999999977853804e+02 -7.440621705574665512e+00
4.279999999978173832e+02 -7.595775466887589644e+00
4.284999999978494429e+02 -7.939856219582230423e+00
4.289999999978814458e+02 -7.869633821466145207e+00
4.294999999979135055e+02 -7.642471739044152557e+00
4.299999999979455083e+02 -8.043393739968577094e+00
4.304999999979775680e+02 -7.051205452690686215e+00
4.309999999980095708e+02 -7.606947851905945690e+00
4.314999999980416305e+02 -7.812370787276419648e+00
4.319999999980736902e+02 -7.680631150317317690e+00
4.324999999981056931e+02 -7.212494323271882557e+00
4.329999999981377528e+02 -7.620433163094715745e+00
4.334999999981697556e+02 -7.684274538778687713e+00
4.339999999982018153e+02 -7.458784779286374622e+00
4.344999999982338181e+02 -7.313047674434114853e+00
4.349999999982658778e+02 -7.951649525694024945e+00
4.354999999982978807e+02 -7.333519229291857400e+00
4.359999999983299404e+02 -7.374489151436574019e+00
4.364999999983619432e+02 -8.077439155984292185e+00
4.369999999983940029e+02 -7.023258130080551886e+00
4.374999999984260057e+02 -8.177458099582745277e+00
4.379999999984580654e+02 -7.369279842412363557e+00
4.384999999984900683e+02 -7.092011095460189374e+00
4.389999999985221280e+02 -7.981895690344054550e+00
4.394999999985541308e+02 -7.552350652892181770e+00
4.399999999985861905e+02 -7.437674469552081113e+00
4.404999999986182502e+02 -8.198470947998808711e+00
4.409999999986502530e+02 -7.404389449653224098e+00
4.414999999986823127e+02 -7.961313157001010055e+00
4.419999999987143156e+02 -8.025131903733859318e+00
4.424999999987463752e+02 -7.176809558622794682e+00
4.429999999987783781e+02 -7.824627539213950378e+00
4.434999999988104378e+02 -7.754044232286221749e+00
4.439999999988424406e+02 -7.735326420577115947e+00
4.444999999988745003e+02 -7.929762047002626879e+00
4.449999999989065032e+02 -7.928527738080315856e+00
4.454999999989385628e+02 -7.800447179478523729e+00
4.459999999989705657e+02 -7.379442233226330750e+00
4.464999999990026254e+02 -7.195694041680617659e+00
4.469999999990346282e+02 -7.404061141943339308e+00
4.474999999990666879e+02 -7.947451435533492869e+00
4.479999999990986908e+02 -6.581809028887082746e+00
4.484999999991307504e+02 -8.021120881099710331e+00
4.489999999991627533e+02 -7.913397114796649312e+00
4.494999999991948130e+02 -7.331627865709928749e+00
4.499999999992268727e+02 -8.114561079132128540e+00
4.504999999992588755e+02 -6.929620063192951207e+00
4.509999999992909352e+02 -8.137956825597905564e+00
4.514999999993229380e+02 -7.754851506853627896e+00
4.519999999993549977e+02 -7.647837338777715210e+00
4.524999999993870006e+02 -7.918329259606384340e+00
4.529999999994190603e+02 -7.195816449621574407e+00
4.534999999994510631e+02 -7.843536592984634126e+00
4.539999999994831228e+02 -7.694266923342786946e+00
4.544999999995151256e+02 -7.567748418343455796e+00
4.549999999995471853e+02 -8.128913273076859625e+00
4.554999999995791882e+02 -7.266042416298928330e+00
4.559999999996112479e+02 -7.859756019826783735e+00
4.564999999996432507e+02 -7.732276726534596634e+00
4.569999999996753104e+02 -7.578897814104383457e+00
4.574999999997073132e+02 -7.684767511975384657e+00
4.579999999997393729e+02 -7.550565475238030011e+00
4.584999999997714326e+02 -7.599336660733818860e+00
4.589999999998034355e+02 -7.190561164516348747e+00
4.594999999998354951e+02 -7.648433784002327762e+00
4.599999999998674980e+02 -7.667149194094234232e+00
4.604999999998995577e+02 -7.933375014462868968e+00
4.609999999999315605e+02 -7.224038201742438048e+00
4.614999999999636202e+02 -7.556050637835746819e+00
4.619999999999956231e+02 -7.771684556670273025e+00
4.625000000000276827e+02 -7.506838070725327050e+00
4.630000000000596856e+02 -7.891128896889952671e+00
4.635000000000917453e+02 -7.685276579339777925e+00
4.640000000001237481e+02 -7.291279161488890992e+00
4.645000000001558078e+02 -8.020920267965804484e+00
4.650000000001878107e+02 -7.377441962734176961e+00
4.655000000002198703e+02 -7.809550128534454849e+00
4.660000000002518732e+02 -7.827369447444771033e+00
4.665000000002839329e+02 -7.436616608453905819e+00
4.670000000003159357e+02 -7.733020527729821403e+00
4.675000000003479954e+02 -7.519106306151006613e+00
4.680000000003800551e+02 -7.344484743016884032e+00
4.685000000004120579e+02 -7.731965676836123791e+00
4.690000000004441176e+02 -7.748356265275229582e+00
4.695000000004761205e+02 -7.945777705707644856e+00
4.700000000005081802e+02 -7.616334645531917857e+00
4.705000000005401830e+02 -7.876364665760764439e+00
4.710000000005722427e+02 -7.444626467104218825e+00
4.715000000006042455e+02 -8.313217415554902345e+00
4.720000000006363052e+02 -7.590112565988481386e+00
4.725000000006683081e+02 -7.523349612882923587e+00
4.730000000007003678e+02 -7.856302945639190405e+00
4.735000000007323706e+02 -7.620793732135110687e+00
4.740000000007644303e+02 -7.879164209178624922e+00
4.745000000007964331e+02 -7.977968478174030764e+00
4.750000000008284928e+02 -7.191417712107029736e+00
4.755000000008604957e+02 -8.099732329533118502e+00
4.760000000008925554e+02 -7.744751183027750230e+00
4.765000000009246151e+02 -7.503682436177705917e+00
4.770000000009566179e+02 -7.807296821911353213e+00
4.775000000009886776e+02 -7.757588390126549882e+00
4.780000000010206804e+02 -8.005949015132189928e+00
4.785000000010527401e+02 -7.891310993976620836e+00
4.790000000010847430e+02 -7.517932176771152442e+00
4.795000000011168027e+02 -7.992947746483970661e+00
4.800000000011488055e+02 -7.802912456383798379e+00
4.805000000011808652e+02 -7.382037502772376136e+00
4.810000000012128680e+02 -7.749160377927475807e+00
4.815000000012449277e+02 -7.187879919424180031e+00
4.820000000012769306e+02 -8.009085245677002973e+00
4.825000000013089902e+02 -7.829815430932726805e+00
4.830000000013409931e+02 -7.688361518377632819e+00
4.835000000013730528e+02 -7.974010005521645184e+00
4.840000000014050556e+02 -7.019149226408858411e+00
4.845000000014371153e+02 -7.123922439039607646e+00
4.850000000014691750e+02 -7.740732818337152210e+00
4.855000000015011778e+02 -7.944675823515821023e+00
4.860000000015332375e+02 -6.684143722699603885e+00
4.865000000015652404e+02 -7.644506853056225459e+00
4.870000000015973001e+02 -7.658288806768237755e+00
4.875000000016293029e+02 -7.972465327287373782e+00
4.880000000016613626e+02 -7.609049932533037186e+00
4.885000000016933654e+02 -7.164453306005436062e+00
4.890000000017254251e+02 -7.244451954183399600e+00
4.895000000017574280e+02 -7.801966824919730925e+00
4.900000000017894877e+02 -7.990725737316745736e+00
4.905000000018214905e+02 -7.448073746629846781e+00
4.910000000018535502e+02 -7.269091422257527135e+00
4.915000000018855530e+02 -7.577046050745974703e+00
4.920000000019176127e+02 -7.850244781403766581e+00
4.925000000019496156e+02 -7.532329283862958746e+00
4.930000000019816753e+02 -7.681082537888704209e+00
4.935000000020136781e+02 -8.122591861129713209e+00
4.940000000020457378e+02 -7.496069229275513557e+00
4.945000000020777975e+02 -7.004589444832510559e+00
4.950000000021098003e+02 -8.138092281505869607e+00
4.955000000021418600e+02 -7.129319787547731657e+00
4.960000000021738629e+02 -7.781679583131445810e+00
4.965000000022059226e+02 -7.420987810686884956e+00
4.970000000022379254e+02 -7.774216983179011997e+00
4.975000000022699851e+02 -7.140682429302268375e+00
4.980000000023019879e+02 -7.739923151433952597e+00
4.985000000023340476e+02 -8.087446166223966060e+00
4.990000000023660505e+02 -7.500896723583909242e+00
4.995000000023981102e+02 -7.557959022989672704e+00
5.000000000024301130e+02 -7.321770245570177416e+00
5.005000000024621727e+02 -7.293041451106351936e+00
5.010000000024941755e+02 -7.568816851644662336e+00
5.015000000025262352e+02 -7.588976459891169313e+00
5.020000000025582381e+02 -7.493731101240730830e+00
5.025000000025902978e+02 -7.795947194518674017e+00
5.030000000026223574e+02 -7.639689482062751225e+00
5.035000000026543603e+02 -7.551890823825285537e+00
5.040000000026864200e+02 -7.392900935428206033e+00
5.045000000027184228e+02 -7.958274250491556678e+00
5.050000000027504825e+02 -7.474636269822160450e+00
5.055000000027824854e+02 -7.635283996302307585e+00
5.060000000028145450e+02 -7.631804807695416137e+00
5.065000000028465479e+02 -7.826847095139673804e+00
5.070000000028786076e+02 -7.672811124854717946e+00
5.075000000029106104e+02 -6.892389877041987134e+00
5.080000000029426701e+02 -7.433509303551230296e+00
5.085000000029746730e+02 -8.117435308683493389e+00
5.090000000030067326e+02 -7.296521356638105971e+00
5.095000000030387355e+02 -7.396423633605304637e+00
5.100000000030707952e+02 -7.477886322577242062e+00
5.105000000031027980e+02 -7.381171116303900881e+00
5.110000000031348577e+02 -7.424490900519068681e+00
5.115000000031668606e+02 -8.129018896262836691e+00
5.120000000031989202e+02 -7.577547828160279053e+00
5.125000000032309799e+02 -7.410515867035135429e+00
5.130000000032630396e+02 -7.632333946044536965e+00
5.135000000032949856e+02 -8.004252583403614452e+00
5.140000000033270453e+02 -6.680102685874781621e+00
5.145000000033591050e+02 -7.954968626557960221e+00
5.150000000033911647e+02 -7.555550122451051287e+00
5.155000000034231107e+02 -7.652428689114126215e+00
5.160000000034551704e+02 -7.503101405041676664e+00
5.165000000034872301e+02 -7.766784985470784441e+00
5.170000000035192897e+02 -7.924231733042192971e+00
5.175000000035512357e+02 -7.182208121401390422e+00
5.180000000035832954e+02 -8.054385089426121525e+00
5.185000000036153551e+02 -7.335918975370645079e+00
5.190000000036474148e+02 -7.054058865031507253e+00
5.195000000036793608e+02 -7.917443588217079942e+00
5.200000000037114205e+02 -7.306326052874247523e+00
5.205000000037434802e+02 -8.006296215585489762e+00
5.210000000037755399e+02 -7.190051344652903076e+00
5.215000000038075996e+02 -7.354350853107095354e+00
5.220000000038395456e+02 -7.855850253985897425e+00
5.225000000038716053e+02 -7.359305003096113573e+00
5.230000000039036649e+02 -7.593140067073893995e+00
5.235000000039357246e+02 -7.667846399709647542e+00
5.240000000039676706e+02 -7.637008469981467762e+00
5.245000000039997303e+02 -7.563231916762475748e+00
5.250000000040317900e+02 -7.209675659300913253e+00
5.255000000040638497e+02 -7.841120454178058807e+00
5.260000000040957957e+02 -7.628065717429420189e+00
5.265000000041278554e+02 -7.321684741140989772e+00
5.270000000041599151e+02 -8.225486706088892319e+00
5.275000000041919748e+02 -7.112701354635718509e+00
5.280000000042239208e+02 -7.703189631272081783e+00
5.285000000042559805e+02 -7.948158752006680317e+00
5.290000000042880401e+02 -6.976985724600207384e+00
5.295000000043200998e+02 -8.051132236308303547e+00
5.300000000043521595e+02 -7.010236893024363702e+00
5.305000000043841055e+02 -8.018273636184524378e+00
5.310000000044161652e+02 -7.156697797587543874e+00
5.315000000044482249e+02 -7.468574645541240287e+00
5.320000000044802846e+02 -7.475354098299392902e+00
5.325000000045122306e+02 -7.524334016294980110e+00
5.330000000045442903e+02 -7.248658734530676107e+00
5.335000000045763500e+02 -7.628933890783129002e+00
5.340000000046084097e+02 -7.741588623559607640e+00
5.345000000046403557e+02 -7.187664149585554441e+00
5.350000000046724153e+02 -8.012864908129095909e+00
5.355000000047044750e+02 -7.572062568221618939e+00
5.360000000047365347e+02 -7.697183725315491110e+00
5.365000000047684807e+02 -7.289564484340614214e+00
5.370000000048005404e+02 -8.182810978454060802e+00
5.375000000048326001e+02 -7.218637002575602146e+00
5.380000000048646598e+02 -8.388312144024773431e+00
5.385000000048967195e+02 -7.870069858076245595e+00
5.390000000049286655e+02 -7.921118535036140607e+00
5.395000000049607252e+02 -8.004664459735849391e+00
5.400000000049927849e+02 -7.670712697406965930e+00
5.405000000050248445e+02 -7.492219161593673959e+00
5.410000000050567905e+02 -7.984392712483622923e+00
5.415000000050888502e+02 -7.199114433155950898e+00
5.420000000051209099e+02 -7.374982970687945283e+00
5.425000000051529696e+02 -8.086808016123439913e+00
5.430000000051849156e+02 -8.416156959028821660e+00
5.435000000052169753e+02 -6.833207578852446673e+00
5.440000000052490350e+02 -7.622104379259031504e+00
5.445000000052810947e+02 -7.389227618557134392e+00
5.450000000053130407e+02 -8.055195041233439213e+00
5.455000000053451004e+02 -7.628307443929546849e+00
5.460000000053771601e+02 -7.356662521396222232e+00
5.465000000054092197e+02 -8.089079769354126981e+00
5.470000000054411657e+02 -7.826452274866518621e+00
5.475000000054732254e+02 -8.178204766168123641e+00
5.480000000055052851e+02 -7.874678408131609686e+00
5.485000000055373448e+02 -8.201841577888473012e+00
5.490000000055694045e+02 -7.597073465857121732e+00
5.495000000056013505e+02 -7.753261810545466481e+00
5.500000000056334102e+02 -7.305363995597120130e+00
5.505000000056654699e+02 -7.492828167850430710e+00
5.510000000056975296e+02 -7.702477037771683577e+00
5.515000000057294756e+02 -7.329970249400298066e+00
5.520000000057615352e+02 -8.299081669326245247e+00
5.525000000057935949e+02 -7.350764018654342813e+00
5.530000000058256546e+02 -7.080019522949295485e+00
5.535000000058576006e+02 -7.908970384405908050e+00
5.540000000058896603e+02 -6.948792010537170327e+00
5.545000000059217200e+02 -7.719578911191136150e+00
5.550000000059537797e+02 -7.988159913898244646e+00
5.555000000059857257e+02 -7.216711477683535492e+00
5.560000000060177854e+02 -7.491219505450473548e+00
5.565000000060498451e+02 -8.066872747704069369e+00
5.570000000060819048e+02 -6.803248257300297475e+00
5.575000000061139644e+02 -7.209155559201973595e+00
5.580000000061459104e+02 -8.032272676261039024e+00
5.585000000061779701e+02 -7.257567296819863678e+00
5.590000000062100298e+02 -7.803163550352430811e+00
5.595000000062420895e+02 -7.716767349766002759e+00
5.600000000062740355e+02 -7.456105325849010868e+00
5.605000000063060952e+02 -7.599121473521384118e+00
5.610000000063381549e+02 -8.103323745064358263e+00
5.615000000063702146e+02 -6.924285216093437612e+00
5.620000000064021606e+02 -8.130509611740672327e+00
5.625000000064342203e+02 -7.505362414284438621e+00
5.630000000064662800e+02 -7.686689494950139867e+00
5.635000000064983396e+02 -7.849589610199068979e+00
5.640000000065302856e+02 -7.712356608036156302e+00
5.645000000065623453e+02 -7.475656171997857591e+00
5.650000000065944050e+02 -7.346610965686489969e+00
5.655000000066264647e+02 -7.784853232665554401e+00
5.660000000066585244e+02 -7.580082819341781963e+00
5.665000000066904704e+02 -7.157121374093663668e+00
5.670000000067225301e+02 -7.627003240626014424e+00
5.675000000067545898e+02 -7.594519313895795598e+00
5.680000000067866495e+02 -8.182036793136335362e+00
5.685000000068185955e+02 -7.237261684647103621e+00
5.690000000068506552e+02 -6.993910125034558334e+00
5.695000000068827148e+02 -8.169516029835802939e+00
5.700000000069147745e+02 -6.655745148951173640e+00
5.705000000069467205e+02 -7.858095754864249827e+00
5.710000000069787802e+02 -7.948611656702625261e+00
5.715000000070108399e+02 -7.391317102588617516e+00
5.720000000070428996e+02 -8.085809115580511630e+00
5.725000000070748456e+02 -7.652204577261822571e+00
5.730000000071069053e+02 -7.467884134099108451e+00
5.735000000071389650e+02 -8.051845894666771031e+00
5.740000000071710247e+02 -7.085703805795560584e+00
5.745000000072030844e+02 -7.492829509416501388e+00
5.750000000072350304e+02 -8.015298038889142163e+00
5.755000000072670900e+02 -6.882261815283944095e+00
5.760000000072991497e+02 -7.756984059033519507e+00
5.765000000073312094e+02 -7.843973224507227116e+00
5.770000000073631554e+02 -7.029047583970070789e+00
5.775000000073952151e+02 -7.558551327889305504e+00
5.780000000074272748e+02 -7.655643389717713632e+00
5.785000000074593345e+02 -7.231766780210415746e+00
5.790000000074912805e+02 -7.885887415475462348e+00
5.795000000075233402e+02 -7.385104225607530992e+00
5.800000000075553999e+02 -7.968566089559492305e+00
5.805000000075874595e+02 -6.912735041107934464e+00
5.810000000076194056e+02 -7.891697041579682548e+00
5.815000000076514652e+02 -7.446118328037679923e+00
5.820000000076835249e+02 -7.456307816969239610e+00
5.825000000077155846e+02 -7.965602158418234602e+00
5.830000000077476443e+02 -7.312898610306048930e+00
5.835000000077795903e+02 -7.487964470119739424e+00
5.840000000078116500e+02 -7.729025898582484899e+00
5.845000000078437097e+02 -7.783825345421828246e+00
5.850000000078757694e+02 -7.637479016340839699e+00
5.855000000079077154e+02 -7.396716956988678149e+00
5.860000000079397751e+02 -7.400101129192503180e+00
5.865000000079718347e+02 -7.652652198141415951e+00
5.870000000080038944e+02 -7.768661525520533573e+00
5.875000000080358404e+02 -7.680802615985288462e+00
5.880000000080679001e+02 -7.149619655129576756e+00
5.885000000080999598e+02 -7.216925091596695374e+00
5.890000000081320195e+02 -8.273094321224764514e+00
5.895000000081639655e+02 -7.721031084012230927e+00
5.900000000081960252e+02 -7.427947519403596210e+00
5.905000000082280849e+02 -7.604405317787334084e+00
5.910000000082601446e+02 -7.599291430526784907e+00
5.915000000082920906e+02 -7.325392415922537204e+00
5.920000000083241503e+02 -7.265224981297520479e+00
5.925000000083562099e+02 -7.692673409650381267e+00
5.930000000083882696e+02 -7.810231385780181057e+00
5.935000000084203293e+02 -8.146416451140117587e+00
5.940000000084522753e+02 -7.489689731134060224e+00
5.945000000084843350e+02 -7.841797270644849327e+00
5.950000000085163947e+02 -7.395009938119372350e+00
5.955000000085484544e+02 -7.676416942237557883e+00
5.960000000085804004e+02 -8.301265609260051193e+00
5.965000000086124601e+02 -7.322462341511197792e+00
5.970000000086445198e+02 -7.950487148040530805e+00
5.975000000086765795e+02 -7.392281756012350158e+00
5.980000000087085255e+02 -7.794950334646446599e+00
5.985000000087405851e+02 -7.639763516228940787e+00
5.990000000087726448e+02 -7.883945887122833618e+00
5.995000000088047045e+02 -7.690036202045627434e+00
6.000000000088366505e+02 -7.402526305790614103e+00
6.005000000088687102e+02 -7.549795798883188525e+00
6.010000000089007699e+02 -8.215391465945096172e+00
6.015000000089328296e+02 -7.282489507081034041e+00
6.020000000089648893e+02 -7.618257665365372411e+00
6.025000000089968353e+02 -8.351430250585650583e+00
6.030000000090288950e+02 -7.454051277675302067e+00
6.035000000090609547e+02 -8.090074160632077849e+00
6.040000000090930143e+02 -7.121006271413233613e+00
6.045000000091249603e+02 -7.638198786287770936e+00
6.050000000091570200e+02 -7.466018636570528777e+00
6.055000000091890797e+02 -7.657828623689318270e+00
6.060000000092211394e+02 -7.686403083172949735e+00
6.065000000092530854e+02 -7.367755221537902521e+00
6.070000000092851451e+02 -7.712656505347173841e+00
6.075000000093172048e+02 -7.591488148257782953e+00
6.080000000093492645e+02 -7.406856108286342000e+00
6.085000000093812105e+02 -7.851240220694231553e+00
6.090000000094132702e+02 -8.106718346916377271e+00
6.095000000094453299e+02 -7.879247850540296305e+00
6.100000000094773895e+02 -7.470776968820433517e+00
6.105000000095094492e+02 -7.947052661194912382e+00
6.110000000095413952e+02 -7.673058062144899161e+00
6.115000000095734549e+02 -7.733748192713010283e+00
6.120000000096055146e+02 -7.070919168566345725e+00
6.125000000096375743e+02 -7.947166700438314635e+00
6.130000000096695203e+02 -7.761423744605135511e+00
6.135000000097015800e+02 -7.271848248794137604e+00
6.140000000097336397e+02 -8.242724945532676983e+00
6.145000000097656994e+02 -7.235906238688002645e+00
6.150000000097976454e+02 -7.754836355908010681e+00
6.155000000098297050e+02 -7.782709523215332936e+00
6.160000000098617647e+02 -7.831953559884206051e+00
6.165000000098938244e+02 -7.274071932681246189e+00
6.170000000099257704e+02 -8.039453278924368007e+00
6.175000000099578301e+02 -7.672029129768546341e+00
6.180000000099898898e+02 -7.675671050063137990e+00
6.185000000100219495e+02 -7.567511587353769720e+00
6.190000000100540092e+02 -7.945030512850954629e+00
6.195000000100859552e+02 -7.409721794300337727e+00
6.200000000101180149e+02 -7.530543786942978102e+00
6.205000000101500746e+02 -7.992641087980528525e+00
6.210000000101821342e+02 -7.238528574041182218e+00
6.215000000102140802e+02 -8.132686783419675436e+00
6.220000000102461399e+02 -7.876148904482022317e+00
6.225000000102781996e+02 -7.658605494297500371e+00
6.230000000103102593e+02 -7.982977777007275400e+00
6.235000000103422053e+02 -7.529988606486554659e+00
6.240000000103742650e+02 -7.200877674315830923e+00
6.245000000104063247e+02 -7.936007519745360561e+00
6.250000000104383844e+02 -7.514382348101380948e+00
6.255000000104703304e+02 -8.120030305690400851e+00
6.260000000105023901e+02 -7.489025594970047273e+00
6.265000000105344498e+02 -7.259815398962981448e+00
6.270000000105665094e+02 -7.558350430020499111e+00
6.275000000105985691e+02 -7.403986206116768720e+00
6.280000000106305151e+02 -7.412152207559456585e+00
6.285000000106625748e+02 -8.421127424759479396e+00
6.290000000106946345e+02 -6.737441868731176342e+00
6.295000000107266942e+02 -8.107242506426073803e+00
6.300000000107586402e+02 -6.890623744830996600e+00
6.305000000107906999e+02 -8.047698880963334744e+00
6.310000000108227596e+02 -7.219212744204945409e+00
6.315000000108548193e+02 -7.960330349605553302e+00
6.320000000108867653e+02 -7.570009915242406962e+00
6.325000000109188250e+02 -8.054895508449426700e+00
6.330000000109508846e+02 -7.040787214763292390e+00
6.335000000109829443e+02 -7.694927227175954343e+00
6.340000000110148903e+02 -7.435766312713290027e+00
6.345000000110469500e+02 -7.302857770637351642e+00
6.350000000110790097e+02 -7.699102653210855962e+00
6.355000000111110694e+02 -7.262344116510361047e+00
6.360000000111430154e+02 -7.789495970741205255e+00
6.365000000111750751e+02 -7.452549106802534240e+00
6.370000000112071348e+02 -7.717069417363472184e+00
6.375000000112391945e+02 -8.132412180108502753e+00
6.380000000112712542e+02 -7.349969501965661678e+00
6.385000000113032002e+02 -8.152799124928238328e+00
6.390000000113352598e+02 -7.489994412816662006e+00
6.395000000113673195e+02 -7.563974767939545707e+00
6.400000000113993792e+02 -7.419338901463975233e+00
6.405000000114313252e+02 -7.452630200471332067e+00
6.410000000114633849e+02 -7.956319396157575774e+00
6.415000000114954446e+02 -7.693876053962544148e+00
6.420000000115275043e+02 -7.250378891219597222e+00
6.425000000115594503e+02 -8.011753219484795352e+00
6.430000000115915100e+02 -7.721049870456833553e+00
6.435000000116235697e+02 -7.762075781067333757e+00
6.440000000116556294e+02 -7.391497459747518484e+00
6.445000000116875754e+02 -7.783477390154346587e+00
6.450000000117196350e+02 -7.408158764434758403e+00
6.455000000117516947e+02 -7.929720870085179563e+00
6.460000000117837544e+02 -7.748199743855460397e+00
6.465000000118158141e+02 -7.766002217684371267e+00
6.470000000118477601e+02 -7.237777270441682731e+00
6.475000000118798198e+02 -7.934831612757077934e+00
6.480000000119118795e+02 -8.152548103028847137e+00
6.485000000119439392e+02 -6.824699151597656943e+00
6.490000000119758852e+02 -7.708757539920461532e+00
6.495000000120079449e+02 -8.016463779796906053e+00
6.500000000120400045e+02 -6.730973635017303280e+00
6.505000000120720642e+02 -7.528322117933598179e+00
6.510000000121040102e+02 -8.183569289364630350e+00
6.515000000121360699e+02 -7.230539207191574391e+00
6.520000000121681296e+02 -7.559090302614898782e+00
6.525000000122001893e+02 -7.807837987765219090e+00
6.530000000122321353e+02 -7.954175551612092221e+00
6.535000000122641950e+02 -7.615178653020066690e+00
6.540000000122962547e+02 -6.929074090782210149e+00
6.545000000123283144e+02 -7.335989454134361765e+00
6.550000000123603741e+02 -7.918513651936694764e+00
6.555000000123923201e+02 -7.969009934295306685e+00
6.560000000124243797e+02 -7.634838262612249515e+00
6.565000000124564394e+02 -7.745036903546097307e+00
6.570000000124884991e+02 -8.118938846333076498e+00
6.575000000125204451e+02 -7.345368507119761858e+00
6.580000000125525048e+02 -7.333554864365710024e+00
6.585000000125845645e+02 -7.844985122541314304e+00
6.590000000126166242e+02 -7.061064786580579344e+00
6.595000000126485702e+02 -7.350087828795362377e+00
6.600000000126806299e+02 -7.713771047441882800e+00
6.605000000127126896e+02 -7.590608909149826999e+00
6.610000000127447493e+02 -7.243993259031761944e+00
6.615000000127766953e+02 -7.916226464987325961e+00
6.620000000128087549e+02 -8.217944136834821833e+00
6.625000000128408146e+02 -6.940991057440490941e+00
6.630000000128728743e+02 -7.271605970913097572e+00
6.635000000129049340e+02 -7.752373319164393983e+00
6.640000000129368800e+02 -7.983035522855727706e+00
6.645000000129689397e+02 -7.151721736098473947e+00
6.650000000130009994e+02 -8.107856702716420116e+00
6.655000000130330591e+02 -7.684855397491154427e+00
6.660000000130650051e+02 -7.349469999051231994e+00
6.665000000130970648e+02 -7.842426608660948872e+00
6.670000000131291245e+02 -7.381710933590777124e+00
6.675000000131611841e+02 -7.729006005501510401e+00
6.680000000131931301e+02 -8.148467259474125868e+00
6.685000000132251898e+02 -8.196936628633283206e+00
6.690000000132572495e+02 -7.749038862562974472e+00
6.695000000132893092e+02 -7.663128548996877676e+00
6.700000000133212552e+02 -7.638105643215085117e+00
6.705000000133533149e+02 -7.807958893036134107e+00
6.710000000133853746e+02 -7.987546526136540592e+00
6.715000000134174343e+02 -7.302618103874001676e+00
6.720000000134494940e+02 -7.369791746311959990e+00
6.725000000134814400e+02 -7.631551744504852408e+00
6.730000000135134997e+02 -7.623283453304940060e+00
6.735000000135455593e+02 -7.964902661901264835e+00
6.740000000135776190e+02 -7.400358697588271362e+00
6.745000000136095650e+02 -7.779645726869808264e+00
6.750000000136416247e+02 -7.487168920694183605e+00
6.755000000136736844e+02 -7.518891816348131307e+00
6.760000000137057441e+02 -8.116021650742808902e+00
6.765000000137376901e+02 -6.987609552970437399e+00
6.770000000137697498e+02 -7.188417195215793143e+00
6.775000000138018095e+02 -8.211686897307680866e+00
6.780000000138338692e+02 -7.276714194770675270e+00
6.785000000138658152e+02 -7.457180057373459015e+00
6.790000000138978749e+02 -7.962052975164435331e+00
6.795000000139299345e+02 -7.808200966475137506e+00
6.800000000139619942e+02 -7.457064580464223269e+00
6.805000000139939402e+02 -7.991690185776946009e+00
6.810000000140259999e+02 -7.592503038356901435e+00
6.815000000140580596e+02 -7.704941457587975329e+00
6.820000000140901193e+02 -7.135225364866506048e+00
6.825000000141221790e+02 -8.016501585215740633e+00
6.830000000141541250e+02 -7.277515802519639365e+00
6.835000000141861847e+02 -7.361196536140302449e+00
6.840000000142182444e+02 -7.345809273910310466e+00
6.845000000142503040e+02 -7.220773727504496975e+00
6.850000000142822500e+02 -8.058687026370028761e+00
6.855000000143143097e+02 -7.501912749681811654e+00
6.860000000143463694e+02 -7.676008244330186692e+00
6.865000000143784291e+02 -7.461468670909072287e+00
6.870000000144103751e+02 -7.600135897868158352e+00
6.875000000144424348e+02 -7.963445193384436571e+00
6.880000000144744945e+02 -7.790863580246866427e+00
6.885000000145065542e+02 -7.564297261332966649e+00
6.890000000145385002e+02 -7.430162344288806509e+00
6.895000000145705599e+02 -8.223305832090019862e+00
6.900000000146026196e+02 -7.781619014784912913e+00
6.905000000146346792e+02 -7.858793146135864660e+00
6.910000000146667389e+02 -7.492323562861677111e+00
6.915000000146986849e+02 -7.865568371451532315e+00
6.920000000147307446e+02 -7.476509281261118467e+00
6.925000000147628043e+02 -7.788517426026010604e+00
6.930000000147948640e+02 -7.858092809637932774e+00
6.935000000148268100e+02 -7.282039019446336248e+00
6.940000000148588697e+02 -7.666643501842853148e+00
6.945000000148909294e+02 -7.835226049474734999e+00
6.950000000149229891e+02 -7.455640629525728258e+00
6.955000000149549351e+02 -8.039246813121081914e+00
6.960000000149869948e+02 -7.245476576240952760e+00
6.965000000150190544e+02 -7.394554077718129115e+00
6.970000000150511141e+02 -7.946038837425932755e+00
6.975000000150830601e+02 -7.276133173122852682e+00
6.980000000151151198e+02 -7.435700876869414166e+00
6.985000000151471795e+02 -7.560474598885853048e+00
6.990000000151792392e+02 -7.544939596586240249e+00
6.995000000152112989e+02 -7.805772601104162156e+00
7.000000000152432449e+02 -7.656371559294107065e+00
7.005000000152753046e+02 -7.666502160100053587e+00
7.010000000153073643e+02 -8.022567445318580681e+00
7.015000000153394240e+02 -7.728912132106622757e+00
7.020000000153713700e+02 -7.591075016150625743e+00
7.025000000154034296e+02 -7.762369889864071837e+00
7.030000000154354893e+02 -7.419778769866593571e+00
7.035000000154675490e+02 -7.796482538808147567e+00
7.040000000154994950e+02 -7.469267331708795865e+00
7.045000000155315547e+02 -7.530711114981992083e+00
7.050000000155636144e+02 -7.825822856305988395e+00
7.055000000155956741e+02 -7.477694419772721091e+00
7.060000000156276201e+02 -7.914123069632271523e+00
7.065000000156596798e+02 -7.876536108271630532e+00
7.070000000156917395e+02 -7.504725317404472129e+00
7.075000000157237992e+02 -7.114020249656274331e+00
7.080000000157558588e+02 -7.901082241789727512e+00
7.085000000157878048e+02 -7.527688529731544342e+00
7.090000000158198645e+02 -7.643023056811248495e+00
7.095000000158519242e+02 -7.290388891599184795e+00
7.100000000158839839e+02 -8.071770006507453132e+00
7.105000000159159299e+02 -7.518912702716145979e+00
7.110000000159479896e+02 -7.679780019149553105e+00
7.115000000159800493e+02 -7.730163379117399813e+00
7.120000000160121090e+02 -7.683556148508937866e+00
7.125000000160440550e+02 -7.783452919400537517e+00
7.130000000160761147e+02 -7.282196648318976173e+00
7.135000000161081743e+02 -7.506115332378866967e+00
7.140000000161402340e+02 -7.317838170466708370e+00
7.145000000161721800e+02 -7.421765683986834894e+00
7.150000000162042397e+02 -7.212830518738926777e+00
7.155000000162362994e+02 -7.302091508330837755e+00
7.160000000162683591e+02 -7.802066309884757800e+00
7.165000000163003051e+02 -7.932043986142776504e+00
7.170000000163323648e+02 -7.779561588815870898e+00
7.175000000163644245e+02 -7.539484635987474093e+00
7.180000000163964842e+02 -8.005067725398337330e+00
7.185000000164285439e+02 -7.116455021640147649e+00
7.190000000164604899e+02 -7.534381024383096204e+00
7.195000000164925495e+02 -7.211168742500606577e+00
7.200000000165246092e+02 -7.937809604392206175e+00
7.205000000165566689e+02 -7.040707735475774776e+00
7.210000000165886149e+02 -7.931844315995948413e+00
7.215000000166206746e+02 -7.208433353702644375e+00
7.220000000166527343e+02 -8.240822775894800500e+00
7.225000000166847940e+02 -7.112305990635743314e+00
7.230000000167167400e+02 -7.952569731477932002e+00
7.235000000167487997e+02 -7.887682162951160869e+00
7.240000000167808594e+02 -7.851976353645586215e+00
7.245000000168129191e+02 -7.874164688500323805e+00
7.250000000168448651e+02 -7.430705366387590161e+00
7.255000000168769247e+02 -7.680993409883849488e+00
7.260000000169089844e+02 -7.850397124376710778e+00
7.265000000169410441e+02 -7.990249767694016292e+00
7.270000000169731038e+02 -6.986455192948717752e+00
7.275000000170050498e+02 -7.228140293454107912e+00
7.280000000170371095e+02 -7.429984563702585199e+00
7.285000000170691692e+02 -7.728606419130117366e+00
7.290000000171012289e+02 -8.084021490524872178e+00
7.295000000171331749e+02 -7.148796826870822407e+00
7.300000000171652346e+02 -7.718186127021071208e+00
7.305000000171972943e+02 -7.736910273260677151e+00
7.310000000172293539e+02 -7.695173457572368036e+00
7.315000000172612999e+02 -7.535313889539159149e+00
7.320000000172933596e+02 -7.874690758461985851e+00
7.325000000173254193e+02 -7.920014894001908168e+00
7.330000000173574790e+02 -7.789030824838159006e+00
7.335000000173894250e+02 -7.149992594734319695e+00
7.340000000174214847e+02 -7.490789009176674895e+00
7.345000000174535444e+02 -7.491933801775743973e+00
7.350000000174856041e+02 -7.553278458329766742e+00
7.355000000175176638e+02 -7.684105302374987012e+00
7.360000000175496098e+02 -7.776375205197759044e+00
7.365000000175816695e+02 -7.219682719949430449e+00
7.370000000176137291e+02 -7.877815742872021687e+00
7.375000000176457888e+02 -7.784736135882993402e+00
7.380000000176777348e+02 -7.404340543260802043e+00
7.385000000177097945e+02 -8.348599194678072877e+00
7.390000000177418542e+02 -7.539846557100590374e+00
7.395000000177739139e+02 -7.306796007792493164e+00
7.400000000178058599e+02 -7.990201664418632888e+00
7.405000000178379196e+02 -7.567828662477341872e+00
7.410000000178699793e+02 -7.706126426367807980e+00
7.415000000179020390e+02 -7.537442065733769070e+00
7.420000000179339850e+02 -7.997826994712007753e+00
7.425000000179660447e+02 -6.962722932079061344e+00
7.430000000179981043e+02 -7.257915922020724331e+00
7.435000000180301640e+02 -8.081440542400365246e+00
7.440000000180622237e+02 -7.776259913563118076e+00
7.445000000180941697e+02 -7.889292214165243067e+00
7.450000000181262294e+02 -7.446210191676553514e+00
7.455000000181582891e+02 -7.500183415627756034e+00
7.460000000181903488e+02 -7.838069378429866951e+00
7.465000000182222948e+02 -7.915021649964696593e+00
7.470000000182543545e+02 -7.428473078304214106e+00
7.475000000182864142e+02 -7.644789331859175086e+00
7.480000000183184738e+02 -7.881666534505111343e+00
7.485000000183504199e+02 -7.385397696373745546e+00
7.490000000183824795e+02 -7.468082034922674417e+00
7.495000000184145392e+02 -7.744977493265945867e+00
7.500000000184465989e+02 -7.541086050139947261e+00
7.505000000184785449e+02 -7.481355040069698425e+00
7.510000000185106046e+02 -7.691663021067720152e+00
7.515000000185426643e+02 -7.472222111346418671e+00
7.520000000185747240e+02 -7.977384799857555109e+00
7.525000000186067837e+02 -7.185168689939879449e+00
7.530000000186387297e+02 -7.512145752800596377e+00
7.535000000186707894e+02 -7.674999372680264997e+00
7.540000000187028490e+02 -7.842910433793941927e+00
7.545000000187349087e+02 -7.477353313126458900e+00
7.550000000187668547e+02 -7.639139970036219474e+00
7.555000000187989144e+02 -7.620365834176171305e+00
7.560000000188309741e+02 -7.797596648707832756e+00
7.565000000188630338e+02 -6.985581916057824969e+00
7.570000000188949798e+02 -7.820690905748167943e+00
7.575000000189270395e+02 -7.886820195258130717e+00
7.580000000189590992e+02 -7.170402953382755129e+00
7.585000000189911589e+02 -8.009626905100528660e+00
7.590000000190231049e+02 -7.468533415535585362e+00
7.595000000190551646e+02 -7.057649975406590670e+00
7.600000000190872242e+02 -8.427892516209437801e+00
7.605000000191192839e+02 -6.721556208016627565e+00
7.610000000191512299e+02 -7.991020052974580956e+00
7.615000000191832896e+02 -7.676349278124198428e+00
7.620000000192153493e+02 -7.137959082476840855e+00
7.625000000192474090e+02 -7.574111492528572853e+00
7.630000000192794687e+02 -7.416482796861407323e+00
7.635000000193114147e+02 -7.657037540535347020e+00
7.640000000193434744e+02 -7.354788686514302398e+00
7.645000000193755341e+02 -7.554162413509435403e+00
7.650000000194075938e+02 -7.543097470321445286e+00
7.655000000194395398e+02 -7.203376375202679149e+00
7.660000000194715994e+02 -7.735977589073344873e+00
7.665000000195036591e+02 -7.314357293790703096e+00
7.670000000195357188e+02 -7.160174481040928463e+00
7.675000000195676648e+02 -7.180746467667020738e+00
7.680000000195997245e+02 -7.524833980424257440e+00
7.685000000196317842e+02 -7.652579732005976965e+00
7.690000000196638439e+02 -7.218671993643375195e+00
7.695000000196957899e+02 -7.940524537448230724e+00
7.700000000197278496e+02 -7.478627546510486113e+00
7.705000000197599093e+02 -7.599792273371293483e+00
7.710000000197919690e+02 -7.840310430025767552e+00
7.715000000198240286e+02 -7.855324363277917499e+00
7.720000000198559746e+02 -7.516482234205215995e+00
7.725000000198880343e+02 -7.003255935192898463e+00
7.730000000199200940e+02 -7.661006642862743909e+00
7.735000000199521537e+02 -7.630445438140295522e+00
7.740000000199840997e+02 -7.820409756350236385e+00
7.745000000200161594e+02 -7.549927712498532451e+00
7.750000000200482191e+02 -7.479067419909713799e+00
7.755000000200802788e+02 -8.153408349604939431e+00
7.760000000201122248e+02 -6.931590276577634491e+00
7.765000000201442845e+02 -7.254601477666386522e+00
7.770000000201763442e+02 -7.899326777821281453e+00
7.775000000202084038e+02 -6.913242812278152627e+00
7.780000000202403498e+02 -8.489443229987069017e+00
7.785000000202724095e+02 -7.736293282752644274e+00
7.790000000203044692e+02 -7.105343506160321176e+00
7.795000000203365289e+02 -7.825935955760563445e+00
7.800000000203685886e+02 -7.831782346599688083e+00
7.805000000204005346e+02 -7.385798999950716315e+00
7.810000000204325943e+02 -7.962322247982493550e+00
7.815000000204646540e+02 -7.765102157805057637e+00
7.820000000204967137e+02 -7.633688627751837430e+00
7.825000000205286597e+02 -7.597122829229961738e+00
7.830000000205607193e+02 -7.623694085251038643e+00
7.835000000205927790e+02 -7.442912170525787019e+00
7.840000000206248387e+02 -7.844606074840715593e+00
7.845000000206567847e+02 -7.529120476592227718e+00
7.850000000206888444e+02 -7.406149524803637973e+00
7.855000000207209041e+02 -7.874300734954325698e+00
7.860000000207529638e+02 -7.172046588843924653e+00
7.865000000207849098e+02 -8.075964088072174363e+00
7.870000000208169695e+02 -7.514052122887382446e+00
7.875000000208490292e+02 -7.235654625492206726e+00
7.880000000208810889e+02 -7.791908382509136644e+00
7.885000000209131485e+02 -7.510400510259538365e+00
7.890000000209450945e+02 -7.560725092877415676e+00
7.895000000209771542e+02 -7.849632144707107351e+00
7.900000000210092139e+02 -7.507011801749114532e+00
7.905000000210412736e+02 -7.390836715069965202e+00
7.910000000210732196e+02 -7.755837174427229641e+00
7.915000000211052793e+02 -7.368406401443582610e+00
7.920000000211373390e+02 -7.652677870296189511e+00
7.925000000211693987e+02 -7.605093319812636921e+00
7.930000000212013447e+02 -7.478035473792711052e+00
7.935000000212334044e+02 -7.600106095944780371e+00
7.940000000212654641e+02 -7.618955245385026664e+00
7.945000000212975237e+02 -7.538865646238279261e+00
7.950000000213294697e+02 -7.265896005487526566e+00
7.955000000213615294e+02 -7.462843186412338348e+00
7.960000000213935891e+02 -7.876819240565628988e+00
7.965000000214256488e+02 -7.528925489486397282e+00
7.970000000214577085e+02 -7.964584881989150489e+00
7.975000000214896545e+02 -7.228658664702487968e+00
7.980000000215217142e+02 -8.038559525499136882e+00
7.985000000215537739e+02 -7.568796000629296472e+00
7.990000000215858336e+02 -8.172856110948023556e+00
7.995000000216177796e+02 -7.800857344790581571e+00
8.000000000216498393e+02 -7.626097984664480300e+00
8.005000000216818989e+02 -7.474764512375537961e+00
8.010000000217139586e+02 -7.983188390977874249e+00
8.015000000217459046e+02 -7.361078240919042948e+00
8.020000000217779643e+02 -7.644327780849087262e+00
8.025000000218100240e+02 -7.502200470576076974e+00
8.030000000218420837e+02 -7.820189568636398469e+00
8.035000000218740297e+02 -7.859906866892147903e+00
8.040000000219060894e+02 -7.487867707754169544e+00
8.045000000219381491e+02 -8.149000522413968994e+00
8.050000000219702088e+02 -7.396525878137270915e+00
8.055000000220021548e+02 -7.756518507160082621e+00
8.060000000220342145e+02 -8.003319071985062649e+00
8.065000000220662741e+02 -7.836592198032185763e+00
8.070000000220983338e+02 -8.120346571264459357e+00
8.075000000221303935e+02 -7.570352512144332024e+00
8.080000000221623395e+02 -7.719261238863604824e+00
8.085000000221943992e+02 -7.422026982290707231e+00
8.090000000222264589e+02 -7.700171800232102015e+00
8.095000000222585186e+02 -7.729331526232972926e+00
8.100000000222904646e+02 -7.714531832178610493e+00
8.105000000223225243e+02 -7.380927451842742570e+00
8.110000000223545840e+02 -7.306384321170020790e+00
8.115000000223866436e+02 -7.818298989749801642e+00
8.120000000224185897e+02 -7.771222894119368618e+00
8.125000000224506493e+02 -8.227454260184870805e+00
8.130000000224827090e+02 -7.191851527465179750e+00
8.135000000225147687e+02 -7.920993921652127234e+00
8.140000000225467147e+02 -7.595771806575589480e+00
8.145000000225787744e+02 -7.901239331984958092e+00
8.150000000226108341e+02 -7.358714696714383940e+00
8.155000000226428938e+02 -8.104910938170311496e+00
8.160000000226749535e+02 -7.471395504760802275e+00
8.165000000227068995e+02 -7.892453319940895717e+00
8.170000000227389592e+02 -7.096853691081538074e+00
8.175000000227710188e+02 -7.368432552869881746e+00
8.180000000228030785e+02 -7.681024130222137813e+00
8.185000000228350245e+02 -7.613551248153170192e+00
8.190000000228670842e+02 -7.729985027353137639e+00
8.195000000228991439e+02 -7.674823450613574849e+00
8.200000000229312036e+02 -7.442949883295426616e+00
8.205000000229631496e+02 -7.881573767233445160e+00
8.210000000229952093e+02 -7.673852608756379645e+00
8.215000000230272690e+02 -7.886346232762095454e+00
8.220000000230593287e+02 -7.232175414837012539e+00
8.225000000230912747e+02 -7.745624892746760359e+00
8.230000000231233344e+02 -7.967479483808664220e+00
8.235000000231553940e+02 -7.941596026798709573e+00
8.240000000231874537e+02 -7.175513626598746697e+00
8.245000000232195134e+02 -7.305771612503475509e+00
8.250000000232514594e+02 -8.058298967616403630e+00
8.255000000232835191e+02 -7.546692436143183080e+00
8.260000000233155788e+02 -7.256168565047889984e+00
8.265000000233476385e+02 -7.869925306844015367e+00
8.270000000233795845e+02 -7.483662554898948827e+00
8.275000000234116442e+02 -7.796134882689652379e+00
8.280000000234437039e+02 -7.970993924801342168e+00
8.285000000234757636e+02 -7.304684410463138100e+00
8.290000000235077096e+02 -7.495717141443009268e+00
8.295000000235397692e+02 -8.076976538654482951e+00
8.300000000235718289e+02 -7.331699585877735181e+00
8.305000000236038886e+02 -6.884130052937078581e+00
8.310000000236358346e+02 -7.557230080922567872e+00
8.315000000236678943e+02 -7.690557610159279633e+00
8.320000000236999540e+02 -7.374331630344077126e+00
8.325000000237320137e+02 -8.008920335955481917e+00
8.330000000237640734e+02 -7.098936010154740295e+00
8.335000000237960194e+02 -7.918727349347097544e+00
8.340000000238280791e+02 -7.918183591647282249e+00
8.345000000238601388e+02 -7.133881174273163595e+00
8.350000000238921984e+02 -7.496919905521551186e+00
8.355000000239241444e+02 -7.302007939870581055e+00
8.360000000239562041e+02 -7.795577860356631028e+00
8.365000000239882638e+02 -7.430958988487339489e+00
8.370000000240203235e+02 -7.694241867343406760e+00
8.375000000240522695e+02 -7.381964319400387886e+00
8.380000000240843292e+02 -8.091607971963522772e+00
8.385000000241163889e+02 -7.535320224075891637e+00
8.390000000241484486e+02 -7.358582186374728273e+00
8.395000000241803946e+02 -7.553521852262821135e+00
8.400000000242124543e+02 -7.354010735150219524e+00
8.405000000242445140e+02 -7.866665967614415500e+00
8.410000000242765736e+02 -7.667546002280930750e+00
8.415000000243086333e+02 -7.046313141115902567e+00
8.420000000243405793e+02 -7.998202955061794128e+00
8.425000000243726390e+02 -7.435805903878918599e+00
8.430000000244046987e+02 -7.807438808547268572e+00
8.435000000244367584e+02 -7.459607846482233739e+00
8.440000000244687044e+02 -7.568595468109780455e+00
8.445000000245007641e+02 -6.976974248195169537e+00
8.450000000245328238e+02 -8.044457950838895144e+00
8.455000000245648835e+02 -7.655523692150140391e+00
8.460000000245968295e+02 -7.269506877297492231e+00
8.465000000246288892e+02 -7.753122246161288977e+00
8.470000000246609488e+02 -8.100561188787354538e+00
8.475000000246930085e+02 -7.021640204466892854e+00
8.480000000247249545e+02 -7.784477173650214965e+00
8.485000000247570142e+02 -7.868913912439692737e+00
8.490000000247890739e+02 -7.472527419292323891e+00
8.495000000248211336e+02 -7.917482538125483416e+00
8.500000000248530796e+02 -7.803024995535463582e+00
8.505000000248851393e+02 -8.226709487710937907e+00
8.510000000249171990e+02 -7.967682641040841673e+00
8.515000000249492587e+02 -7.295371835712840536e+00
8.520000000249813183e+02 -8.247393828196564414e+00
8.525000000250132643e+02 -7.763595310162187069e+00
8.530000000250453240e+02 -7.818885640646517921e+00
8.535000000250773837e+02 -8.195068018501808993e+00
8.540000000251094434e+02 -7.304237946848761709e+00
8.545000000251413894e+02 -7.665439984186132705e+00
8.550000000251734491e+02 -7.913159226115725531e+00
8.555000000252055088e+02 -7.659009348422599395e+00
8.560000000252375685e+02 -8.248938118695418709e+00
8.565000000252695145e+02 -7.532070017892528391e+00
8.570000000253015742e+02 -8.242975863218351407e+00
8.575000000253336339e+02 -7.010067358219203904e+00
8.580000000253656935e+02 -8.009466956630198808e+00
8.585000000253976395e+02 -7.797889254072493337e+00
8.590000000254296992e+02 -7.067272871230396269e+00
8.595000000254617589e+02 -7.875687725158664776e+00
8.600000000254938186e+02 -7.110658137067351170e+00
8.605000000255258783e+02 -7.787001601779878435e+00
8.610000000255578243e+02 -7.718502225675676343e+00
8.615000000255898840e+02 -7.816072336195568404e+00
8.620000000256219437e+02 -7.875177668650616525e+00
8.625000000256540034e+02 -7.409286342683493842e+00
8.630000000256859494e+02 -7.324351195256179281e+00
8.635000000257180091e+02 -7.991177946861140136e+00
8.640000000257500687e+02 -7.597987000755647813e+00
8.645000000257821284e+02 -7.554347410587147316e+00
8.650000000258140744e+02 -7.962230565739289112e+00
8.655000000258461341e+02 -7.598689308743575843e+00
8.660000000258781938e+02 -7.824134681336259334e+00
8.665000000259102535e+02 -7.418976294834816798e+00
8.670000000259421995e+02 -7.700645375355625433e+00
8.675000000259742592e+02 -7.612775188932098480e+00
8.680000000260063189e+02 -8.049641168808925329e+00
8.685000000260383786e+02 -7.650677400191689514e+00
8.690000000260704383e+02 -7.269300862221461657e+00
8.695000000261023843e+02 -8.109043871468958997e+00
8.700000000261344439e+02 -7.251985851751348910e+00
8.705000000261665036e+02 -7.472754652018624100e+00
8.710000000261985633e+02 -7.854968321530783726e+00
8.715000000262305093e+02 -7.731588721129956987e+00
8.720000000262625690e+02 -7.338637431659871702e+00
8.725000000262946287e+02 -8.127317598999692194e+00
8.730000000263266884e+02 -7.468908092419879630e+00
8.735000000263586344e+02 -7.017420348186414358e+00
8.740000000263906941e+02 -7.660994837592118856e+00
8.745000000264227538e+02 -7.677655968882575621e+00
8.750000000264548135e+02 -8.096018028076317208e+00
8.755000000264867595e+02 -7.292718484219500752e+00
8.760000000265188191e+02 -8.244597486419449339e+00
8.765000000265508788e+02 -6.915774111173331740e+00
8.770000000265829385e+02 -7.666219661148540254e+00
8.775000000266149982e+02 -7.540201900578852978e+00
8.780000000266469442e+02 -7.613297526417152739e+00
8.785000000266790039e+02 -7.405189296615242611e+00
8.790000000267110636e+02 -7.485841685705131532e+00
8.795000000267431233e+02 -7.509503607511088141e+00
8.800000000267750693e+02 -7.758604974028538770e+00
8.805000000268071290e+02 -7.630066757915039410e+00
8.810000000268391886e+02 -8.020954316525701344e+00
8.815000000268712483e+02 -7.191830167161850973e+00
8.820000000269031943e+02 -7.618664742363918663e+00
8.825000000269352540e+02 -7.649161723679093861e+00
8.830000000269673137e+02 -7.702153059783708677e+00
8.835000000269993734e+02 -7.780067109902353728e+00
8.840000000270313194e+02 -7.584124585777485272e+00
8.845000000270633791e+02 -7.971053537872455408e+00
8.850000000270954388e+02 -7.661984427972226008e+00
8.855000000271274985e+02 -7.540138339972192405e+00
8.860000000271595582e+02 -7.304265594829026043e+00
8.865000000271915042e+02 -7.517297855592826927e+00
8.870000000272235638e+02 -7.951387509812996690e+00
8.875000000272556235e+02 -7.698747979011858256e+00
8.880000000272876832e+02 -7.847212553479298691e+00
8.885000000273196292e+02 -7.356592330208584052e+00
8.890000000273516889e+02 -8.284952711184574881e+00
8.895000000273837486e+02 -7.343869453687084103e+00
8.900000000274158083e+02 -7.590223301816941159e+00
8.905000000274477543e+02 -8.236600704264452233e+00
8.910000000274798140e+02 -7.307831228602259976e+00
8.915000000275118737e+02 -8.064234585398544652e+00
8.920000000275439334e+02 -7.793158364968112650e+00
8.925000000275758794e+02 -7.278423326076373989e+00
8.930000000276079390e+02 -8.219167836085611967e+00
8.935000000276399987e+02 -7.301304343137351438e+00
8.940000000276720584e+02 -7.489516722546389893e+00
8.945000000277040044e+02 -8.035211238951518453e+00
8.950000000277360641e+02 -7.038515312715373895e+00
8.955000000277681238e+02 -8.095308232353584543e+00
8.960000000278001835e+02 -7.719260122389677292e+00
8.965000000278322432e+02 -7.479212417340988850e+00
8.970000000278641892e+02 -7.970109438592059448e+00
8.975000000278962489e+02 -7.705665868080277647e+00
8.980000000279283086e+02 -7.978268830348873131e+00
8.985000000279603682e+02 -7.950582728450488190e+00
8.990000000279923142e+02 -7.156735422623736298e+00
8.995000000280243739e+02 -8.133023291260919052e+00
9.000000000280564336e+02 -7.784479966386890659e+00
9.005000000280884933e+02 -7.886517212907985908e+00
9.010000000281204393e+02 -7.287242250496772655e+00
9.015000000281524990e+02 -7.692670517119015727e+00
9.020000000281845587e+02 -7.782491693822339407e+00
9.025000000282166184e+02 -7.790301517299320189e+00
9.030000000282485644e+02 -7.180156870149031256e+00
9.035000000282806241e+02 -7.508228213544148488e+00
9.040000000283126838e+02 -7.843389264205751665e+00
9.045000000283447434e+02 -7.684538296168778260e+00
9.050000000283768031e+02 -7.393605927073729767e+00
9.055000000284087491e+02 -7.466094621960791322e+00
9.060000000284408088e+02 -7.707315828210449027e+00
9.065000000284728685e+02 -8.304761444099318268e+00
9.070000000285049282e+02 -7.614790740915036160e+00
9.075000000285368742e+02 -7.561114887181796362e+00
9.080000000285689339e+02 -7.619964494671418898e+00
9.085000000286009936e+02 -7.390211561060780809e+00
9.090000000286330533e+02 -7.482060124983143545e+00
9.095000000286649993e+02 -8.239499571476669004e+00
9.100000000286970590e+02 -7.555297440149206345e+00
9.105000000287291186e+02 -7.255236477236801207e+00
9.110000000287611783e+02 -7.869102743786247522e+00
9.115000000287931243e+02 -8.029947657945859518e+00
9.120000000288251840e+02 -7.468402264687993508e+00
9.125000000288572437e+02 -7.813232361936473858e+00
9.130000000288893034e+02 -7.496454499538365290e+00
9.135000000289213631e+02 -8.016823026231444160e+00
9.140000000289533091e+02 -7.510530274941525697e+00
9.145000000289853688e+02 -7.491760516457887320e+00
9.150000000290174285e+02 -7.769253613058123342e+00
9.155000000290494881e+02 -7.178244141867393679e+00
9.160000000290814341e+02 -7.832366713767230593e+00
9.165000000291134938e+02 -7.450062696009855934e+00
9.170000000291455535e+02 -7.686452176815574688e+00
9.175000000291776132e+02 -7.473681294322227942e+00
9.180000000292095592e+02 -7.578173161958738469e+00
9.185000000292416189e+02 -8.039616755594730435e+00
9.190000000292736786e+02 -7.695682162129168447e+00
9.195000000293057383e+02 -7.804816180804647452e+00
9.200000000293376843e+02 -7.673566799454999199e+00
9.205000000293697440e+02 -7.786956512528961483e+00
9.210000000294018037e+02 -7.658893426353561296e+00
9.215000000294338633e+02 -7.431550207861564949e+00
9.220000000294659230e+02 -7.480153720495096081e+00
9.225000000294978690e+02 -7.695247436490400439e+00
9.230000000295299287e+02 -7.363809022233349211e+00
9.235000000295619884e+02 -7.701420002579578039e+00
9.240000000295940481e+02 -7.742900916822310187e+00
9.245000000296259941e+02 -7.987416249383103128e+00
9.250000000296580538e+02 -7.332198245067226061e+00
9.255000000296901135e+02 -7.095934992654706619e+00
9.260000000297221732e+02 -8.016806673038214370e+00
9.265000000297541192e+02 -7.479421099777600723e+00
9.270000000297861789e+02 -7.907739746690806371e+00
9.275000000298182385e+02 -8.136022500994243956e+00
9.280000000298502982e+02 -7.865839250226156487e+00
9.285000000298822442e+02 -7.422236221602848794e+00
9.290000000299143039e+02 -7.441764254653910449e+00
9.295000000299463636e+02 -7.973597787836171236e+00
9.300000000299784233e+02 -7.419847592183932861e+00
9.305000000300104830e+02 -7.229646412140914080e+00
9.310000000300424290e+02 -7.517224204617711791e+00
9.315000000300744887e+02 -7.593331758117653152e+00
9.320000000301065484e+02 -7.549628057624437005e+00
9.325000000301386081e+02 -7.803867347858275849e+00
9.330000000301705541e+02 -7.733503752433113831e+00
9.335000000302026137e+02 -8.209704602827876840e+00
9.340000000302346734e+02 -7.109702520956554750e+00
9.345000000302667331e+02 -7.449048431967043804e+00
9.350000000302986791e+02 -7.828667572184153656e+00
9.355000000303307388e+02 -7.451226771091037371e+00
9.360000000303627985e+02 -7.676562500204452633e+00
9.365000000303948582e+02 -7.947885067406057047e+00
9.370000000304268042e+02 -7.516634436044917322e+00
9.375000000304588639e+02 -8.014778276024202341e+00
9.380000000304909236e+02 -7.551333584558796552e+00
9.385000000305229833e+02 -7.116682665566644417e+00
9.390000000305549293e+02 -7.929635089073679310e+00
9.395000000305869889e+02 -7.251789184742534644e+00
9.400000000306190486e+02 -7.821609618097528305e+00
9.405000000306511083e+02 -7.498378637775894084e+00
9.410000000306831680e+02 -7.297680439911249373e+00
9.415000000307151140e+02 -7.995200919498991254e+00
9.420000000307471737e+02 -7.737004974117266620e+00
9.425000000307792334e+02 -7.180827267122849022e+00
9.430000000308112931e+02 -7.629339925144095425e+00
9.435000000308432391e+02 -7.693442834558952725e+00
9.440000000308752988e+02 -7.694593328490128670e+00
9.445000000309073585e+02 -7.787781780520915298e+00
9.450000000309394181e+02 -7.714783946605427545e+00
9.455000000309713641e+02 -7.889556323323688503e+00
9.460000000310034238e+02 -7.289777392962099256e+00
9.465000000310354835e+02 -7.991562330255621127e+00
9.470000000310675432e+02 -7.910077825621673497e+00
9.475000000310994892e+02 -7.123726456868458179e+00
9.480000000311315489e+02 -7.901202980752272786e+00
9.485000000311636086e+02 -6.931380781772287669e+00
9.490000000311956683e+02 -8.129119738109237048e+00
9.495000000312277280e+02 -7.537662113049937496e+00
9.500000000312596740e+02 -7.421894239323212794e+00
9.505000000312917336e+02 -7.767668597075170211e+00
9.510000000313237933e+02 -7.258437942486428263e+00
9.515000000313558530e+02 -7.973670138670540197e+00
9.520000000313877990e+02 -7.999074947516422007e+00
9.525000000314198587e+02 -7.334894887968668620e+00
9.530000000314519184e+02 -7.689308859617590919e+00
9.535000000314839781e+02 -8.079616762744498359e+00
9.540000000315159241e+02 -7.187659648872337215e+00
9.545000000315479838e+02 -7.233623413453473816e+00
9.550000000315800435e+02 -7.828434047808406682e+00
9.555000000316121032e+02 -7.609681753147543581e+00
9.560000000316440492e+02 -7.656947227308371851e+00
9.565000000316761088e+02 -7.377366836197364108e+00
9.570000000317081685e+02 -7.795457772425973708e+00
9.575000000317402282e+02 -7.396166846615447987e+00
9.580000000317722879e+02 -7.519398215159837306e+00
9.585000000318042339e+02 -8.341291984233789591e+00
9.590000000318362936e+02 -7.210268721139871495e+00
9.595000000318683533e+02 -8.017885970652061545e+00
9.600000000319004130e+02 -7.578948783057357197e+00
9.605000000319323590e+02 -7.189719208779303372e+00
9.610000000319644187e+02 -8.144295861042943230e+00
9.615000000319964784e+02 -7.693416621723598858e+00
9.620000000320285380e+02 -7.325530041757297717e+00
9.625000000320604840e+02 -8.421875510188865377e+00
9.630000000320925437e+02 -6.883477144440291795e+00
9.635000000321246034e+02 -7.523757456824898604e+00
9.640000000321566631e+02 -8.171467421706404721e+00
9.645000000321886091e+02 -7.826091873930428378e+00
9.650000000322206688e+02 -7.518851341504426244e+00
9.655000000322527285e+02 -7.756283176700515369e+00
9.660000000322847882e+02 -7.896547132954199633e+00
9.665000000323168479e+02 -7.590322126460723240e+00
9.670000000323487939e+02 -7.969280130819305086e+00
9.675000000323808536e+02 -7.676302008533139265e+00
9.680000000324129132e+02 -7.340918738752931105e+00
9.685000000324449729e+02 -7.525481525013331563e+00
9.690000000324769189e+02 -7.564049120653765002e+00
9.695000000325089786e+02 -7.406193071792745108e+00
9.700000000325410383e+02 -8.078957620014493912e+00
9.705000000325730980e+02 -7.031028130360281736e+00
9.710000000326050440e+02 -7.629189208891703267e+00
9.715000000326371037e+02 -8.061463598477081050e+00
9.720000000326691634e+02 -7.776188744228166527e+00
9.725000000327012231e+02 -7.315755928312444034e+00
9.730000000327331691e+02 -7.379876280089311180e+00
9.735000000327652288e+02 -7.966951838446801659e+00
9.740000000327972884e+02 -7.165304300944104199e+00
9.745000000328293481e+02 -7.089218394219084729e+00
9.750000000328614078e+02 -7.691666550169634853e+00
9.755000000328933538e+02 -7.265830137352058848e+00
9.760000000329254135e+02 -7.499404912556724589e+00
9.765000000329574732e+02 -7.719332467633248207e+00
9.770000000329895329e+02 -7.654664859401934862e+00
9.775000000330214789e+02 -7.617035358250709542e+00
9.780000000330535386e+02 -7.622524379917971160e+00
9.785000000330855983e+02 -7.582474711214392649e+00
9.790000000331176579e+02 -7.887217197677206748e+00
9.795000000331496040e+02 -7.904801582717690955e+00
9.800000000331816636e+02 -7.542198315327701685e+00
9.805000000332137233e+02 -7.808907108979834533e+00
9.810000000332457830e+02 -7.745512281499953744e+00
9.815000000332777290e+02 -7.596929165760247571e+00
9.820000000333097887e+02 -7.379186568233595089e+00
9.825000000333418484e+02 -7.982708224303083355e+00
9.830000000333739081e+02 -7.585743857779622346e+00
9.835000000334058541e+02 -7.486398124423375933e+00
9.840000000334379138e+02 -7.605051944834412048e+00
9.845000000334699735e+02 -7.565945096988169638e+00
9.850000000335020331e+02 -7.206039185141696279e+00
9.855000000335340928e+02 -7.773089855776573742e+00
9.860000000335660388e+02 -7.674700298669979937e+00
9.865000000335980985e+02 -7.760222634526452445e+00
9.870000000336301582e+02 -8.130753345099668294e+00
9.875000000336622179e+02 -6.776764842376815423e+00
9.880000000336941639e+02 -7.488184299159472701e+00
9.885000000337262236e+02 -7.681323634664291689e+00
9.890000000337582833e+02 -7.268495593668862220e+00
9.895000000337903430e+02 -7.512428576301762639e+00
9.900000000338222890e+02 -7.625599816739735637e+00
9.905000000338543487e+02 -7.864236707269386173e+00
9.910000000338864083e+02 -7.192509819770200430e+00
9.915000000339184680e+02 -7.393019501596898024e+00
9.920000000339504140e+02 -7.525832891860868124e+00
9.925000000339824737e+02 -7.651371592027350843e+00
9.930000000340145334e+02 -7.221188682887711430e+00
9.935000000340465931e+02 -7.763484440160580036e+00
9.940000000340786528e+02 -7.906294494395289973e+00
9.945000000341105988e+02 -7.567205694416898609e+00
9.950000000341426585e+02 -7.531776754914424998e+00
9.955000000341747182e+02 -7.184194455852679795e+00
9.960000000342067779e+02 -7.825965393391549618e+00
9.965000000342387239e+02 -7.696672281233428059e+00
9.970000000342707835e+02 -7.734265399778835537e+00
9.975000000343028432e+02 -7.585564544396737219e+00
9.980000000343349029e+02 -7.353178194738446471e+00
9.985000000343668489e+02 -7.684855689638357745e+00
9.990000000343989086e+02 -7.530007869524689923e+00
9.995000000344309683e+02 -7.810690551640851353e+00
1.000000000034463028e+03 -7.589390541963696002e+00
