# Time (ps)	CV (angstrom)
9.999999999975766229e+01 -3.124236949978388189e+00
1.004999999997559001e+02 -2.383455388032306832e+00
1.009999999997541380e+02 -3.139927647312190206e+00
1.014999999997533990e+02 -2.568810456043440826e+00
1.019999999997629061e+02 -2.848110266771848309e+00
1.024999999997724132e+02 -2.619304143707030352e+00
1.029999999997819060e+02 -3.302453207294450799e+00
1.034999999997914131e+02 -2.283169882714263910e+00
1.039999999998009201e+02 -3.393200222354692208e+00
1.044999999998104272e+02 -2.394492749072397064e+00
1.049999999998199343e+02 -3.417802640798710989e+00
1.054999999998294413e+02 -2.682782110138288267e+00
1.059999999998389484e+02 -2.685388850722167486e+00
1.064999999998484554e+02 -2.894726936055709299e+00
1.069999999998579483e+02 -2.441470727362234694e+00
1.074999999998674554e+02 -2.742925411724021156e+00
1.079999999998769624e+02 -2.651566488553232848e+00
1.084999999998864695e+02 -2.522844853759008021e+00
1.089999999998959765e+02 -2.723884976426308224e+00
1.094999999999054836e+02 -3.082918329380519129e+00
1.099999999999149907e+02 -2.481140737717622002e+00
1.104999999999244977e+02 -3.106077953977976591e+00
1.109999999999339906e+02 -2.162611565328439678e+00
1.114999999999434976e+02 -2.916278484253137737e+00
1.119999999999530047e+02 -2.704785920381350905e+00
1.124999999999625118e+02 -2.781090505007717706e+00
1.129999999999720188e+02 -2.782328842565595650e+00
1.134999999999815259e+02 -2.779440773836116652e+00
1.139999999999910330e+02 -2.691968930163297635e+00
1.145000000000005400e+02 -3.043646639365209072e+00
1.150000000000100329e+02 -2.541218897049303038e+00
1.155000000000195399e+02 -2.745886883822484137e+00
1.160000000000290470e+02 -2.550124490683633116e+00
1.165000000000385540e+02 -2.880867243250151422e+00
1.170000000000480611e+02 -2.873034414895162314e+00
1.175000000000575682e+02 -2.684764505381462385e+00
1.180000000000670752e+02 -2.803455911258311062e+00
1.185000000000765823e+02 -2.694804448021265397e+00
1.190000000000860751e+02 -2.467869680684035227e+00
1.195000000000955822e+02 -2.738501924600002635e+00
1.200000000001050893e+02 -2.854100356013467454e+00
1.205000000001145963e+02 -2.754662438035144767e+00
1.210000000001241034e+02 -2.350726646119544849e+00
1.215000000001336105e+02 -3.329800803263029074e+00
1.220000000001431175e+02 -2.504314428078438848e+00
1.225000000001526246e+02 -2.774104516198184989e+00
1.230000000001621174e+02 -2.617598763188004884e+00
1.235000000001716245e+02 -3.006925693872567695e+00
1.240000000001811316e+02 -2.187479740156839103e+00
1.245000000001906386e+02 -2.586588698119387075e+00
1.250000000002001457e+02 -2.911910667281685239e+00
1.255000000002096527e+02 -2.499734473264424661e+00
1.260000000002191598e+02 -2.846465796459215269e+00
1.265000000002286527e+02 -2.850421936810150658e+00
1.270000000002381597e+02 -2.885816445452262347e+00
1.275000000002476668e+02 -2.812475520916040583e+00
1.280000000002571880e+02 -2.875923027228900697e+00
1.285000000002666809e+02 -2.750970223422581906e+00
1.290000000002761738e+02 -2.647898049146419464e+00
1.295000000002856950e+02 -2.908760955439523954e+00
1.300000000002951879e+02 -2.786881836676332380e+00
1.305000000003047091e+02 -2.790587116129352285e+00
1.310000000003142020e+02 -2.781751416717830327e+00
1.315000000003237233e+02 -2.864045982237612531e+00
1.320000000003332161e+02 -2.897653686628916869e+00
1.325000000003427090e+02 -2.695087330905764578e+00
1.330000000003522302e+02 -3.141647566541400316e+00
1.335000000003617231e+02 -2.856889752927333603e+00
1.340000000003712444e+02 -2.979182562813995183e+00
1.345000000003807372e+02 -2.696738401870344415e+00
1.350000000003902585e+02 -2.748136776686224803e+00
1.355000000003997513e+02 -2.728338463797538971e+00
1.360000000004092726e+02 -2.576777953149503642e+00
1.365000000004187655e+02 -2.963972138827117409e+00
1.370000000004282583e+02 -2.771308089043161615e+00
1.375000000004377796e+02 -3.065196485238030455e+00
1.380000000004472724e+02 -2.534481051316871625e+00
1.385000000004567937e+02 -2.700829446112688714e+00
1.390000000004662866e+02 -2.692418180193799859e+00
1.395000000004758078e+02 -2.737460276974278628e+00
1.400000000004853007e+02 -2.692201550400743049e+00
1.405000000004947935e+02 -2.878346468743648412e+00
1.410000000005043148e+02 -2.531782984308207585e+00
1.415000000005138077e+02 -2.777973063623588423e+00
1.420000000005233289e+02 -2.618265365565838554e+00
1.425000000005328218e+02 -3.361598153916138365e+00
1.430000000005423431e+02 -2.280352392896400904e+00
1.435000000005518359e+02 -3.167497869627296847e+00
1.440000000005613572e+02 -2.455979564966114026e+00
1.445000000005708500e+02 -2.515567383632682841e+00
1.450000000005803429e+02 -3.171134163240592940e+00
1.455000000005898642e+02 -2.461520591345657039e+00
1.460000000005993570e+02 -2.897163669851686052e+00
1.465000000006088783e+02 -2.596536244546130856e+00
1.470000000006183711e+02 -2.788507373189034411e+00
1.475000000006278924e+02 -2.851406593767464859e+00
1.480000000006373853e+02 -3.107630236314860905e+00
1.485000000006468781e+02 -2.742839801049806958e+00
1.490000000006563994e+02 -2.566105903434548807e+00
1.495000000006658922e+02 -2.888633495839838972e+00
1.500000000006754135e+02 -2.669976947837899406e+00
1.505000000006849064e+02 -2.625936410325004911e+00
1.510000000006944276e+02 -2.783632227463026965e+00
1.515000000007039205e+02 -2.865205734149026462e+00
1.520000000007134133e+02 -2.674783539589871140e+00
1.525000000007229346e+02 -2.606012839509291190e+00
1.530000000007324275e+02 -2.960820363428117385e+00
1.535000000007419487e+02 -2.630226516740885145e+00
1.540000000007514416e+02 -2.610920421051707851e+00
1.545000000007609628e+02 -2.693851319936795718e+00
1.550000000007704557e+02 -2.932790711847400367e+00
1.555000000007799770e+02 -2.641478124227341961e+00
1.560000000007894698e+02 -2.918543237386268530e+00
1.565000000007989627e+02 -2.594852033202567743e+00
1.570000000008084839e+02 -2.627635566483385254e+00
1.575000000008179768e+02 -2.832268522532574995e+00
1.580000000008274981e+02 -2.493694182640129764e+00
1.585000000008369909e+02 -2.976380069744738233e+00
1.590000000008465122e+02 -3.043536259091234264e+00
1.595000000008560050e+02 -3.241247443306577658e+00
1.600000000008654979e+02 -2.431036628333424154e+00
1.605000000008750192e+02 -2.546922091487290096e+00
1.610000000008845120e+02 -2.950559689908010430e+00
1.615000000008940333e+02 -2.928596834643041102e+00
1.620000000009035261e+02 -2.902239544043095254e+00
1.625000000009130474e+02 -2.433599370950426000e+00
1.630000000009225403e+02 -2.707540510087453889e+00
1.635000000009320615e+02 -2.742646197906040584e+00
1.640000000009415544e+02 -2.723350991489957629e+00
1.645000000009510472e+02 -2.399800436891048161e+00
1.650000000009605685e+02 -3.137487805274726593e+00
1.655000000009700614e+02 -2.436768907768823489e+00
1.660000000009795826e+02 -2.974371248570271575e+00
1.665000000009890755e+02 -2.706925940471459402e+00
1.670000000009985968e+02 -2.712596223518661365e+00
1.675000000010080896e+02 -2.880691785231308533e+00
1.680000000010175825e+02 -2.549723734367648653e+00
1.685000000010271037e+02 -2.884541829525690382e+00
1.690000000010365966e+02 -2.888358694305604768e+00
1.695000000010461179e+02 -2.537048651881911088e+00
1.700000000010556107e+02 -2.957855812938891660e+00
1.705000000010651320e+02 -2.745930053470006627e+00
1.710000000010746248e+02 -2.689873051743066235e+00
1.715000000010841177e+02 -2.656790265412598551e+00
1.720000000010936390e+02 -2.935328594913483968e+00
1.725000000011031318e+02 -2.738031541844579753e+00
1.730000000011126531e+02 -2.761869138248330025e+00
1.735000000011221459e+02 -2.621724343080478192e+00
1.740000000011316672e+02 -3.235830378842798893e+00
1.745000000011411601e+02 -2.683749064995133438e+00
1.750000000011506813e+02 -2.792620843690535981e+00
1.755000000011601742e+02 -2.513223292753512528e+00
1.760000000011696670e+02 -2.943308517211324471e+00
1.765000000011791883e+02 -2.602658943324584584e+00
1.770000000011886812e+02 -2.614312395569259095e+00
1.775000000011982024e+02 -2.735894287734451424e+00
1.780000000012076953e+02 -3.011583176507392601e+00
1.785000000012172165e+02 -2.337218422137205653e+00
1.790000000012267094e+02 -2.909598422028304210e+00
1.795000000012362023e+02 -2.747477805018866182e+00
1.800000000012457235e+02 -2.984478214076311975e+00
1.805000000012552164e+02 -2.673471737886542243e+00
1.810000000012647376e+02 -2.632196441612752569e+00
1.815000000012742305e+02 -2.851383965904457085e+00
1.820000000012837518e+02 -2.804700859795941525e+00
1.825000000012932446e+02 -2.850485656406833712e+00
1.830000000013027659e+02 -3.012252938268306313e+00
1.835000000013122587e+02 -2.886142655830333137e+00
1.840000000013217516e+02 -2.553991460118349988e+00
1.845000000013312729e+02 -2.963856175392337811e+00
1.850000000013407657e+02 -3.078481471094089983e+00
1.855000000013502870e+02 -2.702795046916971256e+00
1.860000000013597798e+02 -2.889065478670422848e+00
1.865000000013693011e+02 -2.949037823740107367e+00
1.870000000013787940e+02 -2.832381141270849056e+00
1.875000000013882868e+02 -2.654845221044127346e+00
1.880000000013978081e+02 -3.198857257218922445e+00
1.885000000014073009e+02 -2.412397916434458001e+00
1.890000000014168222e+02 -2.756900309256450576e+00
1.895000000014263151e+02 -2.581990972950804153e+00
1.900000000014358363e+02 -2.626568605411658819e+00
1.905000000014453292e+02 -2.773916786031450865e+00
1.910000000014548220e+02 -2.789325775917032679e+00
1.915000000014643433e+02 -2.785408008109773181e+00
1.920000000014738362e+02 -3.016295288615065573e+00
1.925000000014833574e+02 -2.614994130260686056e+00
1.930000000014928503e+02 -2.872700285214448979e+00
1.935000000015023716e+02 -2.664140865863177776e+00
1.940000000015118644e+02 -2.809579114445674985e+00
1.945000000015213857e+02 -3.035173068680190323e+00
1.950000000015308785e+02 -2.447680313402888164e+00
1.955000000015403714e+02 -2.907462021374618288e+00
1.960000000015498927e+02 -2.953520155064125685e+00
1.965000000015593855e+02 -3.021102820655162891e+00
1.970000000015689068e+02 -2.974812593774679659e+00
1.975000000015783996e+02 -2.680437667313162908e+00
1.980000000015879209e+02 -3.001204069325029700e+00
1.985000000015974138e+02 -2.822482153307805497e+00
1.990000000016069066e+02 -2.959758782665368404e+00
1.995000000016164279e+02 -2.397862039550278990e+00
2.000000000016259207e+02 -3.182585268151381541e+00
2.005000000016354420e+02 -2.825105765219687814e+00
2.010000000016449349e+02 -3.125260027170122079e+00
2.015000000016544561e+02 -2.752186773276804388e+00
2.020000000016639490e+02 -3.003063774320403390e+00
2.025000000016734703e+02 -2.660802577008764214e+00
2.030000000016789556e+02 -2.821173197295761881e+00
2.035000000016659385e+02 -2.335383405927009548e+00
2.040000000016529214e+02 -2.681562423507003690e+00
2.045000000016398758e+02 -2.954628874305348596e+00
2.050000000016268586e+02 -2.714920980524848648e+00
2.055000000016138415e+02 -2.888174935980416524e+00
2.060000000016008244e+02 -2.688294938013576552e+00
2.065000000015878072e+02 -2.908022125155891757e+00
2.070000000015747617e+02 -2.730062182273563565e+00
2.075000000015617445e+02 -2.898502115225200626e+00
2.080000000015487274e+02 -2.491655070921597659e+00
2.085000000015357102e+02 -3.054095402044894492e+00
2.090000000015226931e+02 -2.559511917758001687e+00
2.095000000015096475e+02 -2.661163147600279277e+00
2.100000000014966304e+02 -2.672130333043695849e+00
2.105000000014836132e+02 -3.008472623065937324e+00
2.110000000014705961e+02 -2.912127077149133658e+00
2.115000000014575789e+02 -2.552878891787706550e+00
2.120000000014445618e+02 -3.039307501021141444e+00
2.125000000014315162e+02 -3.043439601594216892e+00
2.130000000014184991e+02 -2.452910935993761754e+00
2.135000000014054820e+02 -3.284905484034455370e+00
2.140000000013924648e+02 -2.651188972706008951e+00
2.145000000013794477e+02 -3.064298852713818189e+00
2.150000000013664021e+02 -2.398258559946742086e+00
2.155000000013533850e+02 -3.265698933696686623e+00
2.160000000013403678e+02 -2.353854003572642739e+00
2.165000000013273507e+02 -2.873024682520953998e+00
2.170000000013143335e+02 -2.774067521513643442e+00
2.175000000013013164e+02 -2.679136299165401525e+00
2.180000000012882708e+02 -2.918762542404267357e+00
2.185000000012752537e+02 -2.415852823474311517e+00
2.190000000012622365e+02 -2.931374636263652356e+00
2.195000000012492194e+02 -2.813400326443483923e+00
2.200000000012362023e+02 -2.653865244141334845e+00
2.205000000012231567e+02 -2.965724046405435743e+00
2.210000000012101395e+02 -3.067258522404353815e+00
2.215000000011971224e+02 -2.643184081582764300e+00
2.220000000011841053e+02 -2.998944599221458063e+00
2.225000000011710881e+02 -2.882391690287616992e+00
2.230000000011580710e+02 -2.653750448696405417e+00
2.235000000011450254e+02 -2.528842283307664918e+00
2.240000000011320083e+02 -2.593304104264531507e+00
2.245000000011189911e+02 -2.891303371222254892e+00
2.250000000011059740e+02 -2.744851628356933304e+00
2.255000000010929568e+02 -2.505391124059731300e+00
2.260000000010799113e+02 -2.740532844084425879e+00
2.265000000010668941e+02 -2.772473677436653183e+00
2.270000000010538770e+02 -2.606455717531072747e+00
2.275000000010408598e+02 -3.234986884280869113e+00
2.280000000010278427e+02 -2.602686681344028141e+00
2.285000000010148256e+02 -3.099489977867284640e+00
2.290000000010017800e+02 -2.306459454009326393e+00
2.295000000009887628e+02 -2.994519478550257574e+00
2.300000000009757457e+02 -2.796385158435933160e+00
2.305000000009627286e+02 -2.475962022403538576e+00
2.310000000009497114e+02 -2.535929545201522473e+00
2.315000000009366659e+02 -2.966451163271112801e+00
2.320000000009236487e+02 -2.595863363298676063e+00
2.325000000009106316e+02 -2.644258748556356675e+00
2.330000000008976144e+02 -2.788620185087257841e+00
2.335000000008845973e+02 -2.460265296662670131e+00
2.340000000008715517e+02 -2.637867608441310630e+00
2.345000000008585346e+02 -2.787663530262840972e+00
2.350000000008455174e+02 -3.061593231591604791e+00
2.355000000008325003e+02 -2.725722684213932823e+00
2.360000000008194831e+02 -2.816411591890737309e+00
2.365000000008064660e+02 -2.628237001742594892e+00
2.370000000007934204e+02 -3.078906932037054567e+00
2.375000000007804033e+02 -2.534005370669321078e+00
2.380000000007673862e+02 -2.956391808435800961e+00
2.385000000007543690e+02 -2.814907397578471748e+00
2.390000000007413519e+02 -3.049347815770225179e+00
2.395000000007283063e+02 -2.739857757086869405e+00
2.400000000007152892e+02 -2.789064810578689713e+00
2.405000000007022720e+02 -2.761173953532803704e+00
2.410000000006892549e+02 -2.769427001852603709e+00
2.415000000006762377e+02 -2.601066121951042476e+00
2.420000000006632206e+02 -3.245048394232124434e+00
2.425000000006501750e+02 -2.551395308337543799e+00
2.430000000006371579e+02 -2.947737913501524254e+00
2.435000000006241407e+02 -2.325616973282617295e+00
2.440000000006111236e+02 -2.386500939091134477e+00
2.445000000005981065e+02 -3.197307489162366512e+00
2.450000000005850609e+02 -2.570909621556584312e+00
2.455000000005720437e+02 -2.920201351910403531e+00
2.460000000005590266e+02 -2.884902689597220071e+00
2.465000000005460095e+02 -2.786752193726216298e+00
2.470000000005329923e+02 -2.879394920255420320e+00
2.475000000005199752e+02 -2.614643238933163083e+00
2.480000000005069296e+02 -3.113011284210766227e+00
2.485000000004939125e+02 -2.952014031968361873e+00
2.490000000004808953e+02 -2.506339128390875359e+00
2.495000000004678782e+02 -2.916556994685571169e+00
2.500000000004548610e+02 -2.654661958558188761e+00
2.505000000004418155e+02 -2.944132860074608171e+00
2.510000000004287983e+02 -2.412336561349105679e+00
2.515000000004157812e+02 -2.697129268164359939e+00
2.520000000004027640e+02 -2.841725678077688944e+00
2.525000000003897469e+02 -2.796228615518565608e+00
2.530000000003767013e+02 -2.588391007495988383e+00
2.535000000003636842e+02 -2.467143069736829730e+00
2.540000000003506671e+02 -2.742023535979276616e+00
2.545000000003376499e+02 -2.825047395530524863e+00
2.550000000003246328e+02 -2.632700783445756976e+00
2.555000000003116156e+02 -2.663090922648087666e+00
2.560000000002985985e+02 -2.722489510374304089e+00
2.565000000002855813e+02 -2.588313950637112448e+00
2.570000000002725642e+02 -2.605491549342589419e+00
2.575000000002594902e+02 -2.895431172604247205e+00
2.580000000002464731e+02 -2.315987175823843724e+00
2.585000000002334559e+02 -2.748207015784830176e+00
2.590000000002204388e+02 -2.571322879749751156e+00
2.595000000002074216e+02 -2.661250513620732949e+00
2.600000000001944045e+02 -2.719612313026916972e+00
2.605000000001813873e+02 -2.676965701611444537e+00
2.610000000001683702e+02 -3.062333521460117947e+00
2.615000000001553531e+02 -2.499540826047882636e+00
2.620000000001423359e+02 -2.816962989635961367e+00
2.625000000001292619e+02 -2.677024433908117729e+00
2.630000000001162448e+02 -2.933909225345304073e+00
2.635000000001032276e+02 -2.584359387905062366e+00
2.640000000000902105e+02 -2.965317685197975894e+00
2.645000000000771934e+02 -2.800587920993457214e+00
2.650000000000641762e+02 -2.801557846559619147e+00
2.655000000000511591e+02 -2.772753519355190210e+00
2.660000000000381419e+02 -2.917708852970065436e+00
2.665000000000251248e+02 -2.305945850308193101e+00
2.670000000000121076e+02 -2.807742473341087841e+00
2.674999999999990905e+02 -2.581709726785368364e+00
2.679999999999860165e+02 -3.024267544671893404e+00
2.684999999999729994e+02 -2.733540661133483152e+00
2.689999999999599822e+02 -2.647120405423978529e+00
2.694999999999469651e+02 -2.624362842219350345e+00
2.699999999999339479e+02 -2.764960095437736687e+00
2.704999999999209308e+02 -2.601034708435828957e+00
2.709999999999079137e+02 -2.686266908416768739e+00
2.714999999998948965e+02 -2.677050956720117281e+00
2.719999999998818794e+02 -2.799812798420055149e+00
2.724999999998688622e+02 -2.728049922625415125e+00
2.729999999998558451e+02 -2.836085464725937921e+00
2.734999999998427711e+02 -2.928727826943937629e+00
2.739999999998297540e+02 -2.802209250763755488e+00
2.744999999998167368e+02 -2.918760070896041281e+00
2.749999999998037197e+02 -2.901624296603639408e+00
2.754999999997907025e+02 -2.795519629404300765e+00
2.759999999997776854e+02 -2.772068742966776966e+00
2.764999999997646682e+02 -2.780609308929020251e+00
2.769999999997516511e+02 -2.660810664413120197e+00
2.774999999997386340e+02 -2.949509654297337136e+00
2.779999999997256168e+02 -2.884756522696080960e+00
2.784999999997125997e+02 -2.446844722048703957e+00
2.789999999996995257e+02 -2.684678481295481589e+00
2.794999999996865085e+02 -2.921769931794284680e+00
2.799999999996734914e+02 -2.984421631943615871e+00
2.804999999996604743e+02 -2.481497998820843875e+00
2.809999999996474571e+02 -2.899969164331751337e+00
2.814999999996344400e+02 -2.793729515901032023e+00
2.819999999996214228e+02 -2.418683064074758526e+00
2.824999999996084057e+02 -2.870035983992492046e+00
2.829999999995953885e+02 -2.724208553725425030e+00
2.834999999995823714e+02 -2.825075226916420323e+00
2.839999999995693543e+02 -2.788124352736267575e+00
2.844999999995562803e+02 -2.685105171763846332e+00
2.849999999995432631e+02 -2.543806492528077445e+00
2.854999999995302460e+02 -2.951785555772236336e+00
2.859999999995172288e+02 -2.790385887557886413e+00
2.864999999995042117e+02 -2.634199604888849855e+00
2.869999999994911946e+02 -3.003399764623974288e+00
2.874999999994781774e+02 -2.939016606065013359e+00
2.879999999994651603e+02 -2.967348251981974716e+00
2.884999999994521431e+02 -2.781150424456090064e+00
2.889999999994391260e+02 -2.534350519350892394e+00
2.894999999994261088e+02 -3.052900599658327163e+00
2.899999999994130349e+02 -2.499028661170725307e+00
2.904999999994000177e+02 -3.118898325788206805e+00
2.909999999993870006e+02 -2.901253323755466518e+00
2.914999999993739834e+02 -2.730351998470040176e+00
2.919999999993609663e+02 -3.048965343268970951e+00
2.924999999993479491e+02 -2.598700701340245445e+00
2.929999999993349320e+02 -2.848481117881195956e+00
2.934999999993219149e+02 -2.776194306530586520e+00
2.939999999993088977e+02 -2.830391957933342084e+00
2.944999999992958806e+02 -2.855659379302165402e+00
2.949999999992828634e+02 -2.476297585582451166e+00
2.954999999992697894e+02 -2.812502328371305094e+00
2.959999999992567723e+02 -2.426407399343839977e+00
2.964999999992437552e+02 -3.070923119832526194e+00
2.969999999992307380e+02 -2.368445261811650049e+00
2.974999999992177209e+02 -2.975587132684970104e+00
2.979999999992047037e+02 -2.728394089955272328e+00
2.984999999991916866e+02 -2.853631333370618695e+00
2.989999999991786694e+02 -2.447066128785619465e+00
2.994999999991656523e+02 -2.673583404168153876e+00
2.999999999991526352e+02 -3.128489450288222784e+00
3.004999999991396180e+02 -2.437486332617320173e+00
3.009999999991265440e+02 -2.933479166002881389e+00
3.014999999991135269e+02 -2.803750440902567753e+00
3.019999999991005097e+02 -2.587990507364782644e+00
3.024999999990874926e+02 -2.475684832751273934e+00
3.029999999990744755e+02 -3.534607039494820135e+00
3.034999999990614583e+02 -2.255819972965386722e+00
3.039999999990484412e+02 -2.806773810621311149e+00
3.044999999990354240e+02 -2.645297457962123122e+00
3.049999999990224069e+02 -3.113495713919928853e+00
3.054999999990093897e+02 -2.252727576476832194e+00
3.059999999989963158e+02 -2.460820283016377896e+00
3.064999999989832986e+02 -2.825473086687334323e+00
3.069999999989702815e+02 -3.020743734593029473e+00
3.074999999989572643e+02 -2.456811017242350292e+00
3.079999999989442472e+02 -2.981498980083872485e+00
3.084999999989312300e+02 -2.721606201562577709e+00
3.089999999989182129e+02 -3.049264523711356478e+00
3.094999999989051958e+02 -2.778633935044315884e+00
3.099999999988921786e+02 -2.661797964056212162e+00
3.104999999988791615e+02 -3.033075671865663736e+00
3.109999999988661443e+02 -2.768905218921917655e+00
3.114999999988530703e+02 -2.861142724387024217e+00
3.119999999988400532e+02 -2.531889897504021381e+00
3.124999999988270361e+02 -3.177869885163274510e+00
3.129999999988140189e+02 -2.676069489737108675e+00
3.134999999988010018e+02 -2.869009078884444008e+00
3.139999999987879846e+02 -2.569800674067096224e+00
3.144999999987749675e+02 -3.176943484715627264e+00
3.149999999987619503e+02 -2.384935499447724094e+00
3.154999999987489332e+02 -3.167667998810880459e+00
3.159999999987359161e+02 -2.584355407589147724e+00
3.164999999987228989e+02 -2.719430599050780106e+00
3.169999999987098249e+02 -3.091510314486844546e+00
3.174999999986968078e+02 -2.675175156681646182e+00
3.179999999986837906e+02 -3.051331769416357087e+00
3.184999999986707735e+02 -2.851121984765300876e+00
3.189999999986577564e+02 -2.502368426231690091e+00
3.194999999986447392e+02 -2.986616712422527797e+00
3.199999999986317221e+02 -2.714703586919801293e+00
3.204999999986187049e+02 -2.562633527557057977e+00
3.209999999986056878e+02 -2.944755161582812697e+00
3.214999999985926706e+02 -3.062008040924214303e+00
3.219999999985796535e+02 -2.612147875404521979e+00
3.224999999985665795e+02 -3.034636844673491041e+00
3.229999999985535624e+02 -2.599575054846241073e+00
3.234999999985405452e+02 -3.055153558276019421e+00
3.239999999985275281e+02 -2.774353619532608839e+00
3.244999999985145109e+02 -2.792580401722400296e+00
3.249999999985014938e+02 -2.671708859630051780e+00
3.254999999984884766e+02 -2.773881088162336805e+00
3.259999999984754595e+02 -2.687121866380167035e+00
3.264999999984624424e+02 -2.973678252142619716e+00
3.269999999984494252e+02 -2.534894679471509260e+00
3.274999999984364081e+02 -3.054550755936443096e+00
3.279999999984233341e+02 -2.483799831457655483e+00
3.284999999984103169e+02 -2.835067109785900374e+00
3.289999999983972998e+02 -2.683229845286550397e+00
3.294999999983842827e+02 -2.560101637596974289e+00
3.299999999983712655e+02 -2.614984897502696803e+00
3.304999999983582484e+02 -3.163058540876644731e+00
3.309999999983452312e+02 -2.822195322819772922e+00
3.314999999983322141e+02 -2.540653759593523020e+00
3.319999999983191969e+02 -2.970631997063287955e+00
3.324999999983061798e+02 -2.756073116120551170e+00
3.329999999982931627e+02 -2.606539623913070702e+00
3.334999999982800887e+02 -3.220731744619655501e+00
3.339999999982670715e+02 -2.612334063618465763e+00
3.344999999982540544e+02 -2.718464393836621085e+00
3.349999999982410372e+02 -2.391200077379154632e+00
3.354999999982280201e+02 -3.041168667151914029e+00
3.359999999982150030e+02 -2.611902936099003369e+00
3.364999999982019858e+02 -2.409803492938705105e+00
3.369999999981889687e+02 -3.000948245464447606e+00
3.374999999981759515e+02 -2.673173829456754635e+00
3.379999999981629344e+02 -2.577943672934988495e+00
3.384999999981499172e+02 -2.613873087224700242e+00
3.389999999981368433e+02 -2.859893312065755921e+00
3.394999999981238261e+02 -2.625960740497465640e+00
3.399999999981108090e+02 -2.991278793730465235e+00
3.404999999980977918e+02 -2.804766094715144931e+00
3.409999999980847747e+02 -3.254555168785250974e+00
3.414999999980717575e+02 -2.470698960494822849e+00
3.419999999980587404e+02 -2.665955689726330125e+00
3.424999999980457233e+02 -2.497730164827068666e+00
3.429999999980327061e+02 -2.784563670356254406e+00
3.434999999980196890e+02 -2.863917539893952924e+00
3.439999999980066718e+02 -2.510080373508314366e+00
3.444999999979935978e+02 -2.503105943492223595e+00
3.449999999979805807e+02 -3.136306932825756455e+00
3.454999999979675636e+02 -2.437503058115227716e+00
3.459999999979545464e+02 -2.535824034265568461e+00
3.464999999979415293e+02 -2.778071295072486180e+00
3.469999999979285121e+02 -2.934877994420887592e+00
3.474999999979154950e+02 -2.757263041019287542e+00
3.479999999979024778e+02 -2.835503700753081446e+00
3.484999999978894607e+02 -2.491497360970214903e+00
3.489999999978764436e+02 -2.903854671173909274e+00
3.494999999978633696e+02 -3.040709739129500377e+00
3.499999999978503524e+02 -2.231154034509484685e+00
3.504999999978373353e+02 -3.433267326597119862e+00
3.509999999978243181e+02 -2.127420433744353634e+00
3.514999999978113010e+02 -2.996658978120791073e+00
3.519999999977982839e+02 -2.727677979688923227e+00
3.524999999977852667e+02 -2.835748357521263863e+00
3.529999999977722496e+02 -2.666866931356321579e+00
3.534999999977592324e+02 -3.221257498489448423e+00
3.539999999977462153e+02 -2.659170465962305663e+00
3.544999999977331981e+02 -2.841307659389835649e+00
3.549999999977201242e+02 -2.522905301441181081e+00
3.554999999977071070e+02 -2.724467845040841940e+00
3.559999999976940899e+02 -2.791798394132647854e+00
3.564999999976810727e+02 -2.809702513358480758e+00
3.569999999976680556e+02 -2.828609981884242952e+00
3.574999999976550384e+02 -2.882350990219295195e+00
3.579999999976420213e+02 -2.740474028149612273e+00
3.584999999976290042e+02 -2.795041801365275358e+00
3.589999999976159870e+02 -2.321136474168195019e+00
3.594999999976029699e+02 -2.759466534868519449e+00
3.599999999975899527e+02 -2.599234569542503870e+00
3.604999999975768787e+02 -2.889992272093613757e+00
3.609999999975638616e+02 -2.550869022735093861e+00
3.614999999975508445e+02 -2.756459826152422021e+00
3.619999999975378273e+02 -3.010477792755615667e+00
3.624999999975248102e+02 -2.420271826422820460e+00
3.629999999975117930e+02 -3.479843278753349978e+00
3.634999999974987759e+02 -2.546364712036288669e+00
3.639999999974857587e+02 -2.800401725325742941e+00
3.644999999974727416e+02 -2.495559060894284364e+00
3.649999999974597245e+02 -2.860432143097440427e+00
3.654999999974467073e+02 -3.172804089153277829e+00
3.659999999974336333e+02 -2.421973698199626490e+00
3.664999999974206162e+02 -2.516665339667735424e+00
3.669999999974075990e+02 -2.915522804629606224e+00
3.674999999973945819e+02 -2.608915521617520383e+00
3.679999999973815648e+02 -2.846567199325225062e+00
3.684999999973685476e+02 -2.662199497408298754e+00
3.689999999973555305e+02 -2.873211162139234442e+00
3.694999999973425133e+02 -2.748326847063412792e+00
3.699999999973294962e+02 -2.669130407055230414e+00
3.704999999973164790e+02 -2.631618543949360234e+00
3.709999999973034619e+02 -3.106541146898140759e+00
3.714999999972903879e+02 -2.654928764326856871e+00
3.719999999972773708e+02 -2.973501676574060504e+00
3.724999999972643536e+02 -2.873604416489372593e+00
3.729999999972513365e+02 -2.676101035907621828e+00
3.734999999972383193e+02 -2.755121996804102746e+00
3.739999999972253022e+02 -2.738890453759016186e+00
3.744999999972122851e+02 -2.802538693926616808e+00
3.749999999971992679e+02 -2.658831814272366589e+00
3.754999999971862508e+02 -2.637352022706670240e+00
3.759999999971732336e+02 -2.802385972577319695e+00
3.764999999971602165e+02 -2.379100149855224444e+00
3.769999999971471425e+02 -2.389758870392722834e+00
3.774999999971341254e+02 -3.218398466430975269e+00
3.779999999971211082e+02 -1.842241359473126172e+00
3.784999999971080911e+02 -2.827852103348530655e+00
3.789999999970950739e+02 -2.707900748096935484e+00
3.794999999970820568e+02 -2.626430235356437048e+00
3.799999999970690396e+02 -2.806312622982239269e+00
3.804999999970560225e+02 -2.768342042176140883e+00
3.809999999970430054e+02 -3.046489798091617907e+00
3.814999999970299882e+02 -2.614213873578185243e+00
3.819999999970169711e+02 -2.831109314646448105e+00
3.824999999970038971e+02 -2.689781720664970344e+00
3.829999999969908799e+02 -2.632295260038782114e+00
3.834999999969778628e+02 -2.963852761035864702e+00
3.839999999969648456e+02 -2.809944312149367462e+00
3.844999999969518285e+02 -2.616969265202002681e+00
3.849999999969388114e+02 -3.058927466046138299e+00
3.854999999969257942e+02 -2.733000440619795857e+00
3.859999999969127771e+02 -3.146196077268115676e+00
3.864999999968997599e+02 -2.815485536999133398e+00
3.869999999968867428e+02 -2.922804162810135775e+00
3.874999999968737256e+02 -2.512190037088575245e+00
3.879999999968606517e+02 -3.152112715991424619e+00
3.884999999968476345e+02 -2.406207962819011392e+00
3.889999999968346174e+02 -3.233414487151364813e+00
3.894999999968216002e+02 -2.394664737525522558e+00
3.899999999968085831e+02 -3.217305649070245188e+00
3.904999999967955659e+02 -2.639386955182078331e+00
3.909999999967825488e+02 -3.105674930515850196e+00
3.914999999967695317e+02 -2.703729169604433658e+00
3.919999999967565145e+02 -2.597450893143610440e+00
3.924999999967434974e+02 -2.666912844743775768e+00
3.929999999967304234e+02 -2.765859809857176277e+00
3.934999999967174062e+02 -2.635183444156083077e+00
3.939999999967043891e+02 -2.866692000990239464e+00
3.944999999966913720e+02 -3.043061282486843488e+00
3.949999999966783548e+02 -3.184743954092088991e+00
3.954999999966653377e+02 -2.619071625142700199e+00
3.959999999966523205e+02 -2.797863773333274739e+00
3.964999999966393034e+02 -2.586895696226325203e+00
3.969999999966262862e+02 -2.124117579188443905e+00
3.974999999966132691e+02 -2.716762283615163476e+00
3.979999999966002520e+02 -2.955341714636195771e+00
3.984999999965871780e+02 -2.506523536837053534e+00
3.989999999965741608e+02 -2.908351124914949182e+00
3.994999999965611437e+02 -2.762846811246366663e+00
3.999999999965481265e+02 -2.608609364037941969e+00
4.004999999965351094e+02 -2.969393092687122593e+00
4.009999999965220923e+02 -2.567198731923099331e+00
4.014999999965090751e+02 -2.871154303133835572e+00
4.019999999964960580e+02 -2.413759723472776120e+00
4.024999999964830408e+02 -2.526440958232415657e+00
4.029999999964700237e+02 -3.404515130514079946e+00
4.034999999964570065e+02 -2.412673814672855244e+00
4.039999999964439326e+02 -3.229194254940983999e+00
4.044999999964309154e+02 -2.033584934358548590e+00
4.049999999964178983e+02 -2.995356163730036769e+00
4.054999999964048811e+02 -2.435824311094236805e+00
4.059999999964079507e+02 -2.732618283311718965e+00
4.064999999964400104e+02 -2.749298989470179588e+00
4.069999999964720132e+02 -2.802962605157779841e+00
4.074999999965040729e+02 -2.626153014318419299e+00
4.079999999965360757e+02 -3.059199133483863076e+00
4.084999999965681354e+02 -2.652178656221848563e+00
4.089999999966001383e+02 -2.721874763158927735e+00
4.094999999966321980e+02 -2.400405406857834212e+00
4.099999999966642008e+02 -2.867443338328648395e+00
4.104999999966962605e+02 -2.847396747606735001e+00
4.109999999967282633e+02 -3.042432686079782567e+00
4.114999999967603230e+02 -2.988214774128419737e+00
4.119999999967923259e+02 -2.369126579471897642e+00
4.124999999968243856e+02 -2.801726733813862058e+00
4.129999999968563884e+02 -2.262722736581992411e+00
4.134999999968884481e+02 -3.013880476759756899e+00
4.139999999969205078e+02 -2.513331005783693506e+00
4.144999999969525106e+02 -2.711819013645752730e+00
4.149999999969845703e+02 -2.839706560112273070e+00
4.154999999970165732e+02 -2.532112765625944117e+00
4.159999999970486328e+02 -2.609812018902616604e+00
4.164999999970806357e+02 -2.599119488985117243e+00
4.169999999971126954e+02 -2.646237064674247463e+00
4.174999999971446982e+02 -2.675908231643385538e+00
4.179999999971767579e+02 -3.131779547870053193e+00
4.184999999972087608e+02 -2.687898109173285643e+00
4.189999999972408204e+02 -2.699686579028702571e+00
4.194999999972728233e+02 -2.834519246930647274e+00
4.199999999973048830e+02 -2.871215195066667114e+00
4.204999999973368858e+02 -3.067132790156746225e+00
4.209999999973689455e+02 -3.039236393582366524e+00
4.214999999974009484e+02 -2.574990923522567421e+00
4.219999999974330080e+02 -3.247584986219212766e+00
4.224999999974650109e+02 -2.489341800737410182e+00
4.229999999974970706e+02 -2.968432846361360955e+00
4.234999999975291303e+02 -2.693343948561627510e+00
4.239999999975611331e+02 -3.074158107535875928e+00
4.244999999975931928e+02 -2.852972995834284653e+00
4.249999999976251956e+02 -2.812723694701813049e+00
4.254999999976572553e+02 -2.711183815639903738e+00
4.259999999976892582e+02 -2.895386694071008460e+00
4.264999999977213179e+02 -3.378652084991020654e+00
4.269999999977533207e+02 -2.775811188112092598e+00
4.274999999977853804e+02 -2.319824930514900796e+00
4.279999999978173832e+02 -3.070025691689728387e+00
4.284999999978494429e+02 -2.691563989274507573e+00
4.289999999978814458e+02 -2.653573152432977533e+00
4.294999999979135055e+02 -2.881619646308790639e+00
4.299999999979455083e+02 -2.778043274243834126e+00
4.304999999979775680e+02 -2.708318285033754602e+00
4.309999999980095708e+02 -2.893244972672937454e+00
4.314999999980416305e+02 -2.505998838489511549e+00
4.319999999980736902e+02 -2.913941278714889727e+00
4.324999999981056931e+02 -3.277581634298670554e+00
4.329999999981377528e+02 -2.583977740559373348e+00
4.334999999981697556e+02 -2.376704488150333638e+00
4.339999999982018153e+02 -2.822188232385377304e+00
4.344999999982338181e+02 -2.378528064349139548e+00
4.349999999982658778e+02 -2.923944603520768126e+00
4.354999999982978807e+02 -2.592193259434654617e+00
4.359999999983299404e+02 -3.253532056244485826e+00
4.364999999983619432e+02 -2.689388542817988004e+00
4.369999999983940029e+02 -3.301462735762478840e+00
4.374999999984260057e+02 -2.363521293794858202e+00
4.379999999984580654e+02 -3.170715215698745038e+00
4.384999999984900683e+02 -2.655215663427828332e+00
4.389999999985221280e+02 -3.031309334779654918e+00
4.394999999985541308e+02 -2.782317788487060461e+00
4.399999999985861905e+02 -2.733590880262228850e+00
4.404999999986182502e+02 -3.314836800737066103e+00
4.409999999986502530e+02 -2.639090940715874467e+00
4.414999999986823127e+02 -2.805355033340183102e+00
4.419999999987143156e+02 -2.784163101592230571e+00
4.424999999987463752e+02 -2.661028126488781620e+00
4.429999999987783781e+02 -2.999716307802652082e+00
4.434999999988104378e+02 -2.978049551862796296e+00
4.439999999988424406e+02 -2.691610863231364892e+00
4.444999999988745003e+02 -2.762854170957631972e+00
4.449999999989065032e+02 -2.685964969600055152e+00
4.454999999989385628e+02 -2.844773263427979870e+00
4.459999999989705657e+02 -2.541689324267363048e+00
4.464999999990026254e+02 -3.079409479245248438e+00
4.469999999990346282e+02 -2.677480126114756054e+00
4.474999999990666879e+02 -2.529120262350266657e+00
4.479999999990986908e+02 -3.080681672333978049e+00
4.484999999991307504e+02 -2.220923335664705789e+00
4.489999999991627533e+02 -3.307653770693860462e+00
4.494999999991948130e+02 -2.538739288190932086e+00
4.499999999992268727e+02 -2.972992019305612743e+00
4.504999999992588755e+02 -3.003572538937368197e+00
4.509999999992909352e+02 -2.748335016340813564e+00
4.514999999993229380e+02 -3.093756281160116473e+00
4.519999999993549977e+02 -2.726696282107328617e+00
4.524999999993870006e+02 -2.776544002563253066e+00
4.529999999994190603e+02 -2.865746866401655879e+00
4.534999999994510631e+02 -2.950618220393139701e+00
4.539999999994831228e+02 -2.839376084738165940e+00
4.544999999995151256e+02 -2.582868466446576861e+00
4.549999999995471853e+02 -2.686540048674142867e+00
4.554999999995791882e+02 -2.872525462561366538e+00
4.559999999996112479e+02 -2.895142016905975613e+00
4.564999999996432507e+02 -2.837454081943177719e+00
4.569999999996753104e+02 -3.076055666074609007e+00
4.574999999997073132e+02 -2.791809020108749095e+00
4.579999999997393729e+02 -2.865138085643938126e+00
4.584999999997714326e+02 -2.690191388957828611e+00
4.589999999998034355e+02 -2.728480643998022259e+00
4.594999999998354951e+02 -2.558832790109655253e+00
4.599999999998674980e+02 -2.679995493194432754e+00
4.604999999998995577e+02 -2.985896591984876558e+00
4.609999999999315605e+02 -3.190345010508949919e+00
4.614999999999636202e+02 -2.584778060462619820e+00
4.619999999999956231e+02 -2.818602648291678836e+00
4.625000000000276827e+02 -2.621556095106860163e+00
4.630000000000596856e+02 -2.944733015339966453e+00
4.635000000000917453e+02 -2.863710471250679568e+00
4.640000000001237481e+02 -2.878213048173757116e+00
4.645000000001558078e+02 -2.607614531083109366e+00
4.650000000001878107e+02 -3.133350757785994478e+00
4.655000000002198703e+02 -3.018479213276053841e+00
4.660000000002518732e+02 -2.722015355626666189e+00
4.665000000002839329e+02 -2.663323026184028830e+00
4.670000000003159357e+02 -3.179115612815395675e+00
4.675000000003479954e+02 -2.437815646597049302e+00
4.680000000003800551e+02 -2.344745574031390056e+00
4.685000000004120579e+02 -2.770884229932344844e+00
4.690000000004441176e+02 -2.722573835178508261e+00
4.695000000004761205e+02 -2.999277456899102745e+00
4.700000000005081802e+02 -2.273434210468932459e+00
4.705000000005401830e+02 -2.960524649721408608e+00
4.710000000005722427e+02 -2.612726996028532422e+00
4.715000000006042455e+02 -2.380613162958397311e+00
4.720000000006363052e+02 -3.034154235778833364e+00
4.725000000006683081e+02 -2.753871149096452697e+00
4.730000000007003678e+02 -2.661689689135827042e+00
4.735000000007323706e+02 -2.686238923503908360e+00
4.740000000007644303e+02 -2.602313393201827640e+00
4.745000000007964331e+02 -2.682400923064155229e+00
4.750000000008284928e+02 -2.935790515173162696e+00
4.755000000008604957e+02 -2.838350333114419310e+00
4.760000000008925554e+02 -2.892643800722700220e+00
4.765000000009246151e+02 -2.756500583786285041e+00
4.770000000009566179e+02 -2.664764391138862099e+00
4.775000000009886776e+02 -2.526059102649794497e+00
4.780000000010206804e+02 -3.119182117579593960e+00
4.785000000010527401e+02 -2.423947843823380133e+00
4.790000000010847430e+02 -2.803282155220097049e+00
4.795000000011168027e+02 -2.792663153533943010e+00
4.800000000011488055e+02 -2.726195848864963356e+00
4.805000000011808652e+02 -2.766699103464977938e+00
4.810000000012128680e+02 -2.838140323073251814e+00
4.815000000012449277e+02 -2.249646256702360958e+00
4.820000000012769306e+02 -2.975771699098789025e+00
4.825000000013089902e+02 -2.581786841491743978e+00
4.830000000013409931e+02 -2.880684773383045183e+00
4.835000000013730528e+02 -3.028291349698560175e+00
4.840000000014050556e+02 -2.572839695371628377e+00
4.845000000014371153e+02 -3.011740226726066005e+00
4.850000000014691750e+02 -3.061343812730895397e+00
4.855000000015011778e+02 -2.830367581272191568e+00
4.860000000015332375e+02 -2.598857360583243015e+00
4.865000000015652404e+02 -2.527171387785307477e+00
4.870000000015973001e+02 -2.657202690208944507e+00
4.875000000016293029e+02 -2.743821252336403393e+00
4.880000000016613626e+02 -2.894551053853525069e+00
4.885000000016933654e+02 -2.639831706354590413e+00
4.890000000017254251e+02 -2.984854064287479680e+00
4.895000000017574280e+02 -2.349101347828459918e+00
4.900000000017894877e+02 -2.860313799903730914e+00
4.905000000018214905e+02 -2.574920607856291177e+00
4.910000000018535502e+02 -2.443612990060235468e+00
4.915000000018855530e+02 -3.108806798959635298e+00
4.920000000019176127e+02 -2.514903095118298015e+00
4.925000000019496156e+02 -2.872323481412659252e+00
4.930000000019816753e+02 -2.741150447163946069e+00
4.935000000020136781e+02 -2.398856747553553159e+00
4.940000000020457378e+02 -3.020162335243206098e+00
4.945000000020777975e+02 -2.537456683280209457e+00
4.950000000021098003e+02 -2.807543105545951434e+00
4.955000000021418600e+02 -2.409678506407475052e+00
4.960000000021738629e+02 -2.957469910302054750e+00
4.965000000022059226e+02 -2.804370326992490003e+00
4.970000000022379254e+02 -2.834747060132813079e+00
4.975000000022699851e+02 -2.853237190890579367e+00
4.980000000023019879e+02 -2.691290762891433541e+00
4.985000000023340476e+02 -2.762050467945035059e+00
4.990000000023660505e+02 -3.079392000189228540e+00
4.995000000023981102e+02 -2.306942312624025160e+00
5.000000000024301130e+02 -3.165814005400778619e+00
5.005000000024621727e+02 -2.495194067681057337e+00
5.010000000024941755e+02 -2.847692002655926480e+00
5.015000000025262352e+02 -2.549921252376114555e+00
5.020000000025582381e+02 -2.609087963996858051e+00
5.025000000025902978e+02 -3.090899002489516878e+00
5.030000000026223574e+02 -2.673923345800136797e+00
5.035000000026543603e+02 -2.789291466994018975e+00
5.040000000026864200e+02 -2.615174724858599031e+00
5.045000000027184228e+02 -2.603960186541047772e+00
5.050000000027504825e+02 -2.903080068539363623e+00
5.055000000027824854e+02 -2.531587421082899692e+00
5.060000000028145450e+02 -3.232494452697234788e+00
5.065000000028465479e+02 -2.451823219473878268e+00
5.070000000028786076e+02 -2.702907437215446684e+00
5.075000000029106104e+02 -2.972068766954256258e+00
5.080000000029426701e+02 -2.496398761096770613e+00
5.085000000029746730e+02 -2.992800996976465733e+00
5.090000000030067326e+02 -2.931746369802361585e+00
5.095000000030387355e+02 -3.052032903459289237e+00
5.100000000030707952e+02 -2.322545959614933597e+00
5.105000000031027980e+02 -3.052368257686364217e+00
5.110000000031348577e+02 -2.957906575757255130e+00
5.115000000031668606e+02 -2.674028304978726123e+00
5.120000000031989202e+02 -2.816891466080883255e+00
5.125000000032309799e+02 -2.701058846357859089e+00
5.130000000032630396e+02 -2.870166553802145248e+00
5.135000000032949856e+02 -2.781687612517044883e+00
5.140000000033270453e+02 -3.099255109086557880e+00
5.145000000033591050e+02 -2.652217128892363274e+00
5.150000000033911647e+02 -2.767992928881552572e+00
5.155000000034231107e+02 -2.925815270855651740e+00
5.160000000034551704e+02 -2.751286325796518994e+00
5.165000000034872301e+02 -3.155394757564656150e+00
5.170000000035192897e+02 -2.395972052772381122e+00
5.175000000035512357e+02 -2.923411593160686550e+00
5.180000000035832954e+02 -2.568471850751512964e+00
5.185000000036153551e+02 -2.812557635063293926e+00
5.190000000036474148e+02 -2.714117277218347724e+00
5.195000000036793608e+02 -2.985203630871767100e+00
5.200000000037114205e+02 -2.773193790342715737e+00
5.205000000037434802e+02 -3.018100833624254964e+00
5.210000000037755399e+02 -2.588182376359852377e+00
5.215000000038075996e+02 -3.248474448176055240e+00
5.220000000038395456e+02 -2.633539794425727720e+00
5.225000000038716053e+02 -2.696524204014481452e+00
5.230000000039036649e+02 -2.847863893966582793e+00
5.235000000039357246e+02 -2.678730531558341177e+00
5.240000000039676706e+02 -2.890848183345120503e+00
5.245000000039997303e+02 -2.825818782636726034e+00
5.250000000040317900e+02 -3.094189383215380396e+00
5.255000000040638497e+02 -2.195844132053632602e+00
5.260000000040957957e+02 -2.895280995216360509e+00
5.265000000041278554e+02 -2.682477234755225481e+00
5.270000000041599151e+02 -3.017285571600501370e+00
5.275000000041919748e+02 -2.308254350750298389e+00
5.280000000042239208e+02 -2.692993364873040640e+00
5.285000000042559805e+02 -3.248680306075098834e+00
5.290000000042880401e+02 -2.810612976598128920e+00
5.295000000043200998e+02 -2.882041744706793196e+00
5.300000000043521595e+02 -2.779468160707024182e+00
5.305000000043841055e+02 -2.762445188083071823e+00
5.310000000044161652e+02 -2.776385825139588537e+00
5.315000000044482249e+02 -2.857597837076276903e+00
5.320000000044802846e+02 -2.930829099401746962e+00
5.325000000045122306e+02 -2.826773012870256618e+00
5.330000000045442903e+02 -2.454885301929087937e+00
5.335000000045763500e+02 -3.031618663124157731e+00
5.340000000046084097e+02 -2.611620867491826647e+00
5.345000000046403557e+02 -2.918808559476275377e+00
5.350000000046724153e+02 -2.759533337383016871e+00
5.355000000047044750e+02 -2.412016575801472218e+00
5.360000000047365347e+02 -2.953747913218756516e+00
5.365000000047684807e+02 -2.485496842472187939e+00
5.370000000048005404e+02 -2.608888897918266725e+00
5.375000000048326001e+02 -3.087991099403190276e+00
5.380000000048646598e+02 -2.491112521261750423e+00
5.385000000048967195e+02 -3.198273697408536620e+00
5.390000000049286655e+02 -2.337831365617561108e+00
5.395000000049607252e+02 -2.648972174668525970e+00
5.400000000049927849e+02 -2.851441327651044411e+00
5.405000000050248445e+02 -2.684246432215029010e+00
5.410000000050567905e+02 -2.616141134788954048e+00
5.415000000050888502e+02 -2.627597966458763867e+00
5.420000000051209099e+02 -2.886912377302623511e+00
5.425000000051529696e+02 -2.506116548408970690e+00
5.430000000051849156e+02 -2.815977781881890518e+00
5.435000000052169753e+02 -2.732791506179974128e+00
5.440000000052490350e+02 -2.690805059607819238e+00
5.445000000052810947e+02 -2.548514167406218611e+00
5.450000000053130407e+02 -2.403990994602137832e+00
5.455000000053451004e+02 -2.989710659878589194e+00
5.460000000053771601e+02 -3.066870071483452698e+00
5.465000000054092197e+02 -2.523300944359751163e+00
5.470000000054411657e+02 -2.937631336909994229e+00
5.475000000054732254e+02 -2.655666412818895594e+00
5.480000000055052851e+02 -2.556862913220663724e+00
5.485000000055373448e+02 -2.932738242795347006e+00
5.490000000055694045e+02 -2.785023313711940673e+00
5.495000000056013505e+02 -2.502709764034554585e+00
5.500000000056334102e+02 -2.844242001714154089e+00
5.505000000056654699e+02 -2.607755002507394337e+00
5.510000000056975296e+02 -2.734662281788641902e+00
5.515000000057294756e+02 -2.726717473885072351e+00
5.520000000057615352e+02 -2.727794805053568528e+00
5.525000000057935949e+02 -2.867712039851019412e+00
5.530000000058256546e+02 -2.684699344556027878e+00
5.535000000058576006e+02 -2.576127349356825302e+00
5.540000000058896603e+02 -2.888766743286475425e+00
5.545000000059217200e+02 -2.932181559392726289e+00
5.550000000059537797e+02 -2.846913957296770104e+00
5.555000000059857257e+02 -2.966441882726293944e+00
5.560000000060177854e+02 -2.614927507835731912e+00
5.565000000060498451e+02 -2.651233932566303686e+00
5.570000000060819048e+02 -2.825164250484304862e+00
5.575000000061139644e+02 -2.671400100240463260e+00
5.580000000061459104e+02 -2.742003698358970620e+00
5.585000000061779701e+02 -2.833378530733948075e+00
5.590000000062100298e+02 -2.456358043128803459e+00
5.595000000062420895e+02 -2.718449245016821170e+00
5.600000000062740355e+02 -3.022254901377509295e+00
5.605000000063060952e+02 -2.662488485090652279e+00
5.610000000063381549e+02 -2.627916427869603222e+00
5.615000000063702146e+02 -3.036743388458850834e+00
5.620000000064021606e+02 -2.523330961843433862e+00
5.625000000064342203e+02 -2.638137913143657087e+00
5.630000000064662800e+02 -2.786329214056189496e+00
5.635000000064983396e+02 -2.597668086154828693e+00
5.640000000065302856e+02 -2.745192395826530962e+00
5.645000000065623453e+02 -2.809372555313544684e+00
5.650000000065944050e+02 -2.836016524929430016e+00
5.655000000066264647e+02 -2.567710932223467246e+00
5.660000000066585244e+02 -2.769887503844609355e+00
5.665000000066904704e+02 -2.645636010175581365e+00
5.670000000067225301e+02 -2.684398755680097004e+00
5.675000000067545898e+02 -2.840877926942981802e+00
5.680000000067866495e+02 -2.631865196865095236e+00
5.685000000068185955e+02 -2.688612483795869146e+00
5.690000000068506552e+02 -3.158474159431533312e+00
5.695000000068827148e+02 -2.623035742610507981e+00
5.700000000069147745e+02 -2.702294425802612476e+00
5.705000000069467205e+02 -2.702005205755158457e+00
5.710000000069787802e+02 -3.050336397580966530e+00
5.715000000070108399e+02 -2.769858344685164564e+00
5.720000000070428996e+02 -2.904325851837076922e+00
5.725000000070748456e+02 -2.495062001688589159e+00
5.730000000071069053e+02 -2.691049941185339911e+00
5.735000000071389650e+02 -2.956953999993118032e+00
5.740000000071710247e+02 -2.478028747798877607e+00
5.745000000072030844e+02 -2.780248307320564827e+00
5.750000000072350304e+02 -2.517970297347292608e+00
5.755000000072670900e+02 -3.246692058765124678e+00
5.760000000072991497e+02 -2.334656630782654396e+00
5.765000000073312094e+02 -3.226992584693789912e+00
5.770000000073631554e+02 -2.550917123658330787e+00
5.775000000073952151e+02 -2.952747432933472638e+00
5.780000000074272748e+02 -3.062207162635705249e+00
5.785000000074593345e+02 -2.705361444838866980e+00
5.790000000074912805e+02 -2.875348727361102696e+00
5.795000000075233402e+02 -2.718222298773983692e+00
5.800000000075553999e+02 -2.443497705097459782e+00
5.805000000075874595e+02 -2.872843101666835874e+00
5.810000000076194056e+02 -2.567461886720891151e+00
5.815000000076514652e+02 -2.469916376148605153e+00
5.820000000076835249e+02 -2.935360861360098106e+00
5.825000000077155846e+02 -2.472867970452280684e+00
5.830000000077476443e+02 -2.899534144778310285e+00
5.835000000077795903e+02 -2.604455728941120540e+00
5.840000000078116500e+02 -3.310729654505606856e+00
5.845000000078437097e+02 -2.351054747703452019e+00
5.850000000078757694e+02 -3.248562583065408571e+00
5.855000000079077154e+02 -2.733375176141409568e+00
5.860000000079397751e+02 -2.865119577667017303e+00
5.865000000079718347e+02 -2.884111875420876103e+00
5.870000000080038944e+02 -2.849179975633203465e+00
5.875000000080358404e+02 -2.673776558315687613e+00
5.880000000080679001e+02 -3.286796539312747623e+00
5.885000000080999598e+02 -2.831754200618164852e+00
5.890000000081320195e+02 -2.688760783431090928e+00
5.895000000081639655e+02 -2.945563564493776543e+00
5.900000000081960252e+02 -2.811147364138281368e+00
5.905000000082280849e+02 -2.922047268579252677e+00
5.910000000082601446e+02 -2.790440885041326258e+00
5.915000000082920906e+02 -2.682114263757383821e+00
5.920000000083241503e+02 -2.681591594648682353e+00
5.925000000083562099e+02 -2.994984408642615836e+00
5.930000000083882696e+02 -2.898761051491700158e+00
5.935000000084203293e+02 -2.686907599679583480e+00
5.940000000084522753e+02 -3.046499890721746873e+00
5.945000000084843350e+02 -2.747272998877563932e+00
5.950000000085163947e+02 -2.889750544756892747e+00
5.955000000085484544e+02 -2.739454332368122635e+00
5.960000000085804004e+02 -2.712762650215397642e+00
5.965000000086124601e+02 -2.980174149846956499e+00
5.970000000086445198e+02 -2.361995463357394964e+00
5.975000000086765795e+02 -2.712285085267563289e+00
5.980000000087085255e+02 -3.324104929051804547e+00
5.985000000087405851e+02 -2.466669291246843532e+00
5.990000000087726448e+02 -3.241925945872564885e+00
5.995000000088047045e+02 -2.809596317595068005e+00
6.000000000088366505e+02 -2.779917881213495701e+00
6.005000000088687102e+02 -2.711351919069775906e+00
6.010000000089007699e+02 -2.746131459256282881e+00
6.015000000089328296e+02 -2.538624131015597474e+00
6.020000000089648893e+02 -3.096175146158889113e+00
6.025000000089968353e+02 -2.706443984410507930e+00
6.030000000090288950e+02 -2.808064093356131607e+00
6.035000000090609547e+02 -3.101266745563326044e+00
6.040000000090930143e+02 -2.598707497479744166e+00
6.045000000091249603e+02 -3.158219621622790907e+00
6.050000000091570200e+02 -2.410697509178694187e+00
6.055000000091890797e+02 -2.666556154552841562e+00
6.060000000092211394e+02 -2.478488232370162692e+00
6.065000000092530854e+02 -2.762513484500823235e+00
6.070000000092851451e+02 -2.551949825779838310e+00
6.075000000093172048e+02 -3.230903635279417152e+00
6.080000000093492645e+02 -2.748341693441649802e+00
6.085000000093812105e+02 -2.695038145174695199e+00
6.090000000094132702e+02 -2.556143003528628110e+00
6.095000000094453299e+02 -2.980542421128995922e+00
6.100000000094773895e+02 -2.988198098843817263e+00
6.105000000095094492e+02 -2.621777331058015026e+00
6.110000000095413952e+02 -2.759652230595843303e+00
6.115000000095734549e+02 -2.772269295782037624e+00
6.120000000096055146e+02 -2.554864242272397945e+00
6.125000000096375743e+02 -2.918814943599258971e+00
6.130000000096695203e+02 -2.669998084012196848e+00
6.135000000097015800e+02 -2.584293979128009955e+00
6.140000000097336397e+02 -2.845874795995268158e+00
6.145000000097656994e+02 -2.867062157322548988e+00
6.150000000097976454e+02 -2.643459128838142380e+00
6.155000000098297050e+02 -2.860838988348304301e+00
6.160000000098617647e+02 -2.591870575920141473e+00
6.165000000098938244e+02 -3.127941447495952598e+00
6.170000000099257704e+02 -2.448012690339231412e+00
6.175000000099578301e+02 -3.103144848171766057e+00
6.180000000099898898e+02 -2.470905962224684504e+00
6.185000000100219495e+02 -2.697558087791555703e+00
6.190000000100540092e+02 -2.722947828178386320e+00
6.195000000100859552e+02 -2.806323579737725726e+00
6.200000000101180149e+02 -2.825634273808044661e+00
6.205000000101500746e+02 -2.526663188433100338e+00
6.210000000101821342e+02 -3.000056997656494140e+00
6.215000000102140802e+02 -2.678324317804118060e+00
6.220000000102461399e+02 -2.682977963548985656e+00
6.225000000102781996e+02 -2.882747561687534432e+00
6.230000000103102593e+02 -2.830971941223606958e+00
6.235000000103422053e+02 -3.031690645608525081e+00
6.240000000103742650e+02 -2.600519130969761061e+00
6.245000000104063247e+02 -2.847978029181131632e+00
6.250000000104383844e+02 -2.815755390362778776e+00
6.255000000104703304e+02 -2.939124416423536612e+00
6.260000000105023901e+02 -2.725906759071562657e+00
6.265000000105344498e+02 -2.906449369687886364e+00
6.270000000105665094e+02 -2.766149585411468159e+00
6.275000000105985691e+02 -2.487021018199853106e+00
6.280000000106305151e+02 -3.113166919276225908e+00
6.285000000106625748e+02 -2.783920438067094771e+00
6.290000000106946345e+02 -3.034817135566244772e+00
6.295000000107266942e+02 -2.169713551680552133e+00
6.300000000107586402e+02 -2.981442508454828832e+00
6.305000000107906999e+02 -2.487163641041693740e+00
6.310000000108227596e+02 -2.607267263611186436e+00
6.315000000108548193e+02 -2.814811382432622633e+00
6.320000000108867653e+02 -2.755440340055380855e+00
6.325000000109188250e+02 -2.931560218798405337e+00
6.330000000109508846e+02 -2.667070059101955160e+00
6.335000000109829443e+02 -3.198158600950284924e+00
6.340000000110148903e+02 -2.484693366257594960e+00
6.345000000110469500e+02 -2.865801771356321748e+00
6.350000000110790097e+02 -2.491298703667536252e+00
6.355000000111110694e+02 -3.012362254617900970e+00
6.360000000111430154e+02 -2.838261519212509576e+00
6.365000000111750751e+02 -2.759671809815860133e+00
6.370000000112071348e+02 -2.612695571995974131e+00
6.375000000112391945e+02 -3.048343155859425391e+00
6.380000000112712542e+02 -2.574910776769737897e+00
6.385000000113032002e+02 -3.157791229810723799e+00
6.390000000113352598e+02 -2.487670372648662198e+00
6.395000000113673195e+02 -3.049330420312636569e+00
6.400000000113993792e+02 -2.856740610719998408e+00
6.405000000114313252e+02 -3.179711903183699118e+00
6.410000000114633849e+02 -2.533530686282950306e+00
6.415000000114954446e+02 -3.158105182306389924e+00
6.420000000115275043e+02 -2.264709108940122562e+00
6.425000000115594503e+02 -3.277219570617133204e+00
6.430000000115915100e+02 -2.504277140542914282e+00
6.435000000116235697e+02 -2.695191248398612682e+00
6.440000000116556294e+02 -2.783030421547041833e+00
6.445000000116875754e+02 -3.007511769401269852e+00
6.450000000117196350e+02 -2.654030134341934133e+00
6.455000000117516947e+02 -2.983901317784015461e+00
6.460000000117837544e+02 -2.941790272145412999e+00
6.465000000118158141e+02 -2.798267021468392901e+00
6.470000000118477601e+02 -2.601874100195561201e+00
6.475000000118798198e+02 -3.128940396787760925e+00
6.480000000119118795e+02 -2.494182427523184309e+00
6.485000000119439392e+02 -2.650799770642579212e+00
6.490000000119758852e+02 -2.511239214248132345e+00
6.495000000120079449e+02 -2.922876948426285981e+00
6.500000000120400045e+02 -2.704980363963589429e+00
6.505000000120720642e+02 -2.795623714523816528e+00
6.510000000121040102e+02 -2.527175275602848714e+00
6.515000000121360699e+02 -2.804241708397661181e+00
6.520000000121681296e+02 -2.732342243095089440e+00
6.525000000122001893e+02 -2.726001517710504363e+00
6.530000000122321353e+02 -3.067543258038523124e+00
6.535000000122641950e+02 -2.765181179673832812e+00
6.540000000122962547e+02 -2.657752600399210685e+00
6.545000000123283144e+02 -2.699960064669264526e+00
6.550000000123603741e+02 -2.873210912460447908e+00
6.555000000123923201e+02 -2.466120418746601484e+00
6.560000000124243797e+02 -3.042106666246401581e+00
6.565000000124564394e+02 -2.320624266874335540e+00
6.570000000124884991e+02 -3.226982299633117890e+00
6.575000000125204451e+02 -2.684081399134445434e+00
6.580000000125525048e+02 -3.070257054139651220e+00
6.585000000125845645e+02 -2.583928440326429765e+00
6.590000000126166242e+02 -2.562051585856946812e+00
6.595000000126485702e+02 -2.571780560273118077e+00
6.600000000126806299e+02 -2.867844383194341873e+00
6.605000000127126896e+02 -2.618897830199109933e+00
6.610000000127447493e+02 -2.858107661084287265e+00
6.615000000127766953e+02 -2.643115648088438796e+00
6.620000000128087549e+02 -2.938318832807810477e+00
6.625000000128408146e+02 -2.553892258088781286e+00
6.630000000128728743e+02 -3.125648279308875122e+00
6.635000000129049340e+02 -2.831424079902843616e+00
6.640000000129368800e+02 -2.584665370692363240e+00
6.645000000129689397e+02 -2.835390617108946465e+00
6.650000000130009994e+02 -2.447709319570311681e+00
6.655000000130330591e+02 -2.856948944103215648e+00
6.660000000130650051e+02 -2.794063328811867031e+00
6.665000000130970648e+02 -2.471844662044546670e+00
6.670000000131291245e+02 -3.213729684564351707e+00
6.675000000131611841e+02 -2.505748625212504521e+00
6.680000000131931301e+02 -2.968140461850240275e+00
6.685000000132251898e+02 -2.550676352705605332e+00
6.690000000132572495e+02 -2.708030952978472961e+00
6.695000000132893092e+02 -2.722072077471539675e+00
6.700000000133212552e+02 -2.912846976371766594e+00
6.705000000133533149e+02 -2.823039620514089520e+00
6.710000000133853746e+02 -2.522543237013540107e+00
6.715000000134174343e+02 -2.910193027773774421e+00
6.720000000134494940e+02 -3.258915749526221983e+00
6.725000000134814400e+02 -2.919615371820107441e+00
6.730000000135134997e+02 -2.608055070300347555e+00
6.735000000135455593e+02 -2.809356882804812994e+00
6.740000000135776190e+02 -2.656722830050638695e+00
6.745000000136095650e+02 -2.799552823260821111e+00
6.750000000136416247e+02 -2.708828409422571859e+00
6.755000000136736844e+02 -2.861081284014550974e+00
6.760000000137057441e+02 -2.770592812454088616e+00
6.765000000137376901e+02 -2.853842375678335763e+00
6.770000000137697498e+02 -2.564779230363889440e+00
6.775000000138018095e+02 -2.772432650312686153e+00
6.780000000138338692e+02 -3.253674349958322054e+00
6.785000000138658152e+02 -2.365609013448962017e+00
6.790000000138978749e+02 -2.773498759193328222e+00
6.795000000139299345e+02 -2.342422019584846193e+00
6.800000000139619942e+02 -2.793363050520552449e+00
6.805000000139939402e+02 -2.533862397115320686e+00
6.810000000140259999e+02 -2.867215247071609685e+00
6.815000000140580596e+02 -2.788254535692342717e+00
6.820000000140901193e+02 -3.201903788989894917e+00
6.825000000141221790e+02 -2.398270244864124212e+00
6.830000000141541250e+02 -3.168418376257479796e+00
6.835000000141861847e+02 -2.603500639727862165e+00
6.840000000142182444e+02 -2.897733072583083658e+00
6.845000000142503040e+02 -2.679258214346609268e+00
6.850000000142822500e+02 -2.874770882326707078e+00
6.855000000143143097e+02 -2.519983327487323788e+00
6.860000000143463694e+02 -2.804865230601526260e+00
6.865000000143784291e+02 -2.604981963184255012e+00
6.870000000144103751e+02 -2.517940256054334025e+00
6.875000000144424348e+02 -2.707593213887428796e+00
6.880000000144744945e+02 -2.964669429433244741e+00
6.885000000145065542e+02 -2.499314764621596741e+00
6.890000000145385002e+02 -2.869714179894231165e+00
6.895000000145705599e+02 -2.876624731693442349e+00
6.900000000146026196e+02 -2.861652483083230170e+00
6.905000000146346792e+02 -2.693768051459104917e+00
6.910000000146667389e+02 -3.026398178204080747e+00
6.915000000146986849e+02 -2.966182295141475134e+00
6.920000000147307446e+02 -2.996865307212797092e+00
6.925000000147628043e+02 -2.301480485052562308e+00
6.930000000147948640e+02 -2.915621786251152869e+00
6.935000000148268100e+02 -2.696256381917194300e+00
6.940000000148588697e+02 -2.809470152283146227e+00
6.945000000148909294e+02 -2.809712330110243794e+00
6.950000000149229891e+02 -2.960353500645628078e+00
6.955000000149549351e+02 -2.701105694863629392e+00
6.960000000149869948e+02 -2.968063629712090812e+00
6.965000000150190544e+02 -2.852247197225664443e+00
6.970000000150511141e+02 -2.345885665831096922e+00
6.975000000150830601e+02 -2.584825415393586567e+00
6.980000000151151198e+02 -2.835584869302736788e+00
6.985000000151471795e+02 -2.929388489156824704e+00
6.990000000151792392e+02 -2.695131076453341823e+00
6.995000000152112989e+02 -2.859172769223473853e+00
7.000000000152432449e+02 -2.472543400776472833e+00
7.005000000152753046e+02 -2.972639302164399311e+00
7.010000000153073643e+02 -2.584882007611829291e+00
7.015000000153394240e+02 -3.137028977782419847e+00
7.020000000153713700e+02 -2.580592826782355687e+00
7.025000000154034296e+02 -2.434184698236147248e+00
7.030000000154354893e+02 -3.214411842779777206e+00
7.035000000154675490e+02 -2.465772821128970893e+00
7.040000000154994950e+02 -2.962552405386640331e+00
7.045000000155315547e+02 -2.695266827502877494e+00
7.050000000155636144e+02 -2.888982982706697289e+00
7.055000000155956741e+02 -2.783705720614173096e+00
7.060000000156276201e+02 -2.795123576248385255e+00
7.065000000156596798e+02 -2.656501648965004847e+00
7.070000000156917395e+02 -2.819465122956884340e+00
7.075000000157237992e+02 -2.360620756216600835e+00
7.080000000157558588e+02 -2.829836973690396107e+00
7.085000000157878048e+02 -2.882772519423836943e+00
7.090000000158198645e+02 -3.129400671592984740e+00
7.095000000158519242e+02 -2.683629608107310549e+00
7.100000000158839839e+02 -2.570855590480500386e+00
7.105000000159159299e+02 -2.632557697418915321e+00
7.110000000159479896e+02 -2.693414409724648628e+00
7.115000000159800493e+02 -3.017358581445525711e+00
7.120000000160121090e+02 -2.984470818339972631e+00
7.125000000160440550e+02 -2.667581805643369108e+00
7.130000000160761147e+02 -2.592430781205778079e+00
7.135000000161081743e+02 -3.032061133832165023e+00
7.140000000161402340e+02 -2.777501516126271497e+00
7.145000000161721800e+02 -2.768124725695270349e+00
7.150000000162042397e+02 -2.677078231000141972e+00
7.155000000162362994e+02 -2.491943018699133816e+00
7.160000000162683591e+02 -2.864757977950453505e+00
7.165000000163003051e+02 -2.657724131662587030e+00
7.170000000163323648e+02 -2.691662303346564311e+00
7.175000000163644245e+02 -2.708978506417414778e+00
7.180000000163964842e+02 -2.923430019341431318e+00
7.185000000164285439e+02 -2.649236282036520507e+00
7.190000000164604899e+02 -2.729830772276712114e+00
7.195000000164925495e+02 -3.025413110624467716e+00
7.200000000165246092e+02 -2.406622057172631557e+00
7.205000000165566689e+02 -2.851864420689680824e+00
7.210000000165886149e+02 -2.827111906855382273e+00
7.215000000166206746e+02 -2.455985940928560929e+00
7.220000000166527343e+02 -2.609632105635609989e+00
7.225000000166847940e+02 -2.858057947696599488e+00
7.230000000167167400e+02 -2.765121443994050132e+00
7.235000000167487997e+02 -3.049461273468052624e+00
7.240000000167808594e+02 -2.240306191435359473e+00
7.245000000168129191e+02 -2.802884019600366372e+00
7.250000000168448651e+02 -2.629772393524397511e+00
7.255000000168769247e+02 -2.896173719806459879e+00
7.260000000169089844e+02 -2.478612873334068212e+00
7.265000000169410441e+02 -3.131383010457365224e+00
7.270000000169731038e+02 -2.291645191500337742e+00
7.275000000170050498e+02 -3.016131538966112302e+00
7.280000000170371095e+02 -2.204339876625195149e+00
7.285000000170691692e+02 -3.233809800370563536e+00
7.290000000171012289e+02 -2.678147947562119935e+00
7.295000000171331749e+02 -2.912426450829113556e+00
7.300000000171652346e+02 -2.675190069915232005e+00
7.305000000171972943e+02 -2.867610329118960966e+00
7.310000000172293539e+02 -2.727418560036412920e+00
7.315000000172612999e+02 -2.502121435088124901e+00
7.320000000172933596e+02 -3.130556796289992061e+00
7.325000000173254193e+02 -2.542047632008736180e+00
7.330000000173574790e+02 -2.829813909987721310e+00
7.335000000173894250e+02 -2.634420429665191854e+00
7.340000000174214847e+02 -2.795817488766665804e+00
7.345000000174535444e+02 -2.513491644135729342e+00
7.350000000174856041e+02 -2.947454284847328854e+00
7.355000000175176638e+02 -2.696313417057569772e+00
7.360000000175496098e+02 -3.006361520888130467e+00
7.365000000175816695e+02 -2.674513239916905594e+00
7.370000000176137291e+02 -2.873402590141144852e+00
7.375000000176457888e+02 -2.858966691018699269e+00
7.380000000176777348e+02 -2.651204395612192677e+00
7.385000000177097945e+02 -2.814458086226521605e+00
7.390000000177418542e+02 -2.685416163192391181e+00
7.395000000177739139e+02 -2.802583654786292122e+00
7.400000000178058599e+02 -2.524719162623992208e+00
7.405000000178379196e+02 -2.433491470353105424e+00
7.410000000178699793e+02 -3.071503680146033588e+00
7.415000000179020390e+02 -2.447004188734370089e+00
7.420000000179339850e+02 -3.168153896801643832e+00
7.425000000179660447e+02 -2.509302763092822186e+00
7.430000000179981043e+02 -2.436891757835079719e+00
7.435000000180301640e+02 -3.118424965060320186e+00
7.440000000180622237e+02 -2.610441195320547525e+00
7.445000000180941697e+02 -2.705273298867159948e+00
7.450000000181262294e+02 -2.442590956175905603e+00
7.455000000181582891e+02 -3.013619491717690391e+00
7.460000000181903488e+02 -2.558234459170174446e+00
7.465000000182222948e+02 -2.850625645543993780e+00
7.470000000182543545e+02 -2.601987465829736834e+00
7.475000000182864142e+02 -2.668853321162119485e+00
7.480000000183184738e+02 -2.637084557324282486e+00
7.485000000183504199e+02 -2.861042353322121201e+00
7.490000000183824795e+02 -2.606855807913695866e+00
7.495000000184145392e+02 -2.785501596441940730e+00
7.500000000184465989e+02 -2.795787362476469973e+00
7.505000000184785449e+02 -2.930179619228144183e+00
7.510000000185106046e+02 -2.864358137864682075e+00
7.515000000185426643e+02 -2.558594635525503147e+00
7.520000000185747240e+02 -3.037132421484517675e+00
7.525000000186067837e+02 -2.785305343650307019e+00
7.530000000186387297e+02 -2.751455446425080442e+00
7.535000000186707894e+02 -2.529433317279558224e+00
7.540000000187028490e+02 -3.043663765286089617e+00
7.545000000187349087e+02 -2.694742083373477204e+00
7.550000000187668547e+02 -2.827685005902077719e+00
7.555000000187989144e+02 -2.784413353092705989e+00
7.560000000188309741e+02 -2.792056947476404982e+00
7.565000000188630338e+02 -2.941268610334154321e+00
7.570000000188949798e+02 -2.497228964675739959e+00
7.575000000189270395e+02 -2.992238812915688051e+00
7.580000000189590992e+02 -2.868428639250262258e+00
7.585000000189911589e+02 -2.731017524582277645e+00
7.590000000190231049e+02 -2.863169888867508561e+00
7.595000000190551646e+02 -2.899977748771239927e+00
7.600000000190872242e+02 -2.401327723854963736e+00
7.605000000191192839e+02 -2.963561633908918580e+00
7.610000000191512299e+02 -2.594576502237123439e+00
7.615000000191832896e+02 -3.169610653269703704e+00
7.620000000192153493e+02 -2.536427557673996525e+00
7.625000000192474090e+02 -2.986471482095138352e+00
7.630000000192794687e+02 -2.652431803323794579e+00
7.635000000193114147e+02 -2.731759246975713484e+00
7.640000000193434744e+02 -2.931727159028304719e+00
7.645000000193755341e+02 -2.849578490096090988e+00
7.650000000194075938e+02 -2.938469670269324485e+00
7.655000000194395398e+02 -2.799237335913749458e+00
7.660000000194715994e+02 -2.994859349347240851e+00
7.665000000195036591e+02 -2.512267198700381510e+00
7.670000000195357188e+02 -2.632309344676444951e+00
7.675000000195676648e+02 -2.699793397124672367e+00
7.680000000195997245e+02 -2.899808014415579116e+00
7.685000000196317842e+02 -2.534522039553352091e+00
7.690000000196638439e+02 -3.105274421110277849e+00
7.695000000196957899e+02 -2.525265263145838102e+00
7.700000000197278496e+02 -2.986665881614647411e+00
7.705000000197599093e+02 -2.734067909790762751e+00
7.710000000197919690e+02 -2.626280434789659335e+00
7.715000000198240286e+02 -2.892030612483640351e+00
7.720000000198559746e+02 -2.875718842249364471e+00
7.725000000198880343e+02 -3.006489724572337874e+00
7.730000000199200940e+02 -2.533653662645452442e+00
7.735000000199521537e+02 -2.996825717757741092e+00
7.740000000199840997e+02 -2.558184539966824822e+00
7.745000000200161594e+02 -2.705893639126845773e+00
7.750000000200482191e+02 -2.985970268139479966e+00
7.755000000200802788e+02 -2.599869217641458619e+00
7.760000000201122248e+02 -2.619093576740579188e+00
7.765000000201442845e+02 -2.463173718995830264e+00
7.770000000201763442e+02 -2.837464249376508985e+00
7.775000000202084038e+02 -3.000629546249522939e+00
7.780000000202403498e+02 -2.596756157815211186e+00
7.785000000202724095e+02 -2.618154494077475025e+00
7.790000000203044692e+02 -2.915741439272984348e+00
7.795000000203365289e+02 -2.498862487597900639e+00
7.800000000203685886e+02 -2.885633234153314408e+00
7.805000000204005346e+02 -2.571361929376342115e+00
7.810000000204325943e+02 -3.029402645945440842e+00
7.815000000204646540e+02 -2.784361040182454339e+00
7.820000000204967137e+02 -2.938797239693156094e+00
7.825000000205286597e+02 -2.738205187803178120e+00
7.830000000205607193e+02 -2.595671864255301386e+00
7.835000000205927790e+02 -3.113536878327463064e+00
7.840000000206248387e+02 -2.608457471240530179e+00
7.845000000206567847e+02 -2.846200689540963946e+00
7.850000000206888444e+02 -2.982056811876412805e+00
7.855000000207209041e+02 -2.594183563882997756e+00
7.860000000207529638e+02 -2.698549956548883078e+00
7.865000000207849098e+02 -2.701126160560765932e+00
7.870000000208169695e+02 -2.509247505899179664e+00
7.875000000208490292e+02 -2.600487762471021203e+00
7.880000000208810889e+02 -3.001237482066385187e+00
7.885000000209131485e+02 -2.737845635780991493e+00
7.890000000209450945e+02 -2.593196567059837143e+00
7.895000000209771542e+02 -2.594610775676029935e+00
7.900000000210092139e+02 -2.660170167278395503e+00
7.905000000210412736e+02 -2.459821227004601596e+00
7.910000000210732196e+02 -3.097049372724240968e+00
7.915000000211052793e+02 -3.129817419981874238e+00
7.920000000211373390e+02 -2.695318455311742856e+00
7.925000000211693987e+02 -2.842924973831790325e+00
7.930000000212013447e+02 -2.705322313957529978e+00
7.935000000212334044e+02 -2.660163039786660910e+00
7.940000000212654641e+02 -2.841347740670189026e+00
7.945000000212975237e+02 -2.828679225861579827e+00
7.950000000213294697e+02 -2.779516143763820057e+00
7.955000000213615294e+02 -2.802051293571205637e+00
7.960000000213935891e+02 -2.693239946708020138e+00
7.965000000214256488e+02 -2.688445462112681206e+00
7.970000000214577085e+02 -2.998895306224234059e+00
7.975000000214896545e+02 -2.716926708594982642e+00
7.980000000215217142e+02 -2.860483287197995050e+00
7.985000000215537739e+02 -2.663370306237516694e+00
7.990000000215858336e+02 -2.349159483026031836e+00
7.995000000216177796e+02 -2.988303728730545838e+00
8.000000000216498393e+02 -2.629174973969467644e+00
8.005000000216818989e+02 -2.559581016117085106e+00
8.010000000217139586e+02 -2.927938828379612168e+00
8.015000000217459046e+02 -2.633371120511420305e+00
8.020000000217779643e+02 -2.811689299751866322e+00
8.025000000218100240e+02 -2.579595094158027901e+00
8.030000000218420837e+02 -2.702266317116964078e+00
8.035000000218740297e+02 -2.900759792230210188e+00
8.040000000219060894e+02 -2.442610531977753574e+00
8.045000000219381491e+02 -2.769389844573849846e+00
8.050000000219702088e+02 -2.954552358496871811e+00
8.055000000220021548e+02 -2.695902717388054981e+00
8.060000000220342145e+02 -2.715932480397317939e+00
8.065000000220662741e+02 -2.774795391108710430e+00
8.070000000220983338e+02 -2.461287774442668663e+00
8.075000000221303935e+02 -2.924154786449556287e+00
8.080000000221623395e+02 -2.960072568622211797e+00
8.085000000221943992e+02 -2.607593930757809098e+00
8.090000000222264589e+02 -3.163322377267503427e+00
8.095000000222585186e+02 -2.552467700457234923e+00
8.100000000222904646e+02 -2.939222701764754309e+00
8.105000000223225243e+02 -2.724087311014570023e+00
8.110000000223545840e+02 -3.124573947840018295e+00
8.115000000223866436e+02 -2.666191635484228772e+00
8.120000000224185897e+02 -3.001659390254922677e+00
8.125000000224506493e+02 -2.953221331979098085e+00
8.130000000224827090e+02 -2.711183971932717984e+00
8.135000000225147687e+02 -2.842299312856185978e+00
8.140000000225467147e+02 -3.067045128172104729e+00
8.145000000225787744e+02 -2.390688829438100793e+00
8.150000000226108341e+02 -3.314526726326160411e+00
8.155000000226428938e+02 -2.528383275644932926e+00
8.160000000226749535e+02 -3.137469738633170913e+00
8.165000000227068995e+02 -2.609116969420528953e+00
8.170000000227389592e+02 -2.851286822959977485e+00
8.175000000227710188e+02 -2.809069306416114298e+00
8.180000000228030785e+02 -2.808422403616389396e+00
8.185000000228350245e+02 -2.714898788728450363e+00
8.190000000228670842e+02 -2.971734209372816959e+00
8.195000000228991439e+02 -2.850600793274784994e+00
8.200000000229312036e+02 -2.629060786865101917e+00
8.205000000229631496e+02 -3.062140474185107930e+00
8.210000000229952093e+02 -2.682941210298459112e+00
8.215000000230272690e+02 -2.993229003876431094e+00
8.220000000230593287e+02 -2.549348196436703073e+00
8.225000000230912747e+02 -2.754186598932665042e+00
8.230000000231233344e+02 -2.857969914490559926e+00
8.235000000231553940e+02 -3.315175664171427616e+00
8.240000000231874537e+02 -2.706599344889769387e+00
8.245000000232195134e+02 -2.489674277798800350e+00
8.250000000232514594e+02 -2.672653904550358561e+00
8.255000000232835191e+02 -3.085646418342438135e+00
8.260000000233155788e+02 -2.972399883952350663e+00
8.265000000233476385e+02 -2.664219439149811741e+00
8.270000000233795845e+02 -2.762622315706075860e+00
8.275000000234116442e+02 -2.767638214535685481e+00
8.280000000234437039e+02 -2.758833089613431877e+00
8.285000000234757636e+02 -2.887331270334946076e+00
8.290000000235077096e+02 -2.745016113121264922e+00
8.295000000235397692e+02 -2.820874546734492228e+00
8.300000000235718289e+02 -2.492369755379668206e+00
8.305000000236038886e+02 -3.146169482511116833e+00
8.310000000236358346e+02 -2.688410227248557938e+00
8.315000000236678943e+02 -2.758790771540164055e+00
8.320000000236999540e+02 -2.596738409360731747e+00
8.325000000237320137e+02 -2.751572351542880046e+00
8.330000000237640734e+02 -3.005654488147729619e+00
8.335000000237960194e+02 -2.433721633910326254e+00
8.340000000238280791e+02 -2.752160505579918315e+00
8.345000000238601388e+02 -2.754102843048932936e+00
8.350000000238921984e+02 -2.548906858266009490e+00
8.355000000239241444e+02 -2.998875248411641881e+00
8.360000000239562041e+02 -2.539087167335800199e+00
8.365000000239882638e+02 -2.633116645989985294e+00
8.370000000240203235e+02 -2.623889852767520292e+00
8.375000000240522695e+02 -2.753357843456886833e+00
8.380000000240843292e+02 -2.756477301213358544e+00
8.385000000241163889e+02 -2.197667755573488702e+00
8.390000000241484486e+02 -3.061481434064865503e+00
8.395000000241803946e+02 -2.346805321080555728e+00
8.400000000242124543e+02 -2.681916394391712810e+00
8.405000000242445140e+02 -3.168416632534701183e+00
8.410000000242765736e+02 -2.718309914572519581e+00
8.415000000243086333e+02 -2.355965016078948260e+00
8.420000000243405793e+02 -2.975573864026874737e+00
8.425000000243726390e+02 -3.019774065150023112e+00
8.430000000244046987e+02 -2.891274140046821373e+00
8.435000000244367584e+02 -2.718400657382045615e+00
8.440000000244687044e+02 -2.980151053301054009e+00
8.445000000245007641e+02 -2.580582908870955094e+00
8.450000000245328238e+02 -2.699109206932782001e+00
8.455000000245648835e+02 -2.813109975905052185e+00
8.460000000245968295e+02 -2.870075898257610003e+00
8.465000000246288892e+02 -2.850803201258861996e+00
8.470000000246609488e+02 -2.838318857666231487e+00
8.475000000246930085e+02 -2.748225828001821469e+00
8.480000000247249545e+02 -2.896484606320703481e+00
8.485000000247570142e+02 -2.418402778889364502e+00
8.490000000247890739e+02 -3.378117444513475398e+00
8.495000000248211336e+02 -2.179713549758913071e+00
8.500000000248530796e+02 -3.077970657988008618e+00
8.505000000248851393e+02 -2.783214969434927077e+00
8.510000000249171990e+02 -2.828839863388417530e+00
8.515000000249492587e+02 -2.892691621943078939e+00
8.520000000249813183e+02 -2.676783278011598100e+00
8.525000000250132643e+02 -2.566116022099330429e+00
8.530000000250453240e+02 -2.779564261315548457e+00
8.535000000250773837e+02 -2.767050127724550723e+00
8.540000000251094434e+02 -2.679385589506799281e+00
8.545000000251413894e+02 -2.772514345310165051e+00
8.550000000251734491e+02 -2.869183232729185740e+00
8.555000000252055088e+02 -2.578925570456379823e+00
8.560000000252375685e+02 -2.632882247120184704e+00
8.565000000252695145e+02 -2.905377740460946878e+00
8.570000000253015742e+02 -2.975603500322271167e+00
8.575000000253336339e+02 -2.501655294533007723e+00
8.580000000253656935e+02 -2.833452523847689974e+00
8.585000000253976395e+02 -2.884709875269544366e+00
8.590000000254296992e+02 -2.719775046266203145e+00
8.595000000254617589e+02 -2.605749848441828220e+00
8.600000000254938186e+02 -3.104895478745416604e+00
8.605000000255258783e+02 -2.443913626275758144e+00
8.610000000255578243e+02 -2.881382039984818899e+00
8.615000000255898840e+02 -2.758169439295570680e+00
8.620000000256219437e+02 -2.849070356240125612e+00
8.625000000256540034e+02 -2.762811385467158765e+00
8.630000000256859494e+02 -2.834605033968850218e+00
8.635000000257180091e+02 -2.626684243033872601e+00
8.640000000257500687e+02 -3.003327076766096670e+00
8.645000000257821284e+02 -2.376288253283957097e+00
8.650000000258140744e+02 -2.851689799413161364e+00
8.655000000258461341e+02 -2.720742540297482304e+00
8.660000000258781938e+02 -2.762490489692575935e+00
8.665000000259102535e+02 -2.788682805155886069e+00
8.670000000259421995e+02 -2.831217427175902746e+00
8.675000000259742592e+02 -2.558410743382916408e+00
8.680000000260063189e+02 -3.139497228567720288e+00
8.685000000260383786e+02 -2.574143381637755912e+00
8.690000000260704383e+02 -3.143432923248370869e+00
8.695000000261023843e+02 -2.861917357310835186e+00
8.700000000261344439e+02 -2.776704406564238337e+00
8.705000000261665036e+02 -2.789264628732950779e+00
8.710000000261985633e+02 -2.873902948698156656e+00
8.715000000262305093e+02 -2.583847612128002513e+00
8.720000000262625690e+02 -2.630957744729792491e+00
8.725000000262946287e+02 -2.543512002458920840e+00
8.730000000263266884e+02 -2.748840870499968059e+00
8.735000000263586344e+02 -2.886189074059978044e+00
8.740000000263906941e+02 -2.558382115923810929e+00
8.745000000264227538e+02 -2.995681784405332060e+00
8.750000000264548135e+02 -2.512621810175952763e+00
8.755000000264867595e+02 -3.130692078798132272e+00
8.760000000265188191e+02 -2.704514276091749103e+00
8.765000000265508788e+02 -2.966775607265021542e+00
8.770000000265829385e+02 -2.720912634856996082e+00
8.775000000266149982e+02 -2.764284643138930520e+00
8.780000000266469442e+02 -2.888250378377001937e+00
8.785000000266790039e+02 -2.830477280953260344e+00
8.790000000267110636e+02 -2.530867915974853499e+00
8.795000000267431233e+02 -2.942256637271566611e+00
8.800000000267750693e+02 -2.974455966526580841e+00
8.805000000268071290e+02 -2.773428960617243533e+00
8.810000000268391886e+02 -2.680092352017426460e+00
8.815000000268712483e+02 -2.953014893268045338e+00
8.820000000269031943e+02 -2.710194490800483358e+00
8.825000000269352540e+02 -2.841296413970828105e+00
8.830000000269673137e+02 -2.751446732746658963e+00
8.835000000269993734e+02 -2.797260993800013473e+00
8.840000000270313194e+02 -2.998087012245351346e+00
8.845000000270633791e+02 -2.418978255941502731e+00
8.850000000270954388e+02 -2.974253273411073817e+00
8.855000000271274985e+02 -2.664976227927544183e+00
8.860000000271595582e+02 -2.661645858262136954e+00
8.865000000271915042e+02 -2.775456950493573327e+00
8.870000000272235638e+02 -2.631193773308771799e+00
8.875000000272556235e+02 -2.985194621183978381e+00
8.880000000272876832e+02 -2.782821702981567391e+00
8.885000000273196292e+02 -2.512720791636439355e+00
8.890000000273516889e+02 -2.842626873348307104e+00
8.895000000273837486e+02 -2.833955530238950082e+00
8.900000000274158083e+02 -2.848528107833740108e+00
8.905000000274477543e+02 -2.763663956338337613e+00
8.910000000274798140e+02 -2.876782898569586244e+00
8.915000000275118737e+02 -2.650150830350855635e+00
8.920000000275439334e+02 -2.405273107532356569e+00
8.925000000275758794e+02 -2.502123809555687917e+00
8.930000000276079390e+02 -2.964539671285242761e+00
8.935000000276399987e+02 -2.589734524146299677e+00
8.940000000276720584e+02 -3.096842380970355801e+00
8.945000000277040044e+02 -2.772399866510158351e+00
8.950000000277360641e+02 -2.861434789713636295e+00
8.955000000277681238e+02 -2.745683880485499717e+00
8.960000000278001835e+02 -2.663692492351136476e+00
8.965000000278322432e+02 -3.206312847643563835e+00
8.970000000278641892e+02 -2.717940777945004882e+00
8.975000000278962489e+02 -2.875243461393456101e+00
8.980000000279283086e+02 -2.743785654358841697e+00
8.985000000279603682e+02 -2.635631977048852992e+00
8.990000000279923142e+02 -3.005027570842587981e+00
8.995000000280243739e+02 -2.856150866208608807e+00
9.000000000280564336e+02 -2.721317806065832734e+00
9.005000000280884933e+02 -2.995388840556654220e+00
9.010000000281204393e+02 -2.696783906132794062e+00
9.015000000281524990e+02 -2.581418587279522558e+00
9.020000000281845587e+02 -2.738810897417705892e+00
9.025000000282166184e+02 -2.719671186608494828e+00
9.030000000282485644e+02 -3.050675132960678493e+00
9.035000000282806241e+02 -2.415788052329355562e+00
9.040000000283126838e+02 -3.262665845044246282e+00
9.045000000283447434e+02 -2.561520537242610640e+00
9.050000000283768031e+02 -2.770063717921816604e+00
9.055000000284087491e+02 -3.161458820704238004e+00
9.060000000284408088e+02 -2.204829206373591699e+00
9.065000000284728685e+02 -3.416822461712551995e+00
9.070000000285049282e+02 -2.241666530362157683e+00
9.075000000285368742e+02 -3.102938574394613180e+00
9.080000000285689339e+02 -2.442578870735230279e+00
9.085000000286009936e+02 -2.901085535864894815e+00
9.090000000286330533e+02 -2.316376300085501327e+00
9.095000000286649993e+02 -3.029951312977761546e+00
9.100000000286970590e+02 -2.489008529212217269e+00
9.105000000287291186e+02 -3.180992322711332143e+00
9.110000000287611783e+02 -2.609977678187490824e+00
9.115000000287931243e+02 -2.832902616454771483e+00
9.120000000288251840e+02 -2.915797089306855661e+00
9.125000000288572437e+02 -3.159973580120769565e+00
9.130000000288893034e+02 -2.658420529485359562e+00
9.135000000289213631e+02 -2.725973417329588866e+00
9.140000000289533091e+02 -3.057997983168366130e+00
9.145000000289853688e+02 -2.575921223011683026e+00
9.150000000290174285e+02 -2.583199571105254666e+00
9.155000000290494881e+02 -2.727306628759733620e+00
9.160000000290814341e+02 -2.839248910549040161e+00
9.165000000291134938e+02 -2.491380531869624271e+00
9.170000000291455535e+02 -2.850149804348372840e+00
9.175000000291776132e+02 -2.758983599114809060e+00
9.180000000292095592e+02 -2.754802138667594935e+00
9.185000000292416189e+02 -2.782225938224071715e+00
9.190000000292736786e+02 -2.723160231245381091e+00
9.195000000293057383e+02 -2.944259548970915130e+00
9.200000000293376843e+02 -2.529459708516543781e+00
9.205000000293697440e+02 -2.940541110721761164e+00
9.210000000294018037e+02 -2.942846001520553312e+00
9.215000000294338633e+02 -2.723865713399158395e+00
9.220000000294659230e+02 -2.638130847936108303e+00
9.225000000294978690e+02 -2.723579889438993984e+00
9.230000000295299287e+02 -3.140563298954434313e+00
9.235000000295619884e+02 -2.833169983477098697e+00
9.240000000295940481e+02 -2.645910627663027093e+00
9.245000000296259941e+02 -3.024429970796432610e+00
9.250000000296580538e+02 -2.550169549181262152e+00
9.255000000296901135e+02 -2.844660575540438607e+00
9.260000000297221732e+02 -2.580807359715858951e+00
9.265000000297541192e+02 -2.840009985961762240e+00
9.270000000297861789e+02 -2.661395387667347290e+00
9.275000000298182385e+02 -2.589855563424432017e+00
9.280000000298502982e+02 -2.917510532829756809e+00
9.285000000298822442e+02 -2.637156999174105287e+00
9.290000000299143039e+02 -2.940741058020137189e+00
9.295000000299463636e+02 -2.932121898479270072e+00
9.300000000299784233e+02 -2.612406290408083809e+00
9.305000000300104830e+02 -2.553796757603276291e+00
9.310000000300424290e+02 -2.868477234293726585e+00
9.315000000300744887e+02 -2.623300819398586725e+00
9.320000000301065484e+02 -2.959182511937368698e+00
9.325000000301386081e+02 -2.916511459837575870e+00
9.330000000301705541e+02 -2.266344884461664044e+00
9.335000000302026137e+02 -2.639558995655627349e+00
9.340000000302346734e+02 -2.992538181496873229e+00
9.345000000302667331e+02 -2.909553828057546809e+00
9.350000000302986791e+02 -2.508065210448061855e+00
9.355000000303307388e+02 -2.951397547275676381e+00
9.360000000303627985e+02 -2.937826404616146192e+00
9.365000000303948582e+02 -2.296606732498710723e+00
9.370000000304268042e+02 -3.306233081082216252e+00
9.375000000304588639e+02 -2.578824158345133455e+00
9.380000000304909236e+02 -3.202586673525410710e+00
9.385000000305229833e+02 -2.412472683766629267e+00
9.390000000305549293e+02 -2.879116918139169812e+00
9.395000000305869889e+02 -2.944545832446291644e+00
9.400000000306190486e+02 -2.822610559369068906e+00
9.405000000306511083e+02 -2.549609037912714538e+00
9.410000000306831680e+02 -2.975709407199609746e+00
9.415000000307151140e+02 -2.699546305891825870e+00
9.420000000307471737e+02 -2.698481084435403687e+00
9.425000000307792334e+02 -2.804638256038629596e+00
9.430000000308112931e+02 -2.576816238951213478e+00
9.435000000308432391e+02 -2.520785631415882744e+00
9.440000000308752988e+02 -3.267238854899054523e+00
9.445000000309073585e+02 -2.635367361936897801e+00
9.450000000309394181e+02 -2.835656903225470593e+00
9.455000000309713641e+02 -2.858115522604842695e+00
9.460000000310034238e+02 -2.670317856993229988e+00
9.465000000310354835e+02 -2.591567378130264387e+00
9.470000000310675432e+02 -2.923599152293494985e+00
9.475000000310994892e+02 -2.358832004908897773e+00
9.480000000311315489e+02 -3.002152562982062900e+00
9.485000000311636086e+02 -2.934035220814075196e+00
9.490000000311956683e+02 -2.558297850139053864e+00
9.495000000312277280e+02 -3.013118229689601968e+00
9.500000000312596740e+02 -2.715723802321725167e+00
9.505000000312917336e+02 -2.724702946326933883e+00
9.510000000313237933e+02 -2.462473310076902067e+00
9.515000000313558530e+02 -2.857074030919435792e+00
9.520000000313877990e+02 -2.596000106775262495e+00
9.525000000314198587e+02 -2.924872271753807151e+00
9.530000000314519184e+02 -2.881456944437170264e+00
9.535000000314839781e+02 -2.811136306338944291e+00
9.540000000315159241e+02 -2.852508427623762000e+00
9.545000000315479838e+02 -2.740677263419201370e+00
9.550000000315800435e+02 -2.905621990701558577e+00
9.555000000316121032e+02 -2.773028576070875939e+00
9.560000000316440492e+02 -2.809469952440162732e+00
9.565000000316761088e+02 -2.782568754647264164e+00
9.570000000317081685e+02 -2.865191213581220975e+00
9.575000000317402282e+02 -2.739668844468680309e+00
9.580000000317722879e+02 -2.484302344415620478e+00
9.585000000318042339e+02 -2.966367122133411804e+00
9.590000000318362936e+02 -2.660083079952602958e+00
9.595000000318683533e+02 -2.816851374855209311e+00
9.600000000319004130e+02 -2.574705721260893032e+00
9.605000000319323590e+02 -2.783300430114157731e+00
9.610000000319644187e+02 -2.716228215666386170e+00
9.615000000319964784e+02 -2.794755244578869924e+00
9.620000000320285380e+02 -2.590525348914855641e+00
9.625000000320604840e+02 -2.678884760452707070e+00
9.630000000320925437e+02 -2.747352871140992026e+00
9.635000000321246034e+02 -2.844003789097885093e+00
9.640000000321566631e+02 -2.504968988086806458e+00
9.645000000321886091e+02 -3.093990453758414194e+00
9.650000000322206688e+02 -2.484932948526826557e+00
9.655000000322527285e+02 -2.940328621150733568e+00
9.660000000322847882e+02 -2.478971251563758305e+00
9.665000000323168479e+02 -3.025247581088602367e+00
9.670000000323487939e+02 -2.629146973855595260e+00
9.675000000323808536e+02 -2.955982043151642813e+00
9.680000000324129132e+02 -2.708507291951929741e+00
9.685000000324449729e+02 -2.776476695213131229e+00
9.690000000324769189e+02 -2.574190465605668443e+00
9.695000000325089786e+02 -3.082199623606099781e+00
9.700000000325410383e+02 -2.855542455244676869e+00
9.705000000325730980e+02 -2.909600021190477559e+00
9.710000000326050440e+02 -2.887441096597283874e+00
9.715000000326371037e+02 -2.804843997579967052e+00
9.720000000326691634e+02 -2.702621779314330119e+00
9.725000000327012231e+02 -2.665907676834338602e+00
9.730000000327331691e+02 -2.650507115081321974e+00
9.735000000327652288e+02 -2.971789202594974366e+00
9.740000000327972884e+02 -2.804854698017424486e+00
9.745000000328293481e+02 -2.713022012881955991e+00
9.750000000328614078e+02 -2.668763213440898507e+00
9.755000000328933538e+02 -2.706478493640587235e+00
9.760000000329254135e+02 -3.192801636204605220e+00
9.765000000329574732e+02 -2.459205684418448001e+00
9.770000000329895329e+02 -2.978323226485810160e+00
9.775000000330214789e+02 -2.523424554009598531e+00
9.780000000330535386e+02 -3.060534576855310718e+00
9.785000000330855983e+02 -2.615797048646507417e+00
9.790000000331176579e+02 -2.898424751512167497e+00
9.795000000331496040e+02 -2.748693439242075875e+00
9.800000000331816636e+02 -2.709464525622019782e+00
9.805000000332137233e+02 -3.091597125112391709e+00
9.810000000332457830e+02 -2.485785009095104581e+00
9.815000000332777290e+02 -2.876589501055917708e+00
9.820000000333097887e+02 -2.769364163086047270e+00
9.825000000333418484e+02 -2.937407016856830033e+00
9.830000000333739081e+02 -2.921751004277656438e+00
9.835000000334058541e+02 -3.092020401589320233e+00
9.840000000334379138e+02 -2.475603702989468857e+00
9.845000000334699735e+02 -2.781565092863345967e+00
9.850000000335020331e+02 -2.645686023900492234e+00
9.855000000335340928e+02 -2.848667165004413970e+00
9.860000000335660388e+02 -2.933159125685359303e+00
9.865000000335980985e+02 -2.811631465309557321e+00
9.870000000336301582e+02 -2.948232973984245664e+00
9.875000000336622179e+02 -2.706801350557446639e+00
9.880000000336941639e+02 -3.434651014945180769e+00
9.885000000337262236e+02 -2.892744334175416654e+00
9.890000000337582833e+02 -2.774885269996968162e+00
9.895000000337903430e+02 -2.777359585484949989e+00
9.900000000338222890e+02 -2.301615950619715800e+00
9.905000000338543487e+02 -3.086381259202102711e+00
9.910000000338864083e+02 -2.382651721570103742e+00
9.915000000339184680e+02 -3.074464840495350515e+00
9.920000000339504140e+02 -2.556567870994006508e+00
9.925000000339824737e+02 -3.026888041748043712e+00
9.930000000340145334e+02 -2.613097788582168679e+00
9.935000000340465931e+02 -3.085157029194658396e+00
9.940000000340786528e+02 -2.933420941758952516e+00
9.945000000341105988e+02 -2.963282704407931956e+00
9.950000000341426585e+02 -2.361646415789231845e+00
9.955000000341747182e+02 -2.760706128960416450e+00
9.960000000342067779e+02 -2.837561238176436795e+00
9.965000000342387239e+02 -2.635035376262246487e+00
9.970000000342707835e+02 -2.780365961339054781e+00
9.975000000343028432e+02 -2.540441191150658806e+00
9.980000000343349029e+02 -2.824266286073531251e+00
9.985000000343668489e+02 -2.470175029939594591e+00
9.990000000343989086e+02 -2.863770853800030380e+00
9.995000000344309683e+02 -2.857443753862928926e+00
1.000000000034463028e+03 -2.855958721961797675e+00
