# Time (ps)	CV (angstrom)
9.999999999975766229e+01 -2.950382626531334651e+00
1.004999999997559001e+02 -2.996348198242529293e+00
1.009999999997541380e+02 -2.900897103705514457e+00
1.014999999997533990e+02 -2.559111756023856099e+00
1.019999999997629061e+02 -2.616071705290690996e+00
1.024999999997724132e+02 -2.814720471879970987e+00
1.029999999997819060e+02 -2.965708257438008921e+00
1.034999999997914131e+02 -2.398497081101004458e+00
1.039999999998009201e+02 -2.255982154347460522e+00
1.044999999998104272e+02 -2.752815431121429679e+00
1.049999999998199343e+02 -2.975085645680045854e+00
1.054999999998294413e+02 -2.645197442224042295e+00
1.059999999998389484e+02 -2.721411655853463341e+00
1.064999999998484554e+02 -2.913023355077315024e+00
1.069999999998579483e+02 -2.837749546453046889e+00
1.074999999998674554e+02 -2.627630283274366096e+00
1.079999999998769624e+02 -2.802641686192537840e+00
1.084999999998864695e+02 -2.732188214331880083e+00
1.089999999998959765e+02 -2.905248150672986807e+00
1.094999999999054836e+02 -2.652773629026294877e+00
1.099999999999149907e+02 -2.573638065109722817e+00
1.104999999999244977e+02 -2.640430984633042044e+00
1.109999999999339906e+02 -2.612097256729006389e+00
1.114999999999434976e+02 -2.698779149175970282e+00
1.119999999999530047e+02 -2.579428680144477681e+00
1.124999999999625118e+02 -2.871297901569097366e+00
1.129999999999720188e+02 -2.627227507454052091e+00
1.134999999999815259e+02 -2.696679378218952650e+00
1.139999999999910330e+02 -2.570478767416445542e+00
1.145000000000005400e+02 -2.820928488854897331e+00
1.150000000000100329e+02 -2.791606915990692883e+00
1.155000000000195399e+02 -2.612103764379855697e+00
1.160000000000290470e+02 -2.739551272228860856e+00
1.165000000000385540e+02 -2.649016075330275388e+00
1.170000000000480611e+02 -2.637474494889489041e+00
1.175000000000575682e+02 -2.803661061334906890e+00
1.180000000000670752e+02 -2.669425942219335823e+00
1.185000000000765823e+02 -2.584290914932036110e+00
1.190000000000860751e+02 -2.759805285862363178e+00
1.195000000000955822e+02 -2.981529078148220879e+00
1.200000000001050893e+02 -2.428782222146512737e+00
1.205000000001145963e+02 -2.645201540040790444e+00
1.210000000001241034e+02 -2.850239257240492208e+00
1.215000000001336105e+02 -2.771913869056715551e+00
1.220000000001431175e+02 -2.802078238202353244e+00
1.225000000001526246e+02 -2.679211853636187080e+00
1.230000000001621174e+02 -2.630255452849943776e+00
1.235000000001716245e+02 -2.696895738219180938e+00
1.240000000001811316e+02 -2.845199468685113864e+00
1.245000000001906386e+02 -2.774772429705933519e+00
1.250000000002001457e+02 -2.861556682355591352e+00
1.255000000002096527e+02 -2.604941682355746746e+00
1.260000000002191598e+02 -2.496043611799163120e+00
1.265000000002286527e+02 -2.793648080879843842e+00
1.270000000002381597e+02 -2.567444359130689691e+00
1.275000000002476668e+02 -2.716548822577387057e+00
1.280000000002571880e+02 -2.900958114628783946e+00
1.285000000002666809e+02 -2.845559312022375664e+00
1.290000000002761738e+02 -2.453434895030050189e+00
1.295000000002856950e+02 -2.619130919480569197e+00
1.300000000002951879e+02 -2.651727254731623518e+00
1.305000000003047091e+02 -2.850337839936298412e+00
1.310000000003142020e+02 -2.493315281251067717e+00
1.315000000003237233e+02 -2.468856664178069593e+00
1.320000000003332161e+02 -2.538117992274571133e+00
1.325000000003427090e+02 -2.892670691903199920e+00
1.330000000003522302e+02 -2.680364809448882113e+00
1.335000000003617231e+02 -2.581877341440055762e+00
1.340000000003712444e+02 -2.962512637985437181e+00
1.345000000003807372e+02 -2.809521883185037261e+00
1.350000000003902585e+02 -2.474284564269977338e+00
1.355000000003997513e+02 -2.205101315309657473e+00
1.360000000004092726e+02 -2.524384502380847106e+00
1.365000000004187655e+02 -2.848685980142343421e+00
1.370000000004282583e+02 -3.135414701018941930e+00
1.375000000004377796e+02 -2.697488394901527364e+00
1.380000000004472724e+02 -2.748292162335491895e+00
1.385000000004567937e+02 -2.748324717809064399e+00
1.390000000004662866e+02 -3.000773229166389999e+00
1.395000000004758078e+02 -2.870942052818935331e+00
1.400000000004853007e+02 -2.880059969047098267e+00
1.405000000004947935e+02 -2.426353461207909401e+00
1.410000000005043148e+02 -2.631961774686851996e+00
1.415000000005138077e+02 -2.845238330563240936e+00
1.420000000005233289e+02 -2.890804708341764062e+00
1.425000000005328218e+02 -2.874481590456477331e+00
1.430000000005423431e+02 -2.613608227469104595e+00
1.435000000005518359e+02 -2.749257372901935170e+00
1.440000000005613572e+02 -2.638579120317402271e+00
1.445000000005708500e+02 -2.735673191880291455e+00
1.450000000005803429e+02 -2.780507782041869547e+00
1.455000000005898642e+02 -2.701197044120743129e+00
1.460000000005993570e+02 -2.753273007891222868e+00
1.465000000006088783e+02 -2.585233577955809103e+00
1.470000000006183711e+02 -2.554051126983908127e+00
1.475000000006278924e+02 -2.778667543204959234e+00
1.480000000006373853e+02 -2.941028162921504041e+00
1.485000000006468781e+02 -2.753441254349628053e+00
1.490000000006563994e+02 -2.716727866911891276e+00
1.495000000006658922e+02 -2.799783006306064692e+00
1.500000000006754135e+02 -2.615748051804132057e+00
1.505000000006849064e+02 -2.718410972487403043e+00
1.510000000006944276e+02 -2.729889115260630827e+00
1.515000000007039205e+02 -2.638415722449110934e+00
1.520000000007134133e+02 -2.894815476682793154e+00
1.525000000007229346e+02 -2.895508179957259731e+00
1.530000000007324275e+02 -2.470057329902831444e+00
1.535000000007419487e+02 -2.382554370371864572e+00
1.540000000007514416e+02 -2.744824865991329244e+00
1.545000000007609628e+02 -2.839460402410509676e+00
1.550000000007704557e+02 -2.920656027522710474e+00
1.555000000007799770e+02 -2.671417840478508499e+00
1.560000000007894698e+02 -2.953658873309878974e+00
1.565000000007989627e+02 -3.017330179438147297e+00
1.570000000008084839e+02 -2.597348935459954156e+00
1.575000000008179768e+02 -3.048686749524466499e+00
1.580000000008274981e+02 -2.663081048555226094e+00
1.585000000008369909e+02 -2.387973719814097340e+00
1.590000000008465122e+02 -2.571166640829142480e+00
1.595000000008560050e+02 -2.649678402154452606e+00
1.600000000008654979e+02 -2.553084411858577596e+00
1.605000000008750192e+02 -2.910823722730201624e+00
1.610000000008845120e+02 -2.804928290860747353e+00
1.615000000008940333e+02 -2.727598601896299435e+00
1.620000000009035261e+02 -2.715686812743159262e+00
1.625000000009130474e+02 -2.909204177124160129e+00
1.630000000009225403e+02 -2.504469475377322674e+00
1.635000000009320615e+02 -2.675552027680218270e+00
1.640000000009415544e+02 -2.828230238695534027e+00
1.645000000009510472e+02 -2.891479676364479445e+00
1.650000000009605685e+02 -2.725326847175111755e+00
1.655000000009700614e+02 -2.603153651792044609e+00
1.660000000009795826e+02 -2.944538616836832379e+00
1.665000000009890755e+02 -2.762179583861997578e+00
1.670000000009985968e+02 -2.842334225762277455e+00
1.675000000010080896e+02 -2.969014775307774023e+00
1.680000000010175825e+02 -2.667820187426988454e+00
1.685000000010271037e+02 -2.976709635903944662e+00
1.690000000010365966e+02 -2.949763053009216485e+00
1.695000000010461179e+02 -3.034063652004341360e+00
1.700000000010556107e+02 -2.635352548281067797e+00
1.705000000010651320e+02 -2.633838345877121956e+00
1.710000000010746248e+02 -2.904187977406196275e+00
1.715000000010841177e+02 -2.500531069517034410e+00
1.720000000010936390e+02 -2.797546067898363020e+00
1.725000000011031318e+02 -2.615355865603684826e+00
1.730000000011126531e+02 -2.477456564459115107e+00
1.735000000011221459e+02 -2.654175191858177740e+00
1.740000000011316672e+02 -2.732185428264303884e+00
1.745000000011411601e+02 -2.828629169535136878e+00
1.750000000011506813e+02 -2.643684041024027653e+00
1.755000000011601742e+02 -2.636817464336108863e+00
1.760000000011696670e+02 -2.694527431204702950e+00
1.765000000011791883e+02 -2.918447233216042491e+00
1.770000000011886812e+02 -2.803869487427279594e+00
1.775000000011982024e+02 -2.350318052421835890e+00
1.780000000012076953e+02 -2.380387555067038363e+00
1.785000000012172165e+02 -2.687896246015200941e+00
1.790000000012267094e+02 -2.856570562351694154e+00
1.795000000012362023e+02 -2.968242733842091585e+00
1.800000000012457235e+02 -2.537761542837902784e+00
1.805000000012552164e+02 -2.409362584892966286e+00
1.810000000012647376e+02 -2.799807963319981052e+00
1.815000000012742305e+02 -2.686201090192919416e+00
1.820000000012837518e+02 -2.884625394177441127e+00
1.825000000012932446e+02 -2.975519209431884526e+00
1.830000000013027659e+02 -2.944859619698823483e+00
1.835000000013122587e+02 -2.544756803285170399e+00
1.840000000013217516e+02 -2.601607302357002105e+00
1.845000000013312729e+02 -2.747311903715522252e+00
1.850000000013407657e+02 -2.685331234713611792e+00
1.855000000013502870e+02 -2.702583294580221729e+00
1.860000000013597798e+02 -2.828850934802766837e+00
1.865000000013693011e+02 -2.735610421223811706e+00
1.870000000013787940e+02 -2.444280263307896384e+00
1.875000000013882868e+02 -2.481256149715425074e+00
1.880000000013978081e+02 -2.725138183977660500e+00
1.885000000014073009e+02 -3.003494378708662982e+00
1.890000000014168222e+02 -2.780106682417810671e+00
1.895000000014263151e+02 -2.693081232681662662e+00
1.900000000014358363e+02 -2.839551217716131948e+00
1.905000000014453292e+02 -2.777806644749813092e+00
1.910000000014548220e+02 -2.774121861359141406e+00
1.915000000014643433e+02 -2.578820035912849029e+00
1.920000000014738362e+02 -2.734556788084386181e+00
1.925000000014833574e+02 -2.787121564306002330e+00
1.930000000014928503e+02 -2.955978816767139694e+00
1.935000000015023716e+02 -2.676857117337839043e+00
1.940000000015118644e+02 -2.679599809373606423e+00
1.945000000015213857e+02 -2.463855825660907328e+00
1.950000000015308785e+02 -2.518026455069282132e+00
1.955000000015403714e+02 -2.629636853797175711e+00
1.960000000015498927e+02 -2.782449367424837394e+00
1.965000000015593855e+02 -2.684947363707500756e+00
1.970000000015689068e+02 -3.080177561777154072e+00
1.975000000015783996e+02 -2.786275965058672810e+00
1.980000000015879209e+02 -2.262990172237345554e+00
1.985000000015974138e+02 -2.521946903093227554e+00
1.990000000016069066e+02 -3.030854504996952858e+00
1.995000000016164279e+02 -2.658277762367602826e+00
2.000000000016259207e+02 -2.788285941759875985e+00
2.005000000016354420e+02 -2.801590380409836545e+00
2.010000000016449349e+02 -2.674695548149224056e+00
2.015000000016544561e+02 -2.906943960907351077e+00
2.020000000016639490e+02 -2.875318886111596584e+00
2.025000000016734703e+02 -2.692523607988599466e+00
2.030000000016789556e+02 -2.883175745571618265e+00
2.035000000016659385e+02 -2.602652173481954545e+00
2.040000000016529214e+02 -2.720946043028245054e+00
2.045000000016398758e+02 -2.905557080592613861e+00
2.050000000016268586e+02 -2.724391029575985890e+00
2.055000000016138415e+02 -2.706154550322130259e+00
2.060000000016008244e+02 -2.769241259909967834e+00
2.065000000015878072e+02 -2.584342803468886007e+00
2.070000000015747617e+02 -2.733952639798697071e+00
2.075000000015617445e+02 -2.717903405763845370e+00
2.080000000015487274e+02 -2.725688651055928613e+00
2.085000000015357102e+02 -2.884415412130591605e+00
2.090000000015226931e+02 -2.936475813196960605e+00
2.095000000015096475e+02 -2.800931646382752938e+00
2.100000000014966304e+02 -2.591885190360246227e+00
2.105000000014836132e+02 -2.798185474908080561e+00
2.110000000014705961e+02 -2.721150880782863712e+00
2.115000000014575789e+02 -2.750737595235023925e+00
2.120000000014445618e+02 -3.110063368577288045e+00
2.125000000014315162e+02 -2.808555138150712338e+00
2.130000000014184991e+02 -2.685302664503788073e+00
2.135000000014054820e+02 -2.981914705806762989e+00
2.140000000013924648e+02 -2.836931227728588745e+00
2.145000000013794477e+02 -2.768690145036409422e+00
2.150000000013664021e+02 -2.675823840453952496e+00
2.155000000013533850e+02 -2.546670268755133915e+00
2.160000000013403678e+02 -2.290397725709824694e+00
2.165000000013273507e+02 -2.834672629067415794e+00
2.170000000013143335e+02 -2.843967174904838302e+00
2.175000000013013164e+02 -2.455161138727158576e+00
2.180000000012882708e+02 -2.670398933745087078e+00
2.185000000012752537e+02 -2.592964272584346919e+00
2.190000000012622365e+02 -2.860871871087011797e+00
2.195000000012492194e+02 -2.820018968089745393e+00
2.200000000012362023e+02 -2.690932979153803029e+00
2.205000000012231567e+02 -2.588078855849552884e+00
2.210000000012101395e+02 -2.836338477334099828e+00
2.215000000011971224e+02 -2.896922061898683509e+00
2.220000000011841053e+02 -2.661643298119566126e+00
2.225000000011710881e+02 -2.576971318655676413e+00
2.230000000011580710e+02 -2.625173876973071252e+00
2.235000000011450254e+02 -2.717273374992563273e+00
2.240000000011320083e+02 -2.787312830994193025e+00
2.245000000011189911e+02 -2.736569400316549938e+00
2.250000000011059740e+02 -2.684151445557486859e+00
2.255000000010929568e+02 -2.904401826174045187e+00
2.260000000010799113e+02 -3.024014287980906879e+00
2.265000000010668941e+02 -3.021525571858310943e+00
2.270000000010538770e+02 -2.613664067733409535e+00
2.275000000010408598e+02 -2.758656080860342641e+00
2.280000000010278427e+02 -2.619710123385539990e+00
2.285000000010148256e+02 -2.559274182803566777e+00
2.290000000010017800e+02 -2.806903444877057563e+00
2.295000000009887628e+02 -2.779293698296515291e+00
2.300000000009757457e+02 -2.843063171317898874e+00
2.305000000009627286e+02 -2.677432135247967526e+00
2.310000000009497114e+02 -2.744653762513972417e+00
2.315000000009366659e+02 -2.603971576824102296e+00
2.320000000009236487e+02 -2.683967682844770497e+00
2.325000000009106316e+02 -2.940146246903914573e+00
2.330000000008976144e+02 -3.060007265263025911e+00
2.335000000008845973e+02 -3.011922557450289695e+00
2.340000000008715517e+02 -2.418718062036926408e+00
2.345000000008585346e+02 -2.554745703770058274e+00
2.350000000008455174e+02 -2.778859716167583649e+00
2.355000000008325003e+02 -2.761644859755190584e+00
2.360000000008194831e+02 -2.628239124942588933e+00
2.365000000008064660e+02 -2.688524816672317908e+00
2.370000000007934204e+02 -2.792788467250330253e+00
2.375000000007804033e+02 -2.709883253462503916e+00
2.380000000007673862e+02 -2.841930841160971610e+00
2.385000000007543690e+02 -2.789219529881417081e+00
2.390000000007413519e+02 -2.635061728433985895e+00
2.395000000007283063e+02 -2.580873694493173609e+00
2.400000000007152892e+02 -2.821198341087237882e+00
2.405000000007022720e+02 -2.708950613436987620e+00
2.410000000006892549e+02 -2.827726853600863510e+00
2.415000000006762377e+02 -3.058583199687995968e+00
2.420000000006632206e+02 -2.721834324934135907e+00
2.425000000006501750e+02 -2.412351945254521457e+00
2.430000000006371579e+02 -2.943897044833247989e+00
2.435000000006241407e+02 -2.928745989077220280e+00
2.440000000006111236e+02 -2.562199326183458581e+00
2.445000000005981065e+02 -2.600690173030233421e+00
2.450000000005850609e+02 -2.811587357961033540e+00
2.455000000005720437e+02 -2.851510496858781885e+00
2.460000000005590266e+02 -2.904930110191920711e+00
2.465000000005460095e+02 -2.798153980197314983e+00
2.470000000005329923e+02 -2.721429637169562987e+00
2.475000000005199752e+02 -2.749642675745694209e+00
2.480000000005069296e+02 -2.548110601500151340e+00
2.485000000004939125e+02 -2.681362960777045501e+00
2.490000000004808953e+02 -2.896331279165582195e+00
2.495000000004678782e+02 -2.781645168081444464e+00
2.500000000004548610e+02 -2.906629251606704045e+00
2.505000000004418155e+02 -2.427185258613658636e+00
2.510000000004287983e+02 -2.707090132593710674e+00
2.515000000004157812e+02 -2.826274410511262047e+00
2.520000000004027640e+02 -2.745346120548170621e+00
2.525000000003897469e+02 -2.861298575917880616e+00
2.530000000003767013e+02 -3.012355108602538412e+00
2.535000000003636842e+02 -2.774504346908354346e+00
2.540000000003506671e+02 -2.609060908880860286e+00
2.545000000003376499e+02 -2.812968276189210748e+00
2.550000000003246328e+02 -2.855987545741376810e+00
2.555000000003116156e+02 -2.695755407005169690e+00
2.560000000002985985e+02 -2.789875148413067052e+00
2.565000000002855813e+02 -2.890632232744772878e+00
2.570000000002725642e+02 -2.770523071159276096e+00
2.575000000002594902e+02 -2.844709065010495586e+00
2.580000000002464731e+02 -2.678611580059971686e+00
2.585000000002334559e+02 -2.746802048570937682e+00
2.590000000002204388e+02 -2.930961875468740097e+00
2.595000000002074216e+02 -2.832791631644690167e+00
2.600000000001944045e+02 -3.047939479932741058e+00
2.605000000001813873e+02 -2.875756486926316580e+00
2.610000000001683702e+02 -2.740533782301199484e+00
2.615000000001553531e+02 -2.764799714505448147e+00
2.620000000001423359e+02 -2.910891129645489794e+00
2.625000000001292619e+02 -2.679888559260024117e+00
2.630000000001162448e+02 -2.708377563745771877e+00
2.635000000001032276e+02 -2.753655919354487835e+00
2.640000000000902105e+02 -2.539697567489055174e+00
2.645000000000771934e+02 -2.623792100195413646e+00
2.650000000000641762e+02 -2.853368076302098544e+00
2.655000000000511591e+02 -2.861266548795715181e+00
2.660000000000381419e+02 -2.881192823975028627e+00
2.665000000000251248e+02 -2.699197521566042646e+00
2.670000000000121076e+02 -2.807841913209254692e+00
2.674999999999990905e+02 -2.742125824702526860e+00
2.679999999999860165e+02 -2.604401234541834587e+00
2.684999999999729994e+02 -2.683511920405036832e+00
2.689999999999599822e+02 -2.781412774920703157e+00
2.694999999999469651e+02 -2.734740377698691827e+00
2.699999999999339479e+02 -2.639300089984284003e+00
2.704999999999209308e+02 -2.605309852649083879e+00
2.709999999999079137e+02 -2.812581969102718737e+00
2.714999999998948965e+02 -2.883113500916389960e+00
2.719999999998818794e+02 -2.883717872767284085e+00
2.724999999998688622e+02 -2.785845859115676948e+00
2.729999999998558451e+02 -3.046616129501757975e+00
2.734999999998427711e+02 -2.911802326170945587e+00
2.739999999998297540e+02 -2.786503530266989603e+00
2.744999999998167368e+02 -2.802647111187516860e+00
2.749999999998037197e+02 -2.762767111962004751e+00
2.754999999997907025e+02 -2.862366762924018815e+00
2.759999999997776854e+02 -2.649316262893068874e+00
2.764999999997646682e+02 -2.762524713554452394e+00
2.769999999997516511e+02 -2.389325990523973875e+00
2.774999999997386340e+02 -2.586601210487276425e+00
2.779999999997256168e+02 -2.686019992084585084e+00
2.784999999997125997e+02 -2.745736163738976110e+00
2.789999999996995257e+02 -2.839969063470229926e+00
2.794999999996865085e+02 -2.509650985521904687e+00
2.799999999996734914e+02 -2.592222514789854326e+00
2.804999999996604743e+02 -2.656717683907389826e+00
2.809999999996474571e+02 -2.497538270417131834e+00
2.814999999996344400e+02 -2.530213729400957678e+00
2.819999999996214228e+02 -2.854742311201248217e+00
2.824999999996084057e+02 -2.775644741904414126e+00
2.829999999995953885e+02 -2.790922241785971369e+00
2.834999999995823714e+02 -2.712010046980092515e+00
2.839999999995693543e+02 -2.472652213908308472e+00
2.844999999995562803e+02 -2.993947023305614685e+00
2.849999999995432631e+02 -2.895093085504816255e+00
2.854999999995302460e+02 -2.789537452303751497e+00
2.859999999995172288e+02 -2.387896379799065549e+00
2.864999999995042117e+02 -2.719651638964556639e+00
2.869999999994911946e+02 -2.797529999779357901e+00
2.874999999994781774e+02 -2.946621444870330730e+00
2.879999999994651603e+02 -2.989095533476128441e+00
2.884999999994521431e+02 -2.673919929194419787e+00
2.889999999994391260e+02 -2.591901442055869254e+00
2.894999999994261088e+02 -2.912652713778711266e+00
2.899999999994130349e+02 -2.702911469870162176e+00
2.904999999994000177e+02 -2.510507919312198855e+00
2.909999999993870006e+02 -2.685137521647831704e+00
2.914999999993739834e+02 -2.735170001351304503e+00
2.919999999993609663e+02 -2.714688635603485167e+00
2.924999999993479491e+02 -2.722896901723586893e+00
2.929999999993349320e+02 -2.452493130209594696e+00
2.934999999993219149e+02 -2.562880182220735215e+00
2.939999999993088977e+02 -2.838722991193275202e+00
2.944999999992958806e+02 -2.534160259984737706e+00
2.949999999992828634e+02 -2.855178524199840862e+00
2.954999999992697894e+02 -2.697888366671021387e+00
2.959999999992567723e+02 -2.775280613002733876e+00
2.964999999992437552e+02 -2.698201209525218580e+00
2.969999999992307380e+02 -3.001821816804267851e+00
2.974999999992177209e+02 -2.835274257643380036e+00
2.979999999992047037e+02 -2.651477990254832662e+00
2.984999999991916866e+02 -2.744720058927564654e+00
2.989999999991786694e+02 -2.713309403460096636e+00
2.994999999991656523e+02 -2.875016066851144192e+00
2.999999999991526352e+02 -2.635540600929823007e+00
3.004999999991396180e+02 -2.519405440483082792e+00
3.009999999991265440e+02 -2.697646852397171280e+00
3.014999999991135269e+02 -2.613616308357911588e+00
3.019999999991005097e+02 -2.678851529170838131e+00
3.024999999990874926e+02 -2.678623403400560044e+00
3.029999999990744755e+02 -2.613858471314195686e+00
3.034999999990614583e+02 -2.644016203250023622e+00
3.039999999990484412e+02 -2.664221066701282226e+00
3.044999999990354240e+02 -2.614386359900504164e+00
3.049999999990224069e+02 -2.534659980117991207e+00
3.054999999990093897e+02 -2.648095763153708759e+00
3.059999999989963158e+02 -3.034105990585680424e+00
3.064999999989832986e+02 -3.066982040189651038e+00
3.069999999989702815e+02 -2.927071439061307512e+00
3.074999999989572643e+02 -2.750573520505580127e+00
3.079999999989442472e+02 -2.521767998235801223e+00
3.084999999989312300e+02 -2.710016036653838167e+00
3.089999999989182129e+02 -2.789613311804524542e+00
3.094999999989051958e+02 -2.797627576808278338e+00
3.099999999988921786e+02 -2.613605158541012941e+00
3.104999999988791615e+02 -2.667104703987098535e+00
3.109999999988661443e+02 -2.691772586348124996e+00
3.114999999988530703e+02 -3.014750741636759823e+00
3.119999999988400532e+02 -2.913080499575992022e+00
3.124999999988270361e+02 -2.875932466564749657e+00
3.129999999988140189e+02 -2.700319770960926125e+00
3.134999999988010018e+02 -2.730878379788682864e+00
3.139999999987879846e+02 -2.506688701560025656e+00
3.144999999987749675e+02 -2.768901241719043060e+00
3.149999999987619503e+02 -2.835261318630392768e+00
3.154999999987489332e+02 -2.724470109532765694e+00
3.159999999987359161e+02 -2.844744728738896278e+00
3.164999999987228989e+02 -2.972079234773496115e+00
3.169999999987098249e+02 -2.822088608123208608e+00
3.174999999986968078e+02 -2.634785156268421691e+00
3.179999999986837906e+02 -2.497926158923990059e+00
3.184999999986707735e+02 -2.549642031400462194e+00
3.189999999986577564e+02 -2.703449566665007353e+00
3.194999999986447392e+02 -2.820824611418799588e+00
3.199999999986317221e+02 -2.891833734440833137e+00
3.204999999986187049e+02 -2.961785446700708313e+00
3.209999999986056878e+02 -2.910380811103747245e+00
3.214999999985926706e+02 -2.764125826695658983e+00
3.219999999985796535e+02 -2.576222482043816431e+00
3.224999999985665795e+02 -2.851331400613086320e+00
3.229999999985535624e+02 -2.592728164803803637e+00
3.234999999985405452e+02 -2.428621655908603572e+00
3.239999999985275281e+02 -2.905670939629821259e+00
3.244999999985145109e+02 -2.884092065760510692e+00
3.249999999985014938e+02 -2.888348599398281369e+00
3.254999999984884766e+02 -2.886697212540811464e+00
3.259999999984754595e+02 -2.457850971901810677e+00
3.264999999984624424e+02 -2.876611824828779085e+00
3.269999999984494252e+02 -2.935126464824699077e+00
3.274999999984364081e+02 -2.878598820297755267e+00
3.279999999984233341e+02 -2.468275103335217935e+00
3.284999999984103169e+02 -2.562493573920998191e+00
3.289999999983972998e+02 -2.874802115701622807e+00
3.294999999983842827e+02 -2.857615175782305172e+00
3.299999999983712655e+02 -2.900332736476675777e+00
3.304999999983582484e+02 -2.374240567783534761e+00
3.309999999983452312e+02 -2.806549433913275493e+00
3.314999999983322141e+02 -3.038052734119913723e+00
3.319999999983191969e+02 -2.660307667215436656e+00
3.324999999983061798e+02 -2.255284034035826668e+00
3.329999999982931627e+02 -2.666313402232583840e+00
3.334999999982800887e+02 -2.677273125112895613e+00
3.339999999982670715e+02 -2.804766874927771880e+00
3.344999999982540544e+02 -2.744989761944700568e+00
3.349999999982410372e+02 -2.496870866996627747e+00
3.354999999982280201e+02 -2.729179382779129526e+00
3.359999999982150030e+02 -2.798121519849320116e+00
3.364999999982019858e+02 -2.914943366050741780e+00
3.369999999981889687e+02 -2.719551911332691585e+00
3.374999999981759515e+02 -2.555561250572165655e+00
3.379999999981629344e+02 -2.760607214211423077e+00
3.384999999981499172e+02 -2.977422563307931203e+00
3.389999999981368433e+02 -2.823864108803372908e+00
3.394999999981238261e+02 -2.723919107083564661e+00
3.399999999981108090e+02 -3.060008812252213328e+00
3.404999999980977918e+02 -2.831734340984706222e+00
3.409999999980847747e+02 -2.778718587498531623e+00
3.414999999980717575e+02 -2.594922243605533474e+00
3.419999999980587404e+02 -2.639697749326248122e+00
3.424999999980457233e+02 -2.644494514744976765e+00
3.429999999980327061e+02 -2.790548807118939934e+00
3.434999999980196890e+02 -2.603495768315140513e+00
3.439999999980066718e+02 -2.595621458837761075e+00
3.444999999979935978e+02 -2.871013183467562069e+00
3.449999999979805807e+02 -2.943052456626821911e+00
3.454999999979675636e+02 -2.795190764873130451e+00
3.459999999979545464e+02 -2.756886077226193166e+00
3.464999999979415293e+02 -2.469907227710649966e+00
3.469999999979285121e+02 -2.538471148133115030e+00
3.474999999979154950e+02 -3.014242902107183930e+00
3.479999999979024778e+02 -2.984975097075753148e+00
3.484999999978894607e+02 -2.511027340798848151e+00
3.489999999978764436e+02 -2.485978299956709492e+00
3.494999999978633696e+02 -2.937141475666077195e+00
3.499999999978503524e+02 -3.187759473074709859e+00
3.504999999978373353e+02 -2.615232643493698994e+00
3.509999999978243181e+02 -2.634621384653272891e+00
3.514999999978113010e+02 -2.914229576037990821e+00
3.519999999977982839e+02 -2.662402353700579649e+00
3.524999999977852667e+02 -2.723008718250039095e+00
3.529999999977722496e+02 -2.669798091897400472e+00
3.534999999977592324e+02 -2.877176529518301606e+00
3.539999999977462153e+02 -2.833055932692979173e+00
3.544999999977331981e+02 -2.681718909383958849e+00
3.549999999977201242e+02 -2.773096446784736102e+00
3.554999999977071070e+02 -2.944148692638074660e+00
3.559999999976940899e+02 -2.696745183845234539e+00
3.564999999976810727e+02 -2.757680773577631417e+00
3.569999999976680556e+02 -2.669688974574000451e+00
3.574999999976550384e+02 -2.923830074205240326e+00
3.579999999976420213e+02 -2.842812310676464005e+00
3.584999999976290042e+02 -2.514778102223179435e+00
3.589999999976159870e+02 -2.860685602060810684e+00
3.594999999976029699e+02 -2.859386121439893458e+00
3.599999999975899527e+02 -2.690718452007841321e+00
3.604999999975768787e+02 -2.810707209669441209e+00
3.609999999975638616e+02 -2.637056223276233347e+00
3.614999999975508445e+02 -2.692945148051014037e+00
3.619999999975378273e+02 -2.724047748511702061e+00
3.624999999975248102e+02 -2.698326042622729126e+00
3.629999999975117930e+02 -2.638510044089435347e+00
3.634999999974987759e+02 -2.467376428684467271e+00
3.639999999974857587e+02 -2.775195038814075588e+00
3.644999999974727416e+02 -2.926830664544929128e+00
3.649999999974597245e+02 -2.844540852825103716e+00
3.654999999974467073e+02 -2.614212357139628740e+00
3.659999999974336333e+02 -2.516337619271504344e+00
3.664999999974206162e+02 -2.604973269953347881e+00
3.669999999974075990e+02 -2.801278406956630107e+00
3.674999999973945819e+02 -2.738592751111331047e+00
3.679999999973815648e+02 -2.685683898673202563e+00
3.684999999973685476e+02 -2.789079189249396684e+00
3.689999999973555305e+02 -2.776271289194444769e+00
3.694999999973425133e+02 -2.519542810139585143e+00
3.699999999973294962e+02 -2.623156228733817930e+00
3.704999999973164790e+02 -2.916981794536446682e+00
3.709999999973034619e+02 -2.844787024357250615e+00
3.714999999972903879e+02 -2.829389344891440672e+00
3.719999999972773708e+02 -2.791203789520438683e+00
3.724999999972643536e+02 -2.387948587713986548e+00
3.729999999972513365e+02 -2.704388275378787565e+00
3.734999999972383193e+02 -2.653529318431175454e+00
3.739999999972253022e+02 -3.106742567117422915e+00
3.744999999972122851e+02 -2.957385105780721002e+00
3.749999999971992679e+02 -2.632472783328217769e+00
3.754999999971862508e+02 -2.660662644191281068e+00
3.759999999971732336e+02 -2.761293972764327975e+00
3.764999999971602165e+02 -2.668740273963875698e+00
3.769999999971471425e+02 -2.761838959553044592e+00
3.774999999971341254e+02 -2.680521582041499151e+00
3.779999999971211082e+02 -2.637820089423136061e+00
3.784999999971080911e+02 -2.722191062228552116e+00
3.789999999970950739e+02 -2.690698449374760770e+00
3.794999999970820568e+02 -2.646143266432886776e+00
3.799999999970690396e+02 -2.737085004914100228e+00
3.804999999970560225e+02 -2.515026602506610587e+00
3.809999999970430054e+02 -2.766388202785980965e+00
3.814999999970299882e+02 -2.958878486107283656e+00
3.819999999970169711e+02 -3.050728807458670033e+00
3.824999999970038971e+02 -2.522615140881196538e+00
3.829999999969908799e+02 -2.399694142913238348e+00
3.834999999969778628e+02 -2.530215692401602823e+00
3.839999999969648456e+02 -2.544167978694114485e+00
3.844999999969518285e+02 -2.789454323530781821e+00
3.849999999969388114e+02 -2.712208312958586109e+00
3.854999999969257942e+02 -2.926118272576070378e+00
3.859999999969127771e+02 -2.805443967253721027e+00
3.864999999968997599e+02 -2.742189529424426286e+00
3.869999999968867428e+02 -2.382666725565183441e+00
3.874999999968737256e+02 -2.677362199017428779e+00
3.879999999968606517e+02 -2.757945267038738546e+00
3.884999999968476345e+02 -2.402698915685310688e+00
3.889999999968346174e+02 -2.975066834367333435e+00
3.894999999968216002e+02 -2.755718356385987278e+00
3.899999999968085831e+02 -2.658620866854183529e+00
3.904999999967955659e+02 -2.864267819692407180e+00
3.909999999967825488e+02 -2.709268134966473784e+00
3.914999999967695317e+02 -2.883673759140751525e+00
3.919999999967565145e+02 -2.626920786972275934e+00
3.924999999967434974e+02 -2.750590201490989095e+00
3.929999999967304234e+02 -2.645569796876931168e+00
3.934999999967174062e+02 -2.593656176983241135e+00
3.939999999967043891e+02 -2.930644450498546050e+00
3.944999999966913720e+02 -2.792402136148200764e+00
3.949999999966783548e+02 -2.968273356050194156e+00
3.954999999966653377e+02 -2.864471666287702778e+00
3.959999999966523205e+02 -2.744759567616076090e+00
3.964999999966393034e+02 -2.752523948556331757e+00
3.969999999966262862e+02 -2.699366449423760361e+00
3.974999999966132691e+02 -2.761237839207033140e+00
3.979999999966002520e+02 -2.839040460855206227e+00
3.984999999965871780e+02 -2.641692530631282843e+00
3.989999999965741608e+02 -2.547278618441940701e+00
3.994999999965611437e+02 -2.823802396673142479e+00
3.999999999965481265e+02 -2.675032833253528697e+00
4.004999999965351094e+02 -2.842087468420342322e+00
4.009999999965220923e+02 -3.026008615539970581e+00
4.014999999965090751e+02 -2.670246702847046016e+00
4.019999999964960580e+02 -2.426423870792087101e+00
4.024999999964830408e+02 -2.927930463439638586e+00
4.029999999964700237e+02 -2.885081257315216696e+00
4.034999999964570065e+02 -2.629630234084372464e+00
4.039999999964439326e+02 -2.520287688721121633e+00
4.044999999964309154e+02 -2.316907372667651899e+00
4.049999999964178983e+02 -2.536363390464511980e+00
4.054999999964048811e+02 -2.671131678568453793e+00
4.059999999964079507e+02 -2.780445275088458956e+00
4.064999999964400104e+02 -2.890118117092920436e+00
4.069999999964720132e+02 -2.737641827605821199e+00
4.074999999965040729e+02 -2.471336830834062415e+00
4.079999999965360757e+02 -2.663135041404071757e+00
4.084999999965681354e+02 -2.699086658020574792e+00
4.089999999966001383e+02 -2.481925273597776371e+00
4.094999999966321980e+02 -2.742679336923348643e+00
4.099999999966642008e+02 -2.753366122762079371e+00
4.104999999966962605e+02 -2.821951589613402422e+00
4.109999999967282633e+02 -2.456188119186017094e+00
4.114999999967603230e+02 -2.778642389699615300e+00
4.119999999967923259e+02 -3.043786222681251097e+00
4.124999999968243856e+02 -2.704694015548326114e+00
4.129999999968563884e+02 -2.607676572007770588e+00
4.134999999968884481e+02 -2.605715921099745813e+00
4.139999999969205078e+02 -2.588021722291532711e+00
4.144999999969525106e+02 -2.570079129122445849e+00
4.149999999969845703e+02 -2.652424435758728549e+00
4.154999999970165732e+02 -2.618154523477454809e+00
4.159999999970486328e+02 -2.728768525874034179e+00
4.164999999970806357e+02 -2.888120039723305332e+00
4.169999999971126954e+02 -2.709103004372959145e+00
4.174999999971446982e+02 -2.488637264913338143e+00
4.179999999971767579e+02 -2.537549049161079484e+00
4.184999999972087608e+02 -2.573537144591722114e+00
4.189999999972408204e+02 -2.745917100511998665e+00
4.194999999972728233e+02 -2.645586275934140197e+00
4.199999999973048830e+02 -2.707836237170188731e+00
4.204999999973368858e+02 -2.751855736428852950e+00
4.209999999973689455e+02 -2.862581169097154543e+00
4.214999999974009484e+02 -2.675455149565824087e+00
4.219999999974330080e+02 -2.578326602620192531e+00
4.224999999974650109e+02 -2.942968530229252089e+00
4.229999999974970706e+02 -2.962186517117977758e+00
4.234999999975291303e+02 -2.556491751693179992e+00
4.239999999975611331e+02 -2.715176411958505120e+00
4.244999999975931928e+02 -2.735138105355191307e+00
4.249999999976251956e+02 -3.049851324978472444e+00
4.254999999976572553e+02 -2.759678434963385385e+00
4.259999999976892582e+02 -2.456408696809422310e+00
4.264999999977213179e+02 -2.799549908673927057e+00
4.269999999977533207e+02 -2.789260012563020030e+00
4.274999999977853804e+02 -2.649040433775021963e+00
4.279999999978173832e+02 -2.559916928405798320e+00
4.284999999978494429e+02 -2.738361198735639324e+00
4.289999999978814458e+02 -2.640708394316112262e+00
4.294999999979135055e+02 -2.763566054418375106e+00
4.299999999979455083e+02 -2.673747091538870801e+00
4.304999999979775680e+02 -2.715304133127657948e+00
4.309999999980095708e+02 -2.849531871752937207e+00
4.314999999980416305e+02 -3.143476334322271359e+00
4.319999999980736902e+02 -2.506759406484663888e+00
4.324999999981056931e+02 -2.547522171944765823e+00
4.329999999981377528e+02 -2.898919346435453015e+00
4.334999999981697556e+02 -2.936849884562016122e+00
4.339999999982018153e+02 -2.796056967514141789e+00
4.344999999982338181e+02 -2.198480775330578396e+00
4.349999999982658778e+02 -2.349077409495543556e+00
4.354999999982978807e+02 -2.721798357763297371e+00
4.359999999983299404e+02 -2.751775932182535023e+00
4.364999999983619432e+02 -2.622908756311637557e+00
4.369999999983940029e+02 -2.582523334761806844e+00
4.374999999984260057e+02 -2.827003585780166972e+00
4.379999999984580654e+02 -2.734680685206106521e+00
4.384999999984900683e+02 -2.684412491993626304e+00
4.389999999985221280e+02 -2.543015754872287371e+00
4.394999999985541308e+02 -2.509845491607144208e+00
4.399999999985861905e+02 -2.592876606907408288e+00
4.404999999986182502e+02 -2.713484992998757672e+00
4.409999999986502530e+02 -2.961541882730192476e+00
4.414999999986823127e+02 -2.799087822792446723e+00
4.419999999987143156e+02 -2.349385483280357345e+00
4.424999999987463752e+02 -2.764267478569040648e+00
4.429999999987783781e+02 -3.339516277139006117e+00
4.434999999988104378e+02 -3.186170060719300867e+00
4.439999999988424406e+02 -2.273147416654936137e+00
4.444999999988745003e+02 -2.703607604492867633e+00
4.449999999989065032e+02 -3.193807020037529476e+00
4.454999999989385628e+02 -2.868943894738693601e+00
4.459999999989705657e+02 -2.942006838746773933e+00
4.464999999990026254e+02 -2.721763826362695315e+00
4.469999999990346282e+02 -2.892481405307808284e+00
4.474999999990666879e+02 -2.859936908501945929e+00
4.479999999990986908e+02 -2.825225358899563943e+00
4.484999999991307504e+02 -2.582973676694736209e+00
4.489999999991627533e+02 -2.555914249900375967e+00
4.494999999991948130e+02 -2.733035954258397293e+00
4.499999999992268727e+02 -2.820598053286043072e+00
4.504999999992588755e+02 -2.824663720417413426e+00
4.509999999992909352e+02 -2.907779237744019252e+00
4.514999999993229380e+02 -2.923055047467491896e+00
4.519999999993549977e+02 -2.958425341103734230e+00
4.524999999993870006e+02 -2.653255264294516635e+00
4.529999999994190603e+02 -2.643298410279236954e+00
4.534999999994510631e+02 -2.515126565364389055e+00
4.539999999994831228e+02 -2.661210594995750522e+00
4.544999999995151256e+02 -2.617328072884694379e+00
4.549999999995471853e+02 -2.743758422221293181e+00
4.554999999995791882e+02 -2.570684682489699835e+00
4.559999999996112479e+02 -2.655744439867465445e+00
4.564999999996432507e+02 -2.859455244221685177e+00
4.569999999996753104e+02 -2.823420859107997227e+00
4.574999999997073132e+02 -2.628993277644773308e+00
4.579999999997393729e+02 -2.693145681442300265e+00
4.584999999997714326e+02 -2.627028105550405002e+00
4.589999999998034355e+02 -2.819480162606071705e+00
4.594999999998354951e+02 -2.619707578334002473e+00
4.599999999998674980e+02 -3.068048004233029591e+00
4.604999999998995577e+02 -2.842203224618855995e+00
4.609999999999315605e+02 -2.639574975115932975e+00
4.614999999999636202e+02 -2.944179850329153858e+00
4.619999999999956231e+02 -2.840187106027531438e+00
4.625000000000276827e+02 -2.803647064177174464e+00
4.630000000000596856e+02 -2.670491904279940432e+00
4.635000000000917453e+02 -2.834967159990648522e+00
4.640000000001237481e+02 -2.600781654505842866e+00
4.645000000001558078e+02 -2.405934486160007602e+00
4.650000000001878107e+02 -2.825529892944458332e+00
4.655000000002198703e+02 -2.802027675605998525e+00
4.660000000002518732e+02 -2.667528259092532217e+00
4.665000000002839329e+02 -2.768437788403408817e+00
4.670000000003159357e+02 -2.751140338134490104e+00
4.675000000003479954e+02 -2.578906306795361925e+00
4.680000000003800551e+02 -2.977362207282366668e+00
4.685000000004120579e+02 -2.850317893849818152e+00
4.690000000004441176e+02 -2.795022122466012338e+00
4.695000000004761205e+02 -2.373647966675601850e+00
4.700000000005081802e+02 -2.339515130177847180e+00
4.705000000005401830e+02 -2.530752182951234719e+00
4.710000000005722427e+02 -2.690443955524050246e+00
4.715000000006042455e+02 -2.489224843774118234e+00
4.720000000006363052e+02 -2.791153389112997818e+00
4.725000000006683081e+02 -2.835183677721778928e+00
4.730000000007003678e+02 -2.763662203783811222e+00
4.735000000007323706e+02 -3.057683405438148760e+00
4.740000000007644303e+02 -3.136009486930518619e+00
4.745000000007964331e+02 -2.612059625855521094e+00
4.750000000008284928e+02 -2.777392737484436935e+00
4.755000000008604957e+02 -2.852682989051264606e+00
4.760000000008925554e+02 -2.511289415560981286e+00
4.765000000009246151e+02 -2.546444802919642925e+00
4.770000000009566179e+02 -2.573533758839645191e+00
4.775000000009886776e+02 -2.424525591575538819e+00
4.780000000010206804e+02 -2.442796611576972587e+00
4.785000000010527401e+02 -3.055111390868723298e+00
4.790000000010847430e+02 -2.993160071018544421e+00
4.795000000011168027e+02 -2.185173295746353883e+00
4.800000000011488055e+02 -2.252828243384668472e+00
4.805000000011808652e+02 -3.115409422332072520e+00
4.810000000012128680e+02 -3.125406279057054260e+00
4.815000000012449277e+02 -2.507675281459775363e+00
4.820000000012769306e+02 -2.511584376920787065e+00
4.825000000013089902e+02 -2.663468227092884888e+00
4.830000000013409931e+02 -2.705328716338705419e+00
4.835000000013730528e+02 -2.751682851691217735e+00
4.840000000014050556e+02 -2.348647636520168724e+00
4.845000000014371153e+02 -2.620359544390768569e+00
4.850000000014691750e+02 -2.848038035346831087e+00
4.855000000015011778e+02 -2.734380714394897272e+00
4.860000000015332375e+02 -2.513647902108512522e+00
4.865000000015652404e+02 -2.636207325414125169e+00
4.870000000015973001e+02 -2.620198256319108854e+00
4.875000000016293029e+02 -2.734496102713380505e+00
4.880000000016613626e+02 -3.011416820931497096e+00
4.885000000016933654e+02 -2.628510343221416079e+00
4.890000000017254251e+02 -2.412920389683309352e+00
4.895000000017574280e+02 -2.754050598885549928e+00
4.900000000017894877e+02 -2.777750267130163042e+00
4.905000000018214905e+02 -2.846166435449974941e+00
4.910000000018535502e+02 -2.627195423465922275e+00
4.915000000018855530e+02 -2.832675170101485840e+00
4.920000000019176127e+02 -3.083492369890394436e+00
4.925000000019496156e+02 -2.696536992836941593e+00
4.930000000019816753e+02 -2.623761617719426731e+00
4.935000000020136781e+02 -2.538605195735710307e+00
4.940000000020457378e+02 -2.700912164267234683e+00
4.945000000020777975e+02 -3.081158395492843649e+00
4.950000000021098003e+02 -2.790739738500681799e+00
4.955000000021418600e+02 -2.761995040602889251e+00
4.960000000021738629e+02 -2.737670630218073331e+00
4.965000000022059226e+02 -2.743959635656380236e+00
4.970000000022379254e+02 -2.402993189053769907e+00
4.975000000022699851e+02 -2.559666287974434074e+00
4.980000000023019879e+02 -2.761497619070715892e+00
4.985000000023340476e+02 -2.715741169146687728e+00
4.990000000023660505e+02 -2.710080803552255890e+00
4.995000000023981102e+02 -2.889360034253023013e+00
5.000000000024301130e+02 -2.884424649676478047e+00
5.005000000024621727e+02 -2.974549192062323488e+00
5.010000000024941755e+02 -2.802983738053951956e+00
5.015000000025262352e+02 -2.678411232038816703e+00
5.020000000025582381e+02 -2.759077459498413987e+00
5.025000000025902978e+02 -2.783705595727294924e+00
5.030000000026223574e+02 -2.896818609232829189e+00
5.035000000026543603e+02 -2.896667159464851871e+00
5.040000000026864200e+02 -2.637563157573765249e+00
5.045000000027184228e+02 -2.495676010800708333e+00
5.050000000027504825e+02 -2.534083375924205850e+00
5.055000000027824854e+02 -2.563616160897190355e+00
5.060000000028145450e+02 -2.831249430266816525e+00
5.065000000028465479e+02 -2.808479268081157443e+00
5.070000000028786076e+02 -2.539903656117246111e+00
5.075000000029106104e+02 -2.841004555484726080e+00
5.080000000029426701e+02 -2.835152045989034253e+00
5.085000000029746730e+02 -2.588096988554662747e+00
5.090000000030067326e+02 -2.739864535355956310e+00
5.095000000030387355e+02 -2.824169039263522585e+00
5.100000000030707952e+02 -2.838554645968099699e+00
5.105000000031027980e+02 -2.733405007712644164e+00
5.110000000031348577e+02 -2.733465875525684208e+00
5.115000000031668606e+02 -2.668702506346303238e+00
5.120000000031989202e+02 -2.660887115758249877e+00
5.125000000032309799e+02 -3.005426868803724449e+00
5.130000000032630396e+02 -2.883269348842534274e+00
5.135000000032949856e+02 -2.909741258136609332e+00
5.140000000033270453e+02 -2.554496458230560041e+00
5.145000000033591050e+02 -2.706802069800202215e+00
5.150000000033911647e+02 -3.017012359125948784e+00
5.155000000034231107e+02 -2.984650707547304105e+00
5.160000000034551704e+02 -2.827385769700763163e+00
5.165000000034872301e+02 -2.634389584078869362e+00
5.170000000035192897e+02 -2.692498648350164281e+00
5.175000000035512357e+02 -2.717270970542205344e+00
5.180000000035832954e+02 -2.725008222690497472e+00
5.185000000036153551e+02 -2.770832558602557061e+00
5.190000000036474148e+02 -2.756945568070015007e+00
5.195000000036793608e+02 -2.638348653990271409e+00
5.200000000037114205e+02 -2.565489436211435770e+00
5.205000000037434802e+02 -2.924746622943298568e+00
5.210000000037755399e+02 -2.937082005750175195e+00
5.215000000038075996e+02 -2.812414066817953362e+00
5.220000000038395456e+02 -2.539181133647757438e+00
5.225000000038716053e+02 -2.722969472542796421e+00
5.230000000039036649e+02 -2.692202340141915062e+00
5.235000000039357246e+02 -2.770643947949818386e+00
5.240000000039676706e+02 -2.530384486715079539e+00
5.245000000039997303e+02 -2.810706687845915930e+00
5.250000000040317900e+02 -3.104785636395512416e+00
5.255000000040638497e+02 -2.760131840234695932e+00
5.260000000040957957e+02 -2.663734372704319675e+00
5.265000000041278554e+02 -2.663410408106303695e+00
5.270000000041599151e+02 -2.572106316811862747e+00
5.275000000041919748e+02 -2.765142393080916694e+00
5.280000000042239208e+02 -2.694631861426672437e+00
5.285000000042559805e+02 -2.522480793710968783e+00
5.290000000042880401e+02 -2.588338404853990582e+00
5.295000000043200998e+02 -2.864465858172870139e+00
5.300000000043521595e+02 -2.712223807537991416e+00
5.305000000043841055e+02 -2.903938930748960701e+00
5.310000000044161652e+02 -2.801586633912998447e+00
5.315000000044482249e+02 -2.584497535318037276e+00
5.320000000044802846e+02 -2.615505246186614396e+00
5.325000000045122306e+02 -2.433766456452710170e+00
5.330000000045442903e+02 -2.809387639790802638e+00
5.335000000045763500e+02 -2.668417742045948504e+00
5.340000000046084097e+02 -2.751576252647276455e+00
5.345000000046403557e+02 -2.637847336070444637e+00
5.350000000046724153e+02 -2.505518070760658134e+00
5.355000000047044750e+02 -2.685455893460471977e+00
5.360000000047365347e+02 -2.724919661964690043e+00
5.365000000047684807e+02 -2.630935308982055520e+00
5.370000000048005404e+02 -2.721072138988108069e+00
5.375000000048326001e+02 -2.563604809277018504e+00
5.380000000048646598e+02 -2.795410322092938049e+00
5.385000000048967195e+02 -2.782436299090492948e+00
5.390000000049286655e+02 -2.544177100268323777e+00
5.395000000049607252e+02 -2.573921484488082889e+00
5.400000000049927849e+02 -2.720065283942753265e+00
5.405000000050248445e+02 -2.583759868635474799e+00
5.410000000050567905e+02 -2.729939130193271168e+00
5.415000000050888502e+02 -2.532371365852010836e+00
5.420000000051209099e+02 -2.645951333695502061e+00
5.425000000051529696e+02 -2.608455406733978243e+00
5.430000000051849156e+02 -2.610644677614725406e+00
5.435000000052169753e+02 -2.688106866014822405e+00
5.440000000052490350e+02 -2.578487682753366705e+00
5.445000000052810947e+02 -3.050838282729363193e+00
5.450000000053130407e+02 -2.979818267795945275e+00
5.455000000053451004e+02 -2.785479937620412905e+00
5.460000000053771601e+02 -2.349788911253288148e+00
5.465000000054092197e+02 -2.687735187415468907e+00
5.470000000054411657e+02 -2.567971468816275582e+00
5.475000000054732254e+02 -2.615681696945211687e+00
5.480000000055052851e+02 -2.581676758410485828e+00
5.485000000055373448e+02 -2.401167976838006979e+00
5.490000000055694045e+02 -2.655254273065645432e+00
5.495000000056013505e+02 -2.858132691131199721e+00
5.500000000056334102e+02 -2.760792997005928839e+00
5.505000000056654699e+02 -2.766904506693494525e+00
5.510000000056975296e+02 -2.580098134156699974e+00
5.515000000057294756e+02 -2.646604588388297596e+00
5.520000000057615352e+02 -2.964193056984286923e+00
5.525000000057935949e+02 -2.948669315667090007e+00
5.530000000058256546e+02 -2.669623972416552249e+00
5.535000000058576006e+02 -2.650029791598960127e+00
5.540000000058896603e+02 -2.824423006829969385e+00
5.545000000059217200e+02 -2.676741913836232722e+00
5.550000000059537797e+02 -2.593358233909263344e+00
5.555000000059857257e+02 -2.556136353061286393e+00
5.560000000060177854e+02 -2.754590341382239238e+00
5.565000000060498451e+02 -2.768915184271029784e+00
5.570000000060819048e+02 -2.878938463317657792e+00
5.575000000061139644e+02 -2.779084789842766856e+00
5.580000000061459104e+02 -2.676919562491061555e+00
5.585000000061779701e+02 -2.531313073750006470e+00
5.590000000062100298e+02 -2.819891306944938947e+00
5.595000000062420895e+02 -2.727403404059003389e+00
5.600000000062740355e+02 -2.573618641446678179e+00
5.605000000063060952e+02 -2.842795117475040545e+00
5.610000000063381549e+02 -2.840625869447938268e+00
5.615000000063702146e+02 -2.662271200041811170e+00
5.620000000064021606e+02 -2.663401485045532091e+00
5.625000000064342203e+02 -2.623301179898765323e+00
5.630000000064662800e+02 -2.636018111134623698e+00
5.635000000064983396e+02 -2.691558735151740933e+00
5.640000000065302856e+02 -2.787333234405682703e+00
5.645000000065623453e+02 -2.938719416929060024e+00
5.650000000065944050e+02 -2.784008465984648240e+00
5.655000000066264647e+02 -2.767589164857763961e+00
5.660000000066585244e+02 -2.951099392411434152e+00
5.665000000066904704e+02 -2.892452865398984940e+00
5.670000000067225301e+02 -2.408209130831579170e+00
5.675000000067545898e+02 -3.011301519146016847e+00
5.680000000067866495e+02 -2.731350645368177954e+00
5.685000000068185955e+02 -2.548103389138962616e+00
5.690000000068506552e+02 -2.587954438714039629e+00
5.695000000068827148e+02 -2.729128137841935864e+00
5.700000000069147745e+02 -2.728197441323855443e+00
5.705000000069467205e+02 -2.733301175352190526e+00
5.710000000069787802e+02 -2.577534962627398230e+00
5.715000000070108399e+02 -2.490308977817089264e+00
5.720000000070428996e+02 -2.610764323802847731e+00
5.725000000070748456e+02 -2.854682995992777972e+00
5.730000000071069053e+02 -2.610861838142078284e+00
5.735000000071389650e+02 -2.708572398891514244e+00
5.740000000071710247e+02 -2.883760985487044071e+00
5.745000000072030844e+02 -2.817693387906592406e+00
5.750000000072350304e+02 -2.628613934506101035e+00
5.755000000072670900e+02 -2.909011752913164273e+00
5.760000000072991497e+02 -2.680717074447198200e+00
5.765000000073312094e+02 -2.606400893694572396e+00
5.770000000073631554e+02 -2.674335016756971939e+00
5.775000000073952151e+02 -2.538200878722865372e+00
5.780000000074272748e+02 -2.579072560771764611e+00
5.785000000074593345e+02 -2.724732050483507528e+00
5.790000000074912805e+02 -2.711406157836743436e+00
5.795000000075233402e+02 -2.847451636895216076e+00
5.800000000075553999e+02 -2.594750714347938914e+00
5.805000000075874595e+02 -2.523546469808088943e+00
5.810000000076194056e+02 -2.744480416378709098e+00
5.815000000076514652e+02 -3.023494903302206271e+00
5.820000000076835249e+02 -2.654996320719495984e+00
5.825000000077155846e+02 -2.834671446631083391e+00
5.830000000077476443e+02 -2.599803173074807017e+00
5.835000000077795903e+02 -2.784167951165695154e+00
5.840000000078116500e+02 -2.924594238752474595e+00
5.845000000078437097e+02 -2.816578450481793894e+00
5.850000000078757694e+02 -2.769997600323407916e+00
5.855000000079077154e+02 -2.474384402322559851e+00
5.860000000079397751e+02 -2.567649433024793648e+00
5.865000000079718347e+02 -2.665127074329708190e+00
5.870000000080038944e+02 -2.649047608944135046e+00
5.875000000080358404e+02 -2.735064186267250008e+00
5.880000000080679001e+02 -2.710547531418275202e+00
5.885000000080999598e+02 -2.843314952107814264e+00
5.890000000081320195e+02 -2.746923666909863559e+00
5.895000000081639655e+02 -2.735777427301632425e+00
5.900000000081960252e+02 -2.596590654359547834e+00
5.905000000082280849e+02 -2.529632406592583038e+00
5.910000000082601446e+02 -2.774869687959255149e+00
5.915000000082920906e+02 -2.731718782656766820e+00
5.920000000083241503e+02 -2.772945809600839695e+00
5.925000000083562099e+02 -3.030335472706381150e+00
5.930000000083882696e+02 -2.710201865487462669e+00
5.935000000084203293e+02 -2.684677562271129414e+00
5.940000000084522753e+02 -2.835540943559470062e+00
5.945000000084843350e+02 -2.649066827917442080e+00
5.950000000085163947e+02 -2.578270366652974044e+00
5.955000000085484544e+02 -2.516168808401757939e+00
5.960000000085804004e+02 -2.825853738495083256e+00
5.965000000086124601e+02 -3.120057560881315251e+00
5.970000000086445198e+02 -2.749785764499107277e+00
5.975000000086765795e+02 -2.385754872559483264e+00
5.980000000087085255e+02 -2.956420732238080440e+00
5.985000000087405851e+02 -2.946566259891812312e+00
5.990000000087726448e+02 -2.729019996781994806e+00
5.995000000088047045e+02 -2.289853348559601542e+00
6.000000000088366505e+02 -2.542135603236492791e+00
6.005000000088687102e+02 -2.510567645002613535e+00
6.010000000089007699e+02 -2.515837672927257795e+00
6.015000000089328296e+02 -2.610547822260371742e+00
6.020000000089648893e+02 -2.800563397645281505e+00
6.025000000089968353e+02 -2.901944846096701447e+00
6.030000000090288950e+02 -2.699867939907917513e+00
6.035000000090609547e+02 -2.633945664277717480e+00
6.040000000090930143e+02 -2.732286928604386933e+00
6.045000000091249603e+02 -2.827924701846572297e+00
6.050000000091570200e+02 -2.778420734661771085e+00
6.055000000091890797e+02 -2.780733930987150604e+00
6.060000000092211394e+02 -2.668736799978020269e+00
6.065000000092530854e+02 -2.622774537648200344e+00
6.070000000092851451e+02 -2.503893056473128986e+00
6.075000000093172048e+02 -2.856232984929961027e+00
6.080000000093492645e+02 -2.904763160516565801e+00
6.085000000093812105e+02 -2.617014631230321964e+00
6.090000000094132702e+02 -2.539890800747839794e+00
6.095000000094453299e+02 -2.571677133347520794e+00
6.100000000094773895e+02 -2.510769204114336350e+00
6.105000000095094492e+02 -2.752647259141494107e+00
6.110000000095413952e+02 -2.674202800653576961e+00
6.115000000095734549e+02 -2.758289886034003935e+00
6.120000000096055146e+02 -3.023924558589855760e+00
6.125000000096375743e+02 -2.888196448250881954e+00
6.130000000096695203e+02 -2.829237631837678624e+00
6.135000000097015800e+02 -2.591260085236363420e+00
6.140000000097336397e+02 -2.690267826003820417e+00
6.145000000097656994e+02 -2.646359248064853453e+00
6.150000000097976454e+02 -2.900911049254339957e+00
6.155000000098297050e+02 -2.542175729980993726e+00
6.160000000098617647e+02 -2.693200862732488154e+00
6.165000000098938244e+02 -2.800620365563526892e+00
6.170000000099257704e+02 -2.761435213479387141e+00
6.175000000099578301e+02 -2.733638383870456323e+00
6.180000000099898898e+02 -2.794614618932631966e+00
6.185000000100219495e+02 -2.930664406017700951e+00
6.190000000100540092e+02 -2.638072290631540362e+00
6.195000000100859552e+02 -2.631680019693262818e+00
6.200000000101180149e+02 -2.877403360729279491e+00
6.205000000101500746e+02 -2.728822089766434367e+00
6.210000000101821342e+02 -2.760457537815697915e+00
6.215000000102140802e+02 -2.679347973378215730e+00
6.220000000102461399e+02 -2.580399642024784779e+00
6.225000000102781996e+02 -2.625297700964563941e+00
6.230000000103102593e+02 -2.893621000556684919e+00
6.235000000103422053e+02 -2.724386782064695200e+00
6.240000000103742650e+02 -2.442009210980961242e+00
6.245000000104063247e+02 -2.596811141720780203e+00
6.250000000104383844e+02 -2.703756626015135112e+00
6.255000000104703304e+02 -2.877518824650700413e+00
6.260000000105023901e+02 -2.650721940261820730e+00
6.265000000105344498e+02 -2.716569967556277998e+00
6.270000000105665094e+02 -2.700297483263070397e+00
6.275000000105985691e+02 -2.540799800065412839e+00
6.280000000106305151e+02 -2.335193030685627669e+00
6.285000000106625748e+02 -2.464907809205727940e+00
6.290000000106946345e+02 -2.989305284715382260e+00
6.295000000107266942e+02 -3.079531018688056232e+00
6.300000000107586402e+02 -2.853547678294652723e+00
6.305000000107906999e+02 -2.688886488873790448e+00
6.310000000108227596e+02 -2.752855913718218250e+00
6.315000000108548193e+02 -2.729086868010269562e+00
6.320000000108867653e+02 -2.805627851208923662e+00
6.325000000109188250e+02 -2.971226730418909501e+00
6.330000000109508846e+02 -2.764430479702560728e+00
6.335000000109829443e+02 -2.304097361691565204e+00
6.340000000110148903e+02 -2.371284587786720799e+00
6.345000000110469500e+02 -2.856699688455980102e+00
6.350000000110790097e+02 -3.021152487886505700e+00
6.355000000111110694e+02 -2.832904565438522315e+00
6.360000000111430154e+02 -2.486261281729476913e+00
6.365000000111750751e+02 -2.868323933886283594e+00
6.370000000112071348e+02 -2.699245012578005642e+00
6.375000000112391945e+02 -2.479293812906900207e+00
6.380000000112712542e+02 -2.961423638754121068e+00
6.385000000113032002e+02 -2.724024080325391672e+00
6.390000000113352598e+02 -2.707431812037101704e+00
6.395000000113673195e+02 -2.671305512672478066e+00
6.400000000113993792e+02 -2.655272504232419450e+00
6.405000000114313252e+02 -2.722789561161917504e+00
6.410000000114633849e+02 -2.678531047596673265e+00
6.415000000114954446e+02 -2.579545768748365386e+00
6.420000000115275043e+02 -2.721132639648342177e+00
6.425000000115594503e+02 -2.659739473616458572e+00
6.430000000115915100e+02 -2.749023915519742900e+00
6.435000000116235697e+02 -2.851109879118201018e+00
6.440000000116556294e+02 -2.668703677153608123e+00
6.445000000116875754e+02 -2.907338058281995430e+00
6.450000000117196350e+02 -2.647843536306116352e+00
6.455000000117516947e+02 -2.527263399537141186e+00
6.460000000117837544e+02 -2.872119883421334841e+00
6.465000000118158141e+02 -3.063515665997488480e+00
6.470000000118477601e+02 -2.756921975084697163e+00
6.475000000118798198e+02 -2.499055186580231513e+00
6.480000000119118795e+02 -2.741230416496115652e+00
6.485000000119439392e+02 -2.808349292537606789e+00
6.490000000119758852e+02 -2.516621869117751320e+00
6.495000000120079449e+02 -2.653461482653698411e+00
6.500000000120400045e+02 -2.988827537404042278e+00
6.505000000120720642e+02 -2.775078695304227239e+00
6.510000000121040102e+02 -2.670425584640448768e+00
6.515000000121360699e+02 -2.606541418612423833e+00
6.520000000121681296e+02 -2.681466783780463992e+00
6.525000000122001893e+02 -2.628574491382040357e+00
6.530000000122321353e+02 -2.715081923886482063e+00
6.535000000122641950e+02 -2.978167692163019797e+00
6.540000000122962547e+02 -2.731192835831630639e+00
6.545000000123283144e+02 -2.581825824360273636e+00
6.550000000123603741e+02 -2.666484552626304794e+00
6.555000000123923201e+02 -2.864796661819267065e+00
6.560000000124243797e+02 -2.785810771750268255e+00
6.565000000124564394e+02 -2.418205082788636329e+00
6.570000000124884991e+02 -2.841318100790297230e+00
6.575000000125204451e+02 -2.857076609541846057e+00
6.580000000125525048e+02 -2.691208508564769453e+00
6.585000000125845645e+02 -2.616090311193802531e+00
6.590000000126166242e+02 -2.825721941331786446e+00
6.595000000126485702e+02 -2.516776290001251581e+00
6.600000000126806299e+02 -2.616932850625581786e+00
6.605000000127126896e+02 -2.761300709384678420e+00
6.610000000127447493e+02 -2.827269803040020069e+00
6.615000000127766953e+02 -2.658460354586163366e+00
6.620000000128087549e+02 -2.724126522250694293e+00
6.625000000128408146e+02 -2.928443230553605225e+00
6.630000000128728743e+02 -3.059325731164178386e+00
6.635000000129049340e+02 -2.701469147517938207e+00
6.640000000129368800e+02 -2.693824385894969975e+00
6.645000000129689397e+02 -2.788105605068721182e+00
6.650000000130009994e+02 -2.507217744237079771e+00
6.655000000130330591e+02 -2.712975719147345366e+00
6.660000000130650051e+02 -2.733462684676936316e+00
6.665000000130970648e+02 -2.915036939546150396e+00
6.670000000131291245e+02 -2.632297058596454242e+00
6.675000000131611841e+02 -2.719969042534651216e+00
6.680000000131931301e+02 -2.570527327593007172e+00
6.685000000132251898e+02 -2.717895064667429139e+00
6.690000000132572495e+02 -2.714135668134671775e+00
6.695000000132893092e+02 -2.917777842575882463e+00
6.700000000133212552e+02 -2.773189410654138154e+00
6.705000000133533149e+02 -2.790849555304187657e+00
6.710000000133853746e+02 -2.712554755605549595e+00
6.715000000134174343e+02 -3.089094047785328367e+00
6.720000000134494940e+02 -2.692682969568775952e+00
6.725000000134814400e+02 -2.627612439468850702e+00
6.730000000135134997e+02 -2.663890058536902750e+00
6.735000000135455593e+02 -2.734293683369922068e+00
6.740000000135776190e+02 -2.715912595892749248e+00
6.745000000136095650e+02 -2.871322596145159167e+00
6.750000000136416247e+02 -2.755689216614736647e+00
6.755000000136736844e+02 -2.760523171226565875e+00
6.760000000137057441e+02 -2.497482473277429449e+00
6.765000000137376901e+02 -2.622599090214451145e+00
6.770000000137697498e+02 -2.861990118126157778e+00
6.775000000138018095e+02 -2.828382091829184208e+00
6.780000000138338692e+02 -2.704792178698546490e+00
6.785000000138658152e+02 -2.762853574198104400e+00
6.790000000138978749e+02 -2.523915274965495836e+00
6.795000000139299345e+02 -2.686105416120592171e+00
6.800000000139619942e+02 -2.592808560122006334e+00
6.805000000139939402e+02 -2.817952290804975668e+00
6.810000000140259999e+02 -2.728442769204670881e+00
6.815000000140580596e+02 -2.809338470694920264e+00
6.820000000140901193e+02 -2.716708853251565081e+00
6.825000000141221790e+02 -2.484803222747745899e+00
6.830000000141541250e+02 -2.640855649627799284e+00
6.835000000141861847e+02 -2.576167417610891963e+00
6.840000000142182444e+02 -2.614876647423185485e+00
6.845000000142503040e+02 -2.864040112235009872e+00
6.850000000142822500e+02 -2.634748167689460630e+00
6.855000000143143097e+02 -2.815807595747817693e+00
6.860000000143463694e+02 -2.581268594671529470e+00
6.865000000143784291e+02 -2.757993019973567606e+00
6.870000000144103751e+02 -2.686610116604397192e+00
6.875000000144424348e+02 -2.668693258309565941e+00
6.880000000144744945e+02 -2.704709891204650329e+00
6.885000000145065542e+02 -2.726600415465573857e+00
6.890000000145385002e+02 -2.804957049643876932e+00
6.895000000145705599e+02 -2.790801462795846621e+00
6.900000000146026196e+02 -2.787599008835955683e+00
6.905000000146346792e+02 -2.797061610457917347e+00
6.910000000146667389e+02 -2.920676437355680388e+00
6.915000000146986849e+02 -2.786846356522387769e+00
6.920000000147307446e+02 -2.627009451736850743e+00
6.925000000147628043e+02 -2.739994273525316881e+00
6.930000000147948640e+02 -2.802966933463099775e+00
6.935000000148268100e+02 -2.646689413487309572e+00
6.940000000148588697e+02 -2.535608967216174570e+00
6.945000000148909294e+02 -2.743669926875775378e+00
6.950000000149229891e+02 -2.675658222490055582e+00
6.955000000149549351e+02 -2.791413823300313179e+00
6.960000000149869948e+02 -2.550207590821068848e+00
6.965000000150190544e+02 -3.079612800807538964e+00
6.970000000150511141e+02 -2.615546720959157856e+00
6.975000000150830601e+02 -2.504037812531644036e+00
6.980000000151151198e+02 -2.756474248348489198e+00
6.985000000151471795e+02 -2.836654604930970436e+00
6.990000000151792392e+02 -2.814078709369029152e+00
6.995000000152112989e+02 -2.670175442954274114e+00
7.000000000152432449e+02 -2.392938598199255473e+00
7.005000000152753046e+02 -2.950555072954629043e+00
7.010000000153073643e+02 -3.117385914967077287e+00
7.015000000153394240e+02 -2.587389453477431100e+00
7.020000000153713700e+02 -2.450120627621550806e+00
7.025000000154034296e+02 -2.716266575098070568e+00
7.030000000154354893e+02 -2.710747846398416261e+00
7.035000000154675490e+02 -2.688380650806775574e+00
7.040000000154994950e+02 -2.791969292123266833e+00
7.045000000155315547e+02 -2.800494255553956258e+00
7.050000000155636144e+02 -2.506811898000350869e+00
7.055000000155956741e+02 -2.580695468378827240e+00
7.060000000156276201e+02 -3.033157410602537851e+00
7.065000000156596798e+02 -2.821517510194269551e+00
7.070000000156917395e+02 -2.757059156098422115e+00
7.075000000157237992e+02 -2.737543787266247364e+00
7.080000000157558588e+02 -2.740101173896556830e+00
7.085000000157878048e+02 -2.742892811477964266e+00
7.090000000158198645e+02 -2.929656482819327223e+00
7.095000000158519242e+02 -2.754701604684267835e+00
7.100000000158839839e+02 -2.771713322805705815e+00
7.105000000159159299e+02 -2.598560552527465983e+00
7.110000000159479896e+02 -2.829600768366692609e+00
7.115000000159800493e+02 -2.881226529201496689e+00
7.120000000160121090e+02 -3.103203254534938171e+00
7.125000000160440550e+02 -2.767562445388570325e+00
7.130000000160761147e+02 -2.440624987517215683e+00
7.135000000161081743e+02 -2.695323626390340177e+00
7.140000000161402340e+02 -2.790229154872655659e+00
7.145000000161721800e+02 -2.604130905229002035e+00
7.150000000162042397e+02 -2.621910536527837010e+00
7.155000000162362994e+02 -2.779761488592506158e+00
7.160000000162683591e+02 -2.839343903659888202e+00
7.165000000163003051e+02 -2.669451903123701175e+00
7.170000000163323648e+02 -2.642895294111327509e+00
7.175000000163644245e+02 -2.648012628046503281e+00
7.180000000163964842e+02 -2.580852965709591551e+00
7.185000000164285439e+02 -2.814219737941549671e+00
7.190000000164604899e+02 -2.829233097873040670e+00
7.195000000164925495e+02 -2.747078248894122332e+00
7.200000000165246092e+02 -2.765808976048077739e+00
7.205000000165566689e+02 -2.780735299155096207e+00
7.210000000165886149e+02 -2.966147436044398233e+00
7.215000000166206746e+02 -2.695502253339441712e+00
7.220000000166527343e+02 -2.685825818905795526e+00
7.225000000166847940e+02 -2.768332079518531330e+00
7.230000000167167400e+02 -2.683944238579211383e+00
7.235000000167487997e+02 -2.741596328177243524e+00
7.240000000167808594e+02 -2.570381839810791824e+00
7.245000000168129191e+02 -2.720350137117727218e+00
7.250000000168448651e+02 -2.699104428419408563e+00
7.255000000168769247e+02 -2.569659247179812755e+00
7.260000000169089844e+02 -2.850728006590047769e+00
7.265000000169410441e+02 -2.667258732119173192e+00
7.270000000169731038e+02 -2.471055034215301038e+00
7.275000000170050498e+02 -2.847298463108171251e+00
7.280000000170371095e+02 -2.603708097385526443e+00
7.285000000170691692e+02 -2.828689063098705603e+00
7.290000000171012289e+02 -2.762343212196543885e+00
7.295000000171331749e+02 -2.853455126385882057e+00
7.300000000171652346e+02 -2.873221520065420087e+00
7.305000000171972943e+02 -2.570290635141538438e+00
7.310000000172293539e+02 -2.639318140346988972e+00
7.315000000172612999e+02 -2.608454018148694153e+00
7.320000000172933596e+02 -2.964898556501761817e+00
7.325000000173254193e+02 -2.918002017805585879e+00
7.330000000173574790e+02 -2.496841010502959257e+00
7.335000000173894250e+02 -2.478148343056139513e+00
7.340000000174214847e+02 -2.689318124417006572e+00
7.345000000174535444e+02 -2.788708411833397793e+00
7.350000000174856041e+02 -2.908641412240287050e+00
7.355000000175176638e+02 -2.825296157724496826e+00
7.360000000175496098e+02 -2.716285388380406118e+00
7.365000000175816695e+02 -2.792649836842133748e+00
7.370000000176137291e+02 -2.837922076547479300e+00
7.375000000176457888e+02 -2.659680738671139633e+00
7.380000000176777348e+02 -2.479079236491291915e+00
7.385000000177097945e+02 -2.919670555848816740e+00
7.390000000177418542e+02 -3.069672708582623866e+00
7.395000000177739139e+02 -2.678741006591284446e+00
7.400000000178058599e+02 -2.636488293107676739e+00
7.405000000178379196e+02 -2.958493305022403597e+00
7.410000000178699793e+02 -2.910512741086026978e+00
7.415000000179020390e+02 -2.773558106207600460e+00
7.420000000179339850e+02 -2.748159466131989248e+00
7.425000000179660447e+02 -2.629791701634506040e+00
7.430000000179981043e+02 -2.687148340052858853e+00
7.435000000180301640e+02 -2.913113561292197229e+00
7.440000000180622237e+02 -2.918905426458552110e+00
7.445000000180941697e+02 -2.555252406924017006e+00
7.450000000181262294e+02 -2.353908996959965805e+00
7.455000000181582891e+02 -2.809760579358023591e+00
7.460000000181903488e+02 -2.903295723878339452e+00
7.465000000182222948e+02 -3.025962648622599449e+00
7.470000000182543545e+02 -2.849518719778163511e+00
7.475000000182864142e+02 -2.657379595394428140e+00
7.480000000183184738e+02 -3.059752845970658885e+00
7.485000000183504199e+02 -2.839535573157272452e+00
7.490000000183824795e+02 -2.576835893077145556e+00
7.495000000184145392e+02 -2.797043978697100641e+00
7.500000000184465989e+02 -2.906575932739322798e+00
7.505000000184785449e+02 -2.633953616855807756e+00
7.510000000185106046e+02 -2.667353295550428882e+00
7.515000000185426643e+02 -2.607300073250856443e+00
7.520000000185747240e+02 -2.586332147722765207e+00
7.525000000186067837e+02 -2.770361188276278863e+00
7.530000000186387297e+02 -2.697658162310981211e+00
7.535000000186707894e+02 -2.893632345636387715e+00
7.540000000187028490e+02 -2.806246642162664173e+00
7.545000000187349087e+02 -2.720263908605420777e+00
7.550000000187668547e+02 -2.943893501622589337e+00
7.555000000187989144e+02 -2.655080022568770293e+00
7.560000000188309741e+02 -2.516744647616010688e+00
7.565000000188630338e+02 -2.865545618760649393e+00
7.570000000188949798e+02 -2.710461694044260295e+00
7.575000000189270395e+02 -2.577773955074768697e+00
7.580000000189590992e+02 -2.719344618655198609e+00
7.585000000189911589e+02 -2.798493344624984225e+00
7.590000000190231049e+02 -2.603307185237318411e+00
7.595000000190551646e+02 -2.688592387689441754e+00
7.600000000190872242e+02 -2.944097605853502220e+00
7.605000000191192839e+02 -2.778754788083328098e+00
7.610000000191512299e+02 -2.918427292543608331e+00
7.615000000191832896e+02 -3.007951801555417415e+00
7.620000000192153493e+02 -2.584771549148630498e+00
7.625000000192474090e+02 -2.579414562245598397e+00
7.630000000192794687e+02 -2.523046464668557753e+00
7.635000000193114147e+02 -2.718210554238315257e+00
7.640000000193434744e+02 -2.649724043233417703e+00
7.645000000193755341e+02 -2.883435225941598734e+00
7.650000000194075938e+02 -2.863534327268953739e+00
7.655000000194395398e+02 -2.750111234146038530e+00
7.660000000194715994e+02 -2.521075038664546852e+00
7.665000000195036591e+02 -2.553312407079598945e+00
7.670000000195357188e+02 -2.864659830459391543e+00
7.675000000195676648e+02 -2.923145563009558856e+00
7.680000000195997245e+02 -2.904798229106613672e+00
7.685000000196317842e+02 -2.744915892008448655e+00
7.690000000196638439e+02 -2.401669732171635818e+00
7.695000000196957899e+02 -2.601551611468873482e+00
7.700000000197278496e+02 -2.984857747155571506e+00
7.705000000197599093e+02 -2.912258546360438238e+00
7.710000000197919690e+02 -2.750303092068493882e+00
7.715000000198240286e+02 -2.509971516174971384e+00
7.720000000198559746e+02 -2.380023362100646800e+00
7.725000000198880343e+02 -2.622780720417392075e+00
7.730000000199200940e+02 -2.455588782473970166e+00
7.735000000199521537e+02 -2.531182966606677631e+00
7.740000000199840997e+02 -2.850016441233805153e+00
7.745000000200161594e+02 -2.922066928632949256e+00
7.750000000200482191e+02 -2.833846192626048754e+00
7.755000000200802788e+02 -2.949675324718282532e+00
7.760000000201122248e+02 -2.669977570690293955e+00
7.765000000201442845e+02 -2.832729614331159329e+00
7.770000000201763442e+02 -2.806205688424361799e+00
7.775000000202084038e+02 -2.989561012523194172e+00
7.780000000202403498e+02 -2.728657783877808995e+00
7.785000000202724095e+02 -2.492172102717944426e+00
7.790000000203044692e+02 -2.579112380255452308e+00
7.795000000203365289e+02 -2.666312674098258118e+00
7.800000000203685886e+02 -2.876647172150641474e+00
7.805000000204005346e+02 -2.722434790384483883e+00
7.810000000204325943e+02 -2.748032020514920681e+00
7.815000000204646540e+02 -2.603874849945603476e+00
7.820000000204967137e+02 -2.938342394662358359e+00
7.825000000205286597e+02 -2.639879135608197203e+00
7.830000000205607193e+02 -2.239848140383208452e+00
7.835000000205927790e+02 -2.538205574318336932e+00
7.840000000206248387e+02 -2.766602916799764778e+00
7.845000000206567847e+02 -2.901379480630281726e+00
7.850000000206888444e+02 -2.975530411674219611e+00
7.855000000207209041e+02 -2.583020684146006385e+00
7.860000000207529638e+02 -2.653711035547607011e+00
7.865000000207849098e+02 -2.982416082586094586e+00
7.870000000208169695e+02 -3.075485522334794997e+00
7.875000000208490292e+02 -2.860204850480763117e+00
7.880000000208810889e+02 -2.722576955969779888e+00
7.885000000209131485e+02 -2.695744031857617795e+00
7.890000000209450945e+02 -2.842519730613815465e+00
7.895000000209771542e+02 -2.734399603281282953e+00
7.900000000210092139e+02 -2.791938574009425800e+00
7.905000000210412736e+02 -2.727383744277179556e+00
7.910000000210732196e+02 -2.909252667713399187e+00
7.915000000211052793e+02 -2.848494600994227355e+00
7.920000000211373390e+02 -2.690724301048708966e+00
7.925000000211693987e+02 -2.912334633173698784e+00
7.930000000212013447e+02 -3.001069464215305072e+00
7.935000000212334044e+02 -2.663283203105731189e+00
7.940000000212654641e+02 -2.442294615420798731e+00
7.945000000212975237e+02 -2.442778625510380497e+00
7.950000000213294697e+02 -2.581226505055951748e+00
7.955000000213615294e+02 -2.613815813485651951e+00
7.960000000213935891e+02 -2.969327587937724555e+00
7.965000000214256488e+02 -2.615750295742807374e+00
7.970000000214577085e+02 -2.647870251318321877e+00
7.975000000214896545e+02 -3.082677490796657871e+00
7.980000000215217142e+02 -2.860120595774047647e+00
7.985000000215537739e+02 -2.736385554867947878e+00
7.990000000215858336e+02 -2.370082482054436390e+00
7.995000000216177796e+02 -2.450667537541622032e+00
8.000000000216498393e+02 -2.597150935960497620e+00
8.005000000216818989e+02 -2.682060431914276233e+00
8.010000000217139586e+02 -2.620017797746410970e+00
8.015000000217459046e+02 -2.580539444218536094e+00
8.020000000217779643e+02 -2.721393039076163589e+00
8.025000000218100240e+02 -2.736772075983771035e+00
8.030000000218420837e+02 -2.618916602123723791e+00
8.035000000218740297e+02 -2.519745232325163453e+00
8.040000000219060894e+02 -2.748350807785693295e+00
8.045000000219381491e+02 -2.588579341701835013e+00
8.050000000219702088e+02 -2.788273803776062376e+00
8.055000000220021548e+02 -2.729999033553839993e+00
8.060000000220342145e+02 -2.848814702898379903e+00
8.065000000220662741e+02 -2.524991790713007500e+00
8.070000000220983338e+02 -2.761624080598009012e+00
8.075000000221303935e+02 -2.863818455827338738e+00
8.080000000221623395e+02 -2.630432138045140533e+00
8.085000000221943992e+02 -2.994388943095694255e+00
8.090000000222264589e+02 -2.575638457472100296e+00
8.095000000222585186e+02 -2.473745505916604248e+00
8.100000000222904646e+02 -2.738976836822774263e+00
8.105000000223225243e+02 -2.651695196523593534e+00
8.110000000223545840e+02 -2.791551408528817113e+00
8.115000000223866436e+02 -2.729371128209306718e+00
8.120000000224185897e+02 -2.632845661036997242e+00
8.125000000224506493e+02 -2.869372111759833643e+00
8.130000000224827090e+02 -2.843334728063902084e+00
8.135000000225147687e+02 -2.819468043320624062e+00
8.140000000225467147e+02 -2.497249610162612043e+00
8.145000000225787744e+02 -2.776644477275539646e+00
8.150000000226108341e+02 -2.797304403079204693e+00
8.155000000226428938e+02 -2.802572462847153112e+00
8.160000000226749535e+02 -2.743075330555061697e+00
8.165000000227068995e+02 -2.655204307206833647e+00
8.170000000227389592e+02 -2.681429480298879842e+00
8.175000000227710188e+02 -2.736611028313563398e+00
8.180000000228030785e+02 -2.740262668260580181e+00
8.185000000228350245e+02 -2.751021162223555638e+00
8.190000000228670842e+02 -2.785012785792802870e+00
8.195000000228991439e+02 -2.656140291687605348e+00
8.200000000229312036e+02 -2.664313602145374382e+00
8.205000000229631496e+02 -2.740143525765315502e+00
8.210000000229952093e+02 -2.389258903123995470e+00
8.215000000230272690e+02 -2.548137914780637114e+00
8.220000000230593287e+02 -2.939471370541025586e+00
8.225000000230912747e+02 -2.863391869182683624e+00
8.230000000231233344e+02 -2.885111337623465388e+00
8.235000000231553940e+02 -2.874331673993005598e+00
8.240000000231874537e+02 -2.813752741590912709e+00
8.245000000232195134e+02 -2.531730712768276437e+00
8.250000000232514594e+02 -2.755738334952033686e+00
8.255000000232835191e+02 -2.614795026535959632e+00
8.260000000233155788e+02 -2.741183569983397739e+00
8.265000000233476385e+02 -2.650331848431678239e+00
8.270000000233795845e+02 -2.478830830065104962e+00
8.275000000234116442e+02 -2.411137421670061620e+00
8.280000000234437039e+02 -2.738431515495507007e+00
8.285000000234757636e+02 -3.106954104048598175e+00
8.290000000235077096e+02 -2.654645460240369292e+00
8.295000000235397692e+02 -2.400920438640053778e+00
8.300000000235718289e+02 -2.654870074845783634e+00
8.305000000236038886e+02 -2.715742639687187321e+00
8.310000000236358346e+02 -2.908557784700893212e+00
8.315000000236678943e+02 -2.683283544912441254e+00
8.320000000236999540e+02 -3.075900561731494509e+00
8.325000000237320137e+02 -2.981517389747344371e+00
8.330000000237640734e+02 -2.862137872812224870e+00
8.335000000237960194e+02 -2.639420213868865606e+00
8.340000000238280791e+02 -2.825815904108076371e+00
8.345000000238601388e+02 -2.605510234253783253e+00
8.350000000238921984e+02 -2.813588175357981669e+00
8.355000000239241444e+02 -2.720688827574406332e+00
8.360000000239562041e+02 -2.860417993822957694e+00
8.365000000239882638e+02 -2.590813223856584635e+00
8.370000000240203235e+02 -2.729652703872460506e+00
8.375000000240522695e+02 -2.821095945912282410e+00
8.380000000240843292e+02 -2.713879775086148083e+00
8.385000000241163889e+02 -2.936784243532117866e+00
8.390000000241484486e+02 -2.784404005887637368e+00
8.395000000241803946e+02 -2.533322310007264822e+00
8.400000000242124543e+02 -2.735766960471626597e+00
8.405000000242445140e+02 -2.758968038428552205e+00
8.410000000242765736e+02 -2.716286315040182142e+00
8.415000000243086333e+02 -2.578785347921899174e+00
8.420000000243405793e+02 -2.825812459991060788e+00
8.425000000243726390e+02 -2.590694268493924923e+00
8.430000000244046987e+02 -2.590432076323834654e+00
8.435000000244367584e+02 -2.902239851598735321e+00
8.440000000244687044e+02 -3.103247937463480710e+00
8.445000000245007641e+02 -2.793491194135830025e+00
8.450000000245328238e+02 -2.731037211215726845e+00
8.455000000245648835e+02 -2.710100729509405060e+00
8.460000000245968295e+02 -2.590294454427081838e+00
8.465000000246288892e+02 -2.820926662610232949e+00
8.470000000246609488e+02 -2.855691107610277335e+00
8.475000000246930085e+02 -2.868272097622102557e+00
8.480000000247249545e+02 -2.840493745823138294e+00
8.485000000247570142e+02 -2.816869081873210945e+00
8.490000000247890739e+02 -2.456296802903432219e+00
8.495000000248211336e+02 -2.673845517211140610e+00
8.500000000248530796e+02 -2.612420370374679113e+00
8.505000000248851393e+02 -2.954141531694275624e+00
8.510000000249171990e+02 -2.952877630529497921e+00
8.515000000249492587e+02 -2.955948540326150731e+00
8.520000000249813183e+02 -2.746033479926281995e+00
8.525000000250132643e+02 -2.308927164859315706e+00
8.530000000250453240e+02 -2.681700398016916953e+00
8.535000000250773837e+02 -2.878786372690996131e+00
8.540000000251094434e+02 -2.894848766396590722e+00
8.545000000251413894e+02 -2.878373272565957208e+00
8.550000000251734491e+02 -2.746368897911297680e+00
8.555000000252055088e+02 -2.774042374561531688e+00
8.560000000252375685e+02 -2.582113486204604680e+00
8.565000000252695145e+02 -2.468007797118284774e+00
8.570000000253015742e+02 -2.733974767959449714e+00
8.575000000253336339e+02 -2.880313948314467076e+00
8.580000000253656935e+02 -2.871752344917164912e+00
8.585000000253976395e+02 -2.611772197963755815e+00
8.590000000254296992e+02 -2.417683792941708543e+00
8.595000000254617589e+02 -2.632987911932530345e+00
8.600000000254938186e+02 -2.900711203530497606e+00
8.605000000255258783e+02 -3.077553527001330114e+00
8.610000000255578243e+02 -2.893521379305004526e+00
8.615000000255898840e+02 -2.606877183388148556e+00
8.620000000256219437e+02 -2.691514539322962474e+00
8.625000000256540034e+02 -2.775002235695128050e+00
8.630000000256859494e+02 -2.604269845538504047e+00
8.635000000257180091e+02 -2.644555943839702383e+00
8.640000000257500687e+02 -2.822665919983655680e+00
8.645000000257821284e+02 -2.888565687440772578e+00
8.650000000258140744e+02 -2.820764329261186365e+00
8.655000000258461341e+02 -2.489004701783196438e+00
8.660000000258781938e+02 -2.504274790955052676e+00
8.665000000259102535e+02 -2.869448375856236133e+00
8.670000000259421995e+02 -2.759884202631115890e+00
8.675000000259742592e+02 -2.684722515092758499e+00
8.680000000260063189e+02 -2.671354796080641414e+00
8.685000000260383786e+02 -2.684110219788178320e+00
8.690000000260704383e+02 -2.723147990813940655e+00
8.695000000261023843e+02 -3.031229957388996699e+00
8.700000000261344439e+02 -3.014507304069181437e+00
8.705000000261665036e+02 -2.891593341868144762e+00
8.710000000261985633e+02 -2.670892284488711965e+00
8.715000000262305093e+02 -2.412215984944831693e+00
8.720000000262625690e+02 -3.089982351300367025e+00
8.725000000262946287e+02 -2.947336678874413529e+00
8.730000000263266884e+02 -2.516474291008714115e+00
8.735000000263586344e+02 -2.543832296975538920e+00
8.740000000263906941e+02 -2.469521288637321010e+00
8.745000000264227538e+02 -2.698393765714074188e+00
8.750000000264548135e+02 -2.813371459202212321e+00
8.755000000264867595e+02 -2.831147399784103236e+00
8.760000000265188191e+02 -2.657558789434582014e+00
8.765000000265508788e+02 -2.494102118162127457e+00
8.770000000265829385e+02 -2.759733451993408693e+00
8.775000000266149982e+02 -3.044524750212506348e+00
8.780000000266469442e+02 -2.589519271141843326e+00
8.785000000266790039e+02 -2.655555056069926145e+00
8.790000000267110636e+02 -2.614345052405377068e+00
8.795000000267431233e+02 -2.905968577192107549e+00
8.800000000267750693e+02 -2.777151125713793522e+00
8.805000000268071290e+02 -2.718035301392636161e+00
8.810000000268391886e+02 -2.914761088941273837e+00
8.815000000268712483e+02 -2.884703364010894333e+00
8.820000000269031943e+02 -2.513592122978622001e+00
8.825000000269352540e+02 -2.714289498363986031e+00
8.830000000269673137e+02 -2.690939377771312202e+00
8.835000000269993734e+02 -2.751964805724389063e+00
8.840000000270313194e+02 -2.680557257832069773e+00
8.845000000270633791e+02 -2.637154986425406022e+00
8.850000000270954388e+02 -2.785796495826600161e+00
8.855000000271274985e+02 -2.613971578656244965e+00
8.860000000271595582e+02 -2.738608648593546135e+00
8.865000000271915042e+02 -2.755937838843792953e+00
8.870000000272235638e+02 -2.668027586062208911e+00
8.875000000272556235e+02 -2.466142464289150293e+00
8.880000000272876832e+02 -2.434239622578177720e+00
8.885000000273196292e+02 -2.501186884976068114e+00
8.890000000273516889e+02 -2.759122607284659079e+00
8.895000000273837486e+02 -2.707229585448665432e+00
8.900000000274158083e+02 -2.368019688328513173e+00
8.905000000274477543e+02 -2.693889356007344915e+00
8.910000000274798140e+02 -2.756985926300533851e+00
8.915000000275118737e+02 -2.771654844655907279e+00
8.920000000275439334e+02 -2.530857823055134403e+00
8.925000000275758794e+02 -2.912290415641507035e+00
8.930000000276079390e+02 -3.204104805733527073e+00
8.935000000276399987e+02 -2.544955199068600127e+00
8.940000000276720584e+02 -2.477667978528406589e+00
8.945000000277040044e+02 -2.375179919518780824e+00
8.950000000277360641e+02 -2.775462049670357700e+00
8.955000000277681238e+02 -2.595092316905938112e+00
8.960000000278001835e+02 -2.435819999913018119e+00
8.965000000278322432e+02 -2.705699726123341531e+00
8.970000000278641892e+02 -2.960754477764548920e+00
8.975000000278962489e+02 -2.580140260212134606e+00
8.980000000279283086e+02 -2.738951773028055925e+00
8.985000000279603682e+02 -3.060447715283901360e+00
8.990000000279923142e+02 -2.923566035423503351e+00
8.995000000280243739e+02 -2.653084344016163332e+00
9.000000000280564336e+02 -2.448184021473043259e+00
9.005000000280884933e+02 -2.751535529939435509e+00
9.010000000281204393e+02 -2.901425764144517583e+00
9.015000000281524990e+02 -2.665411544289882695e+00
9.020000000281845587e+02 -2.716871623444014894e+00
9.025000000282166184e+02 -2.403221707610269320e+00
9.030000000282485644e+02 -2.653715628314002206e+00
9.035000000282806241e+02 -2.722589417971907455e+00
9.040000000283126838e+02 -3.006013617577732777e+00
9.045000000283447434e+02 -2.785966339848462869e+00
9.050000000283768031e+02 -2.898388214621416825e+00
9.055000000284087491e+02 -2.517336314595240765e+00
9.060000000284408088e+02 -2.579059662279721721e+00
9.065000000284728685e+02 -2.492852091158238803e+00
9.070000000285049282e+02 -2.793034769990108579e+00
9.075000000285368742e+02 -2.837892490891932518e+00
9.080000000285689339e+02 -2.654972211504382340e+00
9.085000000286009936e+02 -2.447219466657057474e+00
9.090000000286330533e+02 -2.423937506043101653e+00
9.095000000286649993e+02 -2.812084478224398332e+00
9.100000000286970590e+02 -2.803269024142419408e+00
9.105000000287291186e+02 -2.913056153487731947e+00
9.110000000287611783e+02 -2.521648954097303275e+00
9.115000000287931243e+02 -2.455167259595970375e+00
9.120000000288251840e+02 -2.629448359887830655e+00
9.125000000288572437e+02 -2.858619854513961833e+00
9.130000000288893034e+02 -2.995834023229373866e+00
9.135000000289213631e+02 -2.623822810338793499e+00
9.140000000289533091e+02 -2.522551906364598473e+00
9.145000000289853688e+02 -2.609615922419869616e+00
9.150000000290174285e+02 -2.769748102017351332e+00
9.155000000290494881e+02 -2.494998510480244569e+00
9.160000000290814341e+02 -2.613518787096984486e+00
9.165000000291134938e+02 -2.903834832142992095e+00
9.170000000291455535e+02 -2.816055074625515520e+00
9.175000000291776132e+02 -2.825343482107260495e+00
9.180000000292095592e+02 -2.793879071544117298e+00
9.185000000292416189e+02 -2.556178042541639606e+00
9.190000000292736786e+02 -2.626383219059439611e+00
9.195000000293057383e+02 -2.508090324482710631e+00
9.200000000293376843e+02 -2.682336185661570394e+00
9.205000000293697440e+02 -2.629656152171597761e+00
9.210000000294018037e+02 -2.642162381351660372e+00
9.215000000294338633e+02 -2.489244245380756837e+00
9.220000000294659230e+02 -2.425435340313498944e+00
9.225000000294978690e+02 -2.824358270051238851e+00
9.230000000295299287e+02 -3.042072380616887894e+00
9.235000000295619884e+02 -3.031736027916257292e+00
9.240000000295940481e+02 -2.733238621475512886e+00
9.245000000296259941e+02 -2.849628600472295492e+00
9.250000000296580538e+02 -2.721835365650443261e+00
9.255000000296901135e+02 -2.572266628017672030e+00
9.260000000297221732e+02 -2.595288030901245602e+00
9.265000000297541192e+02 -3.013141875352586041e+00
9.270000000297861789e+02 -2.588445426134756033e+00
9.275000000298182385e+02 -2.649562090519834712e+00
9.280000000298502982e+02 -2.783877954267209187e+00
9.285000000298822442e+02 -2.819197798647926856e+00
9.290000000299143039e+02 -2.732203948187224452e+00
9.295000000299463636e+02 -2.898551406110044582e+00
9.300000000299784233e+02 -2.762637043540839610e+00
9.305000000300104830e+02 -2.703799079659836124e+00
9.310000000300424290e+02 -2.648624598856272438e+00
9.315000000300744887e+02 -2.576317397250324159e+00
9.320000000301065484e+02 -3.046713268941944719e+00
9.325000000301386081e+02 -2.698432331833306552e+00
9.330000000301705541e+02 -2.751607193239262728e+00
9.335000000302026137e+02 -2.698252071402017283e+00
9.340000000302346734e+02 -2.557993352606192428e+00
9.345000000302667331e+02 -2.462110029273046674e+00
9.350000000302986791e+02 -2.859625049888693926e+00
9.355000000303307388e+02 -2.636938535793659000e+00
9.360000000303627985e+02 -2.672486302514271994e+00
9.365000000303948582e+02 -2.516364638886229521e+00
9.370000000304268042e+02 -2.842932549178176060e+00
9.375000000304588639e+02 -3.012149678546723663e+00
9.380000000304909236e+02 -2.677568419746674255e+00
9.385000000305229833e+02 -2.701552332606291351e+00
9.390000000305549293e+02 -2.504377695774536949e+00
9.395000000305869889e+02 -2.738738939594431265e+00
9.400000000306190486e+02 -2.589551352742514467e+00
9.405000000306511083e+02 -2.945702527382279445e+00
9.410000000306831680e+02 -2.896168468567920318e+00
9.415000000307151140e+02 -2.457088113465088153e+00
9.420000000307471737e+02 -2.704073199006599371e+00
9.425000000307792334e+02 -2.502694246612913620e+00
9.430000000308112931e+02 -2.803677603332316082e+00
9.435000000308432391e+02 -2.949492210972787021e+00
9.440000000308752988e+02 -2.693539991326568739e+00
9.445000000309073585e+02 -2.623323451105940229e+00
9.450000000309394181e+02 -2.806593398104929360e+00
9.455000000309713641e+02 -2.658687564569128359e+00
9.460000000310034238e+02 -2.843422084114817672e+00
9.465000000310354835e+02 -2.979976096929291440e+00
9.470000000310675432e+02 -2.729455884828823731e+00
9.475000000310994892e+02 -2.601645928025471122e+00
9.480000000311315489e+02 -2.782921236849402735e+00
9.485000000311636086e+02 -2.599433506934456517e+00
9.490000000311956683e+02 -2.496756415187609601e+00
9.495000000312277280e+02 -2.880562105139786055e+00
9.500000000312596740e+02 -2.237589542495294737e+00
9.505000000312917336e+02 -2.542531778045568736e+00
9.510000000313237933e+02 -2.946389202373037364e+00
9.515000000313558530e+02 -2.708542981938069527e+00
9.520000000313877990e+02 -2.648325515891219784e+00
9.525000000314198587e+02 -2.411695095357260232e+00
9.530000000314519184e+02 -2.656555843131620076e+00
9.535000000314839781e+02 -2.962018094044146288e+00
9.540000000315159241e+02 -2.653306008236598235e+00
9.545000000315479838e+02 -2.588336446372427879e+00
9.550000000315800435e+02 -2.513175621256468872e+00
9.555000000316121032e+02 -3.030730118005707574e+00
9.560000000316440492e+02 -2.564358070718240068e+00
9.565000000316761088e+02 -2.537688488852310797e+00
9.570000000317081685e+02 -2.670068777757196532e+00
9.575000000317402282e+02 -2.741698278684333356e+00
9.580000000317722879e+02 -2.820432769408045992e+00
9.585000000318042339e+02 -2.403681455901644171e+00
9.590000000318362936e+02 -2.748878980442758913e+00
9.595000000318683533e+02 -2.897938091112540082e+00
9.600000000319004130e+02 -2.761165991943441256e+00
9.605000000319323590e+02 -2.595390662317194508e+00
9.610000000319644187e+02 -2.481047254740753605e+00
9.615000000319964784e+02 -2.911242118529336675e+00
9.620000000320285380e+02 -2.646154933504431206e+00
9.625000000320604840e+02 -2.715449802880303576e+00
9.630000000320925437e+02 -2.774038217094786152e+00
9.635000000321246034e+02 -2.544564706475178184e+00
9.640000000321566631e+02 -2.573878637483645537e+00
9.645000000321886091e+02 -2.463167782810852913e+00
9.650000000322206688e+02 -2.634837360614046275e+00
9.655000000322527285e+02 -2.767113880494951772e+00
9.660000000322847882e+02 -2.881528691203886883e+00
9.665000000323168479e+02 -2.595890986994872751e+00
9.670000000323487939e+02 -2.660531106118600331e+00
9.675000000323808536e+02 -2.585646058052209817e+00
9.680000000324129132e+02 -2.766320723696931605e+00
9.685000000324449729e+02 -2.584986131973282752e+00
9.690000000324769189e+02 -2.657683969616142949e+00
9.695000000325089786e+02 -2.326472944522607555e+00
9.700000000325410383e+02 -2.700338798190833334e+00
9.705000000325730980e+02 -2.945433903304421452e+00
9.710000000326050440e+02 -2.814556147261799701e+00
9.715000000326371037e+02 -2.224894652125541938e+00
9.720000000326691634e+02 -2.578347410924064054e+00
9.725000000327012231e+02 -2.970322352040215552e+00
9.730000000327331691e+02 -2.712791019990461017e+00
9.735000000327652288e+02 -2.729754526870442621e+00
9.740000000327972884e+02 -3.038810994699182810e+00
9.745000000328293481e+02 -2.885610353257963556e+00
9.750000000328614078e+02 -2.618751126889768077e+00
9.755000000328933538e+02 -2.795974097135019321e+00
9.760000000329254135e+02 -2.479479666780609826e+00
9.765000000329574732e+02 -2.814869486114934816e+00
9.770000000329895329e+02 -2.955288789495513324e+00
9.775000000330214789e+02 -2.510678580162494899e+00
9.780000000330535386e+02 -2.755858374898602303e+00
9.785000000330855983e+02 -2.742868121151580407e+00
9.790000000331176579e+02 -2.766755175838176761e+00
9.795000000331496040e+02 -2.801962358916549878e+00
9.800000000331816636e+02 -2.701111588026980481e+00
9.805000000332137233e+02 -2.446228144130409010e+00
9.810000000332457830e+02 -2.515797400918417637e+00
9.815000000332777290e+02 -2.742933572056939884e+00
9.820000000333097887e+02 -2.821564460431173149e+00
9.825000000333418484e+02 -2.955555058800181101e+00
9.830000000333739081e+02 -2.469344958481573205e+00
9.835000000334058541e+02 -2.644778187130635061e+00
9.840000000334379138e+02 -2.530754002465985586e+00
9.845000000334699735e+02 -2.821227772362071118e+00
9.850000000335020331e+02 -2.808458259790735490e+00
9.855000000335340928e+02 -2.596056355935581372e+00
9.860000000335660388e+02 -2.858728849665354232e+00
9.865000000335980985e+02 -2.389928697301092253e+00
9.870000000336301582e+02 -2.486989298391854675e+00
9.875000000336622179e+02 -2.665254751149049639e+00
9.880000000336941639e+02 -2.839215291587412704e+00
9.885000000337262236e+02 -2.737452953301343861e+00
9.890000000337582833e+02 -2.690933962052626693e+00
9.895000000337903430e+02 -2.612428454998596994e+00
9.900000000338222890e+02 -2.798781611372850087e+00
9.905000000338543487e+02 -2.896209772910231184e+00
9.910000000338864083e+02 -2.696558845906908086e+00
9.915000000339184680e+02 -2.555371716572422791e+00
9.920000000339504140e+02 -2.576821114076604413e+00
9.925000000339824737e+02 -2.686386852149138527e+00
9.930000000340145334e+02 -2.664184143283522044e+00
9.935000000340465931e+02 -2.881776226915052863e+00
9.940000000340786528e+02 -2.850533248613898785e+00
9.945000000341105988e+02 -2.659451494868802612e+00
9.950000000341426585e+02 -2.745002853043829738e+00
9.955000000341747182e+02 -2.627234077282131874e+00
9.960000000342067779e+02 -2.871361433790977191e+00
9.965000000342387239e+02 -2.813721899096641277e+00
9.970000000342707835e+02 -2.539250713210323696e+00
9.975000000343028432e+02 -2.423492339454003552e+00
9.980000000343349029e+02 -2.756573804258615645e+00
9.985000000343668489e+02 -2.790472458417443402e+00
9.990000000343989086e+02 -2.744161093501561677e+00
9.995000000344309683e+02 -2.705156880330939817e+00
1.000000000034463028e+03 -2.458828394535131689e+00
