# Time (ps)	CV (angstrom)
9.999999999975766229e+01 -7.344901099590740223e+00
1.004999999997559001e+02 -7.339368839459460503e+00
1.009999999997541380e+02 -6.945378196397202331e+00
1.014999999997533990e+02 -7.236748630964166651e+00
1.019999999997629061e+02 -7.483789515698187955e+00
1.024999999997724132e+02 -7.228557397891720804e+00
1.029999999997819060e+02 -7.222361214164520149e+00
1.034999999997914131e+02 -7.116401846947087328e+00
1.039999999998009201e+02 -7.751551144023380857e+00
1.044999999998104272e+02 -7.373937572880439717e+00
1.049999999998199343e+02 -7.492570063188314755e+00
1.054999999998294413e+02 -7.167256770331069227e+00
1.059999999998389484e+02 -7.484898488134298589e+00
1.064999999998484554e+02 -7.259398661435289668e+00
1.069999999998579483e+02 -7.088963919042955197e+00
1.074999999998674554e+02 -7.099744831426892944e+00
1.079999999998769624e+02 -6.908677070974928114e+00
1.084999999998864695e+02 -7.103855544775909081e+00
1.089999999998959765e+02 -7.151257947156177686e+00
1.094999999999054836e+02 -7.475182671815666424e+00
1.099999999999149907e+02 -7.306363342431724917e+00
1.104999999999244977e+02 -7.278680763496069517e+00
1.109999999999339906e+02 -7.641977578408800653e+00
1.114999999999434976e+02 -6.945877923810545695e+00
1.119999999999530047e+02 -7.169967524033809880e+00
1.124999999999625118e+02 -6.932364554739125495e+00
1.129999999999720188e+02 -7.192816419657301452e+00
1.134999999999815259e+02 -7.373974874857349704e+00
1.139999999999910330e+02 -7.144301692634483558e+00
1.145000000000005400e+02 -6.797031828432977818e+00
1.150000000000100329e+02 -7.412624441279896281e+00
1.155000000000195399e+02 -6.950901081429567085e+00
1.160000000000290470e+02 -7.917422714516005655e+00
1.165000000000385540e+02 -6.980485671887664445e+00
1.170000000000480611e+02 -7.031659898716287493e+00
1.175000000000575682e+02 -7.752025876663044990e+00
1.180000000000670752e+02 -7.319685855309967515e+00
1.185000000000765823e+02 -7.412102952003856160e+00
1.190000000000860751e+02 -7.027059398937615775e+00
1.195000000000955822e+02 -6.550750519098056834e+00
1.200000000001050893e+02 -6.921899864945234349e+00
1.205000000001145963e+02 -7.055028618482515057e+00
1.210000000001241034e+02 -7.184248945469811964e+00
1.215000000001336105e+02 -6.830805592972528650e+00
1.220000000001431175e+02 -7.357397655689902116e+00
1.225000000001526246e+02 -7.184680413826090906e+00
1.230000000001621174e+02 -7.317848287741463231e+00
1.235000000001716245e+02 -7.406799187655464856e+00
1.240000000001811316e+02 -7.393917352425159351e+00
1.245000000001906386e+02 -7.515542206149008919e+00
1.250000000002001457e+02 -6.737149483891625934e+00
1.255000000002096527e+02 -7.313955061571808969e+00
1.260000000002191598e+02 -6.719060947712431009e+00
1.265000000002286527e+02 -7.452661181939223667e+00
1.270000000002381597e+02 -6.855069282091569960e+00
1.275000000002476668e+02 -7.821425045243517893e+00
1.280000000002571880e+02 -6.925598041005446959e+00
1.285000000002666809e+02 -6.329400950918435242e+00
1.290000000002761738e+02 -7.053727433793826052e+00
1.295000000002856950e+02 -7.341511481138822681e+00
1.300000000002951879e+02 -6.884618890279130987e+00
1.305000000003047091e+02 -7.259164486903311619e+00
1.310000000003142020e+02 -6.990564692819754455e+00
1.315000000003237233e+02 -6.948751835896891826e+00
1.320000000003332161e+02 -7.258782328040219944e+00
1.325000000003427090e+02 -7.122408067167055989e+00
1.330000000003522302e+02 -7.022473242445379960e+00
1.335000000003617231e+02 -7.151409013561866423e+00
1.340000000003712444e+02 -6.731132479347084363e+00
1.345000000003807372e+02 -6.954770960360175280e+00
1.350000000003902585e+02 -7.425898566114472743e+00
1.355000000003997513e+02 -6.431007462398565799e+00
1.360000000004092726e+02 -7.135198408583622864e+00
1.365000000004187655e+02 -7.257585827002115408e+00
1.370000000004282583e+02 -6.758101670142046657e+00
1.375000000004377796e+02 -7.465546497117372837e+00
1.380000000004472724e+02 -6.682432083984152449e+00
1.385000000004567937e+02 -6.977294465067983786e+00
1.390000000004662866e+02 -7.258879408726546245e+00
1.395000000004758078e+02 -7.569817640057305397e+00
1.400000000004853007e+02 -7.062979447358220142e+00
1.405000000004947935e+02 -7.414468928994115693e+00
1.410000000005043148e+02 -6.719264495327723630e+00
1.415000000005138077e+02 -7.235354624990283590e+00
1.420000000005233289e+02 -7.169843938434907749e+00
1.425000000005328218e+02 -6.957715281619227810e+00
1.430000000005423431e+02 -7.043968553048885362e+00
1.435000000005518359e+02 -7.427152033299257994e+00
1.440000000005613572e+02 -6.931868639814867450e+00
1.445000000005708500e+02 -6.745679398520882053e+00
1.450000000005803429e+02 -7.335212982642121737e+00
1.455000000005898642e+02 -6.785517822045792791e+00
1.460000000005993570e+02 -7.584809581606286599e+00
1.465000000006088783e+02 -6.213694456435039370e+00
1.470000000006183711e+02 -7.186602106506120080e+00
1.475000000006278924e+02 -6.813096292413243660e+00
1.480000000006373853e+02 -6.861157702230519462e+00
1.485000000006468781e+02 -6.488540391319162381e+00
1.490000000006563994e+02 -7.128241882568052468e+00
1.495000000006658922e+02 -6.877415252567520731e+00
1.500000000006754135e+02 -7.251652601314164670e+00
1.505000000006849064e+02 -6.740317891846133058e+00
1.510000000006944276e+02 -6.911464393026632180e+00
1.515000000007039205e+02 -7.083566064640065996e+00
1.520000000007134133e+02 -7.025068942173668063e+00
1.525000000007229346e+02 -7.364692557037657572e+00
1.530000000007324275e+02 -7.739008096521972746e+00
1.535000000007419487e+02 -7.275708369421320931e+00
1.540000000007514416e+02 -6.487855352785308227e+00
1.545000000007609628e+02 -7.251481998927095773e+00
1.550000000007704557e+02 -7.088452100156252378e+00
1.555000000007799770e+02 -6.995895270361616625e+00
1.560000000007894698e+02 -6.725738339178771064e+00
1.565000000007989627e+02 -6.954496656061208704e+00
1.570000000008084839e+02 -6.846612513838476133e+00
1.575000000008179768e+02 -7.586488832931871151e+00
1.580000000008274981e+02 -7.259059241317617150e+00
1.585000000008369909e+02 -7.283358759922172077e+00
1.590000000008465122e+02 -7.135039366774062586e+00
1.595000000008560050e+02 -7.795836528582208658e+00
1.600000000008654979e+02 -7.179251326223121232e+00
1.605000000008750192e+02 -7.431175867390054535e+00
1.610000000008845120e+02 -6.874158962473366330e+00
1.615000000008940333e+02 -7.485305937113905017e+00
1.620000000009035261e+02 -6.790602673445634174e+00
1.625000000009130474e+02 -7.492799933511594901e+00
1.630000000009225403e+02 -7.088290177523806079e+00
1.635000000009320615e+02 -7.234892291758545646e+00
1.640000000009415544e+02 -6.593025902044009179e+00
1.645000000009510472e+02 -7.668564890929148170e+00
1.650000000009605685e+02 -6.618240217403401182e+00
1.655000000009700614e+02 -6.414314948698181418e+00
1.660000000009795826e+02 -7.870485121898043168e+00
1.665000000009890755e+02 -6.741527311800290967e+00
1.670000000009985968e+02 -7.598338728010424425e+00
1.675000000010080896e+02 -7.351522769728512152e+00
1.680000000010175825e+02 -7.187612854659856332e+00
1.685000000010271037e+02 -7.198666440881614115e+00
1.690000000010365966e+02 -6.999719725227000033e+00
1.695000000010461179e+02 -7.383546640313038978e+00
1.700000000010556107e+02 -7.550506322326769215e+00
1.705000000010651320e+02 -7.418401199622838504e+00
1.710000000010746248e+02 -7.722723105119357889e+00
1.715000000010841177e+02 -7.019410800345343482e+00
1.720000000010936390e+02 -6.677368841253091603e+00
1.725000000011031318e+02 -7.449400801671216321e+00
1.730000000011126531e+02 -7.162679822079293324e+00
1.735000000011221459e+02 -7.615786572841162005e+00
1.740000000011316672e+02 -6.937635358065178615e+00
1.745000000011411601e+02 -6.890993239497017697e+00
1.750000000011506813e+02 -6.817286077995187377e+00
1.755000000011601742e+02 -7.042813148020734992e+00
1.760000000011696670e+02 -7.207127656345790001e+00
1.765000000011791883e+02 -7.033409321510818657e+00
1.770000000011886812e+02 -7.026414070191412620e+00
1.775000000011982024e+02 -7.047238603082510267e+00
1.780000000012076953e+02 -6.662417877757384588e+00
1.785000000012172165e+02 -7.149727476547975691e+00
1.790000000012267094e+02 -6.858154356338094892e+00
1.795000000012362023e+02 -7.381356200002024970e+00
1.800000000012457235e+02 -6.941560358793634755e+00
1.805000000012552164e+02 -7.462575590565874606e+00
1.810000000012647376e+02 -7.565078224379488070e+00
1.815000000012742305e+02 -6.657290636085440028e+00
1.820000000012837518e+02 -7.766344678894994580e+00
1.825000000012932446e+02 -7.311563710877295286e+00
1.830000000013027659e+02 -5.938936561442513806e+00
1.835000000013122587e+02 -7.367813421415451813e+00
1.840000000013217516e+02 -7.048822352362736687e+00
1.845000000013312729e+02 -7.228678635131588592e+00
1.850000000013407657e+02 -7.265177978536607739e+00
1.855000000013502870e+02 -7.088454281022817938e+00
1.860000000013597798e+02 -7.531518656825502589e+00
1.865000000013693011e+02 -6.968191018251891578e+00
1.870000000013787940e+02 -7.023166771986832480e+00
1.875000000013882868e+02 -6.691254426391212817e+00
1.880000000013978081e+02 -7.244931785558769377e+00
1.885000000014073009e+02 -6.702194538450480188e+00
1.890000000014168222e+02 -7.336416880126155782e+00
1.895000000014263151e+02 -6.745452987193884198e+00
1.900000000014358363e+02 -6.452559212495433627e+00
1.905000000014453292e+02 -7.261187136514287488e+00
1.910000000014548220e+02 -7.256143830259576433e+00
1.915000000014643433e+02 -6.820029541305085097e+00
1.920000000014738362e+02 -7.553512294787307013e+00
1.925000000014833574e+02 -6.761884124394053508e+00
1.930000000014928503e+02 -7.161194863501696872e+00
1.935000000015023716e+02 -6.655534536234994469e+00
1.940000000015118644e+02 -7.464555882578052248e+00
1.945000000015213857e+02 -6.740050098100819120e+00
1.950000000015308785e+02 -7.189932716896381137e+00
1.955000000015403714e+02 -7.288614584399462082e+00
1.960000000015498927e+02 -6.659521208411338655e+00
1.965000000015593855e+02 -7.090126286140901790e+00
1.970000000015689068e+02 -7.524633437269451441e+00
1.975000000015783996e+02 -6.873223831787187876e+00
1.980000000015879209e+02 -7.106688308772651119e+00
1.985000000015974138e+02 -7.242062245336599702e+00
1.990000000016069066e+02 -7.262239947365960013e+00
1.995000000016164279e+02 -7.261958323790965508e+00
2.000000000016259207e+02 -7.118132670867085565e+00
2.005000000016354420e+02 -7.223562828636190147e+00
2.010000000016449349e+02 -7.722268805762029231e+00
2.015000000016544561e+02 -6.900226745210205515e+00
2.020000000016639490e+02 -7.500133703829140686e+00
2.025000000016734703e+02 -7.259661026562563180e+00
2.030000000016789556e+02 -7.119641538811391612e+00
2.035000000016659385e+02 -6.824489531434019263e+00
2.040000000016529214e+02 -7.554307510229814504e+00
2.045000000016398758e+02 -6.822248103388843354e+00
2.050000000016268586e+02 -7.471412633135098069e+00
2.055000000016138415e+02 -6.943872698447760783e+00
2.060000000016008244e+02 -7.740406420744704974e+00
2.065000000015878072e+02 -7.031857064757741860e+00
2.070000000015747617e+02 -7.201169656050691259e+00
2.075000000015617445e+02 -7.105321587030918984e+00
2.080000000015487274e+02 -7.051186302251370108e+00
2.085000000015357102e+02 -7.710395387302332537e+00
2.090000000015226931e+02 -6.883231964961562532e+00
2.095000000015096475e+02 -7.110142516215931074e+00
2.100000000014966304e+02 -7.046873454636895850e+00
2.105000000014836132e+02 -7.007597803549500348e+00
2.110000000014705961e+02 -7.554693844533137970e+00
2.115000000014575789e+02 -7.099225050853665842e+00
2.120000000014445618e+02 -6.502193086249513421e+00
2.125000000014315162e+02 -7.690022519684294622e+00
2.130000000014184991e+02 -7.506195148963833219e+00
2.135000000014054820e+02 -7.552286419590839017e+00
2.140000000013924648e+02 -7.224051126848841875e+00
2.145000000013794477e+02 -7.460584896665745092e+00
2.150000000013664021e+02 -7.365741471582095024e+00
2.155000000013533850e+02 -7.137112828142877952e+00
2.160000000013403678e+02 -7.225800787151939630e+00
2.165000000013273507e+02 -7.661646418839747952e+00
2.170000000013143335e+02 -6.875440504366276073e+00
2.175000000013013164e+02 -7.399582033807433845e+00
2.180000000012882708e+02 -6.986532702036338804e+00
2.185000000012752537e+02 -7.199103321358251151e+00
2.190000000012622365e+02 -7.430588127877894244e+00
2.195000000012492194e+02 -6.877218530246385519e+00
2.200000000012362023e+02 -7.511438362078239450e+00
2.205000000012231567e+02 -7.202302151533246821e+00
2.210000000012101395e+02 -6.951580123096545272e+00
2.215000000011971224e+02 -7.234809268300997687e+00
2.220000000011841053e+02 -7.489982278809129035e+00
2.225000000011710881e+02 -7.349168217071224696e+00
2.230000000011580710e+02 -7.131770219728492677e+00
2.235000000011450254e+02 -7.094299527384565707e+00
2.240000000011320083e+02 -6.807686594558842508e+00
2.245000000011189911e+02 -7.120131524461878136e+00
2.250000000011059740e+02 -7.146841010668527616e+00
2.255000000010929568e+02 -6.817357767721520467e+00
2.260000000010799113e+02 -7.238169148257226126e+00
2.265000000010668941e+02 -7.312362336066144941e+00
2.270000000010538770e+02 -6.725928853248547945e+00
2.275000000010408598e+02 -7.026953413977802043e+00
2.280000000010278427e+02 -7.233267263409308256e+00
2.285000000010148256e+02 -7.454562957052141670e+00
2.290000000010017800e+02 -7.048559301925643616e+00
2.295000000009887628e+02 -7.077904192950757789e+00
2.300000000009757457e+02 -7.570495567927678415e+00
2.305000000009627286e+02 -6.799595091608648723e+00
2.310000000009497114e+02 -7.178778147052527814e+00
2.315000000009366659e+02 -7.430414964609592943e+00
2.320000000009236487e+02 -7.068654113477975010e+00
2.325000000009106316e+02 -7.250577324579220218e+00
2.330000000008976144e+02 -6.965240816757503062e+00
2.335000000008845973e+02 -7.420049703716538048e+00
2.340000000008715517e+02 -6.804229070425081183e+00
2.345000000008585346e+02 -7.742199568554013034e+00
2.350000000008455174e+02 -6.946430784328670782e+00
2.355000000008325003e+02 -7.823668112119354312e+00
2.360000000008194831e+02 -7.421720991512668952e+00
2.365000000008064660e+02 -7.861757641648653205e+00
2.370000000007934204e+02 -7.417445781314961906e+00
2.375000000007804033e+02 -6.659991913124595264e+00
2.380000000007673862e+02 -7.339662806438638221e+00
2.385000000007543690e+02 -6.279054353828986912e+00
2.390000000007413519e+02 -7.177762846162620392e+00
2.395000000007283063e+02 -7.196973554208313750e+00
2.400000000007152892e+02 -7.262079580389133149e+00
2.405000000007022720e+02 -7.043400516477265505e+00
2.410000000006892549e+02 -6.816300831532752902e+00
2.415000000006762377e+02 -7.064145272818122656e+00
2.420000000006632206e+02 -7.083305438202168958e+00
2.425000000006501750e+02 -6.880922930424065775e+00
2.430000000006371579e+02 -6.842298478014876117e+00
2.435000000006241407e+02 -6.408482902137929038e+00
2.440000000006111236e+02 -6.538683961427827818e+00
2.445000000005981065e+02 -7.213662069214488604e+00
2.450000000005850609e+02 -6.755745356418156433e+00
2.455000000005720437e+02 -7.276640471587969117e+00
2.460000000005590266e+02 -6.983604623409339851e+00
2.465000000005460095e+02 -7.240517172612221053e+00
2.470000000005329923e+02 -6.999034896277891882e+00
2.475000000005199752e+02 -7.412232312566237269e+00
2.480000000005069296e+02 -7.104321634396631779e+00
2.485000000004939125e+02 -7.145730098517332429e+00
2.490000000004808953e+02 -7.333405546365753480e+00
2.495000000004678782e+02 -7.365707932710646055e+00
2.500000000004548610e+02 -6.644774554155802981e+00
2.505000000004418155e+02 -7.592626641139468724e+00
2.510000000004287983e+02 -6.993894857456332659e+00
2.515000000004157812e+02 -6.941711514392895133e+00
2.520000000004027640e+02 -7.248238863359940609e+00
2.525000000003897469e+02 -6.944213183277899937e+00
2.530000000003767013e+02 -7.179370682038189955e+00
2.535000000003636842e+02 -7.607846997278909562e+00
2.540000000003506671e+02 -7.555529961990404608e+00
2.545000000003376499e+02 -7.368300262269619871e+00
2.550000000003246328e+02 -7.525665831670022676e+00
2.555000000003116156e+02 -6.752296542440374694e+00
2.560000000002985985e+02 -7.272335262408394563e+00
2.565000000002855813e+02 -7.208440114138492838e+00
2.570000000002725642e+02 -7.006224663759131666e+00
2.575000000002594902e+02 -7.409700832827676109e+00
2.580000000002464731e+02 -7.512251150378643771e+00
2.585000000002334559e+02 -6.916032629610651128e+00
2.590000000002204388e+02 -7.630525513140927529e+00
2.595000000002074216e+02 -7.413024858401271011e+00
2.600000000001944045e+02 -7.354622498684691756e+00
2.605000000001813873e+02 -6.551997431461124677e+00
2.610000000001683702e+02 -7.575557795505448944e+00
2.615000000001553531e+02 -7.216444617322355981e+00
2.620000000001423359e+02 -7.206208747648458868e+00
2.625000000001292619e+02 -7.057397502837233105e+00
2.630000000001162448e+02 -7.283231308504728219e+00
2.635000000001032276e+02 -7.559620996117908831e+00
2.640000000000902105e+02 -6.783047421226119589e+00
2.645000000000771934e+02 -7.717967657504730461e+00
2.650000000000641762e+02 -6.920828816392289973e+00
2.655000000000511591e+02 -6.988147345406530597e+00
2.660000000000381419e+02 -7.292112511421014354e+00
2.665000000000251248e+02 -7.266509554926701142e+00
2.670000000000121076e+02 -7.645417995958190716e+00
2.674999999999990905e+02 -7.429361232529070769e+00
2.679999999999860165e+02 -6.757562879328872008e+00
2.684999999999729994e+02 -6.958751551456236584e+00
2.689999999999599822e+02 -6.808122783763466579e+00
2.694999999999469651e+02 -7.357985654410621024e+00
2.699999999999339479e+02 -7.151758351620366660e+00
2.704999999999209308e+02 -7.210330955331612834e+00
2.709999999999079137e+02 -7.271821426378292763e+00
2.714999999998948965e+02 -6.324944982081982303e+00
2.719999999998818794e+02 -7.257845434216429581e+00
2.724999999998688622e+02 -6.812560439805362300e+00
2.729999999998558451e+02 -6.889586216614662639e+00
2.734999999998427711e+02 -7.346408853153702623e+00
2.739999999998297540e+02 -6.332754401465808591e+00
2.744999999998167368e+02 -6.964678915584562979e+00
2.749999999998037197e+02 -6.968399016876348107e+00
2.754999999997907025e+02 -7.234160906359301535e+00
2.759999999997776854e+02 -7.116109385074325999e+00
2.764999999997646682e+02 -7.270211816583149300e+00
2.769999999997516511e+02 -7.315733000410759246e+00
2.774999999997386340e+02 -7.090285817001358737e+00
2.779999999997256168e+02 -7.498736922254701120e+00
2.784999999997125997e+02 -7.324867807630290883e+00
2.789999999996995257e+02 -6.582648085633771018e+00
2.794999999996865085e+02 -7.025921932467062092e+00
2.799999999996734914e+02 -7.059363144225883069e+00
2.804999999996604743e+02 -7.002282895477729419e+00
2.809999999996474571e+02 -7.091767549378371172e+00
2.814999999996344400e+02 -7.235041095151158785e+00
2.819999999996214228e+02 -6.509585025461195329e+00
2.824999999996084057e+02 -7.580108718006206558e+00
2.829999999995953885e+02 -7.365321337364767906e+00
2.834999999995823714e+02 -7.068071856398566055e+00
2.839999999995693543e+02 -7.259095684676049487e+00
2.844999999995562803e+02 -7.185471201000922292e+00
2.849999999995432631e+02 -7.297579296940213567e+00
2.854999999995302460e+02 -7.104104541991385524e+00
2.859999999995172288e+02 -7.707713174749773799e+00
2.864999999995042117e+02 -6.906163234881506519e+00
2.869999999994911946e+02 -7.208121390196091660e+00
2.874999999994781774e+02 -6.957787548413411294e+00
2.879999999994651603e+02 -7.527518659576842630e+00
2.884999999994521431e+02 -6.288109543748713115e+00
2.889999999994391260e+02 -7.053433788579849484e+00
2.894999999994261088e+02 -7.428365106107081672e+00
2.899999999994130349e+02 -7.289546902907643400e+00
2.904999999994000177e+02 -7.265710012821249286e+00
2.909999999993870006e+02 -7.111613776321185298e+00
2.914999999993739834e+02 -7.603131521664130865e+00
2.919999999993609663e+02 -6.545892650281732728e+00
2.924999999993479491e+02 -7.385928186707246823e+00
2.929999999993349320e+02 -7.011244542623451537e+00
2.934999999993219149e+02 -7.123071852581287722e+00
2.939999999993088977e+02 -7.653618848668182650e+00
2.944999999992958806e+02 -6.993108922859486043e+00
2.949999999992828634e+02 -7.139029468471010276e+00
2.954999999992697894e+02 -7.003977222003835656e+00
2.959999999992567723e+02 -6.748200994039933676e+00
2.964999999992437552e+02 -7.365827287990609484e+00
2.969999999992307380e+02 -7.003548683756076976e+00
2.974999999992177209e+02 -6.863710404521738084e+00
2.979999999992047037e+02 -6.921243603299102709e+00
2.984999999991916866e+02 -7.362359578858533204e+00
2.989999999991786694e+02 -6.978911872147710582e+00
2.994999999991656523e+02 -7.248723832989140803e+00
2.999999999991526352e+02 -7.265282486599788925e+00
3.004999999991396180e+02 -6.721969242333473815e+00
3.009999999991265440e+02 -7.115166618675760724e+00
3.014999999991135269e+02 -7.478779661219883579e+00
3.019999999991005097e+02 -6.589877441944534731e+00
3.024999999990874926e+02 -7.343442243773911748e+00
3.029999999990744755e+02 -7.268397953775695974e+00
3.034999999990614583e+02 -6.742636453099080995e+00
3.039999999990484412e+02 -7.348945620063499717e+00
3.044999999990354240e+02 -7.335814758074583608e+00
3.049999999990224069e+02 -7.529708862083132281e+00
3.054999999990093897e+02 -7.481567605099812113e+00
3.059999999989963158e+02 -6.467892179761967952e+00
3.064999999989832986e+02 -7.033945085223165528e+00
3.069999999989702815e+02 -7.542590005754471250e+00
3.074999999989572643e+02 -6.826741222433754253e+00
3.079999999989442472e+02 -7.913033273440651882e+00
3.084999999989312300e+02 -7.079083526006333393e+00
3.089999999989182129e+02 -7.230855553262950153e+00
3.094999999989051958e+02 -6.915437448301983814e+00
3.099999999988921786e+02 -7.370093546718967659e+00
3.104999999988791615e+02 -7.137423583766904223e+00
3.109999999988661443e+02 -7.351682696544580509e+00
3.114999999988530703e+02 -7.117868945704302064e+00
3.119999999988400532e+02 -7.065370992001249739e+00
3.124999999988270361e+02 -7.443850968283582503e+00
3.129999999988140189e+02 -7.331494076751652322e+00
3.134999999988010018e+02 -6.645679756058486376e+00
3.139999999987879846e+02 -7.071632531063916538e+00
3.144999999987749675e+02 -6.806685195912922204e+00
3.149999999987619503e+02 -7.188365647884921827e+00
3.154999999987489332e+02 -6.540386767662496936e+00
3.159999999987359161e+02 -7.510306885714917335e+00
3.164999999987228989e+02 -7.002275504427766251e+00
3.169999999987098249e+02 -7.367452449640922829e+00
3.174999999986968078e+02 -7.160966429174336234e+00
3.179999999986837906e+02 -6.762030190316360212e+00
3.184999999986707735e+02 -7.509863685328497240e+00
3.189999999986577564e+02 -7.323742814681905244e+00
3.194999999986447392e+02 -6.889592757854473781e+00
3.199999999986317221e+02 -7.757531807933572665e+00
3.204999999986187049e+02 -6.583841011659561815e+00
3.209999999986056878e+02 -7.347019521919010643e+00
3.214999999985926706e+02 -7.450311594391233250e+00
3.219999999985796535e+02 -7.218206397993943924e+00
3.224999999985665795e+02 -7.077233789441347511e+00
3.229999999985535624e+02 -7.262569617330518312e+00
3.234999999985405452e+02 -6.766722647844159333e+00
3.239999999985275281e+02 -7.598374993387379206e+00
3.244999999985145109e+02 -6.821540041809926791e+00
3.249999999985014938e+02 -7.427527082691659288e+00
3.254999999984884766e+02 -6.948280818183373064e+00
3.259999999984754595e+02 -6.780999175764127251e+00
3.264999999984624424e+02 -7.380957621163903859e+00
3.269999999984494252e+02 -7.047985204283790495e+00
3.274999999984364081e+02 -6.730807390540379131e+00
3.279999999984233341e+02 -6.710241904257940426e+00
3.284999999984103169e+02 -6.957966240576921813e+00
3.289999999983972998e+02 -7.196200827779804854e+00
3.294999999983842827e+02 -7.434698645649371329e+00
3.299999999983712655e+02 -7.181892887201788866e+00
3.304999999983582484e+02 -7.201746221260517444e+00
3.309999999983452312e+02 -7.552493476456390908e+00
3.314999999983322141e+02 -6.953888420876458198e+00
3.319999999983191969e+02 -6.882289386697446609e+00
3.324999999983061798e+02 -7.140527192936062306e+00
3.329999999982931627e+02 -6.893219791976983757e+00
3.334999999982800887e+02 -7.024889826170317875e+00
3.339999999982670715e+02 -6.798159277648885279e+00
3.344999999982540544e+02 -7.200109790208879090e+00
3.349999999982410372e+02 -6.709424458356042287e+00
3.354999999982280201e+02 -6.920563855631588268e+00
3.359999999982150030e+02 -6.992067500027915550e+00
3.364999999982019858e+02 -6.639984106526525487e+00
3.369999999981889687e+02 -6.848555542039728827e+00
3.374999999981759515e+02 -6.666411446594957546e+00
3.379999999981629344e+02 -6.754782575355677388e+00
3.384999999981499172e+02 -6.597172128334892527e+00
3.389999999981368433e+02 -7.128786944947923310e+00
3.394999999981238261e+02 -7.075890486938508417e+00
3.399999999981108090e+02 -7.091826393434128128e+00
3.404999999980977918e+02 -7.214236050013831836e+00
3.409999999980847747e+02 -6.673635013094274093e+00
3.414999999980717575e+02 -7.248302428477490622e+00
3.419999999980587404e+02 -7.223103421708280791e+00
3.424999999980457233e+02 -6.737480285176537187e+00
3.429999999980327061e+02 -7.101722740052406557e+00
3.434999999980196890e+02 -7.629101698081620420e+00
3.439999999980066718e+02 -7.082763785207527363e+00
3.444999999979935978e+02 -6.972080339117659342e+00
3.449999999979805807e+02 -6.982230165654012666e+00
3.454999999979675636e+02 -7.084237670952129307e+00
3.459999999979545464e+02 -7.002253483131802625e+00
3.464999999979415293e+02 -6.842147087195451505e+00
3.469999999979285121e+02 -7.741513272643241628e+00
3.474999999979154950e+02 -7.290483827416327500e+00
3.479999999979024778e+02 -7.505429137081217839e+00
3.484999999978894607e+02 -6.849477153570914467e+00
3.489999999978764436e+02 -7.353933172312472344e+00
3.494999999978633696e+02 -7.028126909829415681e+00
3.499999999978503524e+02 -7.400977748279053969e+00
3.504999999978373353e+02 -7.161695196496193461e+00
3.509999999978243181e+02 -6.696104839388248742e+00
3.514999999978113010e+02 -6.940493293126912988e+00
3.519999999977982839e+02 -7.196590729048746304e+00
3.524999999977852667e+02 -6.982186599120121073e+00
3.529999999977722496e+02 -6.765308915301432080e+00
3.534999999977592324e+02 -6.987289680291144833e+00
3.539999999977462153e+02 -7.085805976402828499e+00
3.544999999977331981e+02 -7.409761090756802560e+00
3.549999999977201242e+02 -7.557970014635160716e+00
3.554999999977071070e+02 -7.542989612519767739e+00
3.559999999976940899e+02 -7.592628662024457853e+00
3.564999999976810727e+02 -7.310148847852980580e+00
3.569999999976680556e+02 -7.455404005813718982e+00
3.574999999976550384e+02 -7.619212798856532132e+00
3.579999999976420213e+02 -7.404399223926342088e+00
3.584999999976290042e+02 -6.834813699032314283e+00
3.589999999976159870e+02 -6.865813635698385653e+00
3.594999999976029699e+02 -7.151422085006695184e+00
3.599999999975899527e+02 -7.469182930146680555e+00
3.604999999975768787e+02 -7.181006910997208337e+00
3.609999999975638616e+02 -7.500949567613745650e+00
3.614999999975508445e+02 -7.225515440899622277e+00
3.619999999975378273e+02 -7.360294699480386171e+00
3.624999999975248102e+02 -7.719765490676360642e+00
3.629999999975117930e+02 -7.011195476987257535e+00
3.634999999974987759e+02 -6.701403288345556319e+00
3.639999999974857587e+02 -6.986531275407371844e+00
3.644999999974727416e+02 -7.151560460944414110e+00
3.649999999974597245e+02 -6.657000746172236916e+00
3.654999999974467073e+02 -7.388607655813363984e+00
3.659999999974336333e+02 -7.367272637144132830e+00
3.664999999974206162e+02 -7.044111356175252858e+00
3.669999999974075990e+02 -6.991326086570055054e+00
3.674999999973945819e+02 -7.246819736475920593e+00
3.679999999973815648e+02 -7.030875389082906324e+00
3.684999999973685476e+02 -7.271120668177896817e+00
3.689999999973555305e+02 -7.646981614646451320e+00
3.694999999973425133e+02 -6.661885939800654910e+00
3.699999999973294962e+02 -6.931504335636405223e+00
3.704999999973164790e+02 -7.442699519734008895e+00
3.709999999973034619e+02 -6.783789839859877269e+00
3.714999999972903879e+02 -7.227765426340044819e+00
3.719999999972773708e+02 -7.574473073515900268e+00
3.724999999972643536e+02 -7.196865461770968864e+00
3.729999999972513365e+02 -7.354268009607246803e+00
3.734999999972383193e+02 -7.206654560305450374e+00
3.739999999972253022e+02 -6.899058151632041280e+00
3.744999999972122851e+02 -7.570875628958632753e+00
3.749999999971992679e+02 -7.400437603273339882e+00
3.754999999971862508e+02 -7.113145493774965189e+00
3.759999999971732336e+02 -6.982530231056059300e+00
3.764999999971602165e+02 -7.213939863903587657e+00
3.769999999971471425e+02 -6.455681505997392655e+00
3.774999999971341254e+02 -7.047340292734190825e+00
3.779999999971211082e+02 -7.415945321761345355e+00
3.784999999971080911e+02 -6.783720616354496080e+00
3.789999999970950739e+02 -6.864686089476712105e+00
3.794999999970820568e+02 -7.377414026816009773e+00
3.799999999970690396e+02 -6.489812301817591944e+00
3.804999999970560225e+02 -7.598135302091000298e+00
3.809999999970430054e+02 -7.213684909327787942e+00
3.814999999970299882e+02 -6.838314008421209955e+00
3.819999999970169711e+02 -6.704852389884893071e+00
3.824999999970038971e+02 -7.627218117550261134e+00
3.829999999969908799e+02 -6.877884738335619197e+00
3.834999999969778628e+02 -7.137980080414288331e+00
3.839999999969648456e+02 -7.118023101413686327e+00
3.844999999969518285e+02 -7.142006036027622962e+00
3.849999999969388114e+02 -7.053479603239549256e+00
3.854999999969257942e+02 -7.269390057745230393e+00
3.859999999969127771e+02 -6.980393837925459977e+00
3.864999999968997599e+02 -6.611942727569116052e+00
3.869999999968867428e+02 -7.437024091265545422e+00
3.874999999968737256e+02 -7.247253853818253155e+00
3.879999999968606517e+02 -7.044218605909940756e+00
3.884999999968476345e+02 -6.711593019138786254e+00
3.889999999968346174e+02 -8.117841788426261473e+00
3.894999999968216002e+02 -6.503170720778429725e+00
3.899999999968085831e+02 -6.486872078677779818e+00
3.904999999967955659e+02 -6.735114810972344657e+00
3.909999999967825488e+02 -6.195175766654084093e+00
3.914999999967695317e+02 -7.840011198221662703e+00
3.919999999967565145e+02 -6.974454924599611694e+00
3.924999999967434974e+02 -6.983711858431655095e+00
3.929999999967304234e+02 -7.493281365968544883e+00
3.934999999967174062e+02 -6.431356577369800043e+00
3.939999999967043891e+02 -7.710975759545576125e+00
3.944999999966913720e+02 -7.077120388314190436e+00
3.949999999966783548e+02 -6.704106079969024634e+00
3.954999999966653377e+02 -7.591573424468208486e+00
3.959999999966523205e+02 -7.306156289332792042e+00
3.964999999966393034e+02 -6.380502390880102404e+00
3.969999999966262862e+02 -7.486668557851989370e+00
3.974999999966132691e+02 -6.691429588845341669e+00
3.979999999966002520e+02 -7.309579857615610798e+00
3.984999999965871780e+02 -7.262809444798882907e+00
3.989999999965741608e+02 -7.350089075967529695e+00
3.994999999965611437e+02 -6.742128632385975706e+00
3.999999999965481265e+02 -7.561703099539181849e+00
4.004999999965351094e+02 -6.811391518809281287e+00
4.009999999965220923e+02 -6.728752983991019399e+00
4.014999999965090751e+02 -7.590561500192051447e+00
4.019999999964960580e+02 -7.466236078168276613e+00
4.024999999964830408e+02 -6.486982131993301870e+00
4.029999999964700237e+02 -7.218214749614881853e+00
4.034999999964570065e+02 -6.653187919340959766e+00
4.039999999964439326e+02 -6.936910481438511411e+00
4.044999999964309154e+02 -7.333966483470755193e+00
4.049999999964178983e+02 -7.063709027801502671e+00
4.054999999964048811e+02 -7.474387954044548366e+00
4.059999999964079507e+02 -7.472319376923103107e+00
4.064999999964400104e+02 -7.548451661746009123e+00
4.069999999964720132e+02 -7.250710986657639801e+00
4.074999999965040729e+02 -7.441581929136582119e+00
4.079999999965360757e+02 -6.859143911538217786e+00
4.084999999965681354e+02 -6.625078777770947447e+00
4.089999999966001383e+02 -7.371828996682809887e+00
4.094999999966321980e+02 -6.875348843483550354e+00
4.099999999966642008e+02 -7.512616010992261728e+00
4.104999999966962605e+02 -7.055095352602567260e+00
4.109999999967282633e+02 -6.511579609457003315e+00
4.114999999967603230e+02 -7.631716995863953912e+00
4.119999999967923259e+02 -7.534505436305871662e+00
4.124999999968243856e+02 -7.245438424929202981e+00
4.129999999968563884e+02 -7.767722829816634089e+00
4.134999999968884481e+02 -7.167109608733857051e+00
4.139999999969205078e+02 -6.901194602163941205e+00
4.144999999969525106e+02 -6.965824132580654471e+00
4.149999999969845703e+02 -7.075437286253036362e+00
4.154999999970165732e+02 -7.513751171247126770e+00
4.159999999970486328e+02 -7.035223835093499467e+00
4.164999999970806357e+02 -7.306091806587618365e+00
4.169999999971126954e+02 -7.261533167862923577e+00
4.174999999971446982e+02 -7.067307198207205765e+00
4.179999999971767579e+02 -7.315060356027372812e+00
4.184999999972087608e+02 -7.659387388575692235e+00
4.189999999972408204e+02 -6.865039317695106114e+00
4.194999999972728233e+02 -6.642323242776232206e+00
4.199999999973048830e+02 -7.409314350439036190e+00
4.204999999973368858e+02 -7.021400704469222376e+00
4.209999999973689455e+02 -7.253290469055468925e+00
4.214999999974009484e+02 -7.170069126984870422e+00
4.219999999974330080e+02 -6.561870038922947401e+00
4.224999999974650109e+02 -7.253902262613322272e+00
4.229999999974970706e+02 -7.279177845298192118e+00
4.234999999975291303e+02 -6.388213400562487543e+00
4.239999999975611331e+02 -7.730339080665738827e+00
4.244999999975931928e+02 -6.799356102834717142e+00
4.249999999976251956e+02 -7.025186303692410483e+00
4.254999999976572553e+02 -6.623929208241987610e+00
4.259999999976892582e+02 -7.635379822338287603e+00
4.264999999977213179e+02 -6.735344621086172268e+00
4.269999999977533207e+02 -6.712056849645930079e+00
4.274999999977853804e+02 -7.681589268503999257e+00
4.279999999978173832e+02 -6.246962033900050670e+00
4.284999999978494429e+02 -6.870036421351260358e+00
4.289999999978814458e+02 -8.038727846539975630e+00
4.294999999979135055e+02 -6.558181567161978087e+00
4.299999999979455083e+02 -6.966024372648143448e+00
4.304999999979775680e+02 -7.324303566133976595e+00
4.309999999980095708e+02 -7.092371140214652314e+00
4.314999999980416305e+02 -7.161767545987586026e+00
4.319999999980736902e+02 -7.088412277158855801e+00
4.324999999981056931e+02 -7.138604086894011047e+00
4.329999999981377528e+02 -7.161505792768730672e+00
4.334999999981697556e+02 -7.633929720366007921e+00
4.339999999982018153e+02 -6.952052485136174020e+00
4.344999999982338181e+02 -7.395530753382063338e+00
4.349999999982658778e+02 -7.070737047205710724e+00
4.354999999982978807e+02 -7.090370348369407161e+00
4.359999999983299404e+02 -7.696402165608825285e+00
4.364999999983619432e+02 -7.052239918959376297e+00
4.369999999983940029e+02 -7.031721493557264502e+00
4.374999999984260057e+02 -7.342294439777064419e+00
4.379999999984580654e+02 -7.014134415344102536e+00
4.384999999984900683e+02 -6.662104963936863911e+00
4.389999999985221280e+02 -6.679871787396234772e+00
4.394999999985541308e+02 -7.033660509975266706e+00
4.399999999985861905e+02 -7.593553613855668516e+00
4.404999999986182502e+02 -6.950018070726099673e+00
4.409999999986502530e+02 -6.491461943531221301e+00
4.414999999986823127e+02 -7.583978948739225956e+00
4.419999999987143156e+02 -7.216609317386754263e+00
4.424999999987463752e+02 -6.962488222710591756e+00
4.429999999987783781e+02 -7.126354014104054002e+00
4.434999999988104378e+02 -7.185481432777178767e+00
4.439999999988424406e+02 -7.586430862815954690e+00
4.444999999988745003e+02 -6.764816975273186372e+00
4.449999999989065032e+02 -7.336645514046836070e+00
4.454999999989385628e+02 -7.375949241225768560e+00
4.459999999989705657e+02 -7.221942440379055306e+00
4.464999999990026254e+02 -7.293280745527265019e+00
4.469999999990346282e+02 -7.418715242140584643e+00
4.474999999990666879e+02 -7.191346732158928390e+00
4.479999999990986908e+02 -7.039777642878734198e+00
4.484999999991307504e+02 -6.514750197062062043e+00
4.489999999991627533e+02 -7.327297712545385977e+00
4.494999999991948130e+02 -6.979190972246026803e+00
4.499999999992268727e+02 -6.834728211852942437e+00
4.504999999992588755e+02 -7.638150599110527850e+00
4.509999999992909352e+02 -7.006776105706411961e+00
4.514999999993229380e+02 -6.729572056577009853e+00
4.519999999993549977e+02 -7.082345843870180069e+00
4.524999999993870006e+02 -7.231653116705317963e+00
4.529999999994190603e+02 -7.486573180240939429e+00
4.534999999994510631e+02 -6.523736868778125420e+00
4.539999999994831228e+02 -7.111032909699665616e+00
4.544999999995151256e+02 -7.276561156809799868e+00
4.549999999995471853e+02 -6.653088404793452426e+00
4.554999999995791882e+02 -6.975001028074597542e+00
4.559999999996112479e+02 -7.391488150903625431e+00
4.564999999996432507e+02 -7.049163321233558932e+00
4.569999999996753104e+02 -7.333859605206978216e+00
4.574999999997073132e+02 -6.739789891123919574e+00
4.579999999997393729e+02 -7.225382988200214740e+00
4.584999999997714326e+02 -7.090799569556621051e+00
4.589999999998034355e+02 -6.734864468551331917e+00
4.594999999998354951e+02 -7.240945604008746095e+00
4.599999999998674980e+02 -7.223204776767481405e+00
4.604999999998995577e+02 -6.965834520717528733e+00
4.609999999999315605e+02 -7.165041675216270001e+00
4.614999999999636202e+02 -7.336689409466029765e+00
4.619999999999956231e+02 -6.938067120652291031e+00
4.625000000000276827e+02 -7.093979298561432500e+00
4.630000000000596856e+02 -7.423355728796145137e+00
4.635000000000917453e+02 -7.263503888711860590e+00
4.640000000001237481e+02 -7.080793678720834095e+00
4.645000000001558078e+02 -6.778639375594796235e+00
4.650000000001878107e+02 -6.930884483285512765e+00
4.655000000002198703e+02 -7.791539247488334929e+00
4.660000000002518732e+02 -7.288304108944732462e+00
4.665000000002839329e+02 -7.298182536406458532e+00
4.670000000003159357e+02 -7.330545383605866050e+00
4.675000000003479954e+02 -7.786804433514337376e+00
4.680000000003800551e+02 -7.655285099513431391e+00
4.685000000004120579e+02 -6.634079498161109534e+00
4.690000000004441176e+02 -6.565975337456294803e+00
4.695000000004761205e+02 -6.877122033756990049e+00
4.700000000005081802e+02 -7.451547350218695520e+00
4.705000000005401830e+02 -7.017232950290439142e+00
4.710000000005722427e+02 -7.057111695364802095e+00
4.715000000006042455e+02 -8.208439086871853974e+00
4.720000000006363052e+02 -6.749950186721521916e+00
4.725000000006683081e+02 -6.272275042871633843e+00
4.730000000007003678e+02 -8.074798471451734017e+00
4.735000000007323706e+02 -6.644461513200671909e+00
4.740000000007644303e+02 -6.837701400641483573e+00
4.745000000007964331e+02 -7.308969034741900295e+00
4.750000000008284928e+02 -7.468071050339445627e+00
4.755000000008604957e+02 -6.529493071168874785e+00
4.760000000008925554e+02 -6.972351189779377734e+00
4.765000000009246151e+02 -7.628347055642883845e+00
4.770000000009566179e+02 -7.458165342899269135e+00
4.775000000009886776e+02 -7.433482376199660457e+00
4.780000000010206804e+02 -6.997024434023573214e+00
4.785000000010527401e+02 -7.139360439040178363e+00
4.790000000010847430e+02 -6.679741425196937143e+00
4.795000000011168027e+02 -7.147689241990822673e+00
4.800000000011488055e+02 -6.966063404827444572e+00
4.805000000011808652e+02 -7.639974940749034715e+00
4.810000000012128680e+02 -7.042186893790677082e+00
4.815000000012449277e+02 -6.691880904500669303e+00
4.820000000012769306e+02 -7.522686604101751051e+00
4.825000000013089902e+02 -7.051969576853333699e+00
4.830000000013409931e+02 -7.385501234672486426e+00
4.835000000013730528e+02 -7.083589995106106763e+00
4.840000000014050556e+02 -6.975830639629456265e+00
4.845000000014371153e+02 -6.986652850480554733e+00
4.850000000014691750e+02 -6.215368802470681686e+00
4.855000000015011778e+02 -6.972625505650325017e+00
4.860000000015332375e+02 -7.129449362338658780e+00
4.865000000015652404e+02 -7.075998908950986710e+00
4.870000000015973001e+02 -6.697335729572432506e+00
4.875000000016293029e+02 -7.267623044330195903e+00
4.880000000016613626e+02 -6.666560863855128360e+00
4.885000000016933654e+02 -7.072601995064514924e+00
4.890000000017254251e+02 -7.109798144440889978e+00
4.895000000017574280e+02 -7.125431545282234325e+00
4.900000000017894877e+02 -7.200865153904791427e+00
4.905000000018214905e+02 -7.242917939649098358e+00
4.910000000018535502e+02 -7.207991645079318666e+00
4.915000000018855530e+02 -7.175508385023015023e+00
4.920000000019176127e+02 -7.154475207848605578e+00
4.925000000019496156e+02 -6.494985524551744938e+00
4.930000000019816753e+02 -7.275415292572128045e+00
4.935000000020136781e+02 -6.567736898408266910e+00
4.940000000020457378e+02 -7.177114257390647900e+00
4.945000000020777975e+02 -7.208516692802680481e+00
4.950000000021098003e+02 -7.136781934919677717e+00
4.955000000021418600e+02 -7.507347524337923517e+00
4.960000000021738629e+02 -7.221925081272495106e+00
4.965000000022059226e+02 -7.120180447769426380e+00
4.970000000022379254e+02 -6.736697444023285186e+00
4.975000000022699851e+02 -7.461527715826612450e+00
4.980000000023019879e+02 -7.077311817845486352e+00
4.985000000023340476e+02 -7.367073472236262965e+00
4.990000000023660505e+02 -6.936963881593333880e+00
4.995000000023981102e+02 -6.408546369760520278e+00
5.000000000024301130e+02 -7.232892409558339786e+00
5.005000000024621727e+02 -7.287075680244325504e+00
5.010000000024941755e+02 -6.845662538693147781e+00
5.015000000025262352e+02 -7.469755302416464460e+00
5.020000000025582381e+02 -7.135961417144965679e+00
5.025000000025902978e+02 -7.269011868310538027e+00
5.030000000026223574e+02 -6.852819814823225997e+00
5.035000000026543603e+02 -6.982510570811095718e+00
5.040000000026864200e+02 -6.815812165036804871e+00
5.045000000027184228e+02 -7.258240639137203409e+00
5.050000000027504825e+02 -7.365016277703761105e+00
5.055000000027824854e+02 -6.471638941091354624e+00
5.060000000028145450e+02 -7.277384064427118382e+00
5.065000000028465479e+02 -7.762660441507223119e+00
5.070000000028786076e+02 -6.798952853140635355e+00
5.075000000029106104e+02 -7.579542706814112130e+00
5.080000000029426701e+02 -7.077470002210078270e+00
5.085000000029746730e+02 -6.980101707577935244e+00
5.090000000030067326e+02 -7.103264244991163601e+00
5.095000000030387355e+02 -6.499768741489161172e+00
5.100000000030707952e+02 -7.417922057675748526e+00
5.105000000031027980e+02 -6.873750762840256989e+00
5.110000000031348577e+02 -7.492830875986363104e+00
5.115000000031668606e+02 -6.954667052622083290e+00
5.120000000031989202e+02 -6.993159763871397594e+00
5.125000000032309799e+02 -7.699343569260084230e+00
5.130000000032630396e+02 -7.084622166997860404e+00
5.135000000032949856e+02 -7.220562758901406752e+00
5.140000000033270453e+02 -6.779130468539769971e+00
5.145000000033591050e+02 -6.928176126976357097e+00
5.150000000033911647e+02 -7.531878351863861454e+00
5.155000000034231107e+02 -7.051095382199821238e+00
5.160000000034551704e+02 -6.887741727443168038e+00
5.165000000034872301e+02 -7.548674337226563225e+00
5.170000000035192897e+02 -7.218709443727058250e+00
5.175000000035512357e+02 -6.719304868803375186e+00
5.180000000035832954e+02 -7.567587005848519510e+00
5.185000000036153551e+02 -6.950303765188249550e+00
5.190000000036474148e+02 -7.276610231282382379e+00
5.195000000036793608e+02 -7.660737621380503626e+00
5.200000000037114205e+02 -7.186958295964637422e+00
5.205000000037434802e+02 -7.363037666810064330e+00
5.210000000037755399e+02 -7.086056334922385069e+00
5.215000000038075996e+02 -7.410282088681554136e+00
5.220000000038395456e+02 -7.243166524889849356e+00
5.225000000038716053e+02 -7.070884278657612931e+00
5.230000000039036649e+02 -7.558063071564903090e+00
5.235000000039357246e+02 -7.234163280069108914e+00
5.240000000039676706e+02 -7.316666763187161138e+00
5.245000000039997303e+02 -7.561972085485432871e+00
5.250000000040317900e+02 -7.508754638400859882e+00
5.255000000040638497e+02 -7.301234134927587327e+00
5.260000000040957957e+02 -7.253765668772022224e+00
5.265000000041278554e+02 -7.449666711461317092e+00
5.270000000041599151e+02 -6.969270397181857923e+00
5.275000000041919748e+02 -7.239430102999871330e+00
5.280000000042239208e+02 -7.592932078081973124e+00
5.285000000042559805e+02 -6.955274943670772814e+00
5.290000000042880401e+02 -6.211432015480895963e+00
5.295000000043200998e+02 -7.541578170677183834e+00
5.300000000043521595e+02 -7.259784070242448983e+00
5.305000000043841055e+02 -7.668877741012714466e+00
5.310000000044161652e+02 -7.352905404253815114e+00
5.315000000044482249e+02 -6.991925611915268846e+00
5.320000000044802846e+02 -7.173628048040290750e+00
5.325000000045122306e+02 -7.324608504481299853e+00
5.330000000045442903e+02 -7.267917505803344724e+00
5.335000000045763500e+02 -7.567348675324443441e+00
5.340000000046084097e+02 -6.534858716709436521e+00
5.345000000046403557e+02 -7.950003603876045766e+00
5.350000000046724153e+02 -7.042380873677002384e+00
5.355000000047044750e+02 -7.169643312749743203e+00
5.360000000047365347e+02 -8.063574508166722055e+00
5.365000000047684807e+02 -6.630333408660260552e+00
5.370000000048005404e+02 -7.603130588136155055e+00
5.375000000048326001e+02 -7.427247011756910489e+00
5.380000000048646598e+02 -7.967977068541457264e+00
5.385000000048967195e+02 -7.184053082033619475e+00
5.390000000049286655e+02 -6.654654944629204927e+00
5.395000000049607252e+02 -7.262420418572058445e+00
5.400000000049927849e+02 -7.569798501944070779e+00
5.405000000050248445e+02 -6.332223136309838019e+00
5.410000000050567905e+02 -7.360030072915112243e+00
5.415000000050888502e+02 -7.599578196036505418e+00
5.420000000051209099e+02 -7.203866205164964676e+00
5.425000000051529696e+02 -7.279248495163412436e+00
5.430000000051849156e+02 -7.362906288734690996e+00
5.435000000052169753e+02 -6.835658298729923921e+00
5.440000000052490350e+02 -7.152791679162660898e+00
5.445000000052810947e+02 -6.919450660911504514e+00
5.450000000053130407e+02 -7.452914393004995475e+00
5.455000000053451004e+02 -7.151545863343050868e+00
5.460000000053771601e+02 -6.771479607037672821e+00
5.465000000054092197e+02 -7.105472344506646998e+00
5.470000000054411657e+02 -7.163054715837254172e+00
5.475000000054732254e+02 -7.068849430225835562e+00
5.480000000055052851e+02 -7.095394532987488567e+00
5.485000000055373448e+02 -7.483577630797741520e+00
5.490000000055694045e+02 -6.521839671804232630e+00
5.495000000056013505e+02 -7.463552162049867711e+00
5.500000000056334102e+02 -7.636950789407126905e+00
5.505000000056654699e+02 -6.952537714722533124e+00
5.510000000056975296e+02 -6.878379510303526345e+00
5.515000000057294756e+02 -7.823911697817236721e+00
5.520000000057615352e+02 -6.915069415856239132e+00
5.525000000057935949e+02 -7.219690025439770231e+00
5.530000000058256546e+02 -7.397126698105591203e+00
5.535000000058576006e+02 -7.042883614654002145e+00
5.540000000058896603e+02 -7.186804190491796085e+00
5.545000000059217200e+02 -7.241211561477262748e+00
5.550000000059537797e+02 -6.515128561494862858e+00
5.555000000059857257e+02 -6.671023430857989212e+00
5.560000000060177854e+02 -7.220517030659348912e+00
5.565000000060498451e+02 -7.296062628383877424e+00
5.570000000060819048e+02 -7.037926999307760667e+00
5.575000000061139644e+02 -7.305004148633241101e+00
5.580000000061459104e+02 -6.819673961610329904e+00
5.585000000061779701e+02 -6.587328744176411455e+00
5.590000000062100298e+02 -7.240681140876414901e+00
5.595000000062420895e+02 -6.524019365284886796e+00
5.600000000062740355e+02 -7.587839018218820009e+00
5.605000000063060952e+02 -6.924378472025604303e+00
5.610000000063381549e+02 -6.568419485760077059e+00
5.615000000063702146e+02 -7.262926479934587398e+00
5.620000000064021606e+02 -7.397390090872068669e+00
5.625000000064342203e+02 -6.746137218736789620e+00
5.630000000064662800e+02 -7.406992731846814948e+00
5.635000000064983396e+02 -6.822321302140177401e+00
5.640000000065302856e+02 -6.952736243676302941e+00
5.645000000065623453e+02 -6.932977865197317513e+00
5.650000000065944050e+02 -7.058498504453368128e+00
5.655000000066264647e+02 -7.045117724255660185e+00
5.660000000066585244e+02 -6.865486553155720983e+00
5.665000000066904704e+02 -6.873381227722302533e+00
5.670000000067225301e+02 -7.091443651348448896e+00
5.675000000067545898e+02 -7.309379344379306254e+00
5.680000000067866495e+02 -6.622434081296644237e+00
5.685000000068185955e+02 -6.628756432010124655e+00
5.690000000068506552e+02 -7.444389968911069744e+00
5.695000000068827148e+02 -7.381169255911716576e+00
5.700000000069147745e+02 -6.805039882757556668e+00
5.705000000069467205e+02 -6.832891988299876651e+00
5.710000000069787802e+02 -7.174040335367133814e+00
5.715000000070108399e+02 -6.663958072506030561e+00
5.720000000070428996e+02 -7.261857901429622508e+00
5.725000000070748456e+02 -7.283877589951964993e+00
5.730000000071069053e+02 -7.135546015279707888e+00
5.735000000071389650e+02 -6.943727719031239864e+00
5.740000000071710247e+02 -7.073645690094235938e+00
5.745000000072030844e+02 -7.057929059551001139e+00
5.750000000072350304e+02 -7.361861520271798298e+00
5.755000000072670900e+02 -6.996655309270815692e+00
5.760000000072991497e+02 -7.287526121423992365e+00
5.765000000073312094e+02 -7.296690002255385110e+00
5.770000000073631554e+02 -6.547183018241944374e+00
5.775000000073952151e+02 -7.114586834072106569e+00
5.780000000074272748e+02 -7.358106140793413630e+00
5.785000000074593345e+02 -7.016147653563842290e+00
5.790000000074912805e+02 -6.744062021169107801e+00
5.795000000075233402e+02 -7.391482941322557565e+00
5.800000000075553999e+02 -7.175253304363217843e+00
5.805000000075874595e+02 -7.202195352201906431e+00
5.810000000076194056e+02 -7.405706997484745813e+00
5.815000000076514652e+02 -7.557361908689482988e+00
5.820000000076835249e+02 -7.611146312410034476e+00
5.825000000077155846e+02 -7.513730665496794359e+00
5.830000000077476443e+02 -6.950340518605412576e+00
5.835000000077795903e+02 -7.570497861556910735e+00
5.840000000078116500e+02 -7.231277804317572055e+00
5.845000000078437097e+02 -7.160279975991755919e+00
5.850000000078757694e+02 -7.211190677591400089e+00
5.855000000079077154e+02 -8.048074726175194371e+00
5.860000000079397751e+02 -6.843671340617263787e+00
5.865000000079718347e+02 -7.711346683699956905e+00
5.870000000080038944e+02 -6.876252127837426897e+00
5.875000000080358404e+02 -7.502319787056142886e+00
5.880000000080679001e+02 -7.398558078884041933e+00
5.885000000080999598e+02 -6.778950083357487166e+00
5.890000000081320195e+02 -7.734902185407911190e+00
5.895000000081639655e+02 -7.262347630607180804e+00
5.900000000081960252e+02 -7.220875548466103133e+00
5.905000000082280849e+02 -7.104236777205589881e+00
5.910000000082601446e+02 -7.217418078854575647e+00
5.915000000082920906e+02 -7.145685346492478551e+00
5.920000000083241503e+02 -6.972746340733382731e+00
5.925000000083562099e+02 -7.299181141376752890e+00
5.930000000083882696e+02 -7.057097706860642639e+00
5.935000000084203293e+02 -7.496224163666875384e+00
5.940000000084522753e+02 -7.539236358083035938e+00
5.945000000084843350e+02 -6.723153020042420103e+00
5.950000000085163947e+02 -7.255813304981153067e+00
5.955000000085484544e+02 -7.253036656254804981e+00
5.960000000085804004e+02 -7.246763805320698637e+00
5.965000000086124601e+02 -6.775012383958731732e+00
5.970000000086445198e+02 -7.478162009367308016e+00
5.975000000086765795e+02 -6.771511504703834561e+00
5.980000000087085255e+02 -7.509349381779273358e+00
5.985000000087405851e+02 -7.361870857696690251e+00
5.990000000087726448e+02 -6.590499669115189363e+00
5.995000000088047045e+02 -7.354821902353216423e+00
6.000000000088366505e+02 -6.907098965740020802e+00
6.005000000088687102e+02 -7.226186429004221701e+00
6.010000000089007699e+02 -7.612097894991575409e+00
6.015000000089328296e+02 -6.768040715047971112e+00
6.020000000089648893e+02 -6.542398793572906435e+00
6.025000000089968353e+02 -7.450198320354867398e+00
6.030000000090288950e+02 -7.101965197948127084e+00
6.035000000090609547e+02 -6.980376115308023266e+00
6.040000000090930143e+02 -7.507314738205430160e+00
6.045000000091249603e+02 -6.359973484525928811e+00
6.050000000091570200e+02 -6.782733745364787126e+00
6.055000000091890797e+02 -7.224640775470759557e+00
6.060000000092211394e+02 -7.442715400844583939e+00
6.065000000092530854e+02 -7.712689070503352617e+00
6.070000000092851451e+02 -7.173886198828918204e+00
6.075000000093172048e+02 -7.118943840736385198e+00
6.080000000093492645e+02 -6.655789690110766266e+00
6.085000000093812105e+02 -7.297315955918841190e+00
6.090000000094132702e+02 -6.945658372371819489e+00
6.095000000094453299e+02 -7.096953427055415098e+00
6.100000000094773895e+02 -7.329021915767331308e+00
6.105000000095094492e+02 -6.764647438521029343e+00
6.110000000095413952e+02 -7.204161311477538909e+00
6.115000000095734549e+02 -7.646068702078463453e+00
6.120000000096055146e+02 -7.096373661600943628e+00
6.125000000096375743e+02 -7.440703734088044641e+00
6.130000000096695203e+02 -6.766999622113224255e+00
6.135000000097015800e+02 -7.334934492852952737e+00
6.140000000097336397e+02 -6.650797452682638777e+00
6.145000000097656994e+02 -7.148764485120672418e+00
6.150000000097976454e+02 -7.539344351344644757e+00
6.155000000098297050e+02 -6.669804677058259301e+00
6.160000000098617647e+02 -7.588283823842613351e+00
6.165000000098938244e+02 -7.497209643467727780e+00
6.170000000099257704e+02 -6.942959834699422572e+00
6.175000000099578301e+02 -7.212557944683444688e+00
6.180000000099898898e+02 -7.739882487928182897e+00
6.185000000100219495e+02 -6.759666254070199720e+00
6.190000000100540092e+02 -7.166881841049103308e+00
6.195000000100859552e+02 -6.841115065344240520e+00
6.200000000101180149e+02 -7.380349565528991462e+00
6.205000000101500746e+02 -7.338281061794877047e+00
6.210000000101821342e+02 -7.000255195494381688e+00
6.215000000102140802e+02 -7.146103984062855297e+00
6.220000000102461399e+02 -7.074510425506834288e+00
6.225000000102781996e+02 -6.886925087660734413e+00
6.230000000103102593e+02 -7.325819117930563174e+00
6.235000000103422053e+02 -6.582290793469379508e+00
6.240000000103742650e+02 -7.122785476577442765e+00
6.245000000104063247e+02 -7.509532893184836411e+00
6.250000000104383844e+02 -6.630356666105151398e+00
6.255000000104703304e+02 -7.140728090183888099e+00
6.260000000105023901e+02 -7.351873704753614902e+00
6.265000000105344498e+02 -6.733737915813012620e+00
6.270000000105665094e+02 -7.220074177135807680e+00
6.275000000105985691e+02 -7.872854280865278831e+00
6.280000000106305151e+02 -6.959115256677074868e+00
6.285000000106625748e+02 -6.987256657544551608e+00
6.290000000106946345e+02 -6.696057509762854743e+00
6.295000000107266942e+02 -7.023786979978399181e+00
6.300000000107586402e+02 -6.850611695887854680e+00
6.305000000107906999e+02 -6.880428671446164657e+00
6.310000000108227596e+02 -6.703836532819130056e+00
6.315000000108548193e+02 -6.785411308572953715e+00
6.320000000108867653e+02 -7.085054193393337307e+00
6.325000000109188250e+02 -6.787856600921234218e+00
6.330000000109508846e+02 -7.417093487577608890e+00
6.335000000109829443e+02 -6.996697614214292926e+00
6.340000000110148903e+02 -6.874322352549450343e+00
6.345000000110469500e+02 -7.597146784800084873e+00
6.350000000110790097e+02 -7.340307500886842362e+00
6.355000000111110694e+02 -6.876477914549107950e+00
6.360000000111430154e+02 -7.670003823065481008e+00
6.365000000111750751e+02 -7.477882714475066805e+00
6.370000000112071348e+02 -6.966049352712118115e+00
6.375000000112391945e+02 -7.158116454937871076e+00
6.380000000112712542e+02 -7.077211117751617486e+00
6.385000000113032002e+02 -6.937565060911884629e+00
6.390000000113352598e+02 -6.670403439132775780e+00
6.395000000113673195e+02 -7.060803269829059481e+00
6.400000000113993792e+02 -7.104618843401039996e+00
6.405000000114313252e+02 -7.458477675297405796e+00
6.410000000114633849e+02 -7.120289419958353072e+00
6.415000000114954446e+02 -7.433878114613468036e+00
6.420000000115275043e+02 -7.734172788707987856e+00
6.425000000115594503e+02 -7.375308800123901776e+00
6.430000000115915100e+02 -7.244710552052445962e+00
6.435000000116235697e+02 -7.465363145082212881e+00
6.440000000116556294e+02 -7.249369669890952217e+00
6.445000000116875754e+02 -7.441701607443845568e+00
6.450000000117196350e+02 -7.268743418932301026e+00
6.455000000117516947e+02 -6.910546865524147542e+00
6.460000000117837544e+02 -7.399666123850501265e+00
6.465000000118158141e+02 -6.733615028652265799e+00
6.470000000118477601e+02 -7.464670691047066597e+00
6.475000000118798198e+02 -6.912745498082986551e+00
6.480000000119118795e+02 -7.636921211629036144e+00
6.485000000119439392e+02 -7.216021292375191187e+00
6.490000000119758852e+02 -7.397414634182098325e+00
6.495000000120079449e+02 -7.331537543452764538e+00
6.500000000120400045e+02 -6.676969430556193075e+00
6.505000000120720642e+02 -6.931310872448499083e+00
6.510000000121040102e+02 -6.751035414828620240e+00
6.515000000121360699e+02 -7.009031836927266390e+00
6.520000000121681296e+02 -6.765582720774796499e+00
6.525000000122001893e+02 -7.066558140123242460e+00
6.530000000122321353e+02 -7.693625858172493004e+00
6.535000000122641950e+02 -6.361311047453665601e+00
6.540000000122962547e+02 -6.594773901925660375e+00
6.545000000123283144e+02 -7.232508283180304254e+00
6.550000000123603741e+02 -7.471740061346245021e+00
6.555000000123923201e+02 -7.103659220738613556e+00
6.560000000124243797e+02 -7.622103233084326135e+00
6.565000000124564394e+02 -7.240105631724219393e+00
6.570000000124884991e+02 -7.179807828007566783e+00
6.575000000125204451e+02 -7.726274402964616428e+00
6.580000000125525048e+02 -7.133767085088863702e+00
6.585000000125845645e+02 -6.921105013581263066e+00
6.590000000126166242e+02 -6.735536996112594821e+00
6.595000000126485702e+02 -7.520415282094326415e+00
6.600000000126806299e+02 -7.128633726728581088e+00
6.605000000127126896e+02 -7.027671837524943399e+00
6.610000000127447493e+02 -7.010322073347908578e+00
6.615000000127766953e+02 -7.142969100631309409e+00
6.620000000128087549e+02 -6.984622309600108103e+00
6.625000000128408146e+02 -7.655210155965558982e+00
6.630000000128728743e+02 -6.705981243780728462e+00
6.635000000129049340e+02 -7.494851482761684558e+00
6.640000000129368800e+02 -6.954788400320323305e+00
6.645000000129689397e+02 -7.057114233037153461e+00
6.650000000130009994e+02 -7.560108886258758432e+00
6.655000000130330591e+02 -6.889208685764107720e+00
6.660000000130650051e+02 -7.062667200880458296e+00
6.665000000130970648e+02 -7.550665783247060503e+00
6.670000000131291245e+02 -7.107746430110511326e+00
6.675000000131611841e+02 -7.663162369510583716e+00
6.680000000131931301e+02 -7.152503492054401946e+00
6.685000000132251898e+02 -6.856769542288279951e+00
6.690000000132572495e+02 -6.852682816122590559e+00
6.695000000132893092e+02 -7.205064559139932712e+00
6.700000000133212552e+02 -7.214689298325748901e+00
6.705000000133533149e+02 -7.681074515706882266e+00
6.710000000133853746e+02 -7.224675682581405134e+00
6.715000000134174343e+02 -7.095123030265960473e+00
6.720000000134494940e+02 -7.378901591123375070e+00
6.725000000134814400e+02 -7.099313573571168767e+00
6.730000000135134997e+02 -6.813039074336383116e+00
6.735000000135455593e+02 -6.924691120054267124e+00
6.740000000135776190e+02 -7.629649170960616011e+00
6.745000000136095650e+02 -7.364252429189236615e+00
6.750000000136416247e+02 -7.397608954145777460e+00
6.755000000136736844e+02 -6.679907822787887639e+00
6.760000000137057441e+02 -7.453050445620545972e+00
6.765000000137376901e+02 -7.403218007000899270e+00
6.770000000137697498e+02 -6.972603343320598057e+00
6.775000000138018095e+02 -7.306538436415066506e+00
6.780000000138338692e+02 -7.590237842602208573e+00
6.785000000138658152e+02 -7.262967562944501410e+00
6.790000000138978749e+02 -7.172908003510352515e+00
6.795000000139299345e+02 -6.994379049121024927e+00
6.800000000139619942e+02 -6.772776015464681443e+00
6.805000000139939402e+02 -7.211547194959100793e+00
6.810000000140259999e+02 -7.264752778160583624e+00
6.815000000140580596e+02 -7.385423259034723742e+00
6.820000000140901193e+02 -7.172778358669467558e+00
6.825000000141221790e+02 -7.083552922961601439e+00
6.830000000141541250e+02 -7.124373134514503825e+00
6.835000000141861847e+02 -7.078018989233148872e+00
6.840000000142182444e+02 -7.169937002410662785e+00
6.845000000142503040e+02 -6.672454861574747653e+00
6.850000000142822500e+02 -7.103406173000873736e+00
6.855000000143143097e+02 -7.548248675730084400e+00
6.860000000143463694e+02 -7.320121576527389706e+00
6.865000000143784291e+02 -6.914982417574711882e+00
6.870000000144103751e+02 -7.085062868041051232e+00
6.875000000144424348e+02 -7.047803899507781189e+00
6.880000000144744945e+02 -7.087186403493658027e+00
6.885000000145065542e+02 -7.084933080185357390e+00
6.890000000145385002e+02 -7.497626889872911704e+00
6.895000000145705599e+02 -6.921357159350659316e+00
6.900000000146026196e+02 -7.431618113495301436e+00
6.905000000146346792e+02 -6.980377135595977833e+00
6.910000000146667389e+02 -7.394826272374581677e+00
6.915000000146986849e+02 -7.585094503066007299e+00
6.920000000147307446e+02 -7.167616404218050796e+00
6.925000000147628043e+02 -7.337749569769423275e+00
6.930000000147948640e+02 -6.722815792524753142e+00
6.935000000148268100e+02 -7.137259666941861092e+00
6.940000000148588697e+02 -7.023917095528664944e+00
6.945000000148909294e+02 -6.978906603432215583e+00
6.950000000149229891e+02 -7.432772556828707522e+00
6.955000000149549351e+02 -6.895671457507718038e+00
6.960000000149869948e+02 -6.998772752368029870e+00
6.965000000150190544e+02 -7.066683960675471887e+00
6.970000000150511141e+02 -7.263407652349631149e+00
6.975000000150830601e+02 -6.918640333819363164e+00
6.980000000151151198e+02 -7.353295224282053510e+00
6.985000000151471795e+02 -7.168351908893422220e+00
6.990000000151792392e+02 -7.111577954853726347e+00
6.995000000152112989e+02 -7.577240110951034779e+00
7.000000000152432449e+02 -7.119416923811601627e+00
7.005000000152753046e+02 -7.153332276253960842e+00
7.010000000153073643e+02 -7.311900840005711721e+00
7.015000000153394240e+02 -7.257993133114515771e+00
7.020000000153713700e+02 -7.472093573642845321e+00
7.025000000154034296e+02 -7.136240463422615754e+00
7.030000000154354893e+02 -6.672412078813424685e+00
7.035000000154675490e+02 -7.305210819701401626e+00
7.040000000154994950e+02 -6.654105486260919022e+00
7.045000000155315547e+02 -7.335458082558410808e+00
7.050000000155636144e+02 -7.247195243514481966e+00
7.055000000155956741e+02 -7.095369405315945954e+00
7.060000000156276201e+02 -7.173918256560178897e+00
7.065000000156596798e+02 -7.521556050037979446e+00
7.070000000156917395e+02 -6.886741878929176330e+00
7.075000000157237992e+02 -7.048968794553307937e+00
7.080000000157558588e+02 -7.151174981419305077e+00
7.085000000157878048e+02 -7.213989652219015447e+00
7.090000000158198645e+02 -6.991245344193107947e+00
7.095000000158519242e+02 -6.970000161543795869e+00
7.100000000158839839e+02 -7.390477505520879120e+00
7.105000000159159299e+02 -7.198536305922805134e+00
7.110000000159479896e+02 -6.494655358397930733e+00
7.115000000159800493e+02 -7.607770027243458522e+00
7.120000000160121090e+02 -6.805786544210715938e+00
7.125000000160440550e+02 -7.411449716054850256e+00
7.130000000160761147e+02 -6.983484452236132789e+00
7.135000000161081743e+02 -7.294956376407185417e+00
7.140000000161402340e+02 -6.563214230871464494e+00
7.145000000161721800e+02 -7.231475876484410925e+00
7.150000000162042397e+02 -7.362688802803424970e+00
7.155000000162362994e+02 -7.074660073845913999e+00
7.160000000162683591e+02 -7.306283694192287292e+00
7.165000000163003051e+02 -7.252710179039574712e+00
7.170000000163323648e+02 -7.142936722448274267e+00
7.175000000163644245e+02 -6.757667408593909464e+00
7.180000000163964842e+02 -7.174437656017107479e+00
7.185000000164285439e+02 -7.197984494068399464e+00
7.190000000164604899e+02 -7.215105097945017754e+00
7.195000000164925495e+02 -6.613984355603083287e+00
7.200000000165246092e+02 -6.735414111265999537e+00
7.205000000165566689e+02 -7.248011821724802850e+00
7.210000000165886149e+02 -6.835704694381438351e+00
7.215000000166206746e+02 -7.217065099545632911e+00
7.220000000166527343e+02 -7.150067334611037495e+00
7.225000000166847940e+02 -7.203645510061360113e+00
7.230000000167167400e+02 -7.125921126984662735e+00
7.235000000167487997e+02 -6.854086251551030351e+00
7.240000000167808594e+02 -6.931013956329343806e+00
7.245000000168129191e+02 -6.772536862645114120e+00
7.250000000168448651e+02 -6.999361397571353116e+00
7.255000000168769247e+02 -7.276344213691110951e+00
7.260000000169089844e+02 -6.691137002816804902e+00
7.265000000169410441e+02 -6.857106058585851649e+00
7.270000000169731038e+02 -7.820207875510664763e+00
7.275000000170050498e+02 -6.764623157039070911e+00
7.280000000170371095e+02 -7.182042933027997123e+00
7.285000000170691692e+02 -7.110382319726243239e+00
7.290000000171012289e+02 -6.711757398911307959e+00
7.295000000171331749e+02 -7.474691053616803416e+00
7.300000000171652346e+02 -6.784847284497740105e+00
7.305000000171972943e+02 -7.510062551342484127e+00
7.310000000172293539e+02 -6.923413449443184042e+00
7.315000000172612999e+02 -6.969711268902953449e+00
7.320000000172933596e+02 -6.109356525081437894e+00
7.325000000173254193e+02 -6.909525217893954796e+00
7.330000000173574790e+02 -6.531090528015834451e+00
7.335000000173894250e+02 -6.706457318897466102e+00
7.340000000174214847e+02 -8.201922060073108867e+00
7.345000000174535444e+02 -6.584614466531144572e+00
7.350000000174856041e+02 -7.016517771991804153e+00
7.355000000175176638e+02 -7.100339611012131513e+00
7.360000000175496098e+02 -6.873112948733637317e+00
7.365000000175816695e+02 -6.891202829353407999e+00
7.370000000176137291e+02 -7.691209332096662799e+00
7.375000000176457888e+02 -6.775967286798178613e+00
7.380000000176777348e+02 -6.850450252902597015e+00
7.385000000177097945e+02 -7.446223414230422222e+00
7.390000000177418542e+02 -6.410252569141110079e+00
7.395000000177739139e+02 -6.823582342011915713e+00
7.400000000178058599e+02 -7.301420828170617661e+00
7.405000000178379196e+02 -7.249378048010336251e+00
7.410000000178699793e+02 -7.355032078176080290e+00
7.415000000179020390e+02 -7.230982237904450827e+00
7.420000000179339850e+02 -6.947812151100437816e+00
7.425000000179660447e+02 -7.069136854734149544e+00
7.430000000179981043e+02 -6.541638680027237918e+00
7.435000000180301640e+02 -6.745582002987106307e+00
7.440000000180622237e+02 -7.233705779523313950e+00
7.445000000180941697e+02 -6.860224794241289281e+00
7.450000000181262294e+02 -7.142449822767551026e+00
7.455000000181582891e+02 -7.332583992971887454e+00
7.460000000181903488e+02 -7.134275983658554310e+00
7.465000000182222948e+02 -7.213695835757978791e+00
7.470000000182543545e+02 -7.830697070837890017e+00
7.475000000182864142e+02 -6.755001376780273681e+00
7.480000000183184738e+02 -7.288503731945427333e+00
7.485000000183504199e+02 -7.239859727809532686e+00
7.490000000183824795e+02 -6.835727518873327746e+00
7.495000000184145392e+02 -7.318352306383197003e+00
7.500000000184465989e+02 -6.632558988668566080e+00
7.505000000184785449e+02 -6.971114446480826565e+00
7.510000000185106046e+02 -7.368466589753883689e+00
7.515000000185426643e+02 -7.321057193542857888e+00
7.520000000185747240e+02 -7.161190518793972615e+00
7.525000000186067837e+02 -7.307373686973995142e+00
7.530000000186387297e+02 -6.671271424718458576e+00
7.535000000186707894e+02 -6.801485089664368822e+00
7.540000000187028490e+02 -7.338609433688636052e+00
7.545000000187349087e+02 -6.733072025294108975e+00
7.550000000187668547e+02 -7.385767422646940972e+00
7.555000000187989144e+02 -7.062775755931788524e+00
7.560000000188309741e+02 -7.118674499490019514e+00
7.565000000188630338e+02 -6.823418361547535227e+00
7.570000000188949798e+02 -7.057863005314205296e+00
7.575000000189270395e+02 -6.874235737598759499e+00
7.580000000189590992e+02 -7.391913451110080580e+00
7.585000000189911589e+02 -7.068020371056721096e+00
7.590000000190231049e+02 -6.752237569037044196e+00
7.595000000190551646e+02 -6.894147374250144011e+00
7.600000000190872242e+02 -7.156472825612522293e+00
7.605000000191192839e+02 -7.085135764863760066e+00
7.610000000191512299e+02 -7.071967900453756783e+00
7.615000000191832896e+02 -7.469473698048983756e+00
7.620000000192153493e+02 -6.978727046958669966e+00
7.625000000192474090e+02 -6.941472880609011575e+00
7.630000000192794687e+02 -7.071391913372157667e+00
7.635000000193114147e+02 -7.392799241363907647e+00
7.640000000193434744e+02 -7.213614625518116164e+00
7.645000000193755341e+02 -6.954291809083987808e+00
7.650000000194075938e+02 -7.284900370662353630e+00
7.655000000194395398e+02 -7.446558511555984694e+00
7.660000000194715994e+02 -6.400274504228759653e+00
7.665000000195036591e+02 -7.049965132814221214e+00
7.670000000195357188e+02 -7.476228724624096600e+00
7.675000000195676648e+02 -7.271922272805350751e+00
7.680000000195997245e+02 -6.770374699712075284e+00
7.685000000196317842e+02 -6.783429769570034296e+00
7.690000000196638439e+02 -7.745866790282352810e+00
7.695000000196957899e+02 -7.542592575611434036e+00
7.700000000197278496e+02 -7.198809630079718858e+00
7.705000000197599093e+02 -6.849248155340893263e+00
7.710000000197919690e+02 -7.362175108882368590e+00
7.715000000198240286e+02 -6.984195285738833192e+00
7.720000000198559746e+02 -6.823370080549531203e+00
7.725000000198880343e+02 -6.960377209211983107e+00
7.730000000199200940e+02 -7.268815764150986070e+00
7.735000000199521537e+02 -7.280453890748468382e+00
7.740000000199840997e+02 -6.968794804249084152e+00
7.745000000200161594e+02 -7.243594126596461180e+00
7.750000000200482191e+02 -7.107501614356122488e+00
7.755000000200802788e+02 -6.760593205277838358e+00
7.760000000201122248e+02 -6.913250122088228089e+00
7.765000000201442845e+02 -6.932765706428098085e+00
7.770000000201763442e+02 -7.603792092240587941e+00
7.775000000202084038e+02 -6.805138951500287803e+00
7.780000000202403498e+02 -7.345112289679014417e+00
7.785000000202724095e+02 -6.736248357034662071e+00
7.790000000203044692e+02 -7.645971782844138254e+00
7.795000000203365289e+02 -7.059185696293910794e+00
7.800000000203685886e+02 -7.598025030551348813e+00
7.805000000204005346e+02 -7.057399265361721241e+00
7.810000000204325943e+02 -6.431820574276361668e+00
7.815000000204646540e+02 -6.349576080819760548e+00
7.820000000204967137e+02 -7.189861991501270033e+00
7.825000000205286597e+02 -7.258731740367696084e+00
7.830000000205607193e+02 -7.551475999637192515e+00
7.835000000205927790e+02 -6.811494090938200685e+00
7.840000000206248387e+02 -6.925219883417349287e+00
7.845000000206567847e+02 -7.169159217820546104e+00
7.850000000206888444e+02 -7.063774539223414806e+00
7.855000000207209041e+02 -7.291909201568227417e+00
7.860000000207529638e+02 -7.471406252520897517e+00
7.865000000207849098e+02 -6.445394981451888938e+00
7.870000000208169695e+02 -6.974429807103724066e+00
7.875000000208490292e+02 -7.423301391135266769e+00
7.880000000208810889e+02 -6.938911038021342570e+00
7.885000000209131485e+02 -7.225894411118473748e+00
7.890000000209450945e+02 -7.374553457276710411e+00
7.895000000209771542e+02 -7.008176294433529741e+00
7.900000000210092139e+02 -6.937264790452539742e+00
7.905000000210412736e+02 -7.160368930638656870e+00
7.910000000210732196e+02 -7.612000113065864326e+00
7.915000000211052793e+02 -6.965346491167581533e+00
7.920000000211373390e+02 -6.763816053010986984e+00
7.925000000211693987e+02 -7.340263456533901554e+00
7.930000000212013447e+02 -7.234699060267444359e+00
7.935000000212334044e+02 -7.282056440383660956e+00
7.940000000212654641e+02 -7.063950396181953195e+00
7.945000000212975237e+02 -7.628331483354926945e+00
7.950000000213294697e+02 -7.693768517403378304e+00
7.955000000213615294e+02 -7.266499825400132728e+00
7.960000000213935891e+02 -6.681516626919736801e+00
7.965000000214256488e+02 -6.899922003228302181e+00
7.970000000214577085e+02 -7.418613335970940525e+00
7.975000000214896545e+02 -6.926391322229001446e+00
7.980000000215217142e+02 -7.336202890813057209e+00
7.985000000215537739e+02 -7.278811030802401660e+00
7.990000000215858336e+02 -6.778257409310192827e+00
7.995000000216177796e+02 -7.123214821601357549e+00
8.000000000216498393e+02 -7.721531569424643138e+00
8.005000000216818989e+02 -6.963527329189013848e+00
8.010000000217139586e+02 -7.611447447179314096e+00
8.015000000217459046e+02 -7.356524147174102524e+00
8.020000000217779643e+02 -6.619153267591350698e+00
8.025000000218100240e+02 -7.873119983092594865e+00
8.030000000218420837e+02 -6.730448857478287472e+00
8.035000000218740297e+02 -7.417020656866746720e+00
8.040000000219060894e+02 -6.663632566855081762e+00
8.045000000219381491e+02 -7.353264408665499019e+00
8.050000000219702088e+02 -7.116080987986730833e+00
8.055000000220021548e+02 -7.100402536009097432e+00
8.060000000220342145e+02 -7.204224320017595495e+00
8.065000000220662741e+02 -7.273934564855426110e+00
8.070000000220983338e+02 -7.258615141767085888e+00
8.075000000221303935e+02 -7.375259520693796311e+00
8.080000000221623395e+02 -6.626121134656084877e+00
8.085000000221943992e+02 -6.985061881404094564e+00
8.090000000222264589e+02 -7.078442773137965105e+00
8.095000000222585186e+02 -7.581880717607160314e+00
8.100000000222904646e+02 -6.388396890408878370e+00
8.105000000223225243e+02 -7.539334582697464704e+00
8.110000000223545840e+02 -7.124807585786098407e+00
8.115000000223866436e+02 -7.305567784570741630e+00
8.120000000224185897e+02 -7.068042412744079073e+00
8.125000000224506493e+02 -6.911410838323218009e+00
8.130000000224827090e+02 -7.302316697620217845e+00
8.135000000225147687e+02 -6.716028944422087754e+00
8.140000000225467147e+02 -7.734823936433871339e+00
8.145000000225787744e+02 -6.816661606517371297e+00
8.150000000226108341e+02 -7.635126239062944187e+00
8.155000000226428938e+02 -7.105950347093658692e+00
8.160000000226749535e+02 -7.201964335322683652e+00
8.165000000227068995e+02 -6.757670745321156858e+00
8.170000000227389592e+02 -6.757539519625693991e+00
8.175000000227710188e+02 -7.032545285616775388e+00
8.180000000228030785e+02 -7.226480285688392513e+00
8.185000000228350245e+02 -7.178632312899423162e+00
8.190000000228670842e+02 -6.936910028294282604e+00
8.195000000228991439e+02 -6.997857503325067619e+00
8.200000000229312036e+02 -6.939305689936385413e+00
8.205000000229631496e+02 -7.391853674139912123e+00
8.210000000229952093e+02 -6.471204563621790307e+00
8.215000000230272690e+02 -7.169982486437388225e+00
8.220000000230593287e+02 -6.957601652792586577e+00
8.225000000230912747e+02 -6.868026511861812899e+00
8.230000000231233344e+02 -7.040886365353767218e+00
8.235000000231553940e+02 -7.416407102003414131e+00
8.240000000231874537e+02 -6.845952507881040816e+00
8.245000000232195134e+02 -6.994953989309929732e+00
8.250000000232514594e+02 -7.118768340418367480e+00
8.255000000232835191e+02 -6.622396372964529654e+00
8.260000000233155788e+02 -7.523923090725440410e+00
8.265000000233476385e+02 -6.766388766489715323e+00
8.270000000233795845e+02 -6.196730139256231062e+00
8.275000000234116442e+02 -7.015006696506252304e+00
8.280000000234437039e+02 -7.155582135112556585e+00
8.285000000234757636e+02 -7.498704028690034384e+00
8.290000000235077096e+02 -7.109862694171903641e+00
8.295000000235397692e+02 -7.168028843027341779e+00
8.300000000235718289e+02 -7.265863642994428773e+00
8.305000000236038886e+02 -7.147650966597012712e+00
8.310000000236358346e+02 -7.514332142171467055e+00
8.315000000236678943e+02 -7.002156926689854011e+00
8.320000000236999540e+02 -7.412088407259425971e+00
8.325000000237320137e+02 -7.393087268947495794e+00
8.330000000237640734e+02 -7.467351034657873754e+00
8.335000000237960194e+02 -7.244393831206314971e+00
8.340000000238280791e+02 -6.680812238327868080e+00
8.345000000238601388e+02 -7.036843820735473543e+00
8.350000000238921984e+02 -7.013931169115947384e+00
8.355000000239241444e+02 -7.057147916996282078e+00
8.360000000239562041e+02 -7.270339070681174576e+00
8.365000000239882638e+02 -6.931503220943714183e+00
8.370000000240203235e+02 -7.253739827684259289e+00
8.375000000240522695e+02 -6.895478951865890771e+00
8.380000000240843292e+02 -7.162090420900721455e+00
8.385000000241163889e+02 -7.178171726924035490e+00
8.390000000241484486e+02 -7.443810883090967501e+00
8.395000000241803946e+02 -6.894210546104980963e+00
8.400000000242124543e+02 -7.605514371245983618e+00
8.405000000242445140e+02 -7.190277876711745009e+00
8.410000000242765736e+02 -7.003656379081927952e+00
8.415000000243086333e+02 -7.273632013120960416e+00
8.420000000243405793e+02 -7.107918627230322528e+00
8.425000000243726390e+02 -6.755294955725002382e+00
8.430000000244046987e+02 -6.768019585221735746e+00
8.435000000244367584e+02 -7.053335835830233158e+00
8.440000000244687044e+02 -7.286199100177640275e+00
8.445000000245007641e+02 -7.008750846513708943e+00
8.450000000245328238e+02 -7.685326215211902401e+00
8.455000000245648835e+02 -7.316679931547358073e+00
8.460000000245968295e+02 -6.995629110145209495e+00
8.465000000246288892e+02 -7.818020986419983664e+00
8.470000000246609488e+02 -6.864826758078376834e+00
8.475000000246930085e+02 -7.275964778563772661e+00
8.480000000247249545e+02 -7.195015468155380844e+00
8.485000000247570142e+02 -6.747444964562032688e+00
8.490000000247890739e+02 -7.001553859963015825e+00
8.495000000248211336e+02 -6.710115174311063413e+00
8.500000000248530796e+02 -6.911477990488142709e+00
8.505000000248851393e+02 -6.727491961444163948e+00
8.510000000249171990e+02 -7.571917327394761976e+00
8.515000000249492587e+02 -7.263815195402847813e+00
8.520000000249813183e+02 -6.710591027825309141e+00
8.525000000250132643e+02 -6.505861636683995641e+00
8.530000000250453240e+02 -7.341273854311261005e+00
8.535000000250773837e+02 -6.865984377428847374e+00
8.540000000251094434e+02 -6.936995354758739296e+00
8.545000000251413894e+02 -6.676714561376343227e+00
8.550000000251734491e+02 -7.409506491083853064e+00
8.555000000252055088e+02 -7.062696186005045895e+00
8.560000000252375685e+02 -6.765704487576956971e+00
8.565000000252695145e+02 -6.962012813576113679e+00
8.570000000253015742e+02 -7.349863644242805805e+00
8.575000000253336339e+02 -7.086534528322982140e+00
8.580000000253656935e+02 -7.434357971968226231e+00
8.585000000253976395e+02 -8.173487512217214146e+00
8.590000000254296992e+02 -6.739385271594453108e+00
8.595000000254617589e+02 -7.185704030972749123e+00
8.600000000254938186e+02 -7.738459527261853488e+00
8.605000000255258783e+02 -7.611867278631494926e+00
8.610000000255578243e+02 -7.183325374433123578e+00
8.615000000255898840e+02 -7.657429771855682965e+00
8.620000000256219437e+02 -7.503473833560025064e+00
8.625000000256540034e+02 -7.512452668618531781e+00
8.630000000256859494e+02 -7.012860714459335121e+00
8.635000000257180091e+02 -7.203352515243923726e+00
8.640000000257500687e+02 -7.081158271059852183e+00
8.645000000257821284e+02 -7.108552705006166761e+00
8.650000000258140744e+02 -7.427629726482726902e+00
8.655000000258461341e+02 -6.753911415022376019e+00
8.660000000258781938e+02 -7.356080904688500510e+00
8.665000000259102535e+02 -6.850188780465126470e+00
8.670000000259421995e+02 -6.858182509054535636e+00
8.675000000259742592e+02 -7.091524576491810450e+00
8.680000000260063189e+02 -7.164364155231202069e+00
8.685000000260383786e+02 -7.022135891636435368e+00
8.690000000260704383e+02 -6.672768602531272464e+00
8.695000000261023843e+02 -6.765820169874292134e+00
8.700000000261344439e+02 -7.043200372175386192e+00
8.705000000261665036e+02 -7.454644913990364330e+00
8.710000000261985633e+02 -6.787620923951921625e+00
8.715000000262305093e+02 -6.408420126296004327e+00
8.720000000262625690e+02 -6.925139580009417095e+00
8.725000000262946287e+02 -7.155187670264342437e+00
8.730000000263266884e+02 -7.398231708907616166e+00
8.735000000263586344e+02 -7.045940101120326204e+00
8.740000000263906941e+02 -7.120386971970480872e+00
8.745000000264227538e+02 -7.004576617619026280e+00
8.750000000264548135e+02 -7.499361738620391904e+00
8.755000000264867595e+02 -6.970779059607977501e+00
8.760000000265188191e+02 -6.964973077904793364e+00
8.765000000265508788e+02 -7.077621852264320168e+00
8.770000000265829385e+02 -6.719588890342105714e+00
8.775000000266149982e+02 -7.566434060495676128e+00
8.780000000266469442e+02 -7.571526310452465047e+00
8.785000000266790039e+02 -7.075315471792910316e+00
8.790000000267110636e+02 -7.518870285383336238e+00
8.795000000267431233e+02 -7.384673910167078859e+00
8.800000000267750693e+02 -7.324999442319660048e+00
8.805000000268071290e+02 -7.232514071464014371e+00
8.810000000268391886e+02 -7.234939449804983269e+00
8.815000000268712483e+02 -6.743944970345619794e+00
8.820000000269031943e+02 -6.781683553572516843e+00
8.825000000269352540e+02 -7.675037535828669988e+00
8.830000000269673137e+02 -6.821208907734776616e+00
8.835000000269993734e+02 -7.266718318715969183e+00
8.840000000270313194e+02 -7.868058114255489066e+00
8.845000000270633791e+02 -6.874686485933991342e+00
8.850000000270954388e+02 -7.341455714184724535e+00
8.855000000271274985e+02 -7.422607744395382845e+00
8.860000000271595582e+02 -6.943231560657452839e+00
8.865000000271915042e+02 -7.142856509022162292e+00
8.870000000272235638e+02 -7.703167904788149833e+00
8.875000000272556235e+02 -7.144663785120207500e+00
8.880000000272876832e+02 -7.109231425507537061e+00
8.885000000273196292e+02 -7.361684048781865108e+00
8.890000000273516889e+02 -7.320025467613501924e+00
8.895000000273837486e+02 -6.501701004910692028e+00
8.900000000274158083e+02 -6.962906031215629454e+00
8.905000000274477543e+02 -7.095247675465725656e+00
8.910000000274798140e+02 -6.723140176755804553e+00
8.915000000275118737e+02 -7.164353263322166043e+00
8.920000000275439334e+02 -6.932113891949861717e+00
8.925000000275758794e+02 -7.082708402690458094e+00
8.930000000276079390e+02 -7.368504396660980227e+00
8.935000000276399987e+02 -7.265519248853265388e+00
8.940000000276720584e+02 -7.042261695702212165e+00
8.945000000277040044e+02 -6.875635045366355946e+00
8.950000000277360641e+02 -6.887425827328002015e+00
8.955000000277681238e+02 -6.676978271243463325e+00
8.960000000278001835e+02 -6.694721191578563158e+00
8.965000000278322432e+02 -7.111153933329338095e+00
8.970000000278641892e+02 -6.545115202139338173e+00
8.975000000278962489e+02 -7.273114923480425986e+00
8.980000000279283086e+02 -7.531812832468739671e+00
8.985000000279603682e+02 -7.401447975255667444e+00
8.990000000279923142e+02 -7.196115791408138840e+00
8.995000000280243739e+02 -6.724396344964346461e+00
9.000000000280564336e+02 -7.051839556859279767e+00
9.005000000280884933e+02 -7.250429829972707019e+00
9.010000000281204393e+02 -7.129425745392949487e+00
9.015000000281524990e+02 -7.149933388993285455e+00
9.020000000281845587e+02 -7.837399133247568095e+00
9.025000000282166184e+02 -6.479382878134346768e+00
9.030000000282485644e+02 -7.866163290466271718e+00
9.035000000282806241e+02 -7.028103964097929257e+00
9.040000000283126838e+02 -6.729763152802801685e+00
9.045000000283447434e+02 -7.216873822426503438e+00
9.050000000283768031e+02 -7.071479069752755642e+00
9.055000000284087491e+02 -7.099113912244980895e+00
9.060000000284408088e+02 -7.149293745288612278e+00
9.065000000284728685e+02 -6.684835100232047189e+00
9.070000000285049282e+02 -6.852003621659954469e+00
9.075000000285368742e+02 -7.520801541777653476e+00
9.080000000285689339e+02 -6.915615696565243553e+00
9.085000000286009936e+02 -6.893573522490773264e+00
9.090000000286330533e+02 -7.348165341908740267e+00
9.095000000286649993e+02 -7.136600077426666466e+00
9.100000000286970590e+02 -7.240473690752274649e+00
9.105000000287291186e+02 -7.360025840744397030e+00
9.110000000287611783e+02 -7.711661335427090869e+00
9.115000000287931243e+02 -7.186836713048471381e+00
9.120000000288251840e+02 -7.408023357246316998e+00
9.125000000288572437e+02 -7.611896234541122297e+00
9.130000000288893034e+02 -7.060556028661333805e+00
9.135000000289213631e+02 -7.539391391716923074e+00
9.140000000289533091e+02 -7.043376549438850276e+00
9.145000000289853688e+02 -7.586608469639357644e+00
9.150000000290174285e+02 -6.920017200373277610e+00
9.155000000290494881e+02 -6.947070820439275707e+00
9.160000000290814341e+02 -7.180343821304471241e+00
9.165000000291134938e+02 -7.278710124871250464e+00
9.170000000291455535e+02 -7.127011358143282571e+00
9.175000000291776132e+02 -6.873954946226302098e+00
9.180000000292095592e+02 -7.042318759732292044e+00
9.185000000292416189e+02 -7.316383305470753662e+00
9.190000000292736786e+02 -7.131683730887848682e+00
9.195000000293057383e+02 -7.177072091610330773e+00
9.200000000293376843e+02 -7.064129208398412629e+00
9.205000000293697440e+02 -7.239176768483788216e+00
9.210000000294018037e+02 -7.011267950895113010e+00
9.215000000294338633e+02 -7.410294528591043317e+00
9.220000000294659230e+02 -7.231082457356801996e+00
9.225000000294978690e+02 -7.259093953153493040e+00
9.230000000295299287e+02 -6.633416354074252119e+00
9.235000000295619884e+02 -6.209900070305415909e+00
9.240000000295940481e+02 -6.997230838830109434e+00
9.245000000296259941e+02 -7.214736855397020143e+00
9.250000000296580538e+02 -6.736351800151971325e+00
9.255000000296901135e+02 -6.922060169291430753e+00
9.260000000297221732e+02 -6.617562543785648010e+00
9.265000000297541192e+02 -7.387708098667762791e+00
9.270000000297861789e+02 -7.612169191016326053e+00
9.275000000298182385e+02 -6.740775183515752111e+00
9.280000000298502982e+02 -7.148175919164690306e+00
9.285000000298822442e+02 -7.196736438670861880e+00
9.290000000299143039e+02 -7.140680596693998794e+00
9.295000000299463636e+02 -7.554090058978883526e+00
9.300000000299784233e+02 -7.907886289454745032e+00
9.305000000300104830e+02 -7.273084066406457104e+00
9.310000000300424290e+02 -7.272737763016215773e+00
9.315000000300744887e+02 -7.067638392426431437e+00
9.320000000301065484e+02 -6.502372055452139143e+00
9.325000000301386081e+02 -7.210382183327995520e+00
9.330000000301705541e+02 -7.505373634442627839e+00
9.335000000302026137e+02 -7.010274053047116816e+00
9.340000000302346734e+02 -6.981566512351058407e+00
9.345000000302667331e+02 -6.527941104754179769e+00
9.350000000302986791e+02 -7.556932362757785349e+00
9.355000000303307388e+02 -6.986550806179946171e+00
9.360000000303627985e+02 -6.710445303761347624e+00
9.365000000303948582e+02 -6.969761273679297986e+00
9.370000000304268042e+02 -6.802720362232742346e+00
9.375000000304588639e+02 -7.298346334731945717e+00
9.380000000304909236e+02 -6.934152918122750364e+00
9.385000000305229833e+02 -7.369032744408103852e+00
9.390000000305549293e+02 -7.360388353864458999e+00
9.395000000305869889e+02 -6.439636439383344957e+00
9.400000000306190486e+02 -7.466481678046641868e+00
9.405000000306511083e+02 -7.139433052411520819e+00
9.410000000306831680e+02 -7.159078955444864611e+00
9.415000000307151140e+02 -7.439256003619371782e+00
9.420000000307471737e+02 -7.011866521634598115e+00
9.425000000307792334e+02 -7.487213280864620124e+00
9.430000000308112931e+02 -6.253513372304948525e+00
9.435000000308432391e+02 -7.040781040765468290e+00
9.440000000308752988e+02 -7.492436380527331963e+00
9.445000000309073585e+02 -6.027914010963034031e+00
9.450000000309394181e+02 -8.023432270889889750e+00
9.455000000309713641e+02 -6.403462077670127428e+00
9.460000000310034238e+02 -6.928955477649056505e+00
9.465000000310354835e+02 -7.601483073652911315e+00
9.470000000310675432e+02 -6.373180731544985100e+00
9.475000000310994892e+02 -7.135814035283631007e+00
9.480000000311315489e+02 -7.117161694271756822e+00
9.485000000311636086e+02 -7.186649230830100876e+00
9.490000000311956683e+02 -7.598782306959754429e+00
9.495000000312277280e+02 -7.030803857246609390e+00
9.500000000312596740e+02 -7.180558107305365922e+00
9.505000000312917336e+02 -7.241392467301777991e+00
9.510000000313237933e+02 -6.513953061706450498e+00
9.515000000313558530e+02 -7.253270645656687776e+00
9.520000000313877990e+02 -7.314038409390770212e+00
9.525000000314198587e+02 -7.392117161792454816e+00
9.530000000314519184e+02 -7.004400474613165173e+00
9.535000000314839781e+02 -6.787492388384555930e+00
9.540000000315159241e+02 -6.924897640354160444e+00
9.545000000315479838e+02 -7.712676018091086938e+00
9.550000000315800435e+02 -7.057398617251195105e+00
9.555000000316121032e+02 -6.158514169266812388e+00
9.560000000316440492e+02 -7.855580091464977599e+00
9.565000000316761088e+02 -6.969690420811067710e+00
9.570000000317081685e+02 -6.881072308608919386e+00
9.575000000317402282e+02 -7.199645313443656214e+00
9.580000000317722879e+02 -7.085504830049067948e+00
9.585000000318042339e+02 -7.429008996388806629e+00
9.590000000318362936e+02 -7.121746998795667416e+00
9.595000000318683533e+02 -7.037709410031514068e+00
9.600000000319004130e+02 -6.865500145336774551e+00
9.605000000319323590e+02 -6.861796324030636995e+00
9.610000000319644187e+02 -7.250343015321143447e+00
9.615000000319964784e+02 -6.869044277996815495e+00
9.620000000320285380e+02 -6.905942255125303575e+00
9.625000000320604840e+02 -7.409250776437527719e+00
9.630000000320925437e+02 -7.226033661819609044e+00
9.635000000321246034e+02 -7.081946592940786545e+00
9.640000000321566631e+02 -7.521905422453916579e+00
9.645000000321886091e+02 -6.955993788598417105e+00
9.650000000322206688e+02 -7.706005554378210221e+00
9.655000000322527285e+02 -7.252421053969790421e+00
9.660000000322847882e+02 -6.722868149739593235e+00
9.665000000323168479e+02 -6.797362221447609265e+00
9.670000000323487939e+02 -6.997741231459553291e+00
9.675000000323808536e+02 -7.067481071883825017e+00
9.680000000324129132e+02 -7.329556095256395842e+00
9.685000000324449729e+02 -7.121940652740875954e+00
9.690000000324769189e+02 -6.818633688154337236e+00
9.695000000325089786e+02 -7.286790681778339440e+00
9.700000000325410383e+02 -7.227555025537717448e+00
9.705000000325730980e+02 -7.065139545644741226e+00
9.710000000326050440e+02 -7.497391564379661588e+00
9.715000000326371037e+02 -6.749528190023385221e+00
9.720000000326691634e+02 -6.775354817034547672e+00
9.725000000327012231e+02 -6.819679391960566939e+00
9.730000000327331691e+02 -7.320874577770564606e+00
9.735000000327652288e+02 -7.106583393767647472e+00
9.740000000327972884e+02 -6.321933782280763303e+00
9.745000000328293481e+02 -6.942456319009562726e+00
9.750000000328614078e+02 -7.216440411608521899e+00
9.755000000328933538e+02 -7.280110499730561457e+00
9.760000000329254135e+02 -6.601816127938313628e+00
9.765000000329574732e+02 -6.994131823279195359e+00
9.770000000329895329e+02 -6.862355948077668799e+00
9.775000000330214789e+02 -7.427775858584189095e+00
9.780000000330535386e+02 -6.760765562799078587e+00
9.785000000330855983e+02 -7.343592333034952624e+00
9.790000000331176579e+02 -7.156207952485677204e+00
9.795000000331496040e+02 -7.061828009508056780e+00
9.800000000331816636e+02 -6.971024781339129284e+00
9.805000000332137233e+02 -7.275284818957947763e+00
9.810000000332457830e+02 -6.928290197003981632e+00
9.815000000332777290e+02 -7.432844933575006863e+00
9.820000000333097887e+02 -7.002390808576707038e+00
9.825000000333418484e+02 -7.152889348137898118e+00
9.830000000333739081e+02 -7.118465275325493558e+00
9.835000000334058541e+02 -7.111368611584453880e+00
9.840000000334379138e+02 -6.349315779544434157e+00
9.845000000334699735e+02 -7.456841612946182529e+00
9.850000000335020331e+02 -6.809935333723481143e+00
9.855000000335340928e+02 -6.581088863440178294e+00
9.860000000335660388e+02 -7.578565076506531994e+00
9.865000000335980985e+02 -6.796509170418529422e+00
9.870000000336301582e+02 -7.022469916259512779e+00
9.875000000336622179e+02 -7.377068051354011224e+00
9.880000000336941639e+02 -6.643380765940585242e+00
9.885000000337262236e+02 -7.115479110209740554e+00
9.890000000337582833e+02 -6.747476967490593225e+00
9.895000000337903430e+02 -7.141553295769534238e+00
9.900000000338222890e+02 -7.082876598997589923e+00
9.905000000338543487e+02 -6.862727233460800491e+00
9.910000000338864083e+02 -7.073935213721121329e+00
9.915000000339184680e+02 -7.101764339409990079e+00
9.920000000339504140e+02 -7.554237736937860603e+00
9.925000000339824737e+02 -6.899452062944096298e+00
9.930000000340145334e+02 -7.100930042948172094e+00
9.935000000340465931e+02 -7.026824708251599105e+00
9.940000000340786528e+02 -6.992732338491093103e+00
9.945000000341105988e+02 -7.357233894697708720e+00
9.950000000341426585e+02 -6.912032745958998525e+00
9.955000000341747182e+02 -7.166937102734853404e+00
9.960000000342067779e+02 -7.232888356707882771e+00
9.965000000342387239e+02 -7.034385375803100082e+00
9.970000000342707835e+02 -7.071039834139674518e+00
9.975000000343028432e+02 -7.387346302473634552e+00
9.980000000343349029e+02 -7.123331265236383381e+00
9.985000000343668489e+02 -6.863260123926240297e+00
9.990000000343989086e+02 -7.130043400129780551e+00
9.995000000344309683e+02 -7.032704636356628569e+00
1.000000000034463028e+03 -7.009971998068984966e+00
