# Time (ps)	CV (angstrom)
9.999999999975766229e+01 2.459589659697096753e+00
1.004999999997559001e+02 2.417354302492420004e+00
1.009999999997541380e+02 2.579070217195048365e+00
1.014999999997533990e+02 2.308083382512113424e+00
1.019999999997629061e+02 2.507582538395949801e+00
1.024999999997724132e+02 2.318111339772312984e+00
1.029999999997819060e+02 2.381646914610418886e+00
1.034999999997914131e+02 2.370336109010279468e+00
1.039999999998009201e+02 2.368448617414350643e+00
1.044999999998104272e+02 2.318960421708956332e+00
1.049999999998199343e+02 2.528442417406719489e+00
1.054999999998294413e+02 2.377302413098682621e+00
1.059999999998389484e+02 2.454198678608507489e+00
1.064999999998484554e+02 2.373319907334483059e+00
1.069999999998579483e+02 2.294564460140355866e+00
1.074999999998674554e+02 2.297019968121746913e+00
1.079999999998769624e+02 2.161534856971699892e+00
1.084999999998864695e+02 2.384429165256471972e+00
1.089999999998959765e+02 2.353945402986573843e+00
1.094999999999054836e+02 2.574791350365214448e+00
1.099999999999149907e+02 2.430413163510468433e+00
1.104999999999244977e+02 2.297824301913814704e+00
1.109999999999339906e+02 2.383399788553458798e+00
1.114999999999434976e+02 2.247097306650298609e+00
1.119999999999530047e+02 2.245775751081140026e+00
1.124999999999625118e+02 2.294080044619643211e+00
1.129999999999720188e+02 2.623463116163577080e+00
1.134999999999815259e+02 2.348747165682770532e+00
1.139999999999910330e+02 2.284564312253045237e+00
1.145000000000005400e+02 2.211915773754276948e+00
1.150000000000100329e+02 2.271548484075547769e+00
1.155000000000195399e+02 2.079334124359256020e+00
1.160000000000290470e+02 2.456735087443091992e+00
1.165000000000385540e+02 2.242514834931086387e+00
1.170000000000480611e+02 2.279113863201291501e+00
1.175000000000575682e+02 2.009823558801643983e+00
1.180000000000670752e+02 2.113619913518531845e+00
1.185000000000765823e+02 2.377316099765929280e+00
1.190000000000860751e+02 2.208518530964782567e+00
1.195000000000955822e+02 2.537115287077304160e+00
1.200000000001050893e+02 2.277453256078534327e+00
1.205000000001145963e+02 2.544055038912786060e+00
1.210000000001241034e+02 2.560022151951859559e+00
1.215000000001336105e+02 2.309194187670506881e+00
1.220000000001431175e+02 2.193244432205688987e+00
1.225000000001526246e+02 2.248985363679205651e+00
1.230000000001621174e+02 2.532869832339889271e+00
1.235000000001716245e+02 2.640607316797667803e+00
1.240000000001811316e+02 2.647171596565228935e+00
1.245000000001906386e+02 2.543222986849078104e+00
1.250000000002001457e+02 2.370772375302008683e+00
1.255000000002096527e+02 2.134438812788124196e+00
1.260000000002191598e+02 2.398630206702696999e+00
1.265000000002286527e+02 2.162720783703171890e+00
1.270000000002381597e+02 2.326721761803414612e+00
1.275000000002476668e+02 2.448263582541675198e+00
1.280000000002571880e+02 2.258743887084752267e+00
1.285000000002666809e+02 2.090021551627051721e+00
1.290000000002761738e+02 2.198344231615299904e+00
1.295000000002856950e+02 2.418593898164519196e+00
1.300000000002951879e+02 2.486287073063064401e+00
1.305000000003047091e+02 2.526100303916519074e+00
1.310000000003142020e+02 2.296594895735473596e+00
1.315000000003237233e+02 2.293152404726283233e+00
1.320000000003332161e+02 2.201885105614363791e+00
1.325000000003427090e+02 2.149652514103693068e+00
1.330000000003522302e+02 1.812264823664506030e+00
1.335000000003617231e+02 2.292066989883697392e+00
1.340000000003712444e+02 2.371688461475593090e+00
1.345000000003807372e+02 2.257637273782366893e+00
1.350000000003902585e+02 2.163544569639265003e+00
1.355000000003997513e+02 2.012407567964183297e+00
1.360000000004092726e+02 2.277857765821294400e+00
1.365000000004187655e+02 2.414836778076359991e+00
1.370000000004282583e+02 2.347963955953111359e+00
1.375000000004377796e+02 2.445430419812604228e+00
1.380000000004472724e+02 2.390170600451813510e+00
1.385000000004567937e+02 2.741147176512439110e+00
1.390000000004662866e+02 2.244932091304506550e+00
1.395000000004758078e+02 2.535028257396599205e+00
1.400000000004853007e+02 2.116709822745283187e+00
1.405000000004947935e+02 2.305492453350350246e+00
1.410000000005043148e+02 2.330011164073623409e+00
1.415000000005138077e+02 2.508081779308099168e+00
1.420000000005233289e+02 2.206956434609812945e+00
1.425000000005328218e+02 2.346541523799384077e+00
1.430000000005423431e+02 2.401870117394018234e+00
1.435000000005518359e+02 2.188008522045323812e+00
1.440000000005613572e+02 2.467890768161101978e+00
1.445000000005708500e+02 2.565279361595901975e+00
1.450000000005803429e+02 2.392827270995791178e+00
1.455000000005898642e+02 2.207096850401273791e+00
1.460000000005993570e+02 2.232251775292954932e+00
1.465000000006088783e+02 2.264069567603267608e+00
1.470000000006183711e+02 2.485005875163904143e+00
1.475000000006278924e+02 2.237051293411579156e+00
1.480000000006373853e+02 2.238044264395075977e+00
1.485000000006468781e+02 2.328192976422700511e+00
1.490000000006563994e+02 2.431196355037235524e+00
1.495000000006658922e+02 2.249374156036897610e+00
1.500000000006754135e+02 2.463773285682290926e+00
1.505000000006849064e+02 2.510447756906089012e+00
1.510000000006944276e+02 2.276879984018712832e+00
1.515000000007039205e+02 2.263194452862213435e+00
1.520000000007134133e+02 2.263142407281793833e+00
1.525000000007229346e+02 2.433617238040253650e+00
1.530000000007324275e+02 2.330091163412186361e+00
1.535000000007419487e+02 2.482396673360347084e+00
1.540000000007514416e+02 2.144929868381509674e+00
1.545000000007609628e+02 2.239089878138766476e+00
1.550000000007704557e+02 2.069406436449178877e+00
1.555000000007799770e+02 2.386733336178084919e+00
1.560000000007894698e+02 2.524166915486577789e+00
1.565000000007989627e+02 2.483837500106475638e+00
1.570000000008084839e+02 2.225439989774482541e+00
1.575000000008179768e+02 2.115226934062671926e+00
1.580000000008274981e+02 2.420469095634339762e+00
1.585000000008369909e+02 2.315974595786046919e+00
1.590000000008465122e+02 2.154840189308286025e+00
1.595000000008560050e+02 2.223996312918922413e+00
1.600000000008654979e+02 2.385641246671239557e+00
1.605000000008750192e+02 2.379573748612189732e+00
1.610000000008845120e+02 2.316088593327579659e+00
1.615000000008940333e+02 2.250797097231262534e+00
1.620000000009035261e+02 2.205237277955246711e+00
1.625000000009130474e+02 2.379406149165788964e+00
1.630000000009225403e+02 2.112588063318468823e+00
1.635000000009320615e+02 2.442914529420454617e+00
1.640000000009415544e+02 2.630339419652744759e+00
1.645000000009510472e+02 2.360395008640919112e+00
1.650000000009605685e+02 2.263605213445859743e+00
1.655000000009700614e+02 2.277034765837101293e+00
1.660000000009795826e+02 2.598377187831043322e+00
1.665000000009890755e+02 2.476356452828889054e+00
1.670000000009985968e+02 2.395689238143237976e+00
1.675000000010080896e+02 2.350895656898947195e+00
1.680000000010175825e+02 2.324054836808638225e+00
1.685000000010271037e+02 2.364991582662827607e+00
1.690000000010365966e+02 2.386685316346596863e+00
1.695000000010461179e+02 2.513552084661244912e+00
1.700000000010556107e+02 2.298749749406507004e+00
1.705000000010651320e+02 2.257639235229815355e+00
1.710000000010746248e+02 2.283985741192541052e+00
1.715000000010841177e+02 2.457248075298652523e+00
1.720000000010936390e+02 2.326466853453699635e+00
1.725000000011031318e+02 2.383843871484647714e+00
1.730000000011126531e+02 2.398426987144571587e+00
1.735000000011221459e+02 2.358274495536722526e+00
1.740000000011316672e+02 2.399571826298175115e+00
1.745000000011411601e+02 2.411500157070663786e+00
1.750000000011506813e+02 2.466869998796725749e+00
1.755000000011601742e+02 2.571115920060270454e+00
1.760000000011696670e+02 2.456243900338008768e+00
1.765000000011791883e+02 2.418371217230657511e+00
1.770000000011886812e+02 2.051813112854810051e+00
1.775000000011982024e+02 2.399790892469394255e+00
1.780000000012076953e+02 2.359938488116003263e+00
1.785000000012172165e+02 2.479311051262439225e+00
1.790000000012267094e+02 2.261159681216572626e+00
1.795000000012362023e+02 2.311498822101952566e+00
1.800000000012457235e+02 2.188888446336454852e+00
1.805000000012552164e+02 2.658451941421664522e+00
1.810000000012647376e+02 2.201556213573572229e+00
1.815000000012742305e+02 2.174142012852502415e+00
1.820000000012837518e+02 2.300453102498541735e+00
1.825000000012932446e+02 2.247331962166602803e+00
1.830000000013027659e+02 2.163316887216978568e+00
1.835000000013122587e+02 2.305245807382401146e+00
1.840000000013217516e+02 2.287338762854580487e+00
1.845000000013312729e+02 2.198005097953634301e+00
1.850000000013407657e+02 2.423971965034247056e+00
1.855000000013502870e+02 2.380607955219245842e+00
1.860000000013597798e+02 2.267291641611542286e+00
1.865000000013693011e+02 2.342188685541373161e+00
1.870000000013787940e+02 2.389093189265595552e+00
1.875000000013882868e+02 2.431059733883411678e+00
1.880000000013978081e+02 2.226543952891592681e+00
1.885000000014073009e+02 2.159440663571488450e+00
1.890000000014168222e+02 2.318641790887242760e+00
1.895000000014263151e+02 2.343924110485822165e+00
1.900000000014358363e+02 2.422609756817170279e+00
1.905000000014453292e+02 2.181274750215139502e+00
1.910000000014548220e+02 2.188456986612453470e+00
1.915000000014643433e+02 2.373481130329064381e+00
1.920000000014738362e+02 2.403431420326199941e+00
1.925000000014833574e+02 2.388606074696536741e+00
1.930000000014928503e+02 2.307005870036270778e+00
1.935000000015023716e+02 2.089386143705890042e+00
1.940000000015118644e+02 2.685717796572068661e+00
1.945000000015213857e+02 2.410729550578022184e+00
1.950000000015308785e+02 2.514089925550119453e+00
1.955000000015403714e+02 2.517067859389984008e+00
1.960000000015498927e+02 2.590561458716365006e+00
1.965000000015593855e+02 2.203631796837010270e+00
1.970000000015689068e+02 2.182245767270226899e+00
1.975000000015783996e+02 2.230065330782724509e+00
1.980000000015879209e+02 2.472687444843069127e+00
1.985000000015974138e+02 2.236923350070835426e+00
1.990000000016069066e+02 2.357583710805597033e+00
1.995000000016164279e+02 2.101980867201213243e+00
2.000000000016259207e+02 2.558697524598610773e+00
2.005000000016354420e+02 1.971112501462647604e+00
2.010000000016449349e+02 2.192857750395800220e+00
2.015000000016544561e+02 2.502611628350522199e+00
2.020000000016639490e+02 2.121431089442575413e+00
2.025000000016734703e+02 2.157907989055239728e+00
2.030000000016789556e+02 2.550815733820315678e+00
2.035000000016659385e+02 2.355260665118019681e+00
2.040000000016529214e+02 2.285038645657851308e+00
2.045000000016398758e+02 2.373585526140121527e+00
2.050000000016268586e+02 2.308900167055830011e+00
2.055000000016138415e+02 2.409576133500732631e+00
2.060000000016008244e+02 2.556811977666882285e+00
2.065000000015878072e+02 2.454407664332933781e+00
2.070000000015747617e+02 2.283219606049165851e+00
2.075000000015617445e+02 2.186468883126435170e+00
2.080000000015487274e+02 2.306094626042684670e+00
2.085000000015357102e+02 2.427772511576611336e+00
2.090000000015226931e+02 2.488173721959191731e+00
2.095000000015096475e+02 2.448200883309357145e+00
2.100000000014966304e+02 2.549011727367550773e+00
2.105000000014836132e+02 2.416590594898872180e+00
2.110000000014705961e+02 2.368198826557845749e+00
2.115000000014575789e+02 2.179558300315438846e+00
2.120000000014445618e+02 2.607608591267023712e+00
2.125000000014315162e+02 2.169223784060654747e+00
2.130000000014184991e+02 2.107801323527525472e+00
2.135000000014054820e+02 2.291711144508317588e+00
2.140000000013924648e+02 2.365933965870032463e+00
2.145000000013794477e+02 2.407574754584936638e+00
2.150000000013664021e+02 2.340079295075490506e+00
2.155000000013533850e+02 2.361597908238555643e+00
2.160000000013403678e+02 2.379576717719483980e+00
2.165000000013273507e+02 2.462234126645776122e+00
2.170000000013143335e+02 2.366820934435494017e+00
2.175000000013013164e+02 2.212204751387593760e+00
2.180000000012882708e+02 2.279229695929283483e+00
2.185000000012752537e+02 2.501106051255086449e+00
2.190000000012622365e+02 2.333707552905259774e+00
2.195000000012492194e+02 2.351054996005986553e+00
2.200000000012362023e+02 2.286235257600968573e+00
2.205000000012231567e+02 2.460677510739167406e+00
2.210000000012101395e+02 2.251003161225410221e+00
2.215000000011971224e+02 2.343085614904512060e+00
2.220000000011841053e+02 2.522126886765626796e+00
2.225000000011710881e+02 2.317109674862403157e+00
2.230000000011580710e+02 2.513013563411308660e+00
2.235000000011450254e+02 2.344500908127151728e+00
2.240000000011320083e+02 2.188049140861991315e+00
2.245000000011189911e+02 2.220753331885098270e+00
2.250000000011059740e+02 2.370493488614423327e+00
2.255000000010929568e+02 2.182093669612437115e+00
2.260000000010799113e+02 2.357997687674699527e+00
2.265000000010668941e+02 2.494410810345479401e+00
2.270000000010538770e+02 2.374598944680269774e+00
2.275000000010408598e+02 2.431037990522741499e+00
2.280000000010278427e+02 2.394676331832324756e+00
2.285000000010148256e+02 2.354928861080577196e+00
2.290000000010017800e+02 2.294281100166471354e+00
2.295000000009887628e+02 2.375311837511305590e+00
2.300000000009757457e+02 2.392897942574000680e+00
2.305000000009627286e+02 2.411823330400161947e+00
2.310000000009497114e+02 2.315362060987723236e+00
2.315000000009366659e+02 2.201097727358067413e+00
2.320000000009236487e+02 2.154532175396380644e+00
2.325000000009106316e+02 2.316567573093128551e+00
2.330000000008976144e+02 2.142140410972760201e+00
2.335000000008845973e+02 2.370261863308483541e+00
2.340000000008715517e+02 2.322323612696162165e+00
2.345000000008585346e+02 2.175173889949354677e+00
2.350000000008455174e+02 2.271719099069948289e+00
2.355000000008325003e+02 2.647559180666869683e+00
2.360000000008194831e+02 2.499718181070341050e+00
2.365000000008064660e+02 2.417381613605023016e+00
2.370000000007934204e+02 2.300521216327027219e+00
2.375000000007804033e+02 2.347614183975180513e+00
2.380000000007673862e+02 2.458840031916936120e+00
2.385000000007543690e+02 2.679118744453188317e+00
2.390000000007413519e+02 2.669866006697427796e+00
2.395000000007283063e+02 2.438369216238967851e+00
2.400000000007152892e+02 2.529249256809959157e+00
2.405000000007022720e+02 2.318521807845355109e+00
2.410000000006892549e+02 2.510824282854462020e+00
2.415000000006762377e+02 2.309751877856701885e+00
2.420000000006632206e+02 2.377935769649345943e+00
2.425000000006501750e+02 2.480425026616951190e+00
2.430000000006371579e+02 2.660342262624830756e+00
2.435000000006241407e+02 2.486910230889627371e+00
2.440000000006111236e+02 2.519076641503043223e+00
2.445000000005981065e+02 2.624842099119554018e+00
2.450000000005850609e+02 2.832457519284070191e+00
2.455000000005720437e+02 2.433579040382220171e+00
2.460000000005590266e+02 2.315650206326662630e+00
2.465000000005460095e+02 2.386601401584596882e+00
2.470000000005329923e+02 2.427604091494531158e+00
2.475000000005199752e+02 2.375710298915056917e+00
2.480000000005069296e+02 2.407243946056050188e+00
2.485000000004939125e+02 2.328926015105390768e+00
2.490000000004808953e+02 2.475492752845363853e+00
2.495000000004678782e+02 2.525552620237554446e+00
2.500000000004548610e+02 2.338808344395740590e+00
2.505000000004418155e+02 2.491029782801794212e+00
2.510000000004287983e+02 2.541756042386119852e+00
2.515000000004157812e+02 2.356741202609474506e+00
2.520000000004027640e+02 2.461540885366229059e+00
2.525000000003897469e+02 2.372234444713120727e+00
2.530000000003767013e+02 2.644989497052097960e+00
2.535000000003636842e+02 2.529007560144209243e+00
2.540000000003506671e+02 2.336776487767549870e+00
2.545000000003376499e+02 2.482813694528224424e+00
2.550000000003246328e+02 2.599282329842836248e+00
2.555000000003116156e+02 2.450814116482222360e+00
2.560000000002985985e+02 2.221292903773270933e+00
2.565000000002855813e+02 2.093137058468743206e+00
2.570000000002725642e+02 2.470877640160318300e+00
2.575000000002594902e+02 2.301514645127994640e+00
2.580000000002464731e+02 2.322130783978636259e+00
2.585000000002334559e+02 2.426949407961488614e+00
2.590000000002204388e+02 2.348342591232166932e+00
2.595000000002074216e+02 2.196572127570398880e+00
2.600000000001944045e+02 2.593991833098217903e+00
2.605000000001813873e+02 2.435344284492364064e+00
2.610000000001683702e+02 2.337712015490424289e+00
2.615000000001553531e+02 2.170164552856461260e+00
2.620000000001423359e+02 2.201570165713661265e+00
2.625000000001292619e+02 2.400641986563459174e+00
2.630000000001162448e+02 2.375344907138982276e+00
2.635000000001032276e+02 2.322505759061336050e+00
2.640000000000902105e+02 2.150168890750923989e+00
2.645000000000771934e+02 2.256913985855487415e+00
2.650000000000641762e+02 2.486036560365530335e+00
2.655000000000511591e+02 2.512217493121234213e+00
2.660000000000381419e+02 2.374205120322314677e+00
2.665000000000251248e+02 2.381324519353393399e+00
2.670000000000121076e+02 2.215448476105190689e+00
2.674999999999990905e+02 2.303390881513778687e+00
2.679999999999860165e+02 2.297862075669089066e+00
2.684999999999729994e+02 2.332451027882827432e+00
2.689999999999599822e+02 2.350333265797719395e+00
2.694999999999469651e+02 2.527851199732042087e+00
2.699999999999339479e+02 2.621439425657765110e+00
2.704999999999209308e+02 2.374753259181385801e+00
2.709999999999079137e+02 2.475127966112290245e+00
2.714999999998948965e+02 2.095947481123364042e+00
2.719999999998818794e+02 2.362173235825468787e+00
2.724999999998688622e+02 2.254212440772020098e+00
2.729999999998558451e+02 2.352611078101980002e+00
2.734999999998427711e+02 2.315912549809782117e+00
2.739999999998297540e+02 2.555784892015597443e+00
2.744999999998167368e+02 2.425102508687142944e+00
2.749999999998037197e+02 2.538994598749989340e+00
2.754999999997907025e+02 2.339829619830794627e+00
2.759999999997776854e+02 2.306132942375828776e+00
2.764999999997646682e+02 2.286659041358302780e+00
2.769999999997516511e+02 2.483523980961200195e+00
2.774999999997386340e+02 2.219015274282608807e+00
2.779999999997256168e+02 2.204149121594815686e+00
2.784999999997125997e+02 2.139069270930173072e+00
2.789999999996995257e+02 2.575368376908008905e+00
2.794999999996865085e+02 2.047682330585290256e+00
2.799999999996734914e+02 2.493819676575165456e+00
2.804999999996604743e+02 2.578610546068271780e+00
2.809999999996474571e+02 2.602901470197981126e+00
2.814999999996344400e+02 2.293953186648197473e+00
2.819999999996214228e+02 2.098771245586998013e+00
2.824999999996084057e+02 2.249868379811450492e+00
2.829999999995953885e+02 2.277952044227750328e+00
2.834999999995823714e+02 2.246387966375278822e+00
2.839999999995693543e+02 2.361018253813306877e+00
2.844999999995562803e+02 2.400745582864526106e+00
2.849999999995432631e+02 2.443529204282445466e+00
2.854999999995302460e+02 2.053437814356621871e+00
2.859999999995172288e+02 2.191002887307846425e+00
2.864999999995042117e+02 2.439027501684842392e+00
2.869999999994911946e+02 2.629285066712895080e+00
2.874999999994781774e+02 2.373469182948233058e+00
2.879999999994651603e+02 2.100708622886243049e+00
2.884999999994521431e+02 2.521039156665056069e+00
2.889999999994391260e+02 2.164724173993165302e+00
2.894999999994261088e+02 2.204940381122495019e+00
2.899999999994130349e+02 2.629859112300377166e+00
2.904999999994000177e+02 2.590471731814159462e+00
2.909999999993870006e+02 2.488905548715084848e+00
2.914999999993739834e+02 2.642791775134628374e+00
2.919999999993609663e+02 2.210937309073239376e+00
2.924999999993479491e+02 2.540054103199919755e+00
2.929999999993349320e+02 2.401518898326683527e+00
2.934999999993219149e+02 2.212634919397296951e+00
2.939999999993088977e+02 2.390833747179974988e+00
2.944999999992958806e+02 2.083083368829696358e+00
2.949999999992828634e+02 2.416919660426085414e+00
2.954999999992697894e+02 2.200914218491959673e+00
2.959999999992567723e+02 2.453082629074031740e+00
2.964999999992437552e+02 2.327894956049276320e+00
2.969999999992307380e+02 2.282957807420481267e+00
2.974999999992177209e+02 2.085085285401711896e+00
2.979999999992047037e+02 2.460278481444680754e+00
2.984999999991916866e+02 2.489162994959802866e+00
2.989999999991786694e+02 2.490498879110507158e+00
2.994999999991656523e+02 2.209070325787475753e+00
2.999999999991526352e+02 2.536216616747061448e+00
3.004999999991396180e+02 2.477964639409677261e+00
3.009999999991265440e+02 2.418508435330563699e+00
3.014999999991135269e+02 2.566629351384465796e+00
3.019999999991005097e+02 2.397301146922384163e+00
3.024999999990874926e+02 2.336220179404995712e+00
3.029999999990744755e+02 2.607858901817431185e+00
3.034999999990614583e+02 2.271204949228755599e+00
3.039999999990484412e+02 2.295989271087312655e+00
3.044999999990354240e+02 2.162460254084382250e+00
3.049999999990224069e+02 2.294983154714149709e+00
3.054999999990093897e+02 2.317939218723420680e+00
3.059999999989963158e+02 2.296678108381642325e+00
3.064999999989832986e+02 2.199487993747154757e+00
3.069999999989702815e+02 2.217349772289932908e+00
3.074999999989572643e+02 2.294635262171040857e+00
3.079999999989442472e+02 1.973108951732359007e+00
3.084999999989312300e+02 2.463260654219634471e+00
3.089999999989182129e+02 2.501477608127460339e+00
3.094999999989051958e+02 2.379826483307013074e+00
3.099999999988921786e+02 2.269907620327729525e+00
3.104999999988791615e+02 2.315204132418025917e+00
3.109999999988661443e+02 2.247988272689173339e+00
3.114999999988530703e+02 2.311182337880520077e+00
3.119999999988400532e+02 2.368291645962683933e+00
3.124999999988270361e+02 2.266427486633130872e+00
3.129999999988140189e+02 2.263519559082912469e+00
3.134999999988010018e+02 2.359157189602692384e+00
3.139999999987879846e+02 2.411956635333507126e+00
3.144999999987749675e+02 2.352627687068869378e+00
3.149999999987619503e+02 2.430327331573877814e+00
3.154999999987489332e+02 2.358541326920814640e+00
3.159999999987359161e+02 2.222433399509016194e+00
3.164999999987228989e+02 2.178883849958440866e+00
3.169999999987098249e+02 2.093106195109419421e+00
3.174999999986968078e+02 2.267993389420153605e+00
3.179999999986837906e+02 2.330672016684323111e+00
3.184999999986707735e+02 2.584790707701944079e+00
3.189999999986577564e+02 2.226456293771334582e+00
3.194999999986447392e+02 2.298862664138739298e+00
3.199999999986317221e+02 2.294496215340363854e+00
3.204999999986187049e+02 2.314419021170795787e+00
3.209999999986056878e+02 2.080598348869373559e+00
3.214999999985926706e+02 2.383183557657222451e+00
3.219999999985796535e+02 2.043672704842258270e+00
3.224999999985665795e+02 2.227065218486758091e+00
3.229999999985535624e+02 2.102702922018378384e+00
3.234999999985405452e+02 2.212540739539562651e+00
3.239999999985275281e+02 2.364924675650923458e+00
3.244999999985145109e+02 2.116847950974812154e+00
3.249999999985014938e+02 2.241043892558897799e+00
3.254999999984884766e+02 2.441364004952820910e+00
3.259999999984754595e+02 2.223583436060352803e+00
3.264999999984624424e+02 2.488228521473548227e+00
3.269999999984494252e+02 2.450916154791270340e+00
3.274999999984364081e+02 2.215163806115364675e+00
3.279999999984233341e+02 2.308000851631882622e+00
3.284999999984103169e+02 2.380395417342661357e+00
3.289999999983972998e+02 2.785154970894716975e+00
3.294999999983842827e+02 2.685445498904566630e+00
3.299999999983712655e+02 2.525914147919772645e+00
3.304999999983582484e+02 2.377522812898568372e+00
3.309999999983452312e+02 2.224622592943819921e+00
3.314999999983322141e+02 2.188328888974237607e+00
3.319999999983191969e+02 2.395899012451241372e+00
3.324999999983061798e+02 2.528530728439982056e+00
3.329999999982931627e+02 2.534840757925720389e+00
3.334999999982800887e+02 2.516130933183221785e+00
3.339999999982670715e+02 2.261341466087194885e+00
3.344999999982540544e+02 2.407528826480097806e+00
3.349999999982410372e+02 2.497029543392290218e+00
3.354999999982280201e+02 2.515815195902178836e+00
3.359999999982150030e+02 2.126801340308494659e+00
3.364999999982019858e+02 2.476576037453541268e+00
3.369999999981889687e+02 2.502096228118963595e+00
3.374999999981759515e+02 2.345763708777360179e+00
3.379999999981629344e+02 2.341443476610463925e+00
3.384999999981499172e+02 2.406519911782627474e+00
3.389999999981368433e+02 2.405057891229521072e+00
3.394999999981238261e+02 2.392537994047370109e+00
3.399999999981108090e+02 2.145583100945911426e+00
3.404999999980977918e+02 2.164150967197434827e+00
3.409999999980847747e+02 2.296366716682304965e+00
3.414999999980717575e+02 2.455298263862722319e+00
3.419999999980587404e+02 2.296267028963260515e+00
3.424999999980457233e+02 2.165590765310842603e+00
3.429999999980327061e+02 1.961616185307789806e+00
3.434999999980196890e+02 2.309206542936894646e+00
3.439999999980066718e+02 2.270692993407485982e+00
3.444999999979935978e+02 2.217586397542652854e+00
3.449999999979805807e+02 2.114371774496843326e+00
3.454999999979675636e+02 2.563386177497415819e+00
3.459999999979545464e+02 2.152223791450919244e+00
3.464999999979415293e+02 2.238894801680069158e+00
3.469999999979285121e+02 2.543287930918402218e+00
3.474999999979154950e+02 2.413157776668140464e+00
3.479999999979024778e+02 2.178240010852141140e+00
3.484999999978894607e+02 2.221108773014882409e+00
3.489999999978764436e+02 2.143539835918884418e+00
3.494999999978633696e+02 2.206526192788997420e+00
3.499999999978503524e+02 2.290312703494462365e+00
3.504999999978373353e+02 2.407061739564154035e+00
3.509999999978243181e+02 2.618062688681691341e+00
3.514999999978113010e+02 2.690265355524998903e+00
3.519999999977982839e+02 2.388553668570633448e+00
3.524999999977852667e+02 2.378727355957218403e+00
3.529999999977722496e+02 2.177956621802393578e+00
3.534999999977592324e+02 2.285818393371487733e+00
3.539999999977462153e+02 2.133103143028653115e+00
3.544999999977331981e+02 2.249358325912378831e+00
3.549999999977201242e+02 2.041168882503472393e+00
3.554999999977071070e+02 2.204177971470317576e+00
3.559999999976940899e+02 2.459112772464203456e+00
3.564999999976810727e+02 2.401541858990714928e+00
3.569999999976680556e+02 2.489236344643527055e+00
3.574999999976550384e+02 2.402699594012875917e+00
3.579999999976420213e+02 2.356401690681457328e+00
3.584999999976290042e+02 2.241382382733065892e+00
3.589999999976159870e+02 2.174363301714522745e+00
3.594999999976029699e+02 2.201848348276376655e+00
3.599999999975899527e+02 2.363585665761717358e+00
3.604999999975768787e+02 2.451923113140385357e+00
3.609999999975638616e+02 2.598924374142340454e+00
3.614999999975508445e+02 2.449148344136219624e+00
3.619999999975378273e+02 1.969037036217616166e+00
3.624999999975248102e+02 2.449285585002706878e+00
3.629999999975117930e+02 2.325756177063818431e+00
3.634999999974987759e+02 2.284555270195633536e+00
3.639999999974857587e+02 2.477325224455041663e+00
3.644999999974727416e+02 2.344963077850131583e+00
3.649999999974597245e+02 2.342024066203599375e+00
3.654999999974467073e+02 2.408706584677767992e+00
3.659999999974336333e+02 2.354488493553560602e+00
3.664999999974206162e+02 2.563488130819204791e+00
3.669999999974075990e+02 2.326909176678607416e+00
3.674999999973945819e+02 2.145165580144161144e+00
3.679999999973815648e+02 2.605334265579415831e+00
3.684999999973685476e+02 2.495184982079515557e+00
3.689999999973555305e+02 2.519129313218593236e+00
3.694999999973425133e+02 2.340247206678102376e+00
3.699999999973294962e+02 2.323796337399334000e+00
3.704999999973164790e+02 2.136004509890425673e+00
3.709999999973034619e+02 2.221029927928103831e+00
3.714999999972903879e+02 2.171993066835299135e+00
3.719999999972773708e+02 2.248762695085011476e+00
3.724999999972643536e+02 2.333073460171163571e+00
3.729999999972513365e+02 2.467109921971398112e+00
3.734999999972383193e+02 2.439107866628102528e+00
3.739999999972253022e+02 2.201479692427679602e+00
3.744999999972122851e+02 2.175799595655798058e+00
3.749999999971992679e+02 2.203849904242423996e+00
3.754999999971862508e+02 2.358156753837465036e+00
3.759999999971732336e+02 2.414846985101252397e+00
3.764999999971602165e+02 2.353329814387806085e+00
3.769999999971471425e+02 2.254205276455318874e+00
3.774999999971341254e+02 2.322869398599882729e+00
3.779999999971211082e+02 2.333784858398966211e+00
3.784999999971080911e+02 2.244840311158022406e+00
3.789999999970950739e+02 2.593762570138367085e+00
3.794999999970820568e+02 2.495471564658090280e+00
3.799999999970690396e+02 2.526568087790305395e+00
3.804999999970560225e+02 2.366514344308686901e+00
3.809999999970430054e+02 2.382676878652856711e+00
3.814999999970299882e+02 2.305332256198737273e+00
3.819999999970169711e+02 2.156067473969827564e+00
3.824999999970038971e+02 2.177826106987774235e+00
3.829999999969908799e+02 2.348289711198304985e+00
3.834999999969778628e+02 2.313438382927648362e+00
3.839999999969648456e+02 2.095030116748519244e+00
3.844999999969518285e+02 2.267128746906351910e+00
3.849999999969388114e+02 2.350689320129001114e+00
3.854999999969257942e+02 2.327887430307098438e+00
3.859999999969127771e+02 2.359533057312321436e+00
3.864999999968997599e+02 2.418573299544068966e+00
3.869999999968867428e+02 2.275017798943830716e+00
3.874999999968737256e+02 2.377867136672718207e+00
3.879999999968606517e+02 2.195745017910395891e+00
3.884999999968476345e+02 2.369319705690744016e+00
3.889999999968346174e+02 2.332212929694750247e+00
3.894999999968216002e+02 2.038310007888846531e+00
3.899999999968085831e+02 2.461838046449075001e+00
3.904999999967955659e+02 2.236196341033193757e+00
3.909999999967825488e+02 2.364427904327013774e+00
3.914999999967695317e+02 2.519217197684325615e+00
3.919999999967565145e+02 2.560951432455770505e+00
3.924999999967434974e+02 2.218526235388400991e+00
3.929999999967304234e+02 2.025635566428368062e+00
3.934999999967174062e+02 2.280547378604549369e+00
3.939999999967043891e+02 2.347823030331984029e+00
3.944999999966913720e+02 2.375245023864027250e+00
3.949999999966783548e+02 2.206773176018871574e+00
3.954999999966653377e+02 2.131307659512469588e+00
3.959999999966523205e+02 2.057959797306986083e+00
3.964999999966393034e+02 2.089418880993143546e+00
3.969999999966262862e+02 2.389935356164850422e+00
3.974999999966132691e+02 2.078249810186278079e+00
3.979999999966002520e+02 2.282363258071938183e+00
3.984999999965871780e+02 2.420881724820346470e+00
3.989999999965741608e+02 2.376018297713589078e+00
3.994999999965611437e+02 2.346448642484937785e+00
3.999999999965481265e+02 2.163999660641840350e+00
4.004999999965351094e+02 2.355578342102599088e+00
4.009999999965220923e+02 2.406686413073939157e+00
4.014999999965090751e+02 2.291616533543721523e+00
4.019999999964960580e+02 2.415610166441611195e+00
4.024999999964830408e+02 2.303754686495526283e+00
4.029999999964700237e+02 2.317972183965930189e+00
4.034999999964570065e+02 2.339161495734628282e+00
4.039999999964439326e+02 2.378455963484812585e+00
4.044999999964309154e+02 2.377704802548303409e+00
4.049999999964178983e+02 2.212595220772335836e+00
4.054999999964048811e+02 2.210134070394173644e+00
4.059999999964079507e+02 2.568426958352082234e+00
4.064999999964400104e+02 2.617928515684231350e+00
4.069999999964720132e+02 2.459481323411255360e+00
4.074999999965040729e+02 2.516707193581984470e+00
4.079999999965360757e+02 2.331627035627441114e+00
4.084999999965681354e+02 2.238045289312653452e+00
4.089999999966001383e+02 2.388117110479355265e+00
4.094999999966321980e+02 2.183341520659209944e+00
4.099999999966642008e+02 2.326226821813419665e+00
4.104999999966962605e+02 2.337155926017088881e+00
4.109999999967282633e+02 2.398791643474382784e+00
4.114999999967603230e+02 2.442646649880513277e+00
4.119999999967923259e+02 2.383247425668046038e+00
4.124999999968243856e+02 2.487779593566383340e+00
4.129999999968563884e+02 2.605235239673188818e+00
4.134999999968884481e+02 2.392068319554873757e+00
4.139999999969205078e+02 2.327978383665573414e+00
4.144999999969525106e+02 2.353980240551774461e+00
4.149999999969845703e+02 2.581891221570483008e+00
4.154999999970165732e+02 2.325045089341621019e+00
4.159999999970486328e+02 2.202476522573012740e+00
4.164999999970806357e+02 2.424185324696526145e+00
4.169999999971126954e+02 2.347306723419530172e+00
4.174999999971446982e+02 2.403919610383600247e+00
4.179999999971767579e+02 2.427688796860410392e+00
4.184999999972087608e+02 2.257398665602897925e+00
4.189999999972408204e+02 2.300208386535372629e+00
4.194999999972728233e+02 2.485874612354244118e+00
4.199999999973048830e+02 2.445181356249399141e+00
4.204999999973368858e+02 2.516820642027482346e+00
4.209999999973689455e+02 2.566658729104298597e+00
4.214999999974009484e+02 2.488814363827251075e+00
4.219999999974330080e+02 2.368084253844894516e+00
4.224999999974650109e+02 2.405813965012694844e+00
4.229999999974970706e+02 2.267178543397243562e+00
4.234999999975291303e+02 2.568577461307536502e+00
4.239999999975611331e+02 2.153451599230270741e+00
4.244999999975931928e+02 2.358212165120330717e+00
4.249999999976251956e+02 2.190174615007361769e+00
4.254999999976572553e+02 2.374073043413830408e+00
4.259999999976892582e+02 2.363629635590965616e+00
4.264999999977213179e+02 2.267644046673797931e+00
4.269999999977533207e+02 2.227361951655404404e+00
4.274999999977853804e+02 2.250025092132859506e+00
4.279999999978173832e+02 2.493231908736320168e+00
4.284999999978494429e+02 2.606893081593488315e+00
4.289999999978814458e+02 2.343199313500296199e+00
4.294999999979135055e+02 2.414080548983038366e+00
4.299999999979455083e+02 2.484431311492871330e+00
4.304999999979775680e+02 2.211699693868507843e+00
4.309999999980095708e+02 2.317466954656170142e+00
4.314999999980416305e+02 2.063497800708645080e+00
4.319999999980736902e+02 2.302607828992552896e+00
4.324999999981056931e+02 2.203609976515825686e+00
4.329999999981377528e+02 2.389689142039615799e+00
4.334999999981697556e+02 2.317275160405859680e+00
4.339999999982018153e+02 2.341117339550149001e+00
4.344999999982338181e+02 2.411843035615887754e+00
4.349999999982658778e+02 2.351317303615686694e+00
4.354999999982978807e+02 2.494697205726354117e+00
4.359999999983299404e+02 2.276309723286591424e+00
4.364999999983619432e+02 2.344795573164601077e+00
4.369999999983940029e+02 2.517772559783701514e+00
4.374999999984260057e+02 2.339379608378221231e+00
4.379999999984580654e+02 2.481349983829471917e+00
4.384999999984900683e+02 2.411424220119935402e+00
4.389999999985221280e+02 2.511557805633731100e+00
4.394999999985541308e+02 2.515589311079650336e+00
4.399999999985861905e+02 2.492467734831150139e+00
4.404999999986182502e+02 2.355758320371429182e+00
4.409999999986502530e+02 2.509390699119706358e+00
4.414999999986823127e+02 2.512359896390344183e+00
4.419999999987143156e+02 2.461196553773112417e+00
4.424999999987463752e+02 2.392755590708014246e+00
4.429999999987783781e+02 2.379460377419350792e+00
4.434999999988104378e+02 2.143044170871785337e+00
4.439999999988424406e+02 2.061032643766473438e+00
4.444999999988745003e+02 2.112032196261020456e+00
4.449999999989065032e+02 2.270564635613969262e+00
4.454999999989385628e+02 2.513276252245921327e+00
4.459999999989705657e+02 2.342255302090481717e+00
4.464999999990026254e+02 2.405795799652704403e+00
4.469999999990346282e+02 2.239586728753889755e+00
4.474999999990666879e+02 2.057483523669867864e+00
4.479999999990986908e+02 2.127489801833338134e+00
4.484999999991307504e+02 2.350189551302811264e+00
4.489999999991627533e+02 2.590587583264376548e+00
4.494999999991948130e+02 2.410883785848718652e+00
4.499999999992268727e+02 2.462112712598111930e+00
4.504999999992588755e+02 2.535072061973470792e+00
4.509999999992909352e+02 2.479461637112940320e+00
4.514999999993229380e+02 2.231031325618833883e+00
4.519999999993549977e+02 2.214311806443985731e+00
4.524999999993870006e+02 2.332631004489457371e+00
4.529999999994190603e+02 2.391730111961218874e+00
4.534999999994510631e+02 2.272342578953653103e+00
4.539999999994831228e+02 2.225139809370591859e+00
4.544999999995151256e+02 2.380847172850936833e+00
4.549999999995471853e+02 2.492549988072625400e+00
4.554999999995791882e+02 2.310494521064331952e+00
4.559999999996112479e+02 2.247999529542097807e+00
4.564999999996432507e+02 2.099734405891589883e+00
4.569999999996753104e+02 2.204922558702170576e+00
4.574999999997073132e+02 2.202261481832465950e+00
4.579999999997393729e+02 2.180953747855832958e+00
4.584999999997714326e+02 2.024812778919382161e+00
4.589999999998034355e+02 2.343491173102743019e+00
4.594999999998354951e+02 2.079015872530837861e+00
4.599999999998674980e+02 2.286111661081563717e+00
4.604999999998995577e+02 2.542206998899833703e+00
4.609999999999315605e+02 2.314485837796669720e+00
4.614999999999636202e+02 2.197654584582759085e+00
4.619999999999956231e+02 2.562424488452365701e+00
4.625000000000276827e+02 2.450519825301571863e+00
4.630000000000596856e+02 2.320950553588430942e+00
4.635000000000917453e+02 2.420031121868915669e+00
4.640000000001237481e+02 2.459405481131395010e+00
4.645000000001558078e+02 2.308816731644002473e+00
4.650000000001878107e+02 2.389937704498162674e+00
4.655000000002198703e+02 2.209378355014123940e+00
4.660000000002518732e+02 2.206567948830559622e+00
4.665000000002839329e+02 2.545742939802769111e+00
4.670000000003159357e+02 2.470199638750688820e+00
4.675000000003479954e+02 2.514123158910900102e+00
4.680000000003800551e+02 2.406950408502698480e+00
4.685000000004120579e+02 2.341523394107521749e+00
4.690000000004441176e+02 2.147776143714592134e+00
4.695000000004761205e+02 2.151385725093784895e+00
4.700000000005081802e+02 2.367663124561212751e+00
4.705000000005401830e+02 2.269960202178713971e+00
4.710000000005722427e+02 2.448661658673623176e+00
4.715000000006042455e+02 2.297227617210036321e+00
4.720000000006363052e+02 2.426675022106971724e+00
4.725000000006683081e+02 2.002998338016140245e+00
4.730000000007003678e+02 2.021583413503439175e+00
4.735000000007323706e+02 2.193316236090532279e+00
4.740000000007644303e+02 2.457590232651503559e+00
4.745000000007964331e+02 2.408282280820807308e+00
4.750000000008284928e+02 2.247014401662879912e+00
4.755000000008604957e+02 2.240054980575946431e+00
4.760000000008925554e+02 2.355032991466565306e+00
4.765000000009246151e+02 2.653435391121485409e+00
4.770000000009566179e+02 2.391484823908904378e+00
4.775000000009886776e+02 2.262599006591046180e+00
4.780000000010206804e+02 2.442038256356847015e+00
4.785000000010527401e+02 2.187375507161909205e+00
4.790000000010847430e+02 2.011523918893902696e+00
4.795000000011168027e+02 2.305146814917077069e+00
4.800000000011488055e+02 2.476366650043045237e+00
4.805000000011808652e+02 2.248017305847646696e+00
4.810000000012128680e+02 2.342914890569409714e+00
4.815000000012449277e+02 2.361740972911571035e+00
4.820000000012769306e+02 2.316939212872437537e+00
4.825000000013089902e+02 2.349401101118875346e+00
4.830000000013409931e+02 2.469930780022469907e+00
4.835000000013730528e+02 2.601001314849420876e+00
4.840000000014050556e+02 2.647859036436536861e+00
4.845000000014371153e+02 2.197905977708011882e+00
4.850000000014691750e+02 2.157270469858314943e+00
4.855000000015011778e+02 2.418253450852545949e+00
4.860000000015332375e+02 2.429536211884266272e+00
4.865000000015652404e+02 2.683802701079325725e+00
4.870000000015973001e+02 2.574494581493592005e+00
4.875000000016293029e+02 2.310838571723842438e+00
4.880000000016613626e+02 2.397047945039295413e+00
4.885000000016933654e+02 2.248644113159374402e+00
4.890000000017254251e+02 2.488429082096991429e+00
4.895000000017574280e+02 2.247555716137509485e+00
4.900000000017894877e+02 2.228505097641929833e+00
4.905000000018214905e+02 2.228873219110583559e+00
4.910000000018535502e+02 2.377836254899464929e+00
4.915000000018855530e+02 2.358793096603698292e+00
4.920000000019176127e+02 2.307598583932819913e+00
4.925000000019496156e+02 2.401796710649421573e+00
4.930000000019816753e+02 2.208519978395819372e+00
4.935000000020136781e+02 2.445085062426778588e+00
4.940000000020457378e+02 2.411831001864792601e+00
4.945000000020777975e+02 2.576905963082434248e+00
4.950000000021098003e+02 2.187599532830815097e+00
4.955000000021418600e+02 2.239618852365041768e+00
4.960000000021738629e+02 2.460713919355773438e+00
4.965000000022059226e+02 2.450752451088156647e+00
4.970000000022379254e+02 2.226288193851005293e+00
4.975000000022699851e+02 2.511108842100665761e+00
4.980000000023019879e+02 2.314069355146891827e+00
4.985000000023340476e+02 2.423882401512658102e+00
4.990000000023660505e+02 2.287822087885968969e+00
4.995000000023981102e+02 2.248887812590489865e+00
5.000000000024301130e+02 2.194612110870874933e+00
5.005000000024621727e+02 2.440642285852882676e+00
5.010000000024941755e+02 2.264516777060364028e+00
5.015000000025262352e+02 2.354880479802153648e+00
5.020000000025582381e+02 2.309373512170489917e+00
5.025000000025902978e+02 2.397573929532705872e+00
5.030000000026223574e+02 2.252913122468241713e+00
5.035000000026543603e+02 2.382612774613900530e+00
5.040000000026864200e+02 2.253148626195367044e+00
5.045000000027184228e+02 2.350608911149194125e+00
5.050000000027504825e+02 2.478155767313142466e+00
5.055000000027824854e+02 2.718764846688134451e+00
5.060000000028145450e+02 2.736667715253525035e+00
5.065000000028465479e+02 2.281630766032949786e+00
5.070000000028786076e+02 2.368219476863554718e+00
5.075000000029106104e+02 2.420214079344274793e+00
5.080000000029426701e+02 2.589383611585780898e+00
5.085000000029746730e+02 2.375238514431456949e+00
5.090000000030067326e+02 2.262040202466428784e+00
5.095000000030387355e+02 2.300012757832171406e+00
5.100000000030707952e+02 2.466154082038017670e+00
5.105000000031027980e+02 2.358016565242909035e+00
5.110000000031348577e+02 2.479158705616361758e+00
5.115000000031668606e+02 2.528425829291356841e+00
5.120000000031989202e+02 2.486732516697368389e+00
5.125000000032309799e+02 2.659777617355159940e+00
5.130000000032630396e+02 2.488986528785716246e+00
5.135000000032949856e+02 2.408074941632530663e+00
5.140000000033270453e+02 2.278328342135884643e+00
5.145000000033591050e+02 2.572427622971627859e+00
5.150000000033911647e+02 2.579977904271112177e+00
5.155000000034231107e+02 2.714376501269984310e+00
5.160000000034551704e+02 2.460614860011505645e+00
5.165000000034872301e+02 2.312761976932072194e+00
5.170000000035192897e+02 1.987847063819023541e+00
5.175000000035512357e+02 2.321385000434840862e+00
5.180000000035832954e+02 2.455250390808928262e+00
5.185000000036153551e+02 2.377429217105647918e+00
5.190000000036474148e+02 2.359923790605057192e+00
5.195000000036793608e+02 2.371746693019040286e+00
5.200000000037114205e+02 2.417771407307418130e+00
5.205000000037434802e+02 2.566722780577086915e+00
5.210000000037755399e+02 2.603978991562921230e+00
5.215000000038075996e+02 2.319039865755666341e+00
5.220000000038395456e+02 2.267736329881463675e+00
5.225000000038716053e+02 2.303546747929226868e+00
5.230000000039036649e+02 2.362983424825989776e+00
5.235000000039357246e+02 2.443653783866296614e+00
5.240000000039676706e+02 2.270527449515402196e+00
5.245000000039997303e+02 2.118274553066007204e+00
5.250000000040317900e+02 2.404509642989841378e+00
5.255000000040638497e+02 2.257086515566284035e+00
5.260000000040957957e+02 2.444617837520566273e+00
5.265000000041278554e+02 2.444466772170073909e+00
5.270000000041599151e+02 2.326902243445195140e+00
5.275000000041919748e+02 1.960053889835262630e+00
5.280000000042239208e+02 2.344832875164704955e+00
5.285000000042559805e+02 2.375525626806802126e+00
5.290000000042880401e+02 2.375637521710053601e+00
5.295000000043200998e+02 2.492881094870888159e+00
5.300000000043521595e+02 2.524452366443703522e+00
5.305000000043841055e+02 2.471157554399060263e+00
5.310000000044161652e+02 2.496312795224418846e+00
5.315000000044482249e+02 2.541305941089349929e+00
5.320000000044802846e+02 2.062033488911446888e+00
5.325000000045122306e+02 2.109884295314979230e+00
5.330000000045442903e+02 2.219681172431530403e+00
5.335000000045763500e+02 2.367475285926262440e+00
5.340000000046084097e+02 2.364422164951831107e+00
5.345000000046403557e+02 2.242004126420893417e+00
5.350000000046724153e+02 2.213743879999454656e+00
5.355000000047044750e+02 2.417428589283254770e+00
5.360000000047365347e+02 2.377115548910150533e+00
5.365000000047684807e+02 2.177839337323942193e+00
5.370000000048005404e+02 2.194076567441309411e+00
5.375000000048326001e+02 2.121750713021709256e+00
5.380000000048646598e+02 2.227514999805851659e+00
5.385000000048967195e+02 2.452589002610893854e+00
5.390000000049286655e+02 2.646827485600500296e+00
5.395000000049607252e+02 2.442511320560226462e+00
5.400000000049927849e+02 2.393099207372697546e+00
5.405000000050248445e+02 2.124142913541550826e+00
5.410000000050567905e+02 1.979931105600529762e+00
5.415000000050888502e+02 2.271935838287935550e+00
5.420000000051209099e+02 2.384498251816766334e+00
5.425000000051529696e+02 2.449162630386338080e+00
5.430000000051849156e+02 2.566215241328679841e+00
5.435000000052169753e+02 2.521366618707177487e+00
5.440000000052490350e+02 2.225672964135934073e+00
5.445000000052810947e+02 2.321577395790457299e+00
5.450000000053130407e+02 2.254929983289634343e+00
5.455000000053451004e+02 2.033248546770658471e+00
5.460000000053771601e+02 2.180760142967712589e+00
5.465000000054092197e+02 2.121323688276126163e+00
5.470000000054411657e+02 2.582962419257383235e+00
5.475000000054732254e+02 2.350109490466159912e+00
5.480000000055052851e+02 2.070990286216578546e+00
5.485000000055373448e+02 2.475985428219921403e+00
5.490000000055694045e+02 2.323693950146054288e+00
5.495000000056013505e+02 2.373995151015733551e+00
5.500000000056334102e+02 2.330317996672931713e+00
5.505000000056654699e+02 2.184707035120204033e+00
5.510000000056975296e+02 2.342360662084942646e+00
5.515000000057294756e+02 2.315119520967359179e+00
5.520000000057615352e+02 2.530160148722201185e+00
5.525000000057935949e+02 2.564116490420509376e+00
5.530000000058256546e+02 2.433910011619402791e+00
5.535000000058576006e+02 2.248389964543624941e+00
5.540000000058896603e+02 2.389817231258722696e+00
5.545000000059217200e+02 2.368063912567040852e+00
5.550000000059537797e+02 2.178083873046070096e+00
5.555000000059857257e+02 2.336192560357145620e+00
5.560000000060177854e+02 2.289187648290879729e+00
5.565000000060498451e+02 2.295784056291782615e+00
5.570000000060819048e+02 2.364322001365678716e+00
5.575000000061139644e+02 2.359618047544751018e+00
5.580000000061459104e+02 2.365733341157842506e+00
5.585000000061779701e+02 2.433415398867913915e+00
5.590000000062100298e+02 2.546467333240969744e+00
5.595000000062420895e+02 2.389343722900599154e+00
5.600000000062740355e+02 2.441044574588391747e+00
5.605000000063060952e+02 2.280130119276149170e+00
5.610000000063381549e+02 2.137611083015447111e+00
5.615000000063702146e+02 2.417682337340195886e+00
5.620000000064021606e+02 2.419754700132613845e+00
5.625000000064342203e+02 2.487762457577592734e+00
5.630000000064662800e+02 2.518749431802087546e+00
5.635000000064983396e+02 2.429903329640521914e+00
5.640000000065302856e+02 2.429277749571728151e+00
5.645000000065623453e+02 2.392322485934062826e+00
5.650000000065944050e+02 2.313323396397712006e+00
5.655000000066264647e+02 2.246468819550281548e+00
5.660000000066585244e+02 2.439746332448919919e+00
5.665000000066904704e+02 2.275635429438058743e+00
5.670000000067225301e+02 2.277331590610446099e+00
5.675000000067545898e+02 2.280037626344810331e+00
5.680000000067866495e+02 2.209575501189225744e+00
5.685000000068185955e+02 2.347736286015790874e+00
5.690000000068506552e+02 2.356805797854985673e+00
5.695000000068827148e+02 2.351684795285941654e+00
5.700000000069147745e+02 2.464968308030178523e+00
5.705000000069467205e+02 2.396128554829469959e+00
5.710000000069787802e+02 2.376428573092425278e+00
5.715000000070108399e+02 2.389403751738716775e+00
5.720000000070428996e+02 2.344895180790641298e+00
5.725000000070748456e+02 2.332960415543051447e+00
5.730000000071069053e+02 2.262885497076447372e+00
5.735000000071389650e+02 2.492351195023935428e+00
5.740000000071710247e+02 2.385328389424434814e+00
5.745000000072030844e+02 2.378106166058781668e+00
5.750000000072350304e+02 2.310679024110402935e+00
5.755000000072670900e+02 2.392512966592093893e+00
5.760000000072991497e+02 2.469605978474027630e+00
5.765000000073312094e+02 2.475531970071051191e+00
5.770000000073631554e+02 2.400985119346914498e+00
5.775000000073952151e+02 2.485636088766674856e+00
5.780000000074272748e+02 2.154753718431994702e+00
5.785000000074593345e+02 2.655154327229587885e+00
5.790000000074912805e+02 2.482658952338144598e+00
5.795000000075233402e+02 2.380008645793350031e+00
5.800000000075553999e+02 2.188730167074991240e+00
5.805000000075874595e+02 2.113143401402793664e+00
5.810000000076194056e+02 2.261343524407447791e+00
5.815000000076514652e+02 2.385048007851910956e+00
5.820000000076835249e+02 2.218406402793777321e+00
5.825000000077155846e+02 2.635839183773801331e+00
5.830000000077476443e+02 2.536416217580625965e+00
5.835000000077795903e+02 2.391494999976613300e+00
5.840000000078116500e+02 2.470939486085020231e+00
5.845000000078437097e+02 2.573841911882619460e+00
5.850000000078757694e+02 2.308875529558500617e+00
5.855000000079077154e+02 2.251529914206666927e+00
5.860000000079397751e+02 2.136479797215179222e+00
5.865000000079718347e+02 2.480145797599639490e+00
5.870000000080038944e+02 2.492364921548537282e+00
5.875000000080358404e+02 2.485862791370089475e+00
5.880000000080679001e+02 2.273213743897028571e+00
5.885000000080999598e+02 2.318303222052068513e+00
5.890000000081320195e+02 2.417944647348323706e+00
5.895000000081639655e+02 2.398731777206604576e+00
5.900000000081960252e+02 2.400560295655569831e+00
5.905000000082280849e+02 2.295086072641239650e+00
5.910000000082601446e+02 2.352455148115467409e+00
5.915000000082920906e+02 2.342261498957857846e+00
5.920000000083241503e+02 2.390087522978292078e+00
5.925000000083562099e+02 2.064837370429895458e+00
5.930000000083882696e+02 2.354096589579307786e+00
5.935000000084203293e+02 2.496149204074630479e+00
5.940000000084522753e+02 2.400629819001970144e+00
5.945000000084843350e+02 2.528139785409780238e+00
5.950000000085163947e+02 2.377859367593781581e+00
5.955000000085484544e+02 2.345551464370701389e+00
5.960000000085804004e+02 2.179454070435589585e+00
5.965000000086124601e+02 2.422436988756484944e+00
5.970000000086445198e+02 2.501750136536339042e+00
5.975000000086765795e+02 2.512449378673724532e+00
5.980000000087085255e+02 2.471553412405190553e+00
5.985000000087405851e+02 2.472716821425912759e+00
5.990000000087726448e+02 2.334171958093285149e+00
5.995000000088047045e+02 2.273871671022314800e+00
6.000000000088366505e+02 2.204681271256224040e+00
6.005000000088687102e+02 2.364729180739031378e+00
6.010000000089007699e+02 2.442051917431611763e+00
6.015000000089328296e+02 2.420223373832975700e+00
6.020000000089648893e+02 2.379066561662741996e+00
6.025000000089968353e+02 2.297514259949654303e+00
6.030000000090288950e+02 2.425794642060667528e+00
6.035000000090609547e+02 2.169907165748401479e+00
6.040000000090930143e+02 2.397024371592013203e+00
6.045000000091249603e+02 2.268961862709355071e+00
6.050000000091570200e+02 2.322709728334773516e+00
6.055000000091890797e+02 2.419977100468759801e+00
6.060000000092211394e+02 2.528827573001761753e+00
6.065000000092530854e+02 2.357432577317464695e+00
6.070000000092851451e+02 2.326460653102342846e+00
6.075000000093172048e+02 2.438926187858356798e+00
6.080000000093492645e+02 2.395280687070280301e+00
6.085000000093812105e+02 2.536710283426172552e+00
6.090000000094132702e+02 2.293318612370940812e+00
6.095000000094453299e+02 2.290070683662262851e+00
6.100000000094773895e+02 2.505843607508984938e+00
6.105000000095094492e+02 2.384526538453110245e+00
6.110000000095413952e+02 2.312844840438458061e+00
6.115000000095734549e+02 2.398326389856271224e+00
6.120000000096055146e+02 2.209939104453975567e+00
6.125000000096375743e+02 2.057096499818654944e+00
6.130000000096695203e+02 2.276522964025573970e+00
6.135000000097015800e+02 2.649989176939270497e+00
6.140000000097336397e+02 2.596781171013519796e+00
6.145000000097656994e+02 2.434259509602616500e+00
6.150000000097976454e+02 2.441861882198836486e+00
6.155000000098297050e+02 2.490300976962394053e+00
6.160000000098617647e+02 2.503410437037327796e+00
6.165000000098938244e+02 2.199600809049026662e+00
6.170000000099257704e+02 2.382998607159368731e+00
6.175000000099578301e+02 2.512986177244633801e+00
6.180000000099898898e+02 2.297427721828811276e+00
6.185000000100219495e+02 2.188483544256877966e+00
6.190000000100540092e+02 2.424679967266779368e+00
6.195000000100859552e+02 2.421944258834145547e+00
6.200000000101180149e+02 2.149046216761985484e+00
6.205000000101500746e+02 2.176276637687456272e+00
6.210000000101821342e+02 2.022595059856403754e+00
6.215000000102140802e+02 2.393206805760281330e+00
6.220000000102461399e+02 2.075703583419439724e+00
6.225000000102781996e+02 2.290849378728465613e+00
6.230000000103102593e+02 2.428083052381958762e+00
6.235000000103422053e+02 2.371754149984857118e+00
6.240000000103742650e+02 2.345542189556397261e+00
6.245000000104063247e+02 2.323876101507149183e+00
6.250000000104383844e+02 2.444899774376694701e+00
6.255000000104703304e+02 2.435184600423463408e+00
6.260000000105023901e+02 2.280237651708092894e+00
6.265000000105344498e+02 2.410405561779040085e+00
6.270000000105665094e+02 2.259675706666138151e+00
6.275000000105985691e+02 2.348680721767708146e+00
6.280000000106305151e+02 2.413263517296115879e+00
6.285000000106625748e+02 2.370409536121916627e+00
6.290000000106946345e+02 2.231908749203483033e+00
6.295000000107266942e+02 2.253053131792452479e+00
6.300000000107586402e+02 2.400187464156901207e+00
6.305000000107906999e+02 2.454965117566743515e+00
6.310000000108227596e+02 2.521007519894602478e+00
6.315000000108548193e+02 2.300727906353135843e+00
6.320000000108867653e+02 2.227117558198124403e+00
6.325000000109188250e+02 2.513354237777930766e+00
6.330000000109508846e+02 2.458564236276154613e+00
6.335000000109829443e+02 2.292299461559495377e+00
6.340000000110148903e+02 2.279126197052347536e+00
6.345000000110469500e+02 2.152088277075641987e+00
6.350000000110790097e+02 2.323631894675532106e+00
6.355000000111110694e+02 2.301936290939024410e+00
6.360000000111430154e+02 2.315092833121049409e+00
6.365000000111750751e+02 2.650349400752257889e+00
6.370000000112071348e+02 2.287426190703405027e+00
6.375000000112391945e+02 2.178825310446962149e+00
6.380000000112712542e+02 2.550919027495089697e+00
6.385000000113032002e+02 2.378148328724184690e+00
6.390000000113352598e+02 2.275135612983784750e+00
6.395000000113673195e+02 2.277152160453232543e+00
6.400000000113993792e+02 2.662437011237025697e+00
6.405000000114313252e+02 2.186541619487186061e+00
6.410000000114633849e+02 2.386159699749887952e+00
6.415000000114954446e+02 2.313863688904414850e+00
6.420000000115275043e+02 2.475954595284990845e+00
6.425000000115594503e+02 2.297110900816266010e+00
6.430000000115915100e+02 2.252447603145055766e+00
6.435000000116235697e+02 2.288757403904383647e+00
6.440000000116556294e+02 2.053510348772652261e+00
6.445000000116875754e+02 1.892011454969915185e+00
6.450000000117196350e+02 2.527865937281399411e+00
6.455000000117516947e+02 2.426216341693180567e+00
6.460000000117837544e+02 2.451138673289097181e+00
6.465000000118158141e+02 2.201913649344258150e+00
6.470000000118477601e+02 2.366030578845657484e+00
6.475000000118798198e+02 2.374842564211001594e+00
6.480000000119118795e+02 2.508636931632425515e+00
6.485000000119439392e+02 2.502926694443198485e+00
6.490000000119758852e+02 2.240494727368100847e+00
6.495000000120079449e+02 2.297333751302616189e+00
6.500000000120400045e+02 2.393913658984776038e+00
6.505000000120720642e+02 2.382706223307706317e+00
6.510000000121040102e+02 2.395826165799990193e+00
6.515000000121360699e+02 2.293625948317344232e+00
6.520000000121681296e+02 2.394402737796980318e+00
6.525000000122001893e+02 2.393999475950149058e+00
6.530000000122321353e+02 2.162841687514766686e+00
6.535000000122641950e+02 2.416057409912609089e+00
6.540000000122962547e+02 2.384768211933949278e+00
6.545000000123283144e+02 2.707400911446903091e+00
6.550000000123603741e+02 2.489513011284897104e+00
6.555000000123923201e+02 2.413389607419543559e+00
6.560000000124243797e+02 2.474459854917066437e+00
6.565000000124564394e+02 2.275727022547616052e+00
6.570000000124884991e+02 2.383807569734448517e+00
6.575000000125204451e+02 2.370880764084193348e+00
6.580000000125525048e+02 2.232841787933127708e+00
6.585000000125845645e+02 2.309913969937774869e+00
6.590000000126166242e+02 2.037209954735416773e+00
6.595000000126485702e+02 2.450361952962101242e+00
6.600000000126806299e+02 2.197297544028196548e+00
6.605000000127126896e+02 2.476157813353293768e+00
6.610000000127447493e+02 2.133050853115307177e+00
6.615000000127766953e+02 2.344608563678117541e+00
6.620000000128087549e+02 2.394013837222841889e+00
6.625000000128408146e+02 2.333178515847637691e+00
6.630000000128728743e+02 2.437666281276607894e+00
6.635000000129049340e+02 2.362511754740585168e+00
6.640000000129368800e+02 2.507762221493239352e+00
6.645000000129689397e+02 2.364466397222623861e+00
6.650000000130009994e+02 2.482228370497701064e+00
6.655000000130330591e+02 2.180811973636114232e+00
6.660000000130650051e+02 2.201171850379729733e+00
6.665000000130970648e+02 2.354610365281827100e+00
6.670000000131291245e+02 2.131618248786387060e+00
6.675000000131611841e+02 2.392934899256638825e+00
6.680000000131931301e+02 2.279922354810772323e+00
6.685000000132251898e+02 2.322671637432155656e+00
6.690000000132572495e+02 2.421798936355819887e+00
6.695000000132893092e+02 2.321004720463098803e+00
6.700000000133212552e+02 2.267192629527173153e+00
6.705000000133533149e+02 2.462442717177282248e+00
6.710000000133853746e+02 2.477234543664384780e+00
6.715000000134174343e+02 2.263936211114776498e+00
6.720000000134494940e+02 2.223338352169636600e+00
6.725000000134814400e+02 2.324143170508023548e+00
6.730000000135134997e+02 2.223892856501615167e+00
6.735000000135455593e+02 2.362993288693084004e+00
6.740000000135776190e+02 2.429382088001505124e+00
6.745000000136095650e+02 2.472105295309535933e+00
6.750000000136416247e+02 2.430893005668502305e+00
6.755000000136736844e+02 2.444362569710168298e+00
6.760000000137057441e+02 2.336009526489533528e+00
6.765000000137376901e+02 2.187614150741161723e+00
6.770000000137697498e+02 2.364975076533589959e+00
6.775000000138018095e+02 2.171252593467850822e+00
6.780000000138338692e+02 2.177829149691562716e+00
6.785000000138658152e+02 2.660988477589728785e+00
6.790000000138978749e+02 2.349370011845861139e+00
6.795000000139299345e+02 2.305805535794904770e+00
6.800000000139619942e+02 2.358187773119825970e+00
6.805000000139939402e+02 2.306073824057397914e+00
6.810000000140259999e+02 2.521613717526119292e+00
6.815000000140580596e+02 2.444763619904574803e+00
6.820000000140901193e+02 2.436477180411176224e+00
6.825000000141221790e+02 2.442348458978663039e+00
6.830000000141541250e+02 2.444004964788772494e+00
6.835000000141861847e+02 2.231547645872084651e+00
6.840000000142182444e+02 2.513740786758695389e+00
6.845000000142503040e+02 2.474966599171915416e+00
6.850000000142822500e+02 2.213541194641878818e+00
6.855000000143143097e+02 2.434950674364170453e+00
6.860000000143463694e+02 2.504626302312620290e+00
6.865000000143784291e+02 2.365657432417763939e+00
6.870000000144103751e+02 2.615078782213353659e+00
6.875000000144424348e+02 2.410402609313030187e+00
6.880000000144744945e+02 2.474044924887604413e+00
6.885000000145065542e+02 2.433381000619513568e+00
6.890000000145385002e+02 2.350394881212887643e+00
6.895000000145705599e+02 2.390539500648646509e+00
6.900000000146026196e+02 2.141045116544548321e+00
6.905000000146346792e+02 2.175973618547858646e+00
6.910000000146667389e+02 2.027513964489166653e+00
6.915000000146986849e+02 2.111617159346668604e+00
6.920000000147307446e+02 2.364132303302954430e+00
6.925000000147628043e+02 1.946932632593182388e+00
6.930000000147948640e+02 2.054104573067387918e+00
6.935000000148268100e+02 2.401875137814785788e+00
6.940000000148588697e+02 2.188676425548350846e+00
6.945000000148909294e+02 2.343112521221619282e+00
6.950000000149229891e+02 2.389131673118451094e+00
6.955000000149549351e+02 2.109567413500526012e+00
6.960000000149869948e+02 2.389043881755732901e+00
6.965000000150190544e+02 2.318819810441377083e+00
6.970000000150511141e+02 2.298452524600514302e+00
6.975000000150830601e+02 2.304325820125891600e+00
6.980000000151151198e+02 2.161117272221345864e+00
6.985000000151471795e+02 2.421365345309591799e+00
6.990000000151792392e+02 2.362835316499775740e+00
6.995000000152112989e+02 1.931318346455895174e+00
7.000000000152432449e+02 2.054264558864638879e+00
7.005000000152753046e+02 2.284476931901503249e+00
7.010000000153073643e+02 2.442210239581527276e+00
7.015000000153394240e+02 2.272714058084248645e+00
7.020000000153713700e+02 1.871694721445534615e+00
7.025000000154034296e+02 2.019886161268051428e+00
7.030000000154354893e+02 2.313464507576790119e+00
7.035000000154675490e+02 2.420986086515290570e+00
7.040000000154994950e+02 2.308043018042365890e+00
7.045000000155315547e+02 2.389188007923488843e+00
7.050000000155636144e+02 2.277614772817637689e+00
7.055000000155956741e+02 2.258262716315142082e+00
7.060000000156276201e+02 2.349624780393987589e+00
7.065000000156596798e+02 2.509259477994449483e+00
7.070000000156917395e+02 2.592914323473766824e+00
7.075000000157237992e+02 2.268697339704329963e+00
7.080000000157558588e+02 2.568332803972079859e+00
7.085000000157878048e+02 2.424392154343649519e+00
7.090000000158198645e+02 2.398354179415464138e+00
7.095000000158519242e+02 2.395820608030156507e+00
7.100000000158839839e+02 2.332603439602679352e+00
7.105000000159159299e+02 2.354188978934969256e+00
7.110000000159479896e+02 2.313667137994052769e+00
7.115000000159800493e+02 2.415660876503849419e+00
7.120000000160121090e+02 2.395669263581057251e+00
7.125000000160440550e+02 2.342442149295448584e+00
7.130000000160761147e+02 2.369397588930047149e+00
7.135000000161081743e+02 2.236454868173535004e+00
7.140000000161402340e+02 2.340236576995415430e+00
7.145000000161721800e+02 2.228422810077269389e+00
7.150000000162042397e+02 2.355241326542448554e+00
7.155000000162362994e+02 2.419266380415312501e+00
7.160000000162683591e+02 2.112213416369255636e+00
7.165000000163003051e+02 2.240676494574505018e+00
7.170000000163323648e+02 2.188374310896430863e+00
7.175000000163644245e+02 1.921673564517031751e+00
7.180000000163964842e+02 2.077974137221449080e+00
7.185000000164285439e+02 2.055862219336014984e+00
7.190000000164604899e+02 2.301402885556668387e+00
7.195000000164925495e+02 2.351653828206777597e+00
7.200000000165246092e+02 2.360461823677488802e+00
7.205000000165566689e+02 2.391900101127160561e+00
7.210000000165886149e+02 2.294713062453172192e+00
7.215000000166206746e+02 2.178586944849691953e+00
7.220000000166527343e+02 2.083080650797203948e+00
7.225000000166847940e+02 2.272454342905591229e+00
7.230000000167167400e+02 2.358784465826079924e+00
7.235000000167487997e+02 2.419597316073340831e+00
7.240000000167808594e+02 2.171961290470823425e+00
7.245000000168129191e+02 2.267084337386385595e+00
7.250000000168448651e+02 2.035805920183278772e+00
7.255000000168769247e+02 2.247410811544813036e+00
7.260000000169089844e+02 2.472156782143863918e+00
7.265000000169410441e+02 2.350475344485412510e+00
7.270000000169731038e+02 2.455881000149311433e+00
7.275000000170050498e+02 2.153818635718955488e+00
7.280000000170371095e+02 2.429163738199309641e+00
7.285000000170691692e+02 2.260977537386004155e+00
7.290000000171012289e+02 2.317053755184939501e+00
7.295000000171331749e+02 2.129613359021324648e+00
7.300000000171652346e+02 2.336416346185501869e+00
7.305000000171972943e+02 2.277650490472140632e+00
7.310000000172293539e+02 2.346426929358411240e+00
7.315000000172612999e+02 2.283158154391556671e+00
7.320000000172933596e+02 2.223751008500533644e+00
7.325000000173254193e+02 2.315339946282855443e+00
7.330000000173574790e+02 2.133575279151997517e+00
7.335000000173894250e+02 2.362130716772757655e+00
7.340000000174214847e+02 2.349882273332982052e+00
7.345000000174535444e+02 2.303359173842854268e+00
7.350000000174856041e+02 2.507938625552062817e+00
7.355000000175176638e+02 2.490263287307396212e+00
7.360000000175496098e+02 2.315124710047925749e+00
7.365000000175816695e+02 2.511114160909100779e+00
7.370000000176137291e+02 2.600719874753609329e+00
7.375000000176457888e+02 2.650991621090116102e+00
7.380000000176777348e+02 2.244311970007248913e+00
7.385000000177097945e+02 2.544391681775066250e+00
7.390000000177418542e+02 2.776354522233629663e+00
7.395000000177739139e+02 2.406385799245508661e+00
7.400000000178058599e+02 2.565480347770996872e+00
7.405000000178379196e+02 2.371291524694765229e+00
7.410000000178699793e+02 2.507915170072569477e+00
7.415000000179020390e+02 2.496310197682448440e+00
7.420000000179339850e+02 2.489281410759113466e+00
7.425000000179660447e+02 2.740796325688213297e+00
7.430000000179981043e+02 2.386424976075005588e+00
7.435000000180301640e+02 2.461180357293447862e+00
7.440000000180622237e+02 2.457915332751578141e+00
7.445000000180941697e+02 2.417089507395953962e+00
7.450000000181262294e+02 2.525050801846695947e+00
7.455000000181582891e+02 2.131004890424451848e+00
7.460000000181903488e+02 2.522427211898712773e+00
7.465000000182222948e+02 2.489229928566617289e+00
7.470000000182543545e+02 2.617397852970086980e+00
7.475000000182864142e+02 2.326706372966977909e+00
7.480000000183184738e+02 2.222340939970669726e+00
7.485000000183504199e+02 2.295393538516421028e+00
7.490000000183824795e+02 2.460520839537493121e+00
7.495000000184145392e+02 2.624775032091432259e+00
7.500000000184465989e+02 2.393213684029154908e+00
7.505000000184785449e+02 2.591672427974913262e+00
7.510000000185106046e+02 2.427643495348640545e+00
7.515000000185426643e+02 2.215568073261017457e+00
7.520000000185747240e+02 2.417223746236409454e+00
7.525000000186067837e+02 2.168079496668320783e+00
7.530000000186387297e+02 2.007528492492046901e+00
7.535000000186707894e+02 2.218987425285261939e+00
7.540000000187028490e+02 2.201919074729620895e+00
7.545000000187349087e+02 2.299734218063188340e+00
7.550000000187668547e+02 2.238639906667707180e+00
7.555000000187989144e+02 2.395202996434263820e+00
7.560000000188309741e+02 2.366258179395573702e+00
7.565000000188630338e+02 2.225063551947284335e+00
7.570000000188949798e+02 2.501020881257155271e+00
7.575000000189270395e+02 2.313325929758621502e+00
7.580000000189590992e+02 2.448799018268976280e+00
7.585000000189911589e+02 2.135661287415397069e+00
7.590000000190231049e+02 2.472066786745409139e+00
7.595000000190551646e+02 2.499432847049553263e+00
7.600000000190872242e+02 2.388429778418687643e+00
7.605000000191192839e+02 2.314009342216460041e+00
7.610000000191512299e+02 2.219734920356407848e+00
7.615000000191832896e+02 2.210119636760033313e+00
7.620000000192153493e+02 2.253727133877578392e+00
7.625000000192474090e+02 2.015821034420219426e+00
7.630000000192794687e+02 2.349065910475090391e+00
7.635000000193114147e+02 2.364561471523766389e+00
7.640000000193434744e+02 2.358893016962776201e+00
7.645000000193755341e+02 2.598433080970993014e+00
7.650000000194075938e+02 2.393009195199196526e+00
7.655000000194395398e+02 2.579214147628011933e+00
7.660000000194715994e+02 1.954019693571555027e+00
7.665000000195036591e+02 2.325409953012517406e+00
7.670000000195357188e+02 2.159755594111727017e+00
7.675000000195676648e+02 2.278300314846043673e+00
7.680000000195997245e+02 2.375313261106373641e+00
7.685000000196317842e+02 2.615641980631962848e+00
7.690000000196638439e+02 2.553675564898416628e+00
7.695000000196957899e+02 2.522864399312820805e+00
7.700000000197278496e+02 2.301402001333525238e+00
7.705000000197599093e+02 2.403353949199659390e+00
7.710000000197919690e+02 2.478040436188347240e+00
7.715000000198240286e+02 2.015386682243551775e+00
7.720000000198559746e+02 2.439326349462976662e+00
7.725000000198880343e+02 2.436304534215451234e+00
7.730000000199200940e+02 2.211411592842203788e+00
7.735000000199521537e+02 2.300729659885415668e+00
7.740000000199840997e+02 2.413723434292592618e+00
7.745000000200161594e+02 2.364528936073132748e+00
7.750000000200482191e+02 2.315493395312449909e+00
7.755000000200802788e+02 2.343392783442290739e+00
7.760000000201122248e+02 2.272050745035957053e+00
7.765000000201442845e+02 2.295201478133738870e+00
7.770000000201763442e+02 2.547937637107195563e+00
7.775000000202084038e+02 2.353582019498190014e+00
7.780000000202403498e+02 2.370958888309817159e+00
7.785000000202724095e+02 2.575823308691582270e+00
7.790000000203044692e+02 2.395454658120049540e+00
7.795000000203365289e+02 2.315012121393226430e+00
7.800000000203685886e+02 2.309128777539421584e+00
7.805000000204005346e+02 2.409754561598352662e+00
7.810000000204325943e+02 2.231119408129945914e+00
7.815000000204646540e+02 2.299792214040474736e+00
7.820000000204967137e+02 2.277567918614604725e+00
7.825000000205286597e+02 2.325227821209765011e+00
7.830000000205607193e+02 2.182730407238298476e+00
7.835000000205927790e+02 2.314925904923648581e+00
7.840000000206248387e+02 2.231327557474648504e+00
7.845000000206567847e+02 2.358024956500917035e+00
7.850000000206888444e+02 2.207967465664780526e+00
7.855000000207209041e+02 2.499355461133123235e+00
7.860000000207529638e+02 2.507480578467053078e+00
7.865000000207849098e+02 2.375045129461901716e+00
7.870000000208169695e+02 2.440680330379561003e+00
7.875000000208490292e+02 2.650210829150446923e+00
7.880000000208810889e+02 2.273981623421273746e+00
7.885000000209131485e+02 2.195146395385755067e+00
7.890000000209450945e+02 2.216927363020853026e+00
7.895000000209771542e+02 2.155867545869710522e+00
7.900000000210092139e+02 2.306849210096626912e+00
7.905000000210412736e+02 2.419484416493127732e+00
7.910000000210732196e+02 2.285075591444165166e+00
7.915000000211052793e+02 2.295005945184070750e+00
7.920000000211373390e+02 2.142480661589497348e+00
7.925000000211693987e+02 2.263201950442073507e+00
7.930000000212013447e+02 2.210594822835111550e+00
7.935000000212334044e+02 2.349075790587880075e+00
7.940000000212654641e+02 2.231228536260003725e+00
7.945000000212975237e+02 2.390932602090032777e+00
7.950000000213294697e+02 2.092805064467659015e+00
7.955000000213615294e+02 2.470192412463366960e+00
7.960000000213935891e+02 2.323641192325604621e+00
7.965000000214256488e+02 2.177743019066902264e+00
7.970000000214577085e+02 2.498725874706832606e+00
7.975000000214896545e+02 2.416182191600329432e+00
7.980000000215217142e+02 2.279973822265070282e+00
7.985000000215537739e+02 2.506868676306307275e+00
7.990000000215858336e+02 2.124378780771342790e+00
7.995000000216177796e+02 2.289853641753361480e+00
8.000000000216498393e+02 2.424919232867164709e+00
8.005000000216818989e+02 2.390322004479357165e+00
8.010000000217139586e+02 2.333642042214034706e+00
8.015000000217459046e+02 1.991637705567695926e+00
8.020000000217779643e+02 2.312178715973337351e+00
8.025000000218100240e+02 2.278048941325885313e+00
8.030000000218420837e+02 2.219368179602426494e+00
8.035000000218740297e+02 2.488563017336733019e+00
8.040000000219060894e+02 2.389688778895304289e+00
8.045000000219381491e+02 2.331512778523040730e+00
8.050000000219702088e+02 2.246149957686093934e+00
8.055000000220021548e+02 2.314063899001019831e+00
8.060000000220342145e+02 2.297691425705314927e+00
8.065000000220662741e+02 2.344695935881961013e+00
8.070000000220983338e+02 2.308990247229204762e+00
8.075000000221303935e+02 2.352177048554944250e+00
8.080000000221623395e+02 2.420633047112983771e+00
8.085000000221943992e+02 2.335336752305610108e+00
8.090000000222264589e+02 2.322525162137765165e+00
8.095000000222585186e+02 2.170302335065502852e+00
8.100000000222904646e+02 1.949679895953540409e+00
8.105000000223225243e+02 2.120738636534600374e+00
8.110000000223545840e+02 2.017884352097730094e+00
8.115000000223866436e+02 2.380312299172623991e+00
8.120000000224185897e+02 2.513552932015306052e+00
8.125000000224506493e+02 2.308548178764638248e+00
8.130000000224827090e+02 2.186836442389553881e+00
8.135000000225147687e+02 2.576092849006329732e+00
8.140000000225467147e+02 2.396938883326832137e+00
8.145000000225787744e+02 2.129796907526031902e+00
8.150000000226108341e+02 1.989527464909693011e+00
8.155000000226428938e+02 1.920749774011490940e+00
8.160000000226749535e+02 2.290086718235415209e+00
8.165000000227068995e+02 2.287997367586097841e+00
8.170000000227389592e+02 2.248262629829202996e+00
8.175000000227710188e+02 2.170743188163906101e+00
8.180000000228030785e+02 2.348471093162518120e+00
8.185000000228350245e+02 2.412676271076467316e+00
8.190000000228670842e+02 2.300529021280108388e+00
8.195000000228991439e+02 2.528401510469336699e+00
8.200000000229312036e+02 2.075194063061911898e+00
8.205000000229631496e+02 2.398317584897330157e+00
8.210000000229952093e+02 2.253726942464529426e+00
8.215000000230272690e+02 2.242766219102795056e+00
8.220000000230593287e+02 2.260429677187667075e+00
8.225000000230912747e+02 2.323277213706861133e+00
8.230000000231233344e+02 2.306024732568974223e+00
8.235000000231553940e+02 2.420014544091954267e+00
8.240000000231874537e+02 2.522138480371228120e+00
8.245000000232195134e+02 2.407112937527732921e+00
8.250000000232514594e+02 2.118172049801893220e+00
8.255000000232835191e+02 2.103692520849759884e+00
8.260000000233155788e+02 2.429623864629877783e+00
8.265000000233476385e+02 2.438054004277105058e+00
8.270000000233795845e+02 2.535897435459006033e+00
8.275000000234116442e+02 2.424498747151729194e+00
8.280000000234437039e+02 2.418615614085630749e+00
8.285000000234757636e+02 2.145075944655955968e+00
8.290000000235077096e+02 2.293161729150881456e+00
8.295000000235397692e+02 2.082756631453741125e+00
8.300000000235718289e+02 2.277157634276949061e+00
8.305000000236038886e+02 2.552147305235631158e+00
8.310000000236358346e+02 2.392332581643657807e+00
8.315000000236678943e+02 2.512633705024392761e+00
8.320000000236999540e+02 2.409601545476645956e+00
8.325000000237320137e+02 2.238991116930621139e+00
8.330000000237640734e+02 2.130791137569946869e+00
8.335000000237960194e+02 2.280772646561825656e+00
8.340000000238280791e+02 2.312739507972057407e+00
8.345000000238601388e+02 2.368623564553410610e+00
8.350000000238921984e+02 2.237587129981565059e+00
8.355000000239241444e+02 2.453799069443119762e+00
8.360000000239562041e+02 2.431630905685590704e+00
8.365000000239882638e+02 2.303544853088372424e+00
8.370000000240203235e+02 2.311561728718267261e+00
8.375000000240522695e+02 2.405967739058059607e+00
8.380000000240843292e+02 2.153884935048770544e+00
8.385000000241163889e+02 2.329184084231251450e+00
8.390000000241484486e+02 2.463959894747389523e+00
8.395000000241803946e+02 2.224927726637327741e+00
8.400000000242124543e+02 2.248946546112068123e+00
8.405000000242445140e+02 2.310800043727412323e+00
8.410000000242765736e+02 2.076898819007429342e+00
8.415000000243086333e+02 2.055050199119534238e+00
8.420000000243405793e+02 2.258272158752676173e+00
8.425000000243726390e+02 2.287473878249309145e+00
8.430000000244046987e+02 2.259912997898152476e+00
8.435000000244367584e+02 2.344587421540033745e+00
8.440000000244687044e+02 2.248538120540705787e+00
8.445000000245007641e+02 2.487964870376047966e+00
8.450000000245328238e+02 2.603252272228472552e+00
8.455000000245648835e+02 2.467007369085705282e+00
8.460000000245968295e+02 2.517772971016598582e+00
8.465000000246288892e+02 2.175048422179001850e+00
8.470000000246609488e+02 2.373870385175744335e+00
8.475000000246930085e+02 2.314636799996759198e+00
8.480000000247249545e+02 2.262175485071500791e+00
8.485000000247570142e+02 2.219625867559380517e+00
8.490000000247890739e+02 2.574567305528771666e+00
8.495000000248211336e+02 2.423886640197006059e+00
8.500000000248530796e+02 2.371387001613412426e+00
8.505000000248851393e+02 2.261005681118854582e+00
8.510000000249171990e+02 2.335856625411258936e+00
8.515000000249492587e+02 2.238476659036623850e+00
8.520000000249813183e+02 2.260701073912195103e+00
8.525000000250132643e+02 2.320703822496374524e+00
8.530000000250453240e+02 2.389195314782128321e+00
8.535000000250773837e+02 2.441168931521781271e+00
8.540000000251094434e+02 2.435989924640801885e+00
8.545000000251413894e+02 2.501331076510054707e+00
8.550000000251734491e+02 2.485536542705596652e+00
8.555000000252055088e+02 2.549216988614462664e+00
8.560000000252375685e+02 2.327287135312889443e+00
8.565000000252695145e+02 2.309333566793283499e+00
8.570000000253015742e+02 2.140167554976993625e+00
8.575000000253336339e+02 2.185009415468707417e+00
8.580000000253656935e+02 2.472414875350518848e+00
8.585000000253976395e+02 2.215846763124106555e+00
8.590000000254296992e+02 2.198649989107690050e+00
8.595000000254617589e+02 2.497349118689392355e+00
8.600000000254938186e+02 2.308798665076478240e+00
8.605000000255258783e+02 2.232331024539644382e+00
8.610000000255578243e+02 2.712635995082684381e+00
8.615000000255898840e+02 2.638778173564240603e+00
8.620000000256219437e+02 2.496177531671100347e+00
8.625000000256540034e+02 2.375296882592802028e+00
8.630000000256859494e+02 2.337921790024144464e+00
8.635000000257180091e+02 2.284695359590283470e+00
8.640000000257500687e+02 2.372716994966265869e+00
8.645000000257821284e+02 2.397794991057009995e+00
8.650000000258140744e+02 2.309569844073844358e+00
8.655000000258461341e+02 2.536863448477402194e+00
8.660000000258781938e+02 2.384215400178472777e+00
8.665000000259102535e+02 2.382534146819646370e+00
8.670000000259421995e+02 2.606751629187098462e+00
8.675000000259742592e+02 2.366811764578502952e+00
8.680000000260063189e+02 2.385616484137143889e+00
8.685000000260383786e+02 2.342842084175675854e+00
8.690000000260704383e+02 2.108782302116013252e+00
8.695000000261023843e+02 2.194259978087913954e+00
8.700000000261344439e+02 2.274201481213886211e+00
8.705000000261665036e+02 2.396049045809796496e+00
8.710000000261985633e+02 2.365642566853400464e+00
8.715000000262305093e+02 2.725203251044683306e+00
8.720000000262625690e+02 2.334328066178229300e+00
8.725000000262946287e+02 2.367397506856522060e+00
8.730000000263266884e+02 2.344037292314822274e+00
8.735000000263586344e+02 2.638638494741299301e+00
8.740000000263906941e+02 2.303247907288297647e+00
8.745000000264227538e+02 2.217077431713876834e+00
8.750000000264548135e+02 2.107290438899714680e+00
8.755000000264867595e+02 2.335467253517412356e+00
8.760000000265188191e+02 2.289365534669796531e+00
8.765000000265508788e+02 2.209254984983138659e+00
8.770000000265829385e+02 2.314154704412380692e+00
8.775000000266149982e+02 2.318053690953616464e+00
8.780000000266469442e+02 2.187219984656187943e+00
8.785000000266790039e+02 2.040088574236642138e+00
8.790000000267110636e+02 2.275526082604443445e+00
8.795000000267431233e+02 2.272014547929689154e+00
8.800000000267750693e+02 2.383057017166399838e+00
8.805000000268071290e+02 2.254313412790708515e+00
8.810000000268391886e+02 2.264985876252704866e+00
8.815000000268712483e+02 2.592150886171765922e+00
8.820000000269031943e+02 2.569613606121827765e+00
8.825000000269352540e+02 2.243840804528787203e+00
8.830000000269673137e+02 2.418672661077411856e+00
8.835000000269993734e+02 2.505075021008875247e+00
8.840000000270313194e+02 2.500416106873155631e+00
8.845000000270633791e+02 2.353342371516981668e+00
8.850000000270954388e+02 2.143549267249791335e+00
8.855000000271274985e+02 2.336594938127553256e+00
8.860000000271595582e+02 2.475777396255539387e+00
8.865000000271915042e+02 2.406435539234156984e+00
8.870000000272235638e+02 2.412486562192899253e+00
8.875000000272556235e+02 2.526990483389528919e+00
8.880000000272876832e+02 2.442521064799824781e+00
8.885000000273196292e+02 2.593800970323245192e+00
8.890000000273516889e+02 2.173369491723682323e+00
8.895000000273837486e+02 2.442317271298372283e+00
8.900000000274158083e+02 2.335956151636487288e+00
8.905000000274477543e+02 2.235091361299587298e+00
8.910000000274798140e+02 2.352090506845196494e+00
8.915000000275118737e+02 2.397497584256323311e+00
8.920000000275439334e+02 2.432358371717651568e+00
8.925000000275758794e+02 2.634560455962162706e+00
8.930000000276079390e+02 2.475197020523416835e+00
8.935000000276399987e+02 2.417608108959171886e+00
8.940000000276720584e+02 2.423620398647170937e+00
8.945000000277040044e+02 2.439150084152683640e+00
8.950000000277360641e+02 2.269679566503187917e+00
8.955000000277681238e+02 2.300430611135886316e+00
8.960000000278001835e+02 2.401478020120329404e+00
8.965000000278322432e+02 2.119696104664760661e+00
8.970000000278641892e+02 2.115585702882132768e+00
8.975000000278962489e+02 2.306541479708680065e+00
8.980000000279283086e+02 2.215973598479564988e+00
8.985000000279603682e+02 2.169632932932665348e+00
8.990000000279923142e+02 2.320532633106135556e+00
8.995000000280243739e+02 2.291942985099558072e+00
9.000000000280564336e+02 2.150518925186708508e+00
9.005000000280884933e+02 2.138298151430259697e+00
9.010000000281204393e+02 2.467327018872039979e+00
9.015000000281524990e+02 2.485130555721072110e+00
9.020000000281845587e+02 2.225895423490809044e+00
9.025000000282166184e+02 2.579864964312998055e+00
9.030000000282485644e+02 2.245735637673561769e+00
9.035000000282806241e+02 2.467440479114513696e+00
9.040000000283126838e+02 2.387188293456557364e+00
9.045000000283447434e+02 2.453900000122060110e+00
9.050000000283768031e+02 2.239969771067591431e+00
9.055000000284087491e+02 2.534325662470378493e+00
9.060000000284408088e+02 2.393864910900461496e+00
9.065000000284728685e+02 2.527657663888742690e+00
9.070000000285049282e+02 2.649838287208211796e+00
9.075000000285368742e+02 2.590709049532677000e+00
9.080000000285689339e+02 2.395269315091179241e+00
9.085000000286009936e+02 2.354864847805259842e+00
9.090000000286330533e+02 2.326724164781862392e+00
9.095000000286649993e+02 2.342409631491944921e+00
9.100000000286970590e+02 2.457285245524362338e+00
9.105000000287291186e+02 2.597273349153291111e+00
9.110000000287611783e+02 2.480800823443814362e+00
9.115000000287931243e+02 2.207760159103088871e+00
9.120000000288251840e+02 2.216589027716522775e+00
9.125000000288572437e+02 2.303458149933783172e+00
9.130000000288893034e+02 2.193249005434112497e+00
9.135000000289213631e+02 2.325517255304935471e+00
9.140000000289533091e+02 2.402013758681990296e+00
9.145000000289853688e+02 2.405592271435792906e+00
9.150000000290174285e+02 2.406218818242778834e+00
9.155000000290494881e+02 2.295991439592273586e+00
9.160000000290814341e+02 2.374534918687507989e+00
9.165000000291134938e+02 2.391925348539036378e+00
9.170000000291455535e+02 2.248890011626337060e+00
9.175000000291776132e+02 2.467781948749033116e+00
9.180000000292095592e+02 2.468752912649005093e+00
9.185000000292416189e+02 2.537204292482098111e+00
9.190000000292736786e+02 2.337246013970033953e+00
9.195000000293057383e+02 2.544491239152901763e+00
9.200000000293376843e+02 2.589203903896520664e+00
9.205000000293697440e+02 2.386543385599533718e+00
9.210000000294018037e+02 2.198409310597260635e+00
9.215000000294338633e+02 2.285701845670691679e+00
9.220000000294659230e+02 2.274117053150378709e+00
9.225000000294978690e+02 2.108293561355463197e+00
9.230000000295299287e+02 2.230831069734452221e+00
9.235000000295619884e+02 2.433341987765377912e+00
9.240000000295940481e+02 2.528421644582927730e+00
9.245000000296259941e+02 2.339970129108666974e+00
9.250000000296580538e+02 2.154331173369279373e+00
9.255000000296901135e+02 2.083298292409614394e+00
9.260000000297221732e+02 2.267176047439368514e+00
9.265000000297541192e+02 2.226355799038264749e+00
9.270000000297861789e+02 2.362081731674863239e+00
9.275000000298182385e+02 2.425187075055168506e+00
9.280000000298502982e+02 2.612346466030666114e+00
9.285000000298822442e+02 2.416374282996077039e+00
9.290000000299143039e+02 2.416461479484929065e+00
9.295000000299463636e+02 1.895682138542343464e+00
9.300000000299784233e+02 2.237276000780130225e+00
9.305000000300104830e+02 2.194168282886662880e+00
9.310000000300424290e+02 2.315753550937774019e+00
9.315000000300744887e+02 2.221105784427780616e+00
9.320000000301065484e+02 2.516697009064668755e+00
9.325000000301386081e+02 2.459904785220073276e+00
9.330000000301705541e+02 2.340229584947093322e+00
9.335000000302026137e+02 2.328438362659243310e+00
9.340000000302346734e+02 2.434557337766985352e+00
9.345000000302667331e+02 2.435596087672563304e+00
9.350000000302986791e+02 2.262336929019015841e+00
9.355000000303307388e+02 2.286239957028332714e+00
9.360000000303627985e+02 2.596411442494419575e+00
9.365000000303948582e+02 2.537964389927966469e+00
9.370000000304268042e+02 2.407416640115757733e+00
9.375000000304588639e+02 2.540741616636212896e+00
9.380000000304909236e+02 2.739690171510964500e+00
9.385000000305229833e+02 2.530080140274606482e+00
9.390000000305549293e+02 2.652679043464519104e+00
9.395000000305869889e+02 2.251817843404722463e+00
9.400000000306190486e+02 2.323760358789241920e+00
9.405000000306511083e+02 2.454547836699997099e+00
9.410000000306831680e+02 2.368389792990284626e+00
9.415000000307151140e+02 2.374525834449751294e+00
9.420000000307471737e+02 2.529717205504412814e+00
9.425000000307792334e+02 2.165163404879634879e+00
9.430000000308112931e+02 2.426094827414071897e+00
9.435000000308432391e+02 2.209206223354443832e+00
9.440000000308752988e+02 2.405656016161525912e+00
9.445000000309073585e+02 2.396703196218491705e+00
9.450000000309394181e+02 2.556867196614255544e+00
9.455000000309713641e+02 2.397344797350935419e+00
9.460000000310034238e+02 2.537352298469533807e+00
9.465000000310354835e+02 2.372273932681647324e+00
9.470000000310675432e+02 2.097352786759241194e+00
9.475000000310994892e+02 2.446165419636477711e+00
9.480000000311315489e+02 2.387934325031785487e+00
9.485000000311636086e+02 2.371016527086998948e+00
9.490000000311956683e+02 2.320810420028430521e+00
9.495000000312277280e+02 2.498932355803725969e+00
9.500000000312596740e+02 2.358313169424611999e+00
9.505000000312917336e+02 2.265602503949111668e+00
9.510000000313237933e+02 2.544868250008258670e+00
9.515000000313558530e+02 2.353064246245776481e+00
9.520000000313877990e+02 2.279863217365960981e+00
9.525000000314198587e+02 2.404256580468052462e+00
9.530000000314519184e+02 2.498539539270929311e+00
9.535000000314839781e+02 2.332083493583007261e+00
9.540000000315159241e+02 2.307138786371877970e+00
9.545000000315479838e+02 2.273204594564318892e+00
9.550000000315800435e+02 2.356332122918405769e+00
9.555000000316121032e+02 2.490026851469153257e+00
9.560000000316440492e+02 2.347568009463950833e+00
9.565000000316761088e+02 2.361404108959156201e+00
9.570000000317081685e+02 2.404218215959705862e+00
9.575000000317402282e+02 2.490916490342952372e+00
9.580000000317722879e+02 2.317997327838613675e+00
9.585000000318042339e+02 2.079145242430872287e+00
9.590000000318362936e+02 2.440354500268876681e+00
9.595000000318683533e+02 2.266120727810474467e+00
9.600000000319004130e+02 2.356807862836387990e+00
9.605000000319323590e+02 2.491360035123975081e+00
9.610000000319644187e+02 2.280026606076062112e+00
9.615000000319964784e+02 2.017577172503820293e+00
9.620000000320285380e+02 2.005664423279478470e+00
9.625000000320604840e+02 2.387300031465826144e+00
9.630000000320925437e+02 2.321546012276880511e+00
9.635000000321246034e+02 2.349928198413985037e+00
9.640000000321566631e+02 2.341082873801398012e+00
9.645000000321886091e+02 2.291688284928512065e+00
9.650000000322206688e+02 2.380800952655868663e+00
9.655000000322527285e+02 2.605486727105114753e+00
9.660000000322847882e+02 2.592863693499088296e+00
9.665000000323168479e+02 2.594284883467847358e+00
9.670000000323487939e+02 2.490150923512688852e+00
9.675000000323808536e+02 2.420820990571368014e+00
9.680000000324129132e+02 2.387570991081566341e+00
9.685000000324449729e+02 2.342101484250278087e+00
9.690000000324769189e+02 2.352051246064932322e+00
9.695000000325089786e+02 2.465111220804467873e+00
9.700000000325410383e+02 2.296203688414358624e+00
9.705000000325730980e+02 2.368068448395318271e+00
9.710000000326050440e+02 2.230903377658672415e+00
9.715000000326371037e+02 2.189701774384683386e+00
9.720000000326691634e+02 2.173131588175354345e+00
9.725000000327012231e+02 1.989893073066902218e+00
9.730000000327331691e+02 2.115608872473553337e+00
9.735000000327652288e+02 2.317158671577955076e+00
9.740000000327972884e+02 2.534988956721192732e+00
9.745000000328293481e+02 2.507598011768211066e+00
9.750000000328614078e+02 2.544825791222891986e+00
9.755000000328933538e+02 2.548657102906010774e+00
9.760000000329254135e+02 2.152062205945330042e+00
9.765000000329574732e+02 2.367665186955619561e+00
9.770000000329895329e+02 2.292890027135911168e+00
9.775000000330214789e+02 2.248600882003496615e+00
9.780000000330535386e+02 2.091330549562245622e+00
9.785000000330855983e+02 2.221216856939437267e+00
9.790000000331176579e+02 2.504351056054546554e+00
9.795000000331496040e+02 2.545668430248702041e+00
9.800000000331816636e+02 2.556926702882559965e+00
9.805000000332137233e+02 2.590300322207165440e+00
9.810000000332457830e+02 2.377066295248505767e+00
9.815000000332777290e+02 2.095046451668534981e+00
9.820000000333097887e+02 2.042363947817267267e+00
9.825000000333418484e+02 2.367001236198763792e+00
9.830000000333739081e+02 2.445360629452706824e+00
9.835000000334058541e+02 1.966050990994947956e+00
9.840000000334379138e+02 2.137173461484626724e+00
9.845000000334699735e+02 2.281096147859710932e+00
9.850000000335020331e+02 2.190401619581236581e+00
9.855000000335340928e+02 2.544937700332749575e+00
9.860000000335660388e+02 2.498046497894247597e+00
9.865000000335980985e+02 2.607291798468998500e+00
9.870000000336301582e+02 2.559729468822226295e+00
9.875000000336622179e+02 2.523700181595496250e+00
9.880000000336941639e+02 2.605855941300831979e+00
9.885000000337262236e+02 2.279847205697725254e+00
9.890000000337582833e+02 2.414057469976659931e+00
9.895000000337903430e+02 2.371610215405486333e+00
9.900000000338222890e+02 2.158898388873151220e+00
9.905000000338543487e+02 2.191530642283191277e+00
9.910000000338864083e+02 2.432152410749679472e+00
9.915000000339184680e+02 2.354115982454648481e+00
9.920000000339504140e+02 2.292418910138564581e+00
9.925000000339824737e+02 2.324706428844728112e+00
9.930000000340145334e+02 2.412764672447302861e+00
9.935000000340465931e+02 2.278526716464926771e+00
9.940000000340786528e+02 2.294065679226139576e+00
9.945000000341105988e+02 2.276614402326771813e+00
9.950000000341426585e+02 2.421127017054329755e+00
9.955000000341747182e+02 2.346664753319617880e+00
9.960000000342067779e+02 2.556610230731727551e+00
9.965000000342387239e+02 2.300117398519381240e+00
9.970000000342707835e+02 2.538863740662997692e+00
9.975000000343028432e+02 2.389715719397630611e+00
9.980000000343349029e+02 2.428398307459004091e+00
9.985000000343668489e+02 2.495322656661026262e+00
9.990000000343989086e+02 2.456498286734675407e+00
9.995000000344309683e+02 2.568498403470185654e+00
1.000000000034463028e+03 2.508539722492793889e+00
