# Time (ps)	CV (angstrom)
9.999999999975766229e+01 5.549833846129009762e-01
1.004999999997559001e+02 1.524309094138695808e-01
1.009999999997541380e+02 -1.102422683154583027e-01
1.014999999997533990e+02 1.808807710776361988e-01
1.019999999997629061e+02 4.439081841453949018e-01
1.024999999997724132e+02 5.199187036577676002e-01
1.029999999997819060e+02 -1.732379622094701588e-01
1.034999999997914131e+02 -1.719005739825893442e-01
1.039999999998009201e+02 5.094036311783527449e-01
1.044999999998104272e+02 6.231950256394811483e-01
1.049999999998199343e+02 2.666244371440877892e-01
1.054999999998294413e+02 2.349045370095753649e-01
1.059999999998389484e+02 2.032657805746163060e-02
1.064999999998484554e+02 7.108396344693207469e-02
1.069999999998579483e+02 3.953383905439534773e-01
1.074999999998674554e+02 4.795451021270062397e-01
1.079999999998769624e+02 1.845883030377625245e-01
1.084999999998864695e+02 3.830424778367275129e-02
1.089999999998959765e+02 2.633052235735105495e-01
1.094999999999054836e+02 5.129598684578094980e-01
1.099999999999149907e+02 1.865657752186460350e-01
1.104999999999244977e+02 -9.618216429015602476e-02
1.109999999999339906e+02 2.556372932305200352e-01
1.114999999999434976e+02 4.498412013210216220e-01
1.119999999999530047e+02 1.992642289775301279e-01
1.124999999999625118e+02 -1.072528239726584787e-01
1.129999999999720188e+02 1.206162558442472332e-01
1.134999999999815259e+02 5.443094034164528416e-01
1.139999999999910330e+02 4.365575672873938662e-01
1.145000000000005400e+02 1.268608958201274117e-01
1.150000000000100329e+02 -4.930905794967451600e-02
1.155000000000195399e+02 7.833250902702745821e-02
1.160000000000290470e+02 2.192492893346975891e-01
1.165000000000385540e+02 3.000904095482399003e-01
1.170000000000480611e+02 2.909360248820493933e-01
1.175000000000575682e+02 1.498552864640226023e-01
1.180000000000670752e+02 1.737910418011432909e-02
1.185000000000765823e+02 1.223130658887915667e-01
1.190000000000860751e+02 3.003579841019581309e-01
1.195000000000955822e+02 2.574975322110867881e-01
1.200000000001050893e+02 2.519648470215600788e-01
1.205000000001145963e+02 3.831872561589798609e-01
1.210000000001241034e+02 3.931311169838188069e-01
1.215000000001336105e+02 3.087928738127531658e-01
1.220000000001431175e+02 8.842674382343408690e-02
1.225000000001526246e+02 3.364369043927192826e-01
1.230000000001621174e+02 6.200236484976665574e-01
1.235000000001716245e+02 1.011693009833332518e-01
1.240000000001811316e+02 3.680567720481887212e-02
1.245000000001906386e+02 1.310696248309010381e-01
1.250000000002001457e+02 3.793886999907132296e-01
1.255000000002096527e+02 6.445761830625107436e-01
1.260000000002191598e+02 4.604789116449226061e-01
1.265000000002286527e+02 1.691290047535846108e-01
1.270000000002381597e+02 1.609840147202062088e-01
1.275000000002476668e+02 2.161293296988202883e-01
1.280000000002571880e+02 3.176686304261562843e-01
1.285000000002666809e+02 -4.131979639451042498e-03
1.290000000002761738e+02 2.370222129248950871e-01
1.295000000002856950e+02 3.962349885938704630e-01
1.300000000002951879e+02 4.501771622391801397e-01
1.305000000003047091e+02 3.019929370729069196e-01
1.310000000003142020e+02 2.520812039271101979e-01
1.315000000003237233e+02 2.629974666689503526e-01
1.320000000003332161e+02 2.669734975022069468e-01
1.325000000003427090e+02 3.177911658372535864e-01
1.330000000003522302e+02 5.049707930108745385e-02
1.335000000003617231e+02 3.560952304076726027e-01
1.340000000003712444e+02 4.685212722173937583e-01
1.345000000003807372e+02 3.057704238683015552e-01
1.350000000003902585e+02 4.394278442033462684e-02
1.355000000003997513e+02 1.071497178864027205e-01
1.360000000004092726e+02 5.212739473409453428e-01
1.365000000004187655e+02 2.215339245991682915e-01
1.370000000004282583e+02 6.115284779401530812e-02
1.375000000004377796e+02 1.795060604673307525e-01
1.380000000004472724e+02 2.542115618098799712e-01
1.385000000004567937e+02 3.164288198336640545e-01
1.390000000004662866e+02 3.149899422843707719e-01
1.395000000004758078e+02 9.414980069339923263e-02
1.400000000004853007e+02 2.136143043158617583e-01
1.405000000004947935e+02 1.882986148331227544e-02
1.410000000005043148e+02 2.090308763735980180e-01
1.415000000005138077e+02 4.017378974567770711e-01
1.420000000005233289e+02 4.763536899152783222e-01
1.425000000005328218e+02 2.209851124198443650e-01
1.430000000005423431e+02 1.037941460609673322e-01
1.435000000005518359e+02 2.664689217792357012e-01
1.440000000005613572e+02 4.716009987926631508e-01
1.445000000005708500e+02 1.020073580860145906e-01
1.450000000005803429e+02 -5.089917839557381307e-02
1.455000000005898642e+02 3.332136889903778987e-01
1.460000000005993570e+02 5.734514096716836207e-01
1.465000000006088783e+02 1.921316524131752301e-01
1.470000000006183711e+02 -1.966351556581053539e-01
1.475000000006278924e+02 9.468778060886129389e-02
1.480000000006373853e+02 5.247524855583547421e-01
1.485000000006468781e+02 3.810521725598139398e-01
1.490000000006563994e+02 1.118340003024662424e-02
1.495000000006658922e+02 1.227338228537003251e-02
1.500000000006754135e+02 3.384403977300218247e-01
1.505000000006849064e+02 4.035509449658136183e-01
1.510000000006944276e+02 2.277508679736943986e-01
1.515000000007039205e+02 2.544550253382127925e-01
1.520000000007134133e+02 4.098922120826577475e-01
1.525000000007229346e+02 1.539860652143505149e-01
1.530000000007324275e+02 1.072243521094224938e-01
1.535000000007419487e+02 2.657379768246314611e-01
1.540000000007514416e+02 4.385769483988598005e-01
1.545000000007609628e+02 2.282293117532397386e-01
1.550000000007704557e+02 2.423641809826432014e-01
1.555000000007799770e+02 2.447424520695182515e-01
1.560000000007894698e+02 2.429807681151927301e-01
1.565000000007989627e+02 1.655784292741397934e-01
1.570000000008084839e+02 2.218090566880476233e-01
1.575000000008179768e+02 1.995495580642122901e-01
1.580000000008274981e+02 3.680030569131271245e-01
1.585000000008369909e+02 3.874754852599751609e-01
1.590000000008465122e+02 2.997794281216136780e-01
1.595000000008560050e+02 1.653432505720782431e-01
1.600000000008654979e+02 1.489671154768307249e-01
1.605000000008750192e+02 1.942574993541954509e-01
1.610000000008845120e+02 2.861986772345693764e-01
1.615000000008940333e+02 2.670956782668884588e-01
1.620000000009035261e+02 1.698340681129986984e-01
1.625000000009130474e+02 3.918818972064656569e-01
1.630000000009225403e+02 4.306706620556128851e-01
1.635000000009320615e+02 1.786814654657194190e-01
1.640000000009415544e+02 6.596941927676222561e-02
1.645000000009510472e+02 2.085533630061695565e-01
1.650000000009605685e+02 3.934670707665948730e-01
1.655000000009700614e+02 2.864810349312626458e-01
1.660000000009795826e+02 1.174607989289896542e-01
1.665000000009890755e+02 3.449059123547951189e-01
1.670000000009985968e+02 5.795067708528827133e-01
1.675000000010080896e+02 2.242191971709437404e-01
1.680000000010175825e+02 6.509822281824725887e-02
1.685000000010271037e+02 1.785704647263955391e-01
1.690000000010365966e+02 3.492207661308498468e-01
1.695000000010461179e+02 2.435672381492454963e-01
1.700000000010556107e+02 1.664470531108021845e-01
1.705000000010651320e+02 1.144591725726884501e-01
1.710000000010746248e+02 4.174287445762739357e-01
1.715000000010841177e+02 6.067017596951533864e-01
1.720000000010936390e+02 3.845441861090195812e-01
1.725000000011031318e+02 -3.356523831655486290e-02
1.730000000011126531e+02 -6.213951032795492213e-02
1.735000000011221459e+02 1.670374029488107814e-01
1.740000000011316672e+02 4.830506309309325896e-01
1.745000000011411601e+02 3.317615593474281810e-01
1.750000000011506813e+02 3.414462828857789956e-01
1.755000000011601742e+02 3.032739415585832266e-01
1.760000000011696670e+02 2.853014223637460600e-01
1.765000000011791883e+02 3.466529908919902536e-01
1.770000000011886812e+02 1.401280499540257241e-01
1.775000000011982024e+02 4.551985101624120844e-01
1.780000000012076953e+02 4.301590922856730614e-01
1.785000000012172165e+02 7.700714657717593059e-02
1.790000000012267094e+02 3.576627806045309249e-02
1.795000000012362023e+02 3.174004080849975873e-01
1.800000000012457235e+02 7.282364383942083741e-01
1.805000000012552164e+02 4.126183032578793486e-01
1.810000000012647376e+02 -1.694766459084409982e-01
1.815000000012742305e+02 1.976470882625509518e-01
1.820000000012837518e+02 5.511764701898816954e-01
1.825000000012932446e+02 4.955981428916981235e-01
1.830000000013027659e+02 2.744750917412217550e-01
1.835000000013122587e+02 7.889779804098312477e-02
1.840000000013217516e+02 1.210415331634618757e-01
1.845000000013312729e+02 1.106494135389492484e-01
1.850000000013407657e+02 3.753746061962681124e-01
1.855000000013502870e+02 6.168978021192950134e-01
1.860000000013597798e+02 2.557359787013586128e-01
1.865000000013693011e+02 -1.767923110794269170e-01
1.870000000013787940e+02 -1.247776864687492326e-01
1.875000000013882868e+02 2.965277849627212525e-01
1.880000000013978081e+02 6.136863954422926426e-01
1.885000000014073009e+02 1.521153133557217318e-01
1.890000000014168222e+02 -7.908568417528540062e-02
1.895000000014263151e+02 4.569061877567895946e-01
1.900000000014358363e+02 5.876423576430122031e-01
1.905000000014453292e+02 -1.983354383318153974e-02
1.910000000014548220e+02 -2.189260532268614001e-01
1.915000000014643433e+02 6.806969465743778480e-01
1.920000000014738362e+02 1.163329107560016951e+00
1.925000000014833574e+02 3.157216723977790962e-01
1.930000000014928503e+02 -1.355608178243684347e-01
1.935000000015023716e+02 1.138194776112947948e-01
1.940000000015118644e+02 3.927869800690975688e-01
1.945000000015213857e+02 4.369008900291884157e-01
1.950000000015308785e+02 9.853022634088196008e-02
1.955000000015403714e+02 3.831291814376504290e-02
1.960000000015498927e+02 -6.250669095917514573e-02
1.965000000015593855e+02 3.991380581873741340e-01
1.970000000015689068e+02 5.423171601656243679e-01
1.975000000015783996e+02 1.067880654804551493e-01
1.980000000015879209e+02 -1.515245376215689499e-01
1.985000000015974138e+02 2.882107339559040193e-01
1.990000000016069066e+02 6.779137612898868959e-01
1.995000000016164279e+02 4.206364203449287076e-01
2.000000000016259207e+02 -2.742751348339992137e-02
2.005000000016354420e+02 -4.357132078607392489e-02
2.010000000016449349e+02 3.233098123793917145e-01
2.015000000016544561e+02 6.127513268869195784e-01
2.020000000016639490e+02 5.266554748902968486e-01
2.025000000016734703e+02 1.446635487684559129e-01
2.030000000016789556e+02 5.804509962851740756e-02
2.035000000016659385e+02 3.666167178167697993e-01
2.040000000016529214e+02 3.854029488872622866e-01
2.045000000016398758e+02 3.308330834430794343e-01
2.050000000016268586e+02 2.217937166668828008e-01
2.055000000016138415e+02 1.547790931337370279e-01
2.060000000016008244e+02 8.255391547705301369e-02
2.065000000015878072e+02 4.246979497841178453e-01
2.070000000015747617e+02 3.470676772929700560e-01
2.075000000015617445e+02 1.266233145725209064e-01
2.080000000015487274e+02 1.584487960822401897e-01
2.085000000015357102e+02 4.194199423549753725e-01
2.090000000015226931e+02 5.796105642353232001e-01
2.095000000015096475e+02 3.499144312174883864e-01
2.100000000014966304e+02 -1.136135544781454593e-02
2.105000000014836132e+02 8.245225748018517042e-02
2.110000000014705961e+02 4.607387678632520189e-01
2.115000000014575789e+02 5.975843969468112027e-01
2.120000000014445618e+02 1.846460612077385766e-01
2.125000000014315162e+02 -3.006680440827319209e-02
2.130000000014184991e+02 2.953024719037130597e-01
2.135000000014054820e+02 6.123140550441932284e-01
2.140000000013924648e+02 6.237772765119977691e-01
2.145000000013794477e+02 3.967665101341408956e-02
2.150000000013664021e+02 9.793326928457343761e-02
2.155000000013533850e+02 2.251137603706512003e-01
2.160000000013403678e+02 3.781180954119510718e-01
2.165000000013273507e+02 2.313861212183085936e-01
2.170000000013143335e+02 2.101023502097338069e-01
2.175000000013013164e+02 1.291650594913716921e-01
2.180000000012882708e+02 2.668855684220513558e-01
2.185000000012752537e+02 3.932429928559539878e-01
2.190000000012622365e+02 4.532210200632569297e-01
2.195000000012492194e+02 6.091601262503150427e-02
2.200000000012362023e+02 -2.742781311475804215e-02
2.205000000012231567e+02 2.753034320696131076e-01
2.210000000012101395e+02 5.640538006673256888e-01
2.215000000011971224e+02 2.305825067682561735e-01
2.220000000011841053e+02 -1.420690961828205423e-01
2.225000000011710881e+02 2.370873464072537767e-02
2.230000000011580710e+02 2.783711363345013901e-01
2.235000000011450254e+02 2.885340194800406488e-01
2.240000000011320083e+02 3.008275593505790324e-01
2.245000000011189911e+02 3.440399246949474854e-01
2.250000000011059740e+02 3.495884851475577482e-01
2.255000000010929568e+02 2.263575202152969534e-01
2.260000000010799113e+02 1.842097930174927400e-01
2.265000000010668941e+02 1.256334845847884296e-01
2.270000000010538770e+02 2.547071067327625893e-01
2.275000000010408598e+02 4.804155889952848035e-01
2.280000000010278427e+02 4.871811548340612696e-01
2.285000000010148256e+02 3.119482824408911087e-02
2.290000000010017800e+02 -5.949835573395713395e-02
2.295000000009887628e+02 4.078223471639288444e-01
2.300000000009757457e+02 5.792831761336083574e-01
2.305000000009627286e+02 5.318711292422075854e-01
2.310000000009497114e+02 -4.735534608171037413e-02
2.315000000009366659e+02 -8.337842686561817984e-02
2.320000000009236487e+02 2.050236224045206557e-01
2.325000000009106316e+02 3.768391292323379771e-01
2.330000000008976144e+02 4.284184778119701775e-01
2.335000000008845973e+02 1.948707209987831923e-01
2.340000000008715517e+02 2.606736958257945824e-01
2.345000000008585346e+02 7.377839429781099523e-02
2.350000000008455174e+02 1.016562343094381954e-01
2.355000000008325003e+02 4.510578851010976428e-03
2.360000000008194831e+02 3.610458643195246231e-01
2.365000000008064660e+02 4.640960140030548353e-01
2.370000000007934204e+02 2.860253417369586493e-01
2.375000000007804033e+02 9.887508883339364563e-02
2.380000000007673862e+02 3.042663064219163216e-01
2.385000000007543690e+02 5.053024336776963388e-01
2.390000000007413519e+02 2.834953551733488952e-01
2.395000000007283063e+02 -2.336626690486927338e-01
2.400000000007152892e+02 -2.142324311653288904e-01
2.405000000007022720e+02 6.564641305061541532e-01
2.410000000006892549e+02 5.274083545628003300e-01
2.415000000006762377e+02 -1.670240744831462676e-01
2.420000000006632206e+02 -6.053553941212305722e-02
2.425000000006501750e+02 5.275595330710658448e-01
2.430000000006371579e+02 7.593377511171789385e-01
2.435000000006241407e+02 -2.244695537757853548e-02
2.440000000006111236e+02 -1.760066403083584974e-01
2.445000000005981065e+02 5.896451228588056592e-01
2.450000000005850609e+02 6.122382982487983849e-01
2.455000000005720437e+02 -8.374486044384027439e-02
2.460000000005590266e+02 -8.890321880615441319e-02
2.465000000005460095e+02 5.422278739486640076e-01
2.470000000005329923e+02 4.185071452318447904e-01
2.475000000005199752e+02 -4.513419924628541552e-02
2.480000000005069296e+02 -1.777511344728292253e-01
2.485000000004939125e+02 3.099584969968573467e-01
2.490000000004808953e+02 5.316339702214987195e-01
2.495000000004678782e+02 4.636721069156898856e-01
2.500000000004548610e+02 -8.887076224465616237e-02
2.505000000004418155e+02 -2.166207583472028186e-02
2.510000000004287983e+02 2.780339174429639626e-01
2.515000000004157812e+02 3.693117567062902951e-01
2.520000000004027640e+02 8.262850599852486488e-02
2.525000000003897469e+02 5.102694423482543457e-02
2.530000000003767013e+02 1.263890863523354502e-01
2.535000000003636842e+02 6.597829982264166171e-01
2.540000000003506671e+02 4.940356035292279846e-01
2.545000000003376499e+02 2.116684435088074800e-01
2.550000000003246328e+02 -1.178766850040670194e-01
2.555000000003116156e+02 2.873568519665230525e-01
2.560000000002985985e+02 5.028368382230364864e-01
2.565000000002855813e+02 3.523441007363666833e-01
2.570000000002725642e+02 5.686352769749856290e-02
2.575000000002594902e+02 1.474957649668139359e-01
2.580000000002464731e+02 2.747746188052635485e-01
2.585000000002334559e+02 3.861853156842460222e-01
2.590000000002204388e+02 4.210734846770566309e-01
2.595000000002074216e+02 1.937217990882671714e-01
2.600000000001944045e+02 9.639485829813497497e-02
2.605000000001813873e+02 1.975515749709959301e-01
2.610000000001683702e+02 2.941676846666265721e-01
2.615000000001553531e+02 3.118880897971039179e-01
2.620000000001423359e+02 1.473570275965651044e-01
2.625000000001292619e+02 1.340263159038664609e-01
2.630000000001162448e+02 2.757392081232815650e-01
2.635000000001032276e+02 2.074638377153232779e-02
2.640000000000902105e+02 2.137426669908632781e-01
2.645000000000771934e+02 3.765996045064422537e-01
2.650000000000641762e+02 3.730947318289923875e-01
2.655000000000511591e+02 2.048344814600714867e-02
2.660000000000381419e+02 1.101136264231051543e-01
2.665000000000251248e+02 5.251421955932943364e-01
2.670000000000121076e+02 4.654787110134369077e-01
2.674999999999990905e+02 1.641463195691541394e-02
2.679999999999860165e+02 2.011850852727223027e-01
2.684999999999729994e+02 6.714947364931042051e-01
2.689999999999599822e+02 3.727445785089540942e-01
2.694999999999469651e+02 -3.886111774804808239e-02
2.699999999999339479e+02 1.456110737430650615e-01
2.704999999999209308e+02 3.377467669016530616e-01
2.709999999999079137e+02 3.602013131701092830e-01
2.714999999998948965e+02 1.772530431864428879e-01
2.719999999998818794e+02 1.479064343690453809e-01
2.724999999998688622e+02 5.701001250436957268e-02
2.729999999998558451e+02 3.574510083422148821e-01
2.734999999998427711e+02 5.522025717041499915e-01
2.739999999998297540e+02 2.240529377542453127e-01
2.744999999998167368e+02 2.326610608778204026e-02
2.749999999998037197e+02 2.434253088663612397e-01
2.754999999997907025e+02 3.809309582236967140e-01
2.759999999997776854e+02 2.220871236891045764e-01
2.764999999997646682e+02 2.224802017683773225e-01
2.769999999997516511e+02 3.499950648675037024e-01
2.774999999997386340e+02 3.787408903035215380e-01
2.779999999997256168e+02 3.887294073037140807e-01
2.784999999997125997e+02 2.492776240018812761e-01
2.789999999996995257e+02 1.790421322455370001e-01
2.794999999996865085e+02 2.250480408959063539e-01
2.799999999996734914e+02 2.292290979913874371e-01
2.804999999996604743e+02 2.279012238801697565e-01
2.809999999996474571e+02 5.020003089821918618e-02
2.814999999996344400e+02 2.431773500388040576e-01
2.819999999996214228e+02 4.221992392090638813e-01
2.824999999996084057e+02 3.999724845330667189e-01
2.829999999995953885e+02 1.463768046459923700e-01
2.834999999995823714e+02 -8.538290201363085696e-02
2.839999999995693543e+02 3.353084717882828109e-02
2.844999999995562803e+02 3.988253837395737134e-01
2.849999999995432631e+02 2.310155367819541339e-01
2.854999999995302460e+02 2.831377471922849262e-03
2.859999999995172288e+02 -2.242461294772693167e-02
2.864999999995042117e+02 4.642068446066707765e-01
2.869999999994911946e+02 6.159310891783853492e-01
2.874999999994781774e+02 3.672901731272638221e-02
2.879999999994651603e+02 2.008097840186701122e-02
2.884999999994521431e+02 2.192565655009282022e-02
2.889999999994391260e+02 5.197290138608638976e-01
2.894999999994261088e+02 6.361695801763014302e-01
2.899999999994130349e+02 4.855382181408120223e-02
2.904999999994000177e+02 1.411019241418190115e-02
2.909999999993870006e+02 4.434640426363561927e-01
2.914999999993739834e+02 1.094829421625112681e-01
2.919999999993609663e+02 7.069030597522334147e-02
2.924999999993479491e+02 4.016746988682236563e-01
2.929999999993349320e+02 4.047232038282165822e-01
2.934999999993219149e+02 -4.716815091334893711e-02
2.939999999993088977e+02 -9.454315453000075586e-02
2.944999999992958806e+02 5.496428696343780285e-01
2.949999999992828634e+02 4.516910059404897204e-01
2.954999999992697894e+02 1.556266970100728120e-01
2.959999999992567723e+02 -9.548720171025366910e-02
2.964999999992437552e+02 1.346153956358484283e-01
2.969999999992307380e+02 6.957833444048898697e-01
2.974999999992177209e+02 6.168747135939993687e-01
2.979999999992047037e+02 -1.650255226409290121e-01
2.984999999991916866e+02 -1.783659688295411438e-01
2.989999999991786694e+02 3.982229638412562722e-01
2.994999999991656523e+02 5.596045130616292829e-01
2.999999999991526352e+02 1.839521790916960053e-01
3.004999999991396180e+02 -2.622856458593166296e-01
3.009999999991265440e+02 2.417723003566575046e-01
3.014999999991135269e+02 5.753189928272555154e-01
3.019999999991005097e+02 2.988032445154694128e-01
3.024999999990874926e+02 -9.925923395626204404e-02
3.029999999990744755e+02 1.771405982930147546e-02
3.034999999990614583e+02 5.065698994375846809e-01
3.039999999990484412e+02 4.878883213187785173e-01
3.044999999990354240e+02 1.898707574713327240e-01
3.049999999990224069e+02 2.383819844504244528e-02
3.054999999990093897e+02 1.132097858408672025e-01
3.059999999989963158e+02 5.736865534610018358e-01
3.064999999989832986e+02 3.650699747948094598e-01
3.069999999989702815e+02 -2.099236475682560721e-01
3.074999999989572643e+02 9.333364579877263811e-02
3.079999999989442472e+02 5.611037369488922621e-01
3.084999999989312300e+02 3.103536648724354308e-01
3.089999999989182129e+02 6.414651514308147839e-02
3.094999999989051958e+02 -1.136811949195986292e-02
3.099999999988921786e+02 3.605661593817066080e-01
3.104999999988791615e+02 4.270780397592555122e-01
3.109999999988661443e+02 -3.638881699430990962e-02
3.114999999988530703e+02 -3.006923404292667287e-02
3.119999999988400532e+02 2.469864702720790117e-01
3.124999999988270361e+02 3.121936675299946118e-01
3.129999999988140189e+02 9.135510659516297982e-02
3.134999999988010018e+02 -2.501657602612224890e-03
3.139999999987879846e+02 4.642292653128168856e-01
3.144999999987749675e+02 6.903185629622301533e-01
3.149999999987619503e+02 1.932841804727630508e-01
3.154999999987489332e+02 -1.075624104332731368e-01
3.159999999987359161e+02 2.246668304996010113e-01
3.164999999987228989e+02 4.844189433887954310e-01
3.169999999987098249e+02 3.896605445696402770e-01
3.174999999986968078e+02 -7.137420514900361113e-02
3.179999999986837906e+02 1.259371122910099838e-01
3.184999999986707735e+02 5.163502221803202286e-01
3.189999999986577564e+02 5.369866006304203632e-01
3.194999999986447392e+02 3.374996513800673226e-01
3.199999999986317221e+02 -5.488873969735651864e-02
3.204999999986187049e+02 2.109325762663414455e-02
3.209999999986056878e+02 5.920512795524225380e-01
3.214999999985926706e+02 5.150813282679240768e-01
3.219999999985796535e+02 1.333011697453229949e-01
3.224999999985665795e+02 7.652990954374151895e-03
3.229999999985535624e+02 4.504266747104344049e-01
3.234999999985405452e+02 6.064241841338058325e-01
3.239999999985275281e+02 1.005612983177173597e-01
3.244999999985145109e+02 -1.517424894624088555e-02
3.249999999985014938e+02 2.039106766063935594e-01
3.254999999984884766e+02 2.006899675530936233e-01
3.259999999984754595e+02 -4.986816925597883920e-02
3.264999999984624424e+02 1.571346774180097383e-01
3.269999999984494252e+02 6.115738589581308782e-01
3.274999999984364081e+02 5.206675039992980647e-01
3.279999999984233341e+02 -1.217535189958105085e-01
3.284999999984103169e+02 -1.312948201599139775e-01
3.289999999983972998e+02 4.271063224403633396e-01
3.294999999983842827e+02 4.589691939854149694e-01
3.299999999983712655e+02 1.228617638473778473e-01
3.304999999983582484e+02 7.264994115562724633e-03
3.309999999983452312e+02 2.242113007754352738e-01
3.314999999983322141e+02 4.666391994707742574e-01
3.319999999983191969e+02 2.978973568295973373e-01
3.324999999983061798e+02 -3.823844963617136633e-02
3.329999999982931627e+02 8.861582005291605835e-02
3.334999999982800887e+02 3.484923388474707173e-01
3.339999999982670715e+02 3.913101786497300560e-01
3.344999999982540544e+02 3.224985092647024709e-01
3.349999999982410372e+02 2.321004838295346318e-01
3.354999999982280201e+02 2.678771239950884508e-01
3.359999999982150030e+02 3.170579415712209137e-01
3.364999999982019858e+02 1.980046927522964850e-01
3.369999999981889687e+02 2.489387746519395039e-01
3.374999999981759515e+02 2.971382223141530998e-01
3.379999999981629344e+02 3.335584084693046791e-01
3.384999999981499172e+02 2.890869780037907399e-01
3.389999999981368433e+02 2.360943105421222932e-01
3.394999999981238261e+02 2.346345959652334778e-01
3.399999999981108090e+02 2.962633213795359821e-01
3.404999999980977918e+02 7.916217756167279185e-02
3.409999999980847747e+02 2.715996469423503368e-01
3.414999999980717575e+02 4.302679251839108820e-01
3.419999999980587404e+02 5.704483685692283146e-01
3.424999999980457233e+02 4.788182909244829699e-01
3.429999999980327061e+02 2.975986773737914204e-01
3.434999999980196890e+02 -8.914554955490242016e-02
3.439999999980066718e+02 2.817516929141318793e-01
3.444999999979935978e+02 5.835641542624069311e-01
3.449999999979805807e+02 3.130166611838332003e-01
3.454999999979675636e+02 9.113652410723667441e-02
3.459999999979545464e+02 1.645612655399739388e-01
3.464999999979415293e+02 4.884159432509802556e-01
3.469999999979285121e+02 4.548129286995121756e-01
3.474999999979154950e+02 -7.075614555753226287e-02
3.479999999979024778e+02 2.314365001273167299e-01
3.484999999978894607e+02 4.219367918021854624e-01
3.489999999978764436e+02 2.178310781024773990e-01
3.494999999978633696e+02 7.136893832286395067e-02
3.499999999978503524e+02 1.660470004791025911e-01
3.504999999978373353e+02 3.954250368925279480e-01
3.509999999978243181e+02 3.439993905413472053e-01
3.514999999978113010e+02 -8.344487188588024795e-03
3.519999999977982839e+02 1.256005197478639868e-01
3.524999999977852667e+02 6.518603975458272526e-01
3.529999999977722496e+02 3.297258604690010975e-01
3.534999999977592324e+02 7.541730302928157346e-03
3.539999999977462153e+02 2.289947306927136994e-02
3.544999999977331981e+02 7.068571524270511608e-01
3.549999999977201242e+02 4.684619014500363554e-01
3.554999999977071070e+02 -1.592840955438984407e-01
3.559999999976940899e+02 2.231351161145581422e-02
3.564999999976810727e+02 6.268866139552073946e-01
3.569999999976680556e+02 5.300050874884656427e-01
3.574999999976550384e+02 8.869417722531665327e-02
3.579999999976420213e+02 -1.410736282757989735e-01
3.584999999976290042e+02 3.272534634968577993e-01
3.589999999976159870e+02 5.660759458443367365e-01
3.594999999976029699e+02 3.579795870116493917e-01
3.599999999975899527e+02 2.133185812903970191e-01
3.604999999975768787e+02 -1.731859046145420994e-02
3.609999999975638616e+02 1.731424447640917130e-01
3.614999999975508445e+02 6.411707633302053955e-01
3.619999999975378273e+02 9.006254502899503356e-01
3.624999999975248102e+02 3.177565882462990432e-01
3.629999999975117930e+02 -1.855310924726257527e-01
3.634999999974987759e+02 -9.462387292921349558e-02
3.639999999974857587e+02 3.796257412119370955e-01
3.644999999974727416e+02 4.404773467750816573e-01
3.649999999974597245e+02 1.941031796403144827e-01
3.654999999974467073e+02 4.254950031447869707e-02
3.659999999974336333e+02 4.481511446130533038e-02
3.664999999974206162e+02 3.021128065168127153e-01
3.669999999974075990e+02 4.375859170850522895e-01
3.674999999973945819e+02 9.126283929779897830e-02
3.679999999973815648e+02 7.347387813885390695e-02
3.684999999973685476e+02 2.744689517927357825e-01
3.689999999973555305e+02 4.145363051019332890e-01
3.694999999973425133e+02 1.670972263601273877e-01
3.699999999973294962e+02 -1.561894814472319926e-01
3.704999999973164790e+02 3.257695237311746261e-01
3.709999999973034619e+02 6.576059401617491140e-01
3.714999999972903879e+02 2.493223267694213430e-01
3.719999999972773708e+02 6.885067800465834165e-02
3.724999999972643536e+02 1.063659393004392217e-01
3.729999999972513365e+02 3.340293602354836855e-01
3.734999999972383193e+02 5.988733774669882104e-01
3.739999999972253022e+02 3.454554205294567137e-01
3.744999999972122851e+02 1.294645761923472749e-01
3.749999999971992679e+02 9.294394338184648607e-02
3.754999999971862508e+02 4.015995537439000507e-01
3.759999999971732336e+02 6.086652429770135209e-01
3.764999999971602165e+02 1.304321139079068492e-01
3.769999999971471425e+02 -1.514054758953885249e-01
3.774999999971341254e+02 2.554416097888945747e-01
3.779999999971211082e+02 4.413105405335810971e-01
3.784999999971080911e+02 2.980248414296264303e-01
3.789999999970950739e+02 1.447984152757689214e-01
3.794999999970820568e+02 1.179541248848958446e-01
3.799999999970690396e+02 9.936008645941319176e-03
3.804999999970560225e+02 1.625594310505197315e-01
3.809999999970430054e+02 3.638129459996030657e-01
3.814999999970299882e+02 4.033123347296228012e-01
3.819999999970169711e+02 5.651460447402608667e-01
3.824999999970038971e+02 5.970655029313041984e-02
3.829999999969908799e+02 -5.353502685847575521e-02
3.834999999969778628e+02 3.731929769730031876e-01
3.839999999969648456e+02 5.311480495477791663e-01
3.844999999969518285e+02 1.733065069584358575e-01
3.849999999969388114e+02 -1.374791464541446628e-01
3.854999999969257942e+02 1.436908352046789294e-01
3.859999999969127771e+02 4.361196968331380597e-01
3.864999999968997599e+02 4.961815328061874308e-01
3.869999999968867428e+02 4.201965238387941892e-01
3.874999999968737256e+02 -2.389405450391683672e-01
3.879999999968606517e+02 -3.308941951238514867e-01
3.884999999968476345e+02 4.629955408127929273e-01
3.889999999968346174e+02 7.384581457942166471e-01
3.894999999968216002e+02 1.011994417836234589e-01
3.899999999968085831e+02 4.071518286137214282e-02
3.904999999967955659e+02 2.513483415837165502e-01
3.909999999967825488e+02 3.398723119597518716e-01
3.914999999967695317e+02 1.272763900340461163e-01
3.919999999967565145e+02 1.788741650913677206e-01
3.924999999967434974e+02 3.478528356593105220e-01
3.929999999967304234e+02 3.915347897937351274e-01
3.934999999967174062e+02 3.150556822937410906e-01
3.939999999967043891e+02 4.257100168868517553e-02
3.944999999966913720e+02 5.655028908058213483e-02
3.949999999966783548e+02 4.296534464505178397e-01
3.954999999966653377e+02 4.740123107896921928e-01
3.959999999966523205e+02 1.476621622273200374e-01
3.964999999966393034e+02 2.444851114955685564e-02
3.969999999966262862e+02 3.766400281209756340e-01
3.974999999966132691e+02 4.759645714423272334e-01
3.979999999966002520e+02 1.899678093083950470e-01
3.984999999965871780e+02 -7.942718441687747488e-02
3.989999999965741608e+02 4.033179431706775953e-01
3.994999999965611437e+02 4.705317014854089042e-01
3.999999999965481265e+02 1.357199305012823376e-01
4.004999999965351094e+02 1.853999635004111024e-01
4.009999999965220923e+02 4.101285321139916396e-01
4.014999999965090751e+02 2.942973878559210776e-01
4.019999999964960580e+02 3.833880889379452650e-02
4.024999999964830408e+02 -8.070426758845530846e-02
4.029999999964700237e+02 4.032040812220314963e-01
4.034999999964570065e+02 5.458834222413952997e-01
4.039999999964439326e+02 1.447992625887901119e-01
4.044999999964309154e+02 5.939588002946830786e-02
4.049999999964178983e+02 1.447749339130206814e-01
4.054999999964048811e+02 4.872651937778090248e-01
4.059999999964079507e+02 4.088380169685265075e-01
4.064999999964400104e+02 -6.228517862085233316e-03
4.069999999964720132e+02 1.200448331569161087e-01
4.074999999965040729e+02 5.957245542529333582e-01
4.079999999965360757e+02 4.378024096692089140e-01
4.084999999965681354e+02 -6.764499172117184600e-02
4.089999999966001383e+02 -1.782836540123637625e-01
4.094999999966321980e+02 2.418946698422586306e-01
4.099999999966642008e+02 7.695781970971454777e-01
4.104999999966962605e+02 3.069158539916519435e-01
4.109999999967282633e+02 -7.499407012679457085e-02
4.114999999967603230e+02 2.644519704958360196e-01
4.119999999967923259e+02 5.589724412956382782e-01
4.124999999968243856e+02 3.230720370362953342e-01
4.129999999968563884e+02 2.982946552965265452e-02
4.134999999968884481e+02 1.310338123734849092e-01
4.139999999969205078e+02 4.843286802834199656e-01
4.144999999969525106e+02 2.570884460921824544e-01
4.149999999969845703e+02 -1.312338056480443068e-03
4.154999999970165732e+02 2.510622370947772075e-01
4.159999999970486328e+02 3.703166751520705624e-01
4.164999999970806357e+02 3.506396379303351463e-01
4.169999999971126954e+02 1.123371179069540399e-01
4.174999999971446982e+02 2.879467572954660937e-01
4.179999999971767579e+02 4.628010791351881981e-01
4.184999999972087608e+02 3.753049192737911710e-01
4.189999999972408204e+02 2.416811898565124073e-01
4.194999999972728233e+02 6.370266161709031705e-02
4.199999999973048830e+02 -9.618788055423790895e-02
4.204999999973368858e+02 4.357524530735186197e-01
4.209999999973689455e+02 7.503211839363199687e-01
4.214999999974009484e+02 3.289923372188869322e-01
4.219999999974330080e+02 1.276460620343956680e-02
4.224999999974650109e+02 -8.817289613094372869e-02
4.229999999974970706e+02 -3.196896712239626070e-02
4.234999999975291303e+02 5.221504362337128224e-01
4.239999999975611331e+02 6.662715003757532228e-01
4.244999999975931928e+02 3.393822200877338879e-01
4.249999999976251956e+02 1.515534873865894694e-01
4.254999999976572553e+02 2.925747424668774799e-01
4.259999999976892582e+02 2.872149445869778828e-01
4.264999999977213179e+02 1.223185775395781716e-01
4.269999999977533207e+02 2.794046097446650778e-01
4.274999999977853804e+02 3.279503784813734280e-01
4.279999999978173832e+02 1.281197141496645542e-01
4.284999999978494429e+02 5.860290810758213287e-02
4.289999999978814458e+02 3.336632907439155971e-01
4.294999999979135055e+02 3.765211095883110870e-01
4.299999999979455083e+02 1.270888224441897030e-01
4.304999999979775680e+02 1.163318578324632341e-01
4.309999999980095708e+02 4.278662606058238338e-01
4.314999999980416305e+02 3.603439113832740404e-01
4.319999999980736902e+02 3.106711959426193825e-01
4.324999999981056931e+02 3.086492036515314785e-01
4.329999999981377528e+02 9.201923955853268805e-03
4.334999999981697556e+02 8.175033056049194058e-02
4.339999999982018153e+02 4.945110934558209492e-01
4.344999999982338181e+02 3.274195869281473770e-01
4.349999999982658778e+02 2.351675419269115830e-01
4.354999999982978807e+02 1.561188786257000083e-01
4.359999999983299404e+02 2.169565167552008067e-01
4.364999999983619432e+02 4.249989063140173218e-01
4.369999999983940029e+02 -4.797774254740182903e-02
4.374999999984260057e+02 -3.143354268013153624e-02
4.379999999984580654e+02 4.925356760552451751e-01
4.384999999984900683e+02 4.284969172244211255e-01
4.389999999985221280e+02 2.960443191818388775e-01
4.394999999985541308e+02 2.770667713515915231e-01
4.399999999985861905e+02 1.929720422096282140e-01
4.404999999986182502e+02 2.356811840616168663e-01
4.409999999986502530e+02 2.302396994214485904e-01
4.414999999986823127e+02 2.161361492758072655e-01
4.419999999987143156e+02 1.868591157809778858e-01
4.424999999987463752e+02 4.487261977214942466e-01
4.429999999987783781e+02 1.644145402182820570e-01
4.434999999988104378e+02 1.869156675712233262e-01
4.439999999988424406e+02 2.238128597009090559e-01
4.444999999988745003e+02 3.185337277490347674e-01
4.449999999989065032e+02 2.172907427947218528e-01
4.454999999989385628e+02 8.475053076082303405e-02
4.459999999989705657e+02 3.894267053400919942e-01
4.464999999990026254e+02 3.594505621311800195e-04
4.469999999990346282e+02 -3.117017813137400433e-03
4.474999999990666879e+02 5.925216147292511337e-01
4.479999999990986908e+02 5.632019583909135818e-01
4.484999999991307504e+02 7.111058997185276676e-02
4.489999999991627533e+02 -2.648079979857446697e-01
4.494999999991948130e+02 2.132718760841822714e-01
4.499999999992268727e+02 7.697539528017166566e-01
4.504999999992588755e+02 6.276717113793386371e-01
4.509999999992909352e+02 -4.607807225109820243e-02
4.514999999993229380e+02 -2.399429136432586762e-01
4.519999999993549977e+02 2.308044532523443049e-01
4.524999999993870006e+02 5.749147135205265879e-01
4.529999999994190603e+02 2.682970905757114943e-01
4.534999999994510631e+02 8.730842129927078588e-03
4.539999999994831228e+02 9.157029643533130811e-06
4.544999999995151256e+02 3.123823002206687072e-01
4.549999999995471853e+02 5.669501312828129080e-01
4.554999999995791882e+02 2.737255340637754775e-01
4.559999999996112479e+02 -1.415002242633051910e-01
4.564999999996432507e+02 1.841994743426478842e-01
4.569999999996753104e+02 5.720772248130256976e-01
4.574999999997073132e+02 4.059278691522973381e-01
4.579999999997393729e+02 2.099566999406615175e-01
4.584999999997714326e+02 7.888811215118098075e-02
4.589999999998034355e+02 3.011601000659391292e-01
4.594999999998354951e+02 3.773221595554660523e-01
4.599999999998674980e+02 2.112885744613051675e-01
4.604999999998995577e+02 1.244263364383322995e-01
4.609999999999315605e+02 1.849785729736846129e-01
4.614999999999636202e+02 -1.721105395837071311e-02
4.619999999999956231e+02 1.596543295723175659e-01
4.625000000000276827e+02 4.719930312377928483e-01
4.630000000000596856e+02 6.072576657174564296e-01
4.635000000000917453e+02 1.775031588536853111e-01
4.640000000001237481e+02 -2.321928780795761704e-01
4.645000000001558078e+02 1.877619479308417771e-01
4.650000000001878107e+02 8.036351269401010855e-01
4.655000000002198703e+02 3.352526375512768775e-01
4.660000000002518732e+02 -2.419208627328781613e-01
4.665000000002839329e+02 -4.259384137163969852e-02
4.670000000003159357e+02 3.668177438116934086e-01
4.675000000003479954e+02 4.218384932654221098e-01
4.680000000003800551e+02 3.141438289339016920e-01
4.685000000004120579e+02 2.815856487725204582e-01
4.690000000004441176e+02 -3.032426534204058985e-02
4.695000000004761205e+02 9.491708765097156553e-02
4.700000000005081802e+02 4.622267411721461827e-01
4.705000000005401830e+02 4.415668476867192771e-01
4.710000000005722427e+02 4.913866620471408347e-02
4.715000000006042455e+02 -7.436108575576218238e-02
4.720000000006363052e+02 4.226264010125015402e-01
4.725000000006683081e+02 7.234267200821259403e-01
4.730000000007003678e+02 1.767529842583967781e-01
4.735000000007323706e+02 -3.169075494949174510e-01
4.740000000007644303e+02 8.973092222433046161e-02
4.745000000007964331e+02 3.585028202043635814e-01
4.750000000008284928e+02 3.004370318316261779e-01
4.755000000008604957e+02 2.953092272683923158e-01
4.760000000008925554e+02 8.424974500583858050e-02
4.765000000009246151e+02 2.728560585625900425e-01
4.770000000009566179e+02 1.295552277497588889e-01
4.775000000009886776e+02 6.034948042411974328e-02
4.780000000010206804e+02 4.188264535774784414e-01
4.785000000010527401e+02 6.540817443963541367e-01
4.790000000010847430e+02 3.556998592855555863e-01
4.795000000011168027e+02 4.858083281287745719e-02
4.800000000011488055e+02 3.908447692395964485e-02
4.805000000011808652e+02 4.193561510293349337e-01
4.810000000012128680e+02 3.585726018101887402e-01
4.815000000012449277e+02 2.627795147867622583e-01
4.820000000012769306e+02 -1.964728581936272048e-02
4.825000000013089902e+02 2.082710346201220031e-01
4.830000000013409931e+02 3.406438837420440180e-01
4.835000000013730528e+02 4.198415237602277639e-01
4.840000000014050556e+02 2.231223045236911395e-01
4.845000000014371153e+02 1.379427855416070769e-01
4.850000000014691750e+02 1.063367389348959802e-01
4.855000000015011778e+02 3.996285727987916592e-01
4.860000000015332375e+02 3.057665005023495475e-01
4.865000000015652404e+02 1.619547908867115527e-01
4.870000000015973001e+02 2.229123118543787918e-01
4.875000000016293029e+02 1.135948793626236908e-01
4.880000000016613626e+02 2.610227255434116045e-01
4.885000000016933654e+02 2.714842396753391895e-01
4.890000000017254251e+02 3.331967088270524902e-01
4.895000000017574280e+02 1.642601164423065918e-01
4.900000000017894877e+02 1.093140108883304124e-01
4.905000000018214905e+02 2.754193528868040808e-01
4.910000000018535502e+02 1.240969403376154800e-01
4.915000000018855530e+02 1.071494494777192608e-01
4.920000000019176127e+02 3.500406623066251166e-01
4.925000000019496156e+02 2.234269462424662567e-01
4.930000000019816753e+02 4.502396358425328482e-01
4.935000000020136781e+02 4.346755464291076620e-01
4.940000000020457378e+02 2.424483549998385779e-01
4.945000000020777975e+02 -9.139809789191060416e-04
4.950000000021098003e+02 3.658918777866346228e-02
4.955000000021418600e+02 5.633368094589471520e-01
4.960000000021738629e+02 5.191779066523064534e-01
4.965000000022059226e+02 8.664279464091494132e-02
4.970000000022379254e+02 7.906671949541844990e-02
4.975000000022699851e+02 4.913051844991869754e-01
4.980000000023019879e+02 5.956640745894429267e-01
4.985000000023340476e+02 1.386590111287214766e-01
4.990000000023660505e+02 2.624209603206542063e-01
4.995000000023981102e+02 2.205488038467845746e-01
5.000000000024301130e+02 2.207239249950285753e-01
5.005000000024621727e+02 1.402441643452869147e-01
5.010000000024941755e+02 2.537879225681422546e-01
5.015000000025262352e+02 2.304608149610137546e-01
5.020000000025582381e+02 1.503969657551185168e-01
5.025000000025902978e+02 1.667309083831267913e-01
5.030000000026223574e+02 4.011976516090121625e-01
5.035000000026543603e+02 5.038311915722879508e-01
5.040000000026864200e+02 1.147597051395709139e-01
5.045000000027184228e+02 5.382345305758972492e-02
5.050000000027504825e+02 3.887586370168499839e-01
5.055000000027824854e+02 4.677600657022641384e-01
5.060000000028145450e+02 1.768298669140680734e-01
5.065000000028465479e+02 -7.192029826486520672e-03
5.070000000028786076e+02 3.653847695955379504e-01
5.075000000029106104e+02 5.951936512950518621e-01
5.080000000029426701e+02 2.695670437773520223e-01
5.085000000029746730e+02 9.905171314449991160e-02
5.090000000030067326e+02 1.771718850501717013e-01
5.095000000030387355e+02 4.737249684649070813e-01
5.100000000030707952e+02 2.807081668673083730e-01
5.105000000031027980e+02 8.933288368382505396e-02
5.110000000031348577e+02 2.472343033890368191e-01
5.115000000031668606e+02 5.898598701058348492e-01
5.120000000031989202e+02 3.870404873180379735e-01
5.125000000032309799e+02 -6.190050135725676944e-02
5.130000000032630396e+02 1.347870680074561289e-01
5.135000000032949856e+02 3.771794147223622162e-01
5.140000000033270453e+02 3.367901312171565631e-01
5.145000000033591050e+02 7.375053130766152584e-03
5.150000000033911647e+02 2.208707900177956651e-01
5.155000000034231107e+02 6.031775817513798099e-01
5.160000000034551704e+02 4.676309839590506723e-01
5.165000000034872301e+02 -8.055636228768496554e-02
5.170000000035192897e+02 -1.249445290108637530e-01
5.175000000035512357e+02 1.324333884706610787e-01
5.180000000035832954e+02 6.357905773657941406e-01
5.185000000036153551e+02 3.329340657745254450e-01
5.190000000036474148e+02 -1.346281576724956963e-01
5.195000000036793608e+02 1.355609694345229210e-01
5.200000000037114205e+02 4.994305755938474589e-01
5.205000000037434802e+02 2.851603037594683809e-01
5.210000000037755399e+02 1.772602901716405499e-01
5.215000000038075996e+02 1.453750771592222379e-01
5.220000000038395456e+02 2.486367265253157099e-01
5.225000000038716053e+02 2.967525019556773169e-01
5.230000000039036649e+02 4.365069140404680414e-01
5.235000000039357246e+02 3.327519958916580478e-01
5.240000000039676706e+02 1.890163492251720201e-01
5.245000000039997303e+02 5.628705453163338618e-02
5.250000000040317900e+02 2.150053535617550693e-01
5.255000000040638497e+02 4.084232222542873436e-01
5.260000000040957957e+02 4.628528457208195279e-01
5.265000000041278554e+02 3.371645271751574913e-01
5.270000000041599151e+02 -1.671382748245191507e-01
5.275000000041919748e+02 2.468260918968846473e-01
5.280000000042239208e+02 4.626289830526943425e-01
5.285000000042559805e+02 5.818406770780502058e-01
5.290000000042880401e+02 7.136779472845765360e-02
5.295000000043200998e+02 -1.088945391270648017e-01
5.300000000043521595e+02 1.603957482098535281e-01
5.305000000043841055e+02 4.083217082246650698e-01
5.310000000044161652e+02 2.669652778122944548e-01
5.315000000044482249e+02 1.112286486684265358e-01
5.320000000044802846e+02 3.457377591992020216e-01
5.325000000045122306e+02 3.229539713626476405e-01
5.330000000045442903e+02 -2.579096754296018867e-02
5.335000000045763500e+02 1.949416351583900253e-01
5.340000000046084097e+02 3.799693634035899992e-01
5.345000000046403557e+02 5.553631484261261075e-01
5.350000000046724153e+02 2.626101665316395856e-02
5.355000000047044750e+02 1.678201916903773183e-01
5.360000000047365347e+02 7.163830386230369829e-01
5.365000000047684807e+02 5.561333668354162540e-01
5.370000000048005404e+02 -5.480234156102183063e-02
5.375000000048326001e+02 -2.205905312478700364e-01
5.380000000048646598e+02 3.505914596084486745e-01
5.385000000048967195e+02 5.961450742794710544e-01
5.390000000049286655e+02 2.635561307458837432e-01
5.395000000049607252e+02 -2.910903791241936309e-02
5.400000000049927849e+02 1.954850487886876931e-01
5.405000000050248445e+02 5.272082221700946647e-01
5.410000000050567905e+02 5.440890645725067198e-01
5.415000000050888502e+02 -9.209763022977430005e-03
5.420000000051209099e+02 -1.424753978801090171e-01
5.425000000051529696e+02 3.689805405587811005e-01
5.430000000051849156e+02 4.160558255740568478e-01
5.435000000052169753e+02 1.888747749484436522e-01
5.440000000052490350e+02 1.185000736737362205e-02
5.445000000052810947e+02 3.117553191081847141e-01
5.450000000053130407e+02 3.877080447646289452e-01
5.455000000053451004e+02 3.952678379618900784e-01
5.460000000053771601e+02 4.630533511877044095e-01
5.465000000054092197e+02 3.213614427073004931e-01
5.470000000054411657e+02 1.132750613654002689e-02
5.475000000054732254e+02 5.691519751767053215e-02
5.480000000055052851e+02 4.472337834182203986e-01
5.485000000055373448e+02 3.116750948474070748e-01
5.490000000055694045e+02 1.591507654544092321e-01
5.495000000056013505e+02 2.213228001545754497e-01
5.500000000056334102e+02 2.870544067074897732e-01
5.505000000056654699e+02 2.065922287953454728e-01
5.510000000056975296e+02 2.076065604359204064e-01
5.515000000057294756e+02 3.133272210324473672e-01
5.520000000057615352e+02 2.402575144331844104e-01
5.525000000057935949e+02 2.171035940540733400e-01
5.530000000058256546e+02 1.031992697853465757e-01
5.535000000058576006e+02 3.744280788635459545e-01
5.540000000058896603e+02 3.973600685279981004e-01
5.545000000059217200e+02 2.603911326579536056e-01
5.550000000059537797e+02 1.292278735263192313e-01
5.555000000059857257e+02 1.501890016066876610e-01
5.560000000060177854e+02 3.447923311577715810e-01
5.565000000060498451e+02 2.064243588572869381e-01
5.570000000060819048e+02 -7.993024623928814479e-03
5.575000000061139644e+02 1.753597681877523129e-01
5.580000000061459104e+02 3.054534270955394648e-01
5.585000000061779701e+02 1.213575638516324190e-01
5.590000000062100298e+02 -2.462019247788265960e-02
5.595000000062420895e+02 1.548447552953183814e-01
5.600000000062740355e+02 4.526947278528521412e-01
5.605000000063060952e+02 5.930822558806783107e-01
5.610000000063381549e+02 -4.349398535543329281e-02
5.615000000063702146e+02 -2.013831443451171155e-01
5.620000000064021606e+02 2.059211075138094038e-01
5.625000000064342203e+02 5.256360270049731387e-01
5.630000000064662800e+02 4.597477574660259192e-01
5.635000000064983396e+02 2.295392281442326932e-01
5.640000000065302856e+02 1.057417353441011121e-01
5.645000000065623453e+02 6.240523687793932128e-02
5.650000000065944050e+02 2.200114256236844756e-01
5.655000000066264647e+02 3.340598484944812818e-01
5.660000000066585244e+02 2.484580045486996513e-01
5.665000000066904704e+02 -1.427520656878490390e-01
5.670000000067225301e+02 1.986093534808985872e-01
5.675000000067545898e+02 6.952504477457053245e-01
5.680000000067866495e+02 6.325543677986923408e-01
5.685000000068185955e+02 1.633997348585418674e-01
5.690000000068506552e+02 1.751492400525633542e-01
5.695000000068827148e+02 2.248353303605221953e-01
5.700000000069147745e+02 4.235329796186038109e-01
5.705000000069467205e+02 1.979686798859191799e-01
5.710000000069787802e+02 1.799504808736721861e-01
5.715000000070108399e+02 2.054425425997052357e-01
5.720000000070428996e+02 2.695928785118028581e-01
5.725000000070748456e+02 1.395577918875590961e-01
5.730000000071069053e+02 4.479651359006866368e-02
5.735000000071389650e+02 1.959557922716865241e-01
5.740000000071710247e+02 3.726740363827248381e-01
5.745000000072030844e+02 3.023581463503187128e-01
5.750000000072350304e+02 8.900729406679198930e-02
5.755000000072670900e+02 9.625781380469654314e-02
5.760000000072991497e+02 4.002067429104057550e-01
5.765000000073312094e+02 4.847125790141218471e-01
5.770000000073631554e+02 4.145833567927555835e-02
5.775000000073952151e+02 1.345503423934917564e-01
5.780000000074272748e+02 5.906742938757614247e-01
5.785000000074593345e+02 3.003780301561835842e-01
5.790000000074912805e+02 5.590286320947916721e-02
5.795000000075233402e+02 3.390183012640967108e-01
5.800000000075553999e+02 3.549758846645261756e-01
5.805000000075874595e+02 -5.305127297520461499e-02
5.810000000076194056e+02 5.272993781495589199e-02
5.815000000076514652e+02 3.792669390793660389e-01
5.820000000076835249e+02 3.936233047319959155e-01
5.825000000077155846e+02 5.163680407124535687e-01
5.830000000077476443e+02 2.122203502281934384e-01
5.835000000077795903e+02 5.372981089305405022e-02
5.840000000078116500e+02 4.703205026007932221e-01
5.845000000078437097e+02 5.014620338518682718e-01
5.850000000078757694e+02 5.602651856320916418e-02
5.855000000079077154e+02 -2.691956529466229542e-01
5.860000000079397751e+02 1.293628290800533098e-01
5.865000000079718347e+02 6.694388132632876909e-01
5.870000000080038944e+02 6.702545745203974947e-02
5.875000000080358404e+02 -1.331302957286366884e-01
5.880000000080679001e+02 1.441993873990769504e-01
5.885000000080999598e+02 4.777922188569974637e-01
5.890000000081320195e+02 2.517113968690289361e-01
5.895000000081639655e+02 1.250814183367475185e-01
5.900000000081960252e+02 1.317708693607182457e-01
5.905000000082280849e+02 3.029117687233273681e-01
5.910000000082601446e+02 3.472008602078480166e-01
5.915000000082920906e+02 4.037283740719809777e-01
5.920000000083241503e+02 3.858711679805708616e-01
5.925000000083562099e+02 4.371770452217996900e-02
5.930000000083882696e+02 1.615290849939342299e-02
5.935000000084203293e+02 4.390499902356902462e-01
5.940000000084522753e+02 6.957790199348798943e-01
5.945000000084843350e+02 4.054126211401259394e-01
5.950000000085163947e+02 -2.481085946655320618e-01
5.955000000085484544e+02 -7.812414425188904388e-02
5.960000000085804004e+02 5.788589122602750825e-01
5.965000000086124601e+02 5.463926709500185330e-01
5.970000000086445198e+02 8.066218717529625992e-02
5.975000000086765795e+02 8.702499664442980842e-02
5.980000000087085255e+02 1.814528790996288721e-01
5.985000000087405851e+02 2.423401216552019677e-01
5.990000000087726448e+02 2.469704757692088859e-01
5.995000000088047045e+02 1.629253711248825620e-01
6.000000000088366505e+02 2.277591715228111102e-01
6.005000000088687102e+02 1.727170792340186611e-01
6.010000000089007699e+02 1.555111283453987636e-01
6.015000000089328296e+02 5.632011068137768306e-02
6.020000000089648893e+02 3.006193182374844453e-01
6.025000000089968353e+02 5.058446026053592393e-01
6.030000000090288950e+02 2.877154212203712480e-01
6.035000000090609547e+02 1.369354203951472226e-01
6.040000000090930143e+02 1.440952888592439418e-01
6.045000000091249603e+02 5.576961619756952704e-01
6.050000000091570200e+02 1.274739429225733578e-01
6.055000000091890797e+02 -6.659018282559354962e-02
6.060000000092211394e+02 3.029911181495349992e-01
6.065000000092530854e+02 4.163201669360672152e-01
6.070000000092851451e+02 6.243726654669804477e-01
6.075000000093172048e+02 3.317274516002123308e-01
6.080000000093492645e+02 3.660374693536930929e-02
6.085000000093812105e+02 2.248667306567006530e-01
6.090000000094132702e+02 5.721816821509313478e-01
6.095000000094453299e+02 3.031943056216340748e-01
6.100000000094773895e+02 4.405595275325878413e-02
6.105000000095094492e+02 2.061267416706057121e-01
6.110000000095413952e+02 4.362877784990148444e-01
6.115000000095734549e+02 3.357140385334566046e-01
6.120000000096055146e+02 7.756237677388662377e-02
6.125000000096375743e+02 6.911491083355195131e-02
6.130000000096695203e+02 4.200427798303959515e-01
6.135000000097015800e+02 5.595859268089389271e-01
6.140000000097336397e+02 3.537188281271460011e-01
6.145000000097656994e+02 2.181964783620689644e-02
6.150000000097976454e+02 1.628606424146977483e-01
6.155000000098297050e+02 3.827988186142827765e-01
6.160000000098617647e+02 1.636095570806838095e-01
6.165000000098938244e+02 2.992950666522939049e-02
6.170000000099257704e+02 1.723873200365950986e-01
6.175000000099578301e+02 3.339579546113587427e-01
6.180000000099898898e+02 5.008167448959540691e-01
6.185000000100219495e+02 3.879024539337475042e-01
6.190000000100540092e+02 2.303302679675990061e-01
6.195000000100859552e+02 8.827290366322672333e-02
6.200000000101180149e+02 1.349148075094830090e-01
6.205000000101500746e+02 2.297077156929481778e-01
6.210000000101821342e+02 1.874495757863278711e-01
6.215000000102140802e+02 2.016960997612259332e-01
6.220000000102461399e+02 9.705743201930300268e-02
6.225000000102781996e+02 3.176076807068821117e-01
6.230000000103102593e+02 3.279947726301556954e-01
6.235000000103422053e+02 1.124973161976524083e-01
6.240000000103742650e+02 3.240259019612874991e-01
6.245000000104063247e+02 4.682711584990819076e-01
6.250000000104383844e+02 2.757583243214884461e-01
6.255000000104703304e+02 3.556727594946154647e-02
6.260000000105023901e+02 2.152555396013923830e-02
6.265000000105344498e+02 3.077602309156013405e-01
6.270000000105665094e+02 4.245870010396736172e-01
6.275000000105985691e+02 6.609938421500100025e-02
6.280000000106305151e+02 -1.086729423453055982e-01
6.285000000106625748e+02 3.678017689909767740e-01
6.290000000106946345e+02 4.744270221775014340e-01
6.295000000107266942e+02 2.176571389268621218e-02
6.300000000107586402e+02 1.472314210948330159e-03
6.305000000107906999e+02 2.600007121243789188e-01
6.310000000108227596e+02 6.979089993140631387e-01
6.315000000108548193e+02 5.842886924403319915e-01
6.320000000108867653e+02 9.511850887212459915e-02
6.325000000109188250e+02 -2.131870362362447979e-01
6.330000000109508846e+02 -2.016559436702567154e-01
6.335000000109829443e+02 5.316973183636003464e-01
6.340000000110148903e+02 5.480007224243255148e-01
6.345000000110469500e+02 7.316057254703282886e-02
6.350000000110790097e+02 -2.383937095604107548e-01
6.355000000111110694e+02 2.524188084460419201e-01
6.360000000111430154e+02 3.788148858689886489e-01
6.365000000111750751e+02 2.961095473124480404e-01
6.370000000112071348e+02 1.474156915318124150e-02
6.375000000112391945e+02 -3.358307658361316898e-03
6.380000000112712542e+02 5.294654693328605388e-01
6.385000000113032002e+02 5.642913531428045415e-01
6.390000000113352598e+02 3.726866700302217117e-01
6.395000000113673195e+02 7.852365796821374200e-02
6.400000000113993792e+02 2.702927398011739646e-01
6.405000000114313252e+02 2.451498477962996969e-01
6.410000000114633849e+02 1.341700056066084390e-01
6.415000000114954446e+02 2.949153459629200724e-01
6.420000000115275043e+02 3.874145879041752671e-01
6.425000000115594503e+02 4.459627178250229473e-01
6.430000000115915100e+02 1.274725242801391656e-01
6.435000000116235697e+02 1.987037880402535706e-01
6.440000000116556294e+02 3.102676275245283555e-01
6.445000000116875754e+02 4.532119777268379113e-01
6.450000000117196350e+02 2.916795519574708617e-01
6.455000000117516947e+02 2.042774721024878948e-01
6.460000000117837544e+02 1.606438209755611246e-01
6.465000000118158141e+02 3.050644292069256136e-01
6.470000000118477601e+02 2.044633516841989351e-01
6.475000000118798198e+02 1.996886053707664643e-01
6.480000000119118795e+02 3.892716615214507625e-01
6.485000000119439392e+02 3.977748007869975067e-01
6.490000000119758852e+02 3.414855576286433547e-01
6.495000000120079449e+02 7.146313862598650812e-02
6.500000000120400045e+02 -1.932853641071450856e-01
6.505000000120720642e+02 2.150895375417033739e-01
6.510000000121040102e+02 6.506634480424998701e-01
6.515000000121360699e+02 1.968188433266742643e-01
6.520000000121681296e+02 -1.125385754616218537e-01
6.525000000122001893e+02 1.560547311731219911e-01
6.530000000122321353e+02 2.748716786092969544e-01
6.535000000122641950e+02 4.332961851564036682e-01
6.540000000122962547e+02 9.094617990258205276e-02
6.545000000123283144e+02 1.294390551498675879e-01
6.550000000123603741e+02 7.481080609225514155e-02
6.555000000123923201e+02 9.120748285036177350e-02
6.560000000124243797e+02 6.138063540958452746e-01
6.565000000124564394e+02 6.744636737654949865e-01
6.570000000124884991e+02 1.930899425895617194e-02
6.575000000125204451e+02 -1.523441290027371664e-01
6.580000000125525048e+02 3.596672495399612646e-01
6.585000000125845645e+02 5.249173051879340024e-01
6.590000000126166242e+02 1.943449260827786740e-01
6.595000000126485702e+02 1.295129825744126099e-02
6.600000000126806299e+02 3.040448225359634882e-01
6.605000000127126896e+02 2.889399877111319404e-01
6.610000000127447493e+02 1.411249085608532738e-01
6.615000000127766953e+02 2.282459885569862734e-01
6.620000000128087549e+02 3.539981014766487299e-01
6.625000000128408146e+02 3.723929179249430010e-01
6.630000000128728743e+02 1.527731846314705488e-01
6.635000000129049340e+02 1.869080115449723856e-01
6.640000000129368800e+02 3.882450073100533472e-01
6.645000000129689397e+02 4.832878697701829124e-02
6.650000000130009994e+02 2.556452463586263504e-02
6.655000000130330591e+02 1.143553904726670178e-01
6.660000000130650051e+02 3.922748530217385898e-01
6.665000000130970648e+02 4.004184238485198333e-01
6.670000000131291245e+02 1.983493981711557663e-01
6.675000000131611841e+02 9.229643796995225247e-02
6.680000000131931301e+02 2.424547617940178978e-01
6.685000000132251898e+02 4.067889035680578580e-01
6.690000000132572495e+02 4.749286067597478511e-01
6.695000000132893092e+02 3.712374919153008102e-01
6.700000000133212552e+02 1.593755185681166031e-01
6.705000000133533149e+02 7.014439448314993553e-02
6.710000000133853746e+02 3.691809952600810796e-01
6.715000000134174343e+02 5.081570475549875843e-01
6.720000000134494940e+02 2.401940124857848968e-01
6.725000000134814400e+02 7.946050329787042801e-03
6.730000000135134997e+02 2.817277786340742773e-01
6.735000000135455593e+02 4.871598990669965268e-01
6.740000000135776190e+02 2.566803495086520392e-01
6.745000000136095650e+02 5.197367617944702832e-03
6.750000000136416247e+02 1.500543205706758587e-01
6.755000000136736844e+02 3.752629789393854276e-01
6.760000000137057441e+02 2.860746810535905738e-01
6.765000000137376901e+02 2.779592934794698246e-03
6.770000000137697498e+02 5.616812010424472590e-03
6.775000000138018095e+02 1.849990740542739043e-01
6.780000000138338692e+02 2.186447347619335513e-01
6.785000000138658152e+02 2.308418079286628233e-01
6.790000000138978749e+02 3.758412823501145472e-01
6.795000000139299345e+02 2.905277727222230766e-01
6.800000000139619942e+02 -7.512794445392387277e-02
6.805000000139939402e+02 6.726386255639409594e-04
6.810000000140259999e+02 3.425555398982887967e-01
6.815000000140580596e+02 2.973778470753039027e-01
6.820000000140901193e+02 1.748769560238341014e-01
6.825000000141221790e+02 3.017779334003568015e-01
6.830000000141541250e+02 3.901732756357346177e-01
6.835000000141861847e+02 -4.409799300620047269e-02
6.840000000142182444e+02 -2.449661832302421627e-02
6.845000000142503040e+02 5.072540748874254657e-01
6.850000000142822500e+02 5.581019334364801798e-01
6.855000000143143097e+02 3.166446377932643497e-01
6.860000000143463694e+02 -1.340930401575964881e-01
6.865000000143784291e+02 1.007251731714059323e-01
6.870000000144103751e+02 3.906763263174937717e-01
6.875000000144424348e+02 4.058677522296565976e-01
6.880000000144744945e+02 1.599559134916899161e-01
6.885000000145065542e+02 -7.007228539210315355e-02
6.890000000145385002e+02 -7.385053539499610020e-02
6.895000000145705599e+02 2.811083468195182400e-01
6.900000000146026196e+02 6.435165128526619815e-01
6.905000000146346792e+02 2.396556658401160778e-01
6.910000000146667389e+02 -2.022565766677988583e-02
6.915000000146986849e+02 -4.401897952939978764e-02
6.920000000147307446e+02 2.478248290861858605e-01
6.925000000147628043e+02 5.243808147015054377e-01
6.930000000147948640e+02 5.007834691724465381e-01
6.935000000148268100e+02 7.931165388914591940e-02
6.940000000148588697e+02 -1.355278627683546011e-01
6.945000000148909294e+02 5.213386455082598125e-01
6.950000000149229891e+02 8.004383267529034951e-01
6.955000000149549351e+02 2.570231821650666437e-01
6.960000000149869948e+02 -9.717207914804751323e-02
6.965000000150190544e+02 2.352625972254858144e-01
6.970000000150511141e+02 7.135640361024039313e-01
6.975000000150830601e+02 4.341209273204611474e-01
6.980000000151151198e+02 5.589146176257961049e-03
6.985000000151471795e+02 -3.306350661423551607e-02
6.990000000151792392e+02 3.246646567105544445e-01
6.995000000152112989e+02 4.692991297320318611e-01
7.000000000152432449e+02 1.901847783117559254e-01
7.005000000152753046e+02 -5.088271957929826894e-02
7.010000000153073643e+02 1.042301562291490652e-01
7.015000000153394240e+02 7.867153597644654939e-01
7.020000000153713700e+02 7.076289341528809729e-01
7.025000000154034296e+02 -2.775227822165252795e-02
7.030000000154354893e+02 -9.024954517593034020e-02
7.035000000154675490e+02 2.897109878965519747e-01
7.040000000154994950e+02 3.954827740394144531e-01
7.045000000155315547e+02 5.020406967462746062e-01
7.050000000155636144e+02 1.791927882122191229e-01
7.055000000155956741e+02 -2.891901972885045913e-01
7.060000000156276201e+02 4.717566963881032471e-01
7.065000000156596798e+02 7.063395357846733447e-01
7.070000000156917395e+02 3.319038595412595050e-01
7.075000000157237992e+02 -5.232630073395550668e-02
7.080000000157558588e+02 2.635080460425459070e-01
7.085000000157878048e+02 4.813386590745672988e-01
7.090000000158198645e+02 2.711146268224674527e-01
7.095000000158519242e+02 1.371054777396878421e-01
7.100000000158839839e+02 1.815367986012587087e-01
7.105000000159159299e+02 2.133629200984409335e-01
7.110000000159479896e+02 3.142990233106523479e-01
7.115000000159800493e+02 -1.103228982518141867e-02
7.120000000160121090e+02 2.479203999723652851e-01
7.125000000160440550e+02 5.377786232381621678e-01
7.130000000160761147e+02 3.690091070658602646e-01
7.135000000161081743e+02 -5.197872897576165385e-02
7.140000000161402340e+02 1.586625103289275585e-01
7.145000000161721800e+02 5.148385706451582555e-01
7.150000000162042397e+02 5.402328025930552835e-01
7.155000000162362994e+02 1.714360351620826672e-01
7.160000000162683591e+02 2.656240272241170569e-02
7.165000000163003051e+02 3.858584161617217290e-01
7.170000000163323648e+02 4.024799200822375966e-01
7.175000000163644245e+02 4.682738094856733757e-01
7.180000000163964842e+02 4.454999502201448802e-01
7.185000000164285439e+02 2.711731559033498870e-02
7.190000000164604899e+02 4.465174022060010989e-02
7.195000000164925495e+02 2.061522940557701800e-01
7.200000000165246092e+02 8.264503263918138165e-02
7.205000000165566689e+02 2.592482361045465589e-01
7.210000000165886149e+02 4.374937456223583210e-01
7.215000000166206746e+02 2.326050698226620195e-01
7.220000000166527343e+02 9.907126169777236147e-02
7.225000000166847940e+02 1.455329953853787273e-01
7.230000000167167400e+02 2.472583959736216197e-01
7.235000000167487997e+02 3.917607065364986929e-01
7.240000000167808594e+02 2.914030815599011337e-01
7.245000000168129191e+02 1.684376671657483379e-02
7.250000000168448651e+02 1.725873590351542641e-01
7.255000000168769247e+02 3.955905248243400396e-01
7.260000000169089844e+02 4.325344840369973465e-01
7.265000000169410441e+02 2.498887455248058331e-01
7.270000000169731038e+02 2.373133035716522288e-02
7.275000000170050498e+02 1.512306040117305239e-01
7.280000000170371095e+02 2.535358489414621386e-01
7.285000000170691692e+02 3.265606886219946658e-01
7.290000000171012289e+02 3.029843464048259105e-01
7.295000000171331749e+02 1.660123538399681242e-01
7.300000000171652346e+02 1.489081583632206607e-01
7.305000000171972943e+02 1.562487877630905353e-01
7.310000000172293539e+02 9.298943133165721298e-02
7.315000000172612999e+02 4.340402357251325061e-01
7.320000000172933596e+02 3.337239372977076068e-01
7.325000000173254193e+02 1.011137119184773309e-01
7.330000000173574790e+02 -1.047826405515351750e-01
7.335000000173894250e+02 2.920490841657674697e-01
7.340000000174214847e+02 5.239383323491377809e-01
7.345000000174535444e+02 2.488186302887707424e-01
7.350000000174856041e+02 1.445902846364606753e-01
7.355000000175176638e+02 3.829074663543497459e-01
7.360000000175496098e+02 4.253153002347305756e-01
7.365000000175816695e+02 3.849937834242434520e-01
7.370000000176137291e+02 2.574344109480783960e-01
7.375000000176457888e+02 3.277865626585521608e-01
7.380000000176777348e+02 2.304954970322649066e-01
7.385000000177097945e+02 -5.662883560272312378e-02
7.390000000177418542e+02 1.898055703720673837e-01
7.395000000177739139e+02 4.897765238670946375e-01
7.400000000178058599e+02 3.474544176125343720e-01
7.405000000178379196e+02 6.172804642068801390e-02
7.410000000178699793e+02 5.282588578842377196e-03
7.415000000179020390e+02 3.694932382183676589e-01
7.420000000179339850e+02 3.840081540291068740e-01
7.425000000179660447e+02 4.687828005730804160e-01
7.430000000179981043e+02 2.127918875334366966e-01
7.435000000180301640e+02 9.762809156436652591e-02
7.440000000180622237e+02 5.501290892079446077e-02
7.445000000180941697e+02 3.231458325711408786e-01
7.450000000181262294e+02 4.499521086122000857e-01
7.455000000181582891e+02 1.539894337678201219e-01
7.460000000181903488e+02 5.800502446078746772e-03
7.465000000182222948e+02 2.566842922861155563e-01
7.470000000182543545e+02 5.117392338477323444e-01
7.475000000182864142e+02 3.346647558487769736e-01
7.480000000183184738e+02 -1.187288593164719797e-01
7.485000000183504199e+02 6.857105617229503070e-02
7.490000000183824795e+02 7.967110088268488655e-01
7.495000000184145392e+02 6.892290641261521467e-01
7.500000000184465989e+02 -3.962915586729084949e-02
7.505000000184785449e+02 -4.615047536916742632e-01
7.510000000185106046e+02 3.898106805578899214e-01
7.515000000185426643e+02 8.185866819205717126e-01
7.520000000185747240e+02 4.130017119980038398e-01
7.525000000186067837e+02 -2.094275093614298422e-01
7.530000000186387297e+02 -7.876623163653879989e-02
7.535000000186707894e+02 3.154988041419121148e-01
7.540000000187028490e+02 4.429727497509269862e-01
7.545000000187349087e+02 5.511687611647083651e-01
7.550000000187668547e+02 1.557281405074947556e-01
7.555000000187989144e+02 4.201924666701294109e-02
7.560000000188309741e+02 2.622312463332304167e-01
7.565000000188630338e+02 4.463708809019378276e-01
7.570000000188949798e+02 2.579217766403445466e-01
7.575000000189270395e+02 -9.184923798608535250e-02
7.580000000189590992e+02 -9.490093835544936851e-02
7.585000000189911589e+02 2.986905545067626844e-01
7.590000000190231049e+02 3.908126303591229478e-01
7.595000000190551646e+02 -1.069991125174861273e-02
7.600000000190872242e+02 4.215130209422869589e-02
7.605000000191192839e+02 3.738766727514263311e-01
7.610000000191512299e+02 5.409449204317634541e-01
7.615000000191832896e+02 3.042154619593543385e-01
7.620000000192153493e+02 8.558284073143156145e-02
7.625000000192474090e+02 9.649200513327547968e-02
7.630000000192794687e+02 4.144922980886146524e-01
7.635000000193114147e+02 2.709769512703902317e-01
7.640000000193434744e+02 5.149090992350995044e-02
7.645000000193755341e+02 3.075929318589799497e-02
7.650000000194075938e+02 3.823886021686491721e-01
7.655000000194395398e+02 3.573422319686183624e-01
7.660000000194715994e+02 6.296419472166349396e-02
7.665000000195036591e+02 3.495262200235024208e-01
7.670000000195357188e+02 4.609457115387259329e-01
7.675000000195676648e+02 3.371362410824547268e-03
7.680000000195997245e+02 -1.166492049922367019e-01
7.685000000196317842e+02 2.956941597290261847e-01
7.690000000196638439e+02 5.212754645455942581e-01
7.695000000196957899e+02 3.439902389933605087e-01
7.700000000197278496e+02 1.666096769371171460e-01
7.705000000197599093e+02 9.831729572487821200e-02
7.710000000197919690e+02 2.745055706552619879e-01
7.715000000198240286e+02 3.479548858881783002e-01
7.720000000198559746e+02 5.792384984017975302e-01
7.725000000198880343e+02 3.323858093636033462e-01
7.730000000199200940e+02 -1.317711687084282823e-01
7.735000000199521537e+02 2.927966366616375771e-01
7.740000000199840997e+02 6.504707552136824722e-01
7.745000000200161594e+02 4.372441584829568351e-01
7.750000000200482191e+02 -4.733059974026226219e-02
7.755000000200802788e+02 1.233726227659322355e-01
7.760000000201122248e+02 1.783332720318345221e-01
7.765000000201442845e+02 1.865200994007299162e-01
7.770000000201763442e+02 3.348190238904482086e-01
7.775000000202084038e+02 3.814568048850058291e-01
7.780000000202403498e+02 2.327900568687932825e-01
7.785000000202724095e+02 1.400383954517056551e-01
7.790000000203044692e+02 1.222015603639439452e-01
7.795000000203365289e+02 3.952176136552473795e-01
7.800000000203685886e+02 3.649920759294053574e-01
7.805000000204005346e+02 5.827161992066122453e-02
7.810000000204325943e+02 1.301632379093224656e-01
7.815000000204646540e+02 4.008852502375086502e-01
7.820000000204967137e+02 4.572824421257825622e-01
7.825000000205286597e+02 2.153601705756854334e-01
7.830000000205607193e+02 1.727796199104557617e-01
7.835000000205927790e+02 3.218132581221592181e-01
7.840000000206248387e+02 4.087362791205515489e-01
7.845000000206567847e+02 3.841300966083467938e-01
7.850000000206888444e+02 2.521921806463413296e-02
7.855000000207209041e+02 -9.114515885121167449e-02
7.860000000207529638e+02 2.070734978510553048e-01
7.865000000207849098e+02 5.095161159794273642e-01
7.870000000208169695e+02 4.763492360204382714e-01
7.875000000208490292e+02 1.707545561821655622e-01
7.880000000208810889e+02 -1.939210820294374749e-01
7.885000000209131485e+02 3.180199017635863545e-01
7.890000000209450945e+02 7.001744589877422209e-01
7.895000000209771542e+02 2.983280147928406012e-01
7.900000000210092139e+02 -1.385711444602720777e-01
7.905000000210412736e+02 -4.500071274745648386e-02
7.910000000210732196e+02 4.361879064213550206e-01
7.915000000211052793e+02 5.672802273688888341e-01
7.920000000211373390e+02 4.586164699440352654e-01
7.925000000211693987e+02 8.931259579244472946e-02
7.930000000212013447e+02 9.521858528467536109e-02
7.935000000212334044e+02 4.283093038526937790e-01
7.940000000212654641e+02 4.445322201067403167e-01
7.945000000212975237e+02 1.367807243110673310e-01
7.950000000213294697e+02 6.245688392223287810e-02
7.955000000213615294e+02 4.567272227071270119e-01
7.960000000213935891e+02 3.743325659329201360e-01
7.965000000214256488e+02 1.423184308204545057e-01
7.970000000214577085e+02 5.429192910811218853e-02
7.975000000214896545e+02 2.231017895338464618e-01
7.980000000215217142e+02 5.577721174040209950e-01
7.985000000215537739e+02 3.062884120289413592e-01
7.990000000215858336e+02 1.879267243419435740e-01
7.995000000216177796e+02 2.273849787545891357e-02
8.000000000216498393e+02 2.087798667756794735e-01
8.005000000216818989e+02 4.912719612059415208e-01
8.010000000217139586e+02 3.986594577561451413e-01
8.015000000217459046e+02 2.661858356333769438e-01
8.020000000217779643e+02 1.741948966358214390e-01
8.025000000218100240e+02 1.562708056739600948e-01
8.030000000218420837e+02 4.028903465803020945e-01
8.035000000218740297e+02 3.820280707352988747e-01
8.040000000219060894e+02 1.087345094829750558e-01
8.045000000219381491e+02 -1.212709504581105380e-01
8.050000000219702088e+02 3.347198867496542496e-01
8.055000000220021548e+02 3.314892721445812929e-01
8.060000000220342145e+02 2.425262306701402581e-01
8.065000000220662741e+02 3.718854737972130953e-01
8.070000000220983338e+02 2.373696566839875732e-01
8.075000000221303935e+02 -7.174464403078482932e-02
8.080000000221623395e+02 3.500747379461225939e-01
8.085000000221943992e+02 7.521644705982764023e-01
8.090000000222264589e+02 2.819935552800136858e-01
8.095000000222585186e+02 8.368129934022304484e-02
8.100000000222904646e+02 1.397200712399094824e-01
8.105000000223225243e+02 3.966975976842338492e-01
8.110000000223545840e+02 5.707422136686332026e-01
8.115000000223866436e+02 3.941805109527983242e-01
8.120000000224185897e+02 -8.301991100035380211e-02
8.125000000224506493e+02 1.292066454988781976e-01
8.130000000224827090e+02 3.605100002504185719e-01
8.135000000225147687e+02 4.964627584717825060e-01
8.140000000225467147e+02 1.670654879673501014e-01
8.145000000225787744e+02 1.041320754218740957e-01
8.150000000226108341e+02 2.781707033303255638e-01
8.155000000226428938e+02 4.710591067334257698e-01
8.160000000226749535e+02 4.344667776209714116e-01
8.165000000227068995e+02 3.090539574406783174e-01
8.170000000227389592e+02 7.250786147736049125e-02
8.175000000227710188e+02 2.920814174104503086e-02
8.180000000228030785e+02 3.233087300654215457e-01
8.185000000228350245e+02 6.197523013311699858e-01
8.190000000228670842e+02 3.497864151737096750e-01
8.195000000228991439e+02 1.526003632727327732e-03
8.200000000229312036e+02 1.582455807083464616e-01
8.205000000229631496e+02 4.528623629572265386e-01
8.210000000229952093e+02 5.148866618434613240e-01
8.215000000230272690e+02 2.149119628259937576e-01
8.220000000230593287e+02 1.052692389915426546e-01
8.225000000230912747e+02 1.482973469596593763e-01
8.230000000231233344e+02 2.937583470716263467e-01
8.235000000231553940e+02 3.176172793604933875e-01
8.240000000231874537e+02 2.115285667861519781e-01
8.245000000232195134e+02 -9.123661743117799858e-03
8.250000000232514594e+02 2.036741243831183545e-01
8.255000000232835191e+02 3.431218844270389479e-01
8.260000000233155788e+02 2.912862221979473087e-01
8.265000000233476385e+02 8.445291362691641213e-02
8.270000000233795845e+02 7.583212835352622083e-02
8.275000000234116442e+02 4.021711027986683562e-01
8.280000000234437039e+02 6.739168027323670929e-01
8.285000000234757636e+02 3.610540203805814308e-01
8.290000000235077096e+02 3.329427808523562071e-02
8.295000000235397692e+02 1.598973336322880301e-01
8.300000000235718289e+02 3.460580880987128571e-01
8.305000000236038886e+02 4.875133105486507690e-01
8.310000000236358346e+02 3.752236320414601423e-01
8.315000000236678943e+02 4.450285763504968628e-02
8.320000000236999540e+02 1.280558977734458370e-01
8.325000000237320137e+02 2.430096619026571036e-01
8.330000000237640734e+02 3.963494958790673706e-01
8.335000000237960194e+02 3.223065395663446964e-01
8.340000000238280791e+02 2.658044745110911267e-01
8.345000000238601388e+02 1.314565801732084371e-01
8.350000000238921984e+02 1.579998243201830577e-01
8.355000000239241444e+02 3.404635537759156949e-01
8.360000000239562041e+02 3.223683378992831527e-01
8.365000000239882638e+02 2.834233296859844375e-01
8.370000000240203235e+02 3.681268451046125212e-01
8.375000000240522695e+02 5.562405221114317955e-02
8.380000000240843292e+02 1.499893764777507632e-01
8.385000000241163889e+02 1.351840075774639605e-01
8.390000000241484486e+02 5.133712428187378052e-01
8.395000000241803946e+02 4.793752488678676982e-01
8.400000000242124543e+02 3.423924711842168400e-01
8.405000000242445140e+02 5.829867999143723695e-02
8.410000000242765736e+02 -6.909682274102274535e-02
8.415000000243086333e+02 4.898366812803154891e-01
8.420000000243405793e+02 6.343216628621818343e-01
8.425000000243726390e+02 2.267559982497615867e-01
8.430000000244046987e+02 1.551183318305634218e-01
8.435000000244367584e+02 2.499901055066263214e-02
8.440000000244687044e+02 3.962459571174882789e-01
8.445000000245007641e+02 6.928241534693352355e-01
8.450000000245328238e+02 5.102171896999000422e-01
8.455000000245648835e+02 1.870090029529571374e-01
8.460000000245968295e+02 1.594898129212877769e-01
8.465000000246288892e+02 5.016852684691734954e-01
8.470000000246609488e+02 4.518559161402698754e-01
8.475000000246930085e+02 3.704746181858058485e-01
8.480000000247249545e+02 2.432539569959800696e-01
8.485000000247570142e+02 5.892192487188597366e-02
8.490000000247890739e+02 -1.187297704480043820e-01
8.495000000248211336e+02 3.964891127394492010e-01
8.500000000248530796e+02 4.706448903544874773e-01
8.505000000248851393e+02 1.200376692626488884e-01
8.510000000249171990e+02 1.210937208268459409e-01
8.515000000249492587e+02 3.746966506691167265e-01
8.520000000249813183e+02 4.971472597051233566e-01
8.525000000250132643e+02 -1.011338566517438337e-01
8.530000000250453240e+02 -1.761679487370140795e-01
8.535000000250773837e+02 4.650268245815594725e-01
8.540000000251094434e+02 6.970859233520273479e-01
8.545000000251413894e+02 1.163299605810415860e-01
8.550000000251734491e+02 -9.986591334326516689e-02
8.555000000252055088e+02 2.021621617651091218e-01
8.560000000252375685e+02 6.107707585722110810e-01
8.565000000252695145e+02 2.154293589596723846e-01
8.570000000253015742e+02 -1.294760917993328098e-01
8.575000000253336339e+02 9.183204369463676686e-02
8.580000000253656935e+02 4.433094402273471957e-01
8.585000000253976395e+02 5.160141335275191254e-01
8.590000000254296992e+02 2.048649026483054247e-01
8.595000000254617589e+02 1.321998729633194203e-01
8.600000000254938186e+02 2.670792513362003628e-01
8.605000000255258783e+02 1.955129175846656575e-01
8.610000000255578243e+02 2.660673308199382192e-01
8.615000000255898840e+02 4.147874679725975233e-01
8.620000000256219437e+02 8.035561200364148282e-02
8.625000000256540034e+02 6.953876744954148870e-02
8.630000000256859494e+02 5.156876717200746807e-01
8.635000000257180091e+02 7.789428402148506070e-01
8.640000000257500687e+02 1.521601392687462750e-01
8.645000000257821284e+02 -4.058123036517817250e-01
8.650000000258140744e+02 1.961070096975387964e-02
8.655000000258461341e+02 8.312770710136239138e-01
8.660000000258781938e+02 7.104016677870635954e-01
8.665000000259102535e+02 -1.918429523706735029e-01
8.670000000259421995e+02 -1.385910476395189883e-01
8.675000000259742592e+02 4.153891540818613892e-01
8.680000000260063189e+02 7.101966749129324796e-01
8.685000000260383786e+02 8.842869229371895512e-02
8.690000000260704383e+02 -1.309977116493933058e-01
8.695000000261023843e+02 1.241948241316901125e-01
8.700000000261344439e+02 6.359160057496499041e-01
8.705000000261665036e+02 2.279630489207941091e-01
8.710000000261985633e+02 -9.868050594852979807e-02
8.715000000262305093e+02 8.100341520763475189e-02
8.720000000262625690e+02 2.512911602812550882e-01
8.725000000262946287e+02 4.034384851208885903e-01
8.730000000263266884e+02 4.134346999916061471e-01
8.735000000263586344e+02 3.092595390399511812e-01
8.740000000263906941e+02 4.802330443651921521e-01
8.745000000264227538e+02 2.109897016286174931e-01
8.750000000264548135e+02 -2.121900568354171679e-01
8.755000000264867595e+02 3.297888422931827823e-01
8.760000000265188191e+02 8.314325867511780377e-01
8.765000000265508788e+02 9.288840816522890564e-02
8.770000000265829385e+02 -5.930195055459191317e-02
8.775000000266149982e+02 3.534725652213948077e-01
8.780000000266469442e+02 3.900662830498987654e-01
8.785000000266790039e+02 2.327459479083360816e-01
8.790000000267110636e+02 4.270735017691643792e-02
8.795000000267431233e+02 -5.197126017241500417e-02
8.800000000267750693e+02 1.833203112964380821e-01
8.805000000268071290e+02 3.854381700801889910e-01
8.810000000268391886e+02 3.299931597639884640e-01
8.815000000268712483e+02 1.061481322827465407e-01
8.820000000269031943e+02 -2.057931897901835866e-02
8.825000000269352540e+02 4.021030586912790472e-01
8.830000000269673137e+02 5.519626107575154039e-01
8.835000000269993734e+02 3.359537461231182909e-01
8.840000000270313194e+02 1.386743031350144706e-02
8.845000000270633791e+02 -5.601076368972902897e-02
8.850000000270954388e+02 6.919143877863695447e-02
8.855000000271274985e+02 4.103689963373503558e-01
8.860000000271595582e+02 4.216315258126149823e-01
8.865000000271915042e+02 2.290527674641681111e-01
8.870000000272235638e+02 7.644416091730707463e-02
8.875000000272556235e+02 3.768189148285171902e-02
8.880000000272876832e+02 3.940496099154287002e-01
8.885000000273196292e+02 2.689836677353796279e-01
8.890000000273516889e+02 9.996361738122042095e-02
8.895000000273837486e+02 -9.902491121616514846e-02
8.900000000274158083e+02 5.152984045106099309e-01
8.905000000274477543e+02 6.057408538392051733e-01
8.910000000274798140e+02 8.037935168553834997e-02
8.915000000275118737e+02 4.676189655827155123e-02
8.920000000275439334e+02 4.097626877624108155e-01
8.925000000275758794e+02 2.958076294680563323e-01
8.930000000276079390e+02 2.352729056521278995e-03
8.935000000276399987e+02 1.614847601819180689e-01
8.940000000276720584e+02 1.124840675193090056e-01
8.945000000277040044e+02 7.416209411694520137e-02
8.950000000277360641e+02 3.643346165381430302e-01
8.955000000277681238e+02 3.659801837524184753e-01
8.960000000278001835e+02 2.184477976190318804e-01
8.965000000278322432e+02 2.104143575322152404e-01
8.970000000278641892e+02 4.519073609903409561e-01
8.975000000278962489e+02 5.200109699721503498e-01
8.980000000279283086e+02 9.040800837805416934e-02
8.985000000279603682e+02 -9.226040224625818575e-02
8.990000000279923142e+02 4.307756520168235514e-01
8.995000000280243739e+02 4.666310388114031649e-01
9.000000000280564336e+02 9.172090895011975054e-02
9.005000000280884933e+02 7.912743023398222456e-03
9.010000000281204393e+02 4.046086683110586835e-01
9.015000000281524990e+02 3.444461056190171733e-01
9.020000000281845587e+02 2.032441217850098902e-01
9.025000000282166184e+02 4.266933767302680258e-01
9.030000000282485644e+02 2.143371162950423459e-01
9.035000000282806241e+02 -1.378269814539209992e-01
9.040000000283126838e+02 5.404889294027626079e-02
9.045000000283447434e+02 4.973583856173948159e-01
9.050000000283768031e+02 3.792483634950746807e-01
9.055000000284087491e+02 7.075544511968666350e-02
9.060000000284408088e+02 1.340707416733394886e-01
9.065000000284728685e+02 6.294051617331266613e-01
9.070000000285049282e+02 6.204675986857935976e-01
9.075000000285368742e+02 1.742202341568016913e-02
9.080000000285689339e+02 -4.157486991441994989e-02
9.085000000286009936e+02 4.502822565340423577e-01
9.090000000286330533e+02 2.912256973577344032e-01
9.095000000286649993e+02 3.374787095090654720e-02
9.100000000286970590e+02 1.616906176557094676e-01
9.105000000287291186e+02 3.900043712075733082e-01
9.110000000287611783e+02 2.134207101340845902e-01
9.115000000287931243e+02 1.028552872655411621e-01
9.120000000288251840e+02 1.989126430702930493e-01
9.125000000288572437e+02 4.693300076486832673e-01
9.130000000288893034e+02 3.781216137116414910e-01
9.135000000289213631e+02 5.991452374609197024e-02
9.140000000289533091e+02 4.233158293253064808e-01
9.145000000289853688e+02 5.550158157134108539e-01
9.150000000290174285e+02 1.526789715017757565e-01
9.155000000290494881e+02 -8.580168991524829425e-02
9.160000000290814341e+02 1.859024438059945772e-01
9.165000000291134938e+02 6.906187540405847036e-01
9.170000000291455535e+02 4.921815143378187041e-01
9.175000000291776132e+02 -2.841109084866884071e-01
9.180000000292095592e+02 -2.716896660915741335e-01
9.185000000292416189e+02 5.340851021579445801e-01
9.190000000292736786e+02 8.109222986059586580e-01
9.195000000293057383e+02 1.974814175779521230e-01
9.200000000293376843e+02 -3.622864377527666990e-01
9.205000000293697440e+02 2.047241994224033301e-01
9.210000000294018037e+02 6.894275490543452234e-01
9.215000000294338633e+02 4.997288282016303373e-01
9.220000000294659230e+02 -4.439033849238278873e-02
9.225000000294978690e+02 -6.408542888946128224e-03
9.230000000295299287e+02 3.674828125400019796e-01
9.235000000295619884e+02 6.064783343729447385e-01
9.240000000295940481e+02 4.170932374057219061e-01
9.245000000296259941e+02 -3.141743920002897789e-02
9.250000000296580538e+02 8.946846993156319650e-02
9.255000000296901135e+02 4.127535169057124920e-01
9.260000000297221732e+02 4.657461701536978471e-01
9.265000000297541192e+02 2.496244797383780911e-01
9.270000000297861789e+02 1.356976815761768707e-01
9.275000000298182385e+02 1.222037506204278617e-01
9.280000000298502982e+02 4.317551075879929590e-01
9.285000000298822442e+02 3.486445906033982522e-01
9.290000000299143039e+02 1.606439516223861219e-01
9.295000000299463636e+02 2.415143743836526552e-02
9.300000000299784233e+02 4.626585670502592063e-02
9.305000000300104830e+02 3.866304545404142257e-01
9.310000000300424290e+02 4.118768967117908408e-01
9.315000000300744887e+02 1.761087708318243572e-01
9.320000000301065484e+02 8.703770390405203561e-02
9.325000000301386081e+02 2.132212039884914534e-01
9.330000000301705541e+02 3.529930922511274050e-01
9.335000000302026137e+02 4.039546788357010199e-01
9.340000000302346734e+02 2.431712548140508856e-01
9.345000000302667331e+02 1.051308952394713891e-01
9.350000000302986791e+02 3.529242165604841164e-01
9.355000000303307388e+02 2.610305523629473101e-01
9.360000000303627985e+02 2.723022407021254421e-01
9.365000000303948582e+02 2.974734630718111061e-01
9.370000000304268042e+02 3.581662787844547835e-01
9.375000000304588639e+02 3.284387451695161553e-01
9.380000000304909236e+02 1.654911297573948559e-01
9.385000000305229833e+02 2.128598793244864951e-01
9.390000000305549293e+02 3.399066793187444091e-01
9.395000000305869889e+02 3.189787840286494869e-01
9.400000000306190486e+02 1.986514496392829954e-01
9.405000000306511083e+02 1.964416203017330664e-01
9.410000000306831680e+02 2.110670523716361713e-01
9.415000000307151140e+02 2.178774113670203794e-01
9.420000000307471737e+02 4.226237989647226856e-01
9.425000000307792334e+02 2.022100906709068113e-01
9.430000000308112931e+02 -2.333537930155924617e-02
9.435000000308432391e+02 -1.701092824185551078e-01
9.440000000308752988e+02 2.459793051677472142e-01
9.445000000309073585e+02 5.529243743070185735e-01
9.450000000309394181e+02 4.312378671608498304e-01
9.455000000309713641e+02 -2.066052833553475715e-02
9.460000000310034238e+02 -1.205313756793408020e-01
9.465000000310354835e+02 3.079898760314424000e-01
9.470000000310675432e+02 8.330447992439888871e-01
9.475000000310994892e+02 4.455314754463799987e-01
9.480000000311315489e+02 -2.017855231570412355e-01
9.485000000311636086e+02 2.255032752942121368e-02
9.490000000311956683e+02 3.695218941566906778e-01
9.495000000312277280e+02 5.602677750987388183e-01
9.500000000312596740e+02 4.307642060015104413e-01
9.505000000312917336e+02 4.250099047657015378e-02
9.510000000313237933e+02 2.129167391276350768e-02
9.515000000313558530e+02 5.416903785935480720e-01
9.520000000313877990e+02 5.328236069975548217e-01
9.525000000314198587e+02 -1.710861059523311745e-01
9.530000000314519184e+02 -7.259615961788794258e-02
9.535000000314839781e+02 4.812539240095251580e-01
9.540000000315159241e+02 5.073980255777629234e-01
9.545000000315479838e+02 8.046942111345908866e-02
9.550000000315800435e+02 -1.242188741192549045e-01
9.555000000316121032e+02 4.079100169326794201e-01
9.560000000316440492e+02 6.287125091321003056e-01
9.565000000316761088e+02 6.255150373002363318e-02
9.570000000317081685e+02 -1.406438510999009073e-01
9.575000000317402282e+02 2.310621094215876137e-01
9.580000000317722879e+02 5.915973992264282888e-01
9.585000000318042339e+02 2.710390827912882439e-01
9.590000000318362936e+02 2.051138084513433671e-02
9.595000000318683533e+02 -4.881737925068078965e-02
9.600000000319004130e+02 5.174389574065506592e-01
9.605000000319323590e+02 9.110449981580587275e-01
9.610000000319644187e+02 5.654711929133841020e-01
9.615000000319964784e+02 7.004933819510017479e-02
9.620000000320285380e+02 -1.131949697041095410e-01
9.625000000320604840e+02 2.764724550030735473e-01
9.630000000320925437e+02 7.657251359271257662e-01
9.635000000321246034e+02 6.953982384865531330e-01
9.640000000321566631e+02 4.143837822660913911e-02
9.645000000321886091e+02 -8.801141377448157277e-02
9.650000000322206688e+02 4.546060264968129760e-01
9.655000000322527285e+02 5.365698419952266152e-01
9.660000000322847882e+02 1.768284939916626164e-01
9.665000000323168479e+02 9.627833907872408725e-02
9.670000000323487939e+02 1.953734094337225835e-01
9.675000000323808536e+02 3.386628976893144016e-01
9.680000000324129132e+02 2.006467836269305860e-01
9.685000000324449729e+02 -1.823961387826457739e-02
9.690000000324769189e+02 1.851547840554732260e-01
9.695000000325089786e+02 2.107682796805878112e-01
9.700000000325410383e+02 2.437793473759205243e-01
9.705000000325730980e+02 3.501640609471764476e-01
9.710000000326050440e+02 2.598886559980381761e-01
9.715000000326371037e+02 7.938369824268845520e-02
9.720000000326691634e+02 1.266283978372671204e-01
9.725000000327012231e+02 1.489335850848988174e-01
9.730000000327331691e+02 2.925469348978091411e-01
9.735000000327652288e+02 3.196522083026854255e-01
9.740000000327972884e+02 5.450786233437002748e-01
9.745000000328293481e+02 4.455355317593560072e-01
9.750000000328614078e+02 1.485690418589991242e-02
9.755000000328933538e+02 -7.322113586995883383e-02
9.760000000329254135e+02 2.965478998217028206e-01
9.765000000329574732e+02 4.280731977229890184e-01
9.770000000329895329e+02 1.043670275751449605e-01
9.775000000330214789e+02 4.623795731961693328e-02
9.780000000330535386e+02 3.742953787088556528e-01
9.785000000330855983e+02 4.841826468138289985e-01
9.790000000331176579e+02 2.277132735085362347e-01
9.795000000331496040e+02 -5.611732676947677606e-02
9.800000000331816636e+02 3.885666059422109020e-02
9.805000000332137233e+02 4.462886079884259005e-01
9.810000000332457830e+02 3.388720867164722317e-01
9.815000000332777290e+02 1.341214084399501572e-01
9.820000000333097887e+02 2.233214506872679417e-01
9.825000000333418484e+02 1.888633660158322292e-01
9.830000000333739081e+02 1.878737842678787628e-01
9.835000000334058541e+02 3.038439317715925791e-01
9.840000000334379138e+02 1.353724012814105371e-01
9.845000000334699735e+02 4.349404989241340003e-02
9.850000000335020331e+02 1.630660330440290018e-01
9.855000000335340928e+02 3.294414905749749045e-01
9.860000000335660388e+02 1.464953656027665752e-01
9.865000000335980985e+02 2.538895443251694417e-02
9.870000000336301582e+02 2.745905175842185963e-01
9.875000000336622179e+02 2.171328857527738410e-01
9.880000000336941639e+02 2.000164905442769758e-01
9.885000000337262236e+02 4.004144903133675659e-01
9.890000000337582833e+02 2.279268884689439056e-01
9.895000000337903430e+02 1.015874072098431197e-01
9.900000000338222890e+02 1.780999535186802707e-01
9.905000000338543487e+02 5.116305346528839948e-01
9.910000000338864083e+02 3.580043646496495757e-01
9.915000000339184680e+02 9.010243973560584652e-02
9.920000000339504140e+02 -2.021132589672252344e-01
9.925000000339824737e+02 2.370757550683970927e-01
9.930000000340145334e+02 6.006019637866542027e-01
9.935000000340465931e+02 3.942617032131358612e-01
9.940000000340786528e+02 -1.465880272778657401e-01
9.945000000341105988e+02 -2.137415836606587072e-01
9.950000000341426585e+02 4.797815827278565370e-01
9.955000000341747182e+02 7.539910789849612049e-01
9.960000000342067779e+02 1.843967748415093477e-01
9.965000000342387239e+02 -2.373472216570287063e-01
9.970000000342707835e+02 1.436940912207155807e-01
9.975000000343028432e+02 3.307029600387630386e-01
9.980000000343349029e+02 4.233668296255503893e-01
9.985000000343668489e+02 1.861945706404049272e-01
9.990000000343989086e+02 4.547759228840576873e-02
9.995000000344309683e+02 1.864553119460743702e-01
1.000000000034463028e+03 6.790131852449623473e-01
