# Time (ps)	CV (angstrom)
9.999999999975766229e+01 -3.034363466631913031e+00
1.004999999997559001e+02 -3.095624554758311664e+00
1.009999999997541380e+02 -3.169601752339409106e+00
1.014999999997533990e+02 -3.105886115915257761e+00
1.019999999997629061e+02 -3.051376922593352692e+00
1.024999999997724132e+02 -3.040450184130090605e+00
1.029999999997819060e+02 -3.165713163078372805e+00
1.034999999997914131e+02 -3.061090012012782413e+00
1.039999999998009201e+02 -3.051158873282015183e+00
1.044999999998104272e+02 -3.001153444187628416e+00
1.049999999998199343e+02 -3.011531599955736827e+00
1.054999999998294413e+02 -2.995845311627090002e+00
1.059999999998389484e+02 -3.003860415802341866e+00
1.064999999998484554e+02 -2.990219798979766086e+00
1.069999999998579483e+02 -2.931931146598670601e+00
1.074999999998674554e+02 -2.936957458080492245e+00
1.079999999998769624e+02 -2.989439156110037299e+00
1.084999999998864695e+02 -3.141376749897785814e+00
1.089999999998959765e+02 -3.013759973953790805e+00
1.094999999999054836e+02 -3.080000880694713228e+00
1.099999999999149907e+02 -2.983693448957979388e+00
1.104999999999244977e+02 -2.912401143591144326e+00
1.109999999999339906e+02 -2.818777876359042533e+00
1.114999999999434976e+02 -2.877905418563086570e+00
1.119999999999530047e+02 -2.948880664380962635e+00
1.124999999999625118e+02 -3.279079545602513246e+00
1.129999999999720188e+02 -3.144262732361887025e+00
1.134999999999815259e+02 -3.138012865642120008e+00
1.139999999999910330e+02 -3.110024068623462146e+00
1.145000000000005400e+02 -3.051753884027766262e+00
1.150000000000100329e+02 -2.890098476141596429e+00
1.155000000000195399e+02 -2.576989798577193458e+00
1.160000000000290470e+02 -2.702105570087281361e+00
1.165000000000385540e+02 -2.936935974466257981e+00
1.170000000000480611e+02 -2.820817935779991181e+00
1.175000000000575682e+02 -3.058075200313329134e+00
1.180000000000670752e+02 -3.287898378407532185e+00
1.185000000000765823e+02 -3.165224863828901558e+00
1.190000000000860751e+02 -3.095503170340253352e+00
1.195000000000955822e+02 -3.169111771583049020e+00
1.200000000001050893e+02 -3.375739431979571048e+00
1.205000000001145963e+02 -3.260346925464267631e+00
1.210000000001241034e+02 -3.325473074683639840e+00
1.215000000001336105e+02 -3.214155157839836185e+00
1.220000000001431175e+02 -2.950004493449785326e+00
1.225000000001526246e+02 -2.893421646583107076e+00
1.230000000001621174e+02 -2.984785813177704306e+00
1.235000000001716245e+02 -2.914981299635660328e+00
1.240000000001811316e+02 -3.014231064360907819e+00
1.245000000001906386e+02 -2.974856952292031842e+00
1.250000000002001457e+02 -2.937358188125795522e+00
1.255000000002096527e+02 -3.065351171797205954e+00
1.260000000002191598e+02 -3.118354206014667618e+00
1.265000000002286527e+02 -3.115878393395379753e+00
1.270000000002381597e+02 -2.962061402240822705e+00
1.275000000002476668e+02 -3.025940725697131128e+00
1.280000000002571880e+02 -3.009795121087775360e+00
1.285000000002666809e+02 -2.900771859453085799e+00
1.290000000002761738e+02 -3.102497446871139708e+00
1.295000000002856950e+02 -3.026944830159226107e+00
1.300000000002951879e+02 -3.000646097927889944e+00
1.305000000003047091e+02 -2.981777968002443213e+00
1.310000000003142020e+02 -3.208575364747841885e+00
1.315000000003237233e+02 -3.166010857376778009e+00
1.320000000003332161e+02 -3.216604899645213234e+00
1.325000000003427090e+02 -3.072989234483351595e+00
1.330000000003522302e+02 -3.082040126308060124e+00
1.335000000003617231e+02 -3.140484483856003095e+00
1.340000000003712444e+02 -3.119520991721982384e+00
1.345000000003807372e+02 -2.986971910576901479e+00
1.350000000003902585e+02 -2.927852691211212388e+00
1.355000000003997513e+02 -2.956612877075046164e+00
1.360000000004092726e+02 -2.976617544573112006e+00
1.365000000004187655e+02 -3.138249701644391543e+00
1.370000000004282583e+02 -3.286056790883102430e+00
1.375000000004377796e+02 -3.181061975232757355e+00
1.380000000004472724e+02 -3.091519824076178313e+00
1.385000000004567937e+02 -3.202554252874795893e+00
1.390000000004662866e+02 -3.212714916220892558e+00
1.395000000004758078e+02 -3.196389373736139294e+00
1.400000000004853007e+02 -3.123485926101613241e+00
1.405000000004947935e+02 -3.136721341673004648e+00
1.410000000005043148e+02 -3.257332702741873476e+00
1.415000000005138077e+02 -3.156593903829326031e+00
1.420000000005233289e+02 -2.983055234088044294e+00
1.425000000005328218e+02 -3.108661716748381210e+00
1.430000000005423431e+02 -3.067421358685390231e+00
1.435000000005518359e+02 -3.028217905117431386e+00
1.440000000005613572e+02 -3.006111772653409897e+00
1.445000000005708500e+02 -2.981864591873065518e+00
1.450000000005803429e+02 -3.070529404110532656e+00
1.455000000005898642e+02 -3.173387694805352321e+00
1.460000000005993570e+02 -3.088161122879633513e+00
1.465000000006088783e+02 -3.099722954002737119e+00
1.470000000006183711e+02 -3.057064650992256549e+00
1.475000000006278924e+02 -3.081973706717361150e+00
1.480000000006373853e+02 -3.092812689892820099e+00
1.485000000006468781e+02 -3.140471108723605020e+00
1.490000000006563994e+02 -3.194593203693369965e+00
1.495000000006658922e+02 -3.097311099742686924e+00
1.500000000006754135e+02 -2.952141496562062262e+00
1.505000000006849064e+02 -2.739546047384842531e+00
1.510000000006944276e+02 -2.594901601512240585e+00
1.515000000007039205e+02 -2.790168061570428737e+00
1.520000000007134133e+02 -2.741401843023512530e+00
1.525000000007229346e+02 -2.724612633983860999e+00
1.530000000007324275e+02 -2.853859292596160113e+00
1.535000000007419487e+02 -2.956230880247725068e+00
1.540000000007514416e+02 -2.957008630290940854e+00
1.545000000007609628e+02 -3.037429755713378476e+00
1.550000000007704557e+02 -2.950981016312944405e+00
1.555000000007799770e+02 -3.042530970362319120e+00
1.560000000007894698e+02 -3.006906354875163778e+00
1.565000000007989627e+02 -2.943437509563356258e+00
1.570000000008084839e+02 -2.870904154005600617e+00
1.575000000008179768e+02 -2.898375918568772747e+00
1.580000000008274981e+02 -2.920127433691837915e+00
1.585000000008369909e+02 -2.939193359546777184e+00
1.590000000008465122e+02 -3.108534706728664165e+00
1.595000000008560050e+02 -3.040740174761604298e+00
1.600000000008654979e+02 -2.932658450392058302e+00
1.605000000008750192e+02 -3.017994434882454335e+00
1.610000000008845120e+02 -3.048853354563769269e+00
1.615000000008940333e+02 -2.960982274564004868e+00
1.620000000009035261e+02 -2.897352059555206694e+00
1.625000000009130474e+02 -2.925441683971914397e+00
1.630000000009225403e+02 -2.933380179700336488e+00
1.635000000009320615e+02 -2.960576094475542597e+00
1.640000000009415544e+02 -2.968909342559669096e+00
1.645000000009510472e+02 -3.139712766389903376e+00
1.650000000009605685e+02 -2.790679187280984852e+00
1.655000000009700614e+02 -2.800844688528957072e+00
1.660000000009795826e+02 -2.779412207900059162e+00
1.665000000009890755e+02 -2.833505092804273318e+00
1.670000000009985968e+02 -2.851167410355265108e+00
1.675000000010080896e+02 -3.058706748917404461e+00
1.680000000010175825e+02 -3.242853769402933573e+00
1.685000000010271037e+02 -3.280325718427766546e+00
1.690000000010365966e+02 -3.050555940913267428e+00
1.695000000010461179e+02 -2.993806779214420288e+00
1.700000000010556107e+02 -3.130259808826481027e+00
1.705000000010651320e+02 -3.003920613034304132e+00
1.710000000010746248e+02 -3.101622305500595367e+00
1.715000000010841177e+02 -2.988520683314158433e+00
1.720000000010936390e+02 -2.980703702177511794e+00
1.725000000011031318e+02 -2.943710039200445383e+00
1.730000000011126531e+02 -2.991245050313404708e+00
1.735000000011221459e+02 -2.914022190831935699e+00
1.740000000011316672e+02 -2.875076782767433059e+00
1.745000000011411601e+02 -2.927575330180667734e+00
1.750000000011506813e+02 -2.884059381434128433e+00
1.755000000011601742e+02 -2.937932275621740086e+00
1.760000000011696670e+02 -3.061290646503329604e+00
1.765000000011791883e+02 -2.948802150552380930e+00
1.770000000011886812e+02 -3.033346808253969407e+00
1.775000000011982024e+02 -3.095401847982928167e+00
1.780000000012076953e+02 -3.179197853104573923e+00
1.785000000012172165e+02 -3.151275843761361717e+00
1.790000000012267094e+02 -3.113465197573608734e+00
1.795000000012362023e+02 -3.133090335762227063e+00
1.800000000012457235e+02 -3.153333159796393392e+00
1.805000000012552164e+02 -3.066560728328993957e+00
1.810000000012647376e+02 -2.839347501418282516e+00
1.815000000012742305e+02 -2.848676212002428265e+00
1.820000000012837518e+02 -3.009974746179670202e+00
1.825000000012932446e+02 -3.065493491561670503e+00
1.830000000013027659e+02 -2.982719806930777651e+00
1.835000000013122587e+02 -3.058823849937191142e+00
1.840000000013217516e+02 -3.019989187192924973e+00
1.845000000013312729e+02 -2.850109688584975931e+00
1.850000000013407657e+02 -2.774613450873141929e+00
1.855000000013502870e+02 -2.881889962797893112e+00
1.860000000013597798e+02 -2.813055353957428117e+00
1.865000000013693011e+02 -2.858914554596418522e+00
1.870000000013787940e+02 -2.874735371248647642e+00
1.875000000013882868e+02 -2.920396763160462150e+00
1.880000000013978081e+02 -3.010439196052016264e+00
1.885000000014073009e+02 -3.105961203297135764e+00
1.890000000014168222e+02 -3.165167112618772816e+00
1.895000000014263151e+02 -3.206333740532330001e+00
1.900000000014358363e+02 -3.149408318612660018e+00
1.905000000014453292e+02 -3.184754703864464798e+00
1.910000000014548220e+02 -3.131776852966960512e+00
1.915000000014643433e+02 -3.027722814420001018e+00
1.920000000014738362e+02 -3.137261855026076240e+00
1.925000000014833574e+02 -3.177118975387217326e+00
1.930000000014928503e+02 -3.075440074727609829e+00
1.935000000015023716e+02 -2.904036009719154432e+00
1.940000000015118644e+02 -2.893012325212272362e+00
1.945000000015213857e+02 -2.897116351737846429e+00
1.950000000015308785e+02 -3.017109354597640181e+00
1.955000000015403714e+02 -2.960766142220152108e+00
1.960000000015498927e+02 -3.060152162452625113e+00
1.965000000015593855e+02 -2.933887578096338267e+00
1.970000000015689068e+02 -3.051369713312873433e+00
1.975000000015783996e+02 -3.054438502989583082e+00
1.980000000015879209e+02 -3.120441075471763970e+00
1.985000000015974138e+02 -3.140273103545267119e+00
1.990000000016069066e+02 -3.032768655368035304e+00
1.995000000016164279e+02 -3.027729016027369102e+00
2.000000000016259207e+02 -3.039761911216873447e+00
2.005000000016354420e+02 -3.074785565384451136e+00
2.010000000016449349e+02 -3.118280887063069162e+00
2.015000000016544561e+02 -2.978108085731284049e+00
2.020000000016639490e+02 -3.077204958730211715e+00
2.025000000016734703e+02 -3.244477254024030977e+00
2.030000000016789556e+02 -3.296686718446387054e+00
2.035000000016659385e+02 -3.182972691902557383e+00
2.040000000016529214e+02 -3.178019705957996432e+00
2.045000000016398758e+02 -3.223257924781615102e+00
2.050000000016268586e+02 -3.288100935068432484e+00
2.055000000016138415e+02 -3.121570960141737405e+00
2.060000000016008244e+02 -3.137021137033590534e+00
2.065000000015878072e+02 -3.216063468995358221e+00
2.070000000015747617e+02 -3.256518553950778827e+00
2.075000000015617445e+02 -3.014654524499276622e+00
2.080000000015487274e+02 -2.943905030054935867e+00
2.085000000015357102e+02 -2.993096686251952576e+00
2.090000000015226931e+02 -2.973067965892857600e+00
2.095000000015096475e+02 -3.113600836718695142e+00
2.100000000014966304e+02 -3.188987226211686288e+00
2.105000000014836132e+02 -3.120533318956553170e+00
2.110000000014705961e+02 -3.221442015972463047e+00
2.115000000014575789e+02 -3.221415156221003162e+00
2.120000000014445618e+02 -3.267497201181256195e+00
2.125000000014315162e+02 -3.102061185361907558e+00
2.130000000014184991e+02 -3.092743885944168714e+00
2.135000000014054820e+02 -3.051962031128994557e+00
2.140000000013924648e+02 -3.047799728505698802e+00
2.145000000013794477e+02 -3.056768114710054718e+00
2.150000000013664021e+02 -2.947643280951622202e+00
2.155000000013533850e+02 -2.848368518885720402e+00
2.160000000013403678e+02 -2.721095002379776862e+00
2.165000000013273507e+02 -2.700341663358131417e+00
2.170000000013143335e+02 -2.709608875397126582e+00
2.175000000013013164e+02 -2.938811061419839277e+00
2.180000000012882708e+02 -2.885895739241946423e+00
2.185000000012752537e+02 -3.003092586989369206e+00
2.190000000012622365e+02 -3.025201201588578748e+00
2.195000000012492194e+02 -2.855347248362715362e+00
2.200000000012362023e+02 -3.053965313630661704e+00
2.205000000012231567e+02 -3.089245588288937583e+00
2.210000000012101395e+02 -3.208802378243400977e+00
2.215000000011971224e+02 -3.450412906424118908e+00
2.220000000011841053e+02 -3.149099501447213623e+00
2.225000000011710881e+02 -3.189835254071339499e+00
2.230000000011580710e+02 -3.186304961408782610e+00
2.235000000011450254e+02 -3.044815930515073266e+00
2.240000000011320083e+02 -3.055548830524932757e+00
2.245000000011189911e+02 -3.054136356071464053e+00
2.250000000011059740e+02 -2.967968183575478758e+00
2.255000000010929568e+02 -3.104814457833246166e+00
2.260000000010799113e+02 -3.021024872247608073e+00
2.265000000010668941e+02 -3.176954089229703460e+00
2.270000000010538770e+02 -2.961396949192098837e+00
2.275000000010408598e+02 -3.015943120093489860e+00
2.280000000010278427e+02 -2.972927462422968681e+00
2.285000000010148256e+02 -3.023663893742675413e+00
2.290000000010017800e+02 -2.944289785215094213e+00
2.295000000009887628e+02 -3.079358120876007021e+00
2.300000000009757457e+02 -3.122595396154159264e+00
2.305000000009627286e+02 -3.175373812573095922e+00
2.310000000009497114e+02 -3.365868864472374877e+00
2.315000000009366659e+02 -3.289740901125730588e+00
2.320000000009236487e+02 -3.240327901023081658e+00
2.325000000009106316e+02 -3.065843489049124404e+00
2.330000000008976144e+02 -3.031817386437720696e+00
2.335000000008845973e+02 -3.005392543373662573e+00
2.340000000008715517e+02 -3.209565560528806039e+00
2.345000000008585346e+02 -3.130170806624603230e+00
2.350000000008455174e+02 -2.907653238999947209e+00
2.355000000008325003e+02 -2.875253825441218325e+00
2.360000000008194831e+02 -2.881210297351266991e+00
2.365000000008064660e+02 -2.884853911621852340e+00
2.370000000007934204e+02 -2.818047240565931588e+00
2.375000000007804033e+02 -2.700356677782427273e+00
2.380000000007673862e+02 -2.757082737806241024e+00
2.385000000007543690e+02 -3.084166914356858857e+00
2.390000000007413519e+02 -3.172848508259195732e+00
2.395000000007283063e+02 -3.210971143191286181e+00
2.400000000007152892e+02 -3.259312494134304128e+00
2.405000000007022720e+02 -3.162555035956827965e+00
2.410000000006892549e+02 -3.069220650038659848e+00
2.415000000006762377e+02 -3.123250738571205165e+00
2.420000000006632206e+02 -3.031401883053978619e+00
2.425000000006501750e+02 -3.057210912310365014e+00
2.430000000006371579e+02 -3.009760778135636805e+00
2.435000000006241407e+02 -2.994541224620972830e+00
2.440000000006111236e+02 -2.950832890738038561e+00
2.445000000005981065e+02 -2.877297188992407939e+00
2.450000000005850609e+02 -2.833944937918980944e+00
2.455000000005720437e+02 -2.718110815182126050e+00
2.460000000005590266e+02 -2.595852336486944800e+00
2.465000000005460095e+02 -2.805557588405726221e+00
2.470000000005329923e+02 -2.806099107202906673e+00
2.475000000005199752e+02 -2.901835877323159174e+00
2.480000000005069296e+02 -3.086903307730619161e+00
2.485000000004939125e+02 -3.098989114531920830e+00
2.490000000004808953e+02 -2.898026400192858620e+00
2.495000000004678782e+02 -2.994559133569578702e+00
2.500000000004548610e+02 -2.970755999707865858e+00
2.505000000004418155e+02 -2.994345607049793134e+00
2.510000000004287983e+02 -2.890671353601374616e+00
2.515000000004157812e+02 -3.141935968144403901e+00
2.520000000004027640e+02 -3.193637108637529032e+00
2.525000000003897469e+02 -3.049204280137860934e+00
2.530000000003767013e+02 -3.046848155379006773e+00
2.535000000003636842e+02 -3.052662025210088004e+00
2.540000000003506671e+02 -2.979501054875715482e+00
2.545000000003376499e+02 -2.932699976141475151e+00
2.550000000003246328e+02 -2.914017351355725260e+00
2.555000000003116156e+02 -2.894886123108151299e+00
2.560000000002985985e+02 -2.965664125127862594e+00
2.565000000002855813e+02 -2.862499725607697609e+00
2.570000000002725642e+02 -2.812024370381776439e+00
2.575000000002594902e+02 -2.717763232000279139e+00
2.580000000002464731e+02 -2.739231974994893903e+00
2.585000000002334559e+02 -2.776995190237687261e+00
2.590000000002204388e+02 -2.845402322321033850e+00
2.595000000002074216e+02 -2.842577301361216335e+00
2.600000000001944045e+02 -2.975593126178075032e+00
2.605000000001813873e+02 -2.970246141680705776e+00
2.610000000001683702e+02 -3.062437371529907360e+00
2.615000000001553531e+02 -3.121470554753711379e+00
2.620000000001423359e+02 -3.053965484686610665e+00
2.625000000001292619e+02 -2.973233238065309703e+00
2.630000000001162448e+02 -3.073287391315782990e+00
2.635000000001032276e+02 -2.951956924430483742e+00
2.640000000000902105e+02 -2.875703345720531878e+00
2.645000000000771934e+02 -2.660402185248694540e+00
2.650000000000641762e+02 -2.983087290180573170e+00
2.655000000000511591e+02 -3.096723373737590990e+00
2.660000000000381419e+02 -3.079323259935423884e+00
2.665000000000251248e+02 -2.953602980605145145e+00
2.670000000000121076e+02 -3.050183758222134500e+00
2.674999999999990905e+02 -3.145866952545327333e+00
2.679999999999860165e+02 -3.065725013629671203e+00
2.684999999999729994e+02 -2.991746771818071693e+00
2.689999999999599822e+02 -2.922925822508590343e+00
2.694999999999469651e+02 -3.142087364609293054e+00
2.699999999999339479e+02 -3.275169871004357525e+00
2.704999999999209308e+02 -3.030466872996116390e+00
2.709999999999079137e+02 -2.741219910601656817e+00
2.714999999998948965e+02 -2.768990399069653385e+00
2.719999999998818794e+02 -2.647092270473545561e+00
2.724999999998688622e+02 -2.780121508350397175e+00
2.729999999998558451e+02 -2.786401680256207936e+00
2.734999999998427711e+02 -2.771363208337082273e+00
2.739999999998297540e+02 -2.842429303218383385e+00
2.744999999998167368e+02 -2.869795582994101313e+00
2.749999999998037197e+02 -2.893939220574304194e+00
2.754999999997907025e+02 -2.876160088192214914e+00
2.759999999997776854e+02 -2.976167236891600343e+00
2.764999999997646682e+02 -2.862358771613617403e+00
2.769999999997516511e+02 -2.954322466329758701e+00
2.774999999997386340e+02 -3.047674845681984657e+00
2.779999999997256168e+02 -2.956938867680074967e+00
2.784999999997125997e+02 -2.940162275204464937e+00
2.789999999996995257e+02 -3.007510587564154569e+00
2.794999999996865085e+02 -3.038612728444674449e+00
2.799999999996734914e+02 -3.128222374728928834e+00
2.804999999996604743e+02 -3.063636847627603021e+00
2.809999999996474571e+02 -3.236051278438178969e+00
2.814999999996344400e+02 -3.185445719662298281e+00
2.819999999996214228e+02 -3.067981699680852437e+00
2.824999999996084057e+02 -2.950178115781822097e+00
2.829999999995953885e+02 -2.912589218751974407e+00
2.834999999995823714e+02 -2.851325535180688320e+00
2.839999999995693543e+02 -2.802460824514512172e+00
2.844999999995562803e+02 -2.941172537113263097e+00
2.849999999995432631e+02 -3.076970172105352841e+00
2.854999999995302460e+02 -2.925929999783602575e+00
2.859999999995172288e+02 -3.055122270231982018e+00
2.864999999995042117e+02 -3.062181664301248940e+00
2.869999999994911946e+02 -3.131567590897532227e+00
2.874999999994781774e+02 -3.216217974382814759e+00
2.879999999994651603e+02 -3.148801490104121470e+00
2.884999999994521431e+02 -3.246673834443973838e+00
2.889999999994391260e+02 -2.963872405379068820e+00
2.894999999994261088e+02 -2.920120514377145593e+00
2.899999999994130349e+02 -2.870886742090569488e+00
2.904999999994000177e+02 -2.824165507536499309e+00
2.909999999993870006e+02 -2.888802949517277785e+00
2.914999999993739834e+02 -3.028396579606094097e+00
2.919999999993609663e+02 -2.972972824635425670e+00
2.924999999993479491e+02 -3.063884213651994592e+00
2.929999999993349320e+02 -3.066802887399304733e+00
2.934999999993219149e+02 -3.113545436882196427e+00
2.939999999993088977e+02 -3.140342175531831259e+00
2.944999999992958806e+02 -3.248326862554645977e+00
2.949999999992828634e+02 -3.218502684575453632e+00
2.954999999992697894e+02 -3.095146311673659056e+00
2.959999999992567723e+02 -2.967723173965540528e+00
2.964999999992437552e+02 -3.106326617401561130e+00
2.969999999992307380e+02 -2.999374975397504528e+00
2.974999999992177209e+02 -3.113426385352794590e+00
2.979999999992047037e+02 -3.054508724569610756e+00
2.984999999991916866e+02 -2.991346688189443270e+00
2.989999999991786694e+02 -2.957970040101083331e+00
2.994999999991656523e+02 -3.042246703065984548e+00
2.999999999991526352e+02 -3.008693475014033059e+00
3.004999999991396180e+02 -2.923312527322403209e+00
3.009999999991265440e+02 -2.865654301837323725e+00
3.014999999991135269e+02 -2.861842658468884970e+00
3.019999999991005097e+02 -2.973890489009869853e+00
3.024999999990874926e+02 -2.894776489490816562e+00
3.029999999990744755e+02 -3.065170316537227269e+00
3.034999999990614583e+02 -3.095252608746418055e+00
3.039999999990484412e+02 -3.141479692738365248e+00
3.044999999990354240e+02 -3.202769947786291205e+00
3.049999999990224069e+02 -3.145584787580123720e+00
3.054999999990093897e+02 -3.040382131361279772e+00
3.059999999989963158e+02 -3.003399134329495013e+00
3.064999999989832986e+02 -2.978600349730392338e+00
3.069999999989702815e+02 -2.903019673048090610e+00
3.074999999989572643e+02 -2.933869961162333784e+00
3.079999999989442472e+02 -3.088846449998544408e+00
3.084999999989312300e+02 -2.826086958447257214e+00
3.089999999989182129e+02 -2.684391507675484956e+00
3.094999999989051958e+02 -2.794693713528630941e+00
3.099999999988921786e+02 -2.664966672595770802e+00
3.104999999988791615e+02 -2.871470077173883695e+00
3.109999999988661443e+02 -2.822443732526609850e+00
3.114999999988530703e+02 -2.939248797732611163e+00
3.119999999988400532e+02 -2.840805079508553543e+00
3.124999999988270361e+02 -2.946631941906020291e+00
3.129999999988140189e+02 -2.823944548207065530e+00
3.134999999988010018e+02 -2.883396463939227772e+00
3.139999999987879846e+02 -3.030806226913354440e+00
3.144999999987749675e+02 -3.044654956015274916e+00
3.149999999987619503e+02 -3.178340049760500996e+00
3.154999999987489332e+02 -3.097529475089677131e+00
3.159999999987359161e+02 -3.093732873413495010e+00
3.164999999987228989e+02 -3.084023204007607433e+00
3.169999999987098249e+02 -3.003675300631805101e+00
3.174999999986968078e+02 -2.822591889582767077e+00
3.179999999986837906e+02 -2.966704333725669773e+00
3.184999999986707735e+02 -2.955834415947558025e+00
3.189999999986577564e+02 -2.752696041977602537e+00
3.194999999986447392e+02 -2.817698226595419353e+00
3.199999999986317221e+02 -3.037077349599546672e+00
3.204999999986187049e+02 -2.910095761645645762e+00
3.209999999986056878e+02 -3.021682913664772485e+00
3.214999999985926706e+02 -3.011491727531486085e+00
3.219999999985796535e+02 -2.971290928851858748e+00
3.224999999985665795e+02 -3.049677231507345265e+00
3.229999999985535624e+02 -3.228955191231427158e+00
3.234999999985405452e+02 -3.154506780694077417e+00
3.239999999985275281e+02 -2.848655524733573863e+00
3.244999999985145109e+02 -2.891829106597423760e+00
3.249999999985014938e+02 -3.012822049516866052e+00
3.254999999984884766e+02 -3.080157761106896874e+00
3.259999999984754595e+02 -2.891597289917659186e+00
3.264999999984624424e+02 -3.154744243586416363e+00
3.269999999984494252e+02 -3.142411704787103854e+00
3.274999999984364081e+02 -3.152384579038331136e+00
3.279999999984233341e+02 -3.043960488606160197e+00
3.284999999984103169e+02 -3.069632162178984380e+00
3.289999999983972998e+02 -3.112086042029715838e+00
3.294999999983842827e+02 -3.017769591785899763e+00
3.299999999983712655e+02 -2.874374873553799059e+00
3.304999999983582484e+02 -2.961800391440670754e+00
3.309999999983452312e+02 -2.987885279197058708e+00
3.314999999983322141e+02 -2.909782862615686749e+00
3.319999999983191969e+02 -2.909852745401506624e+00
3.324999999983061798e+02 -2.834450714127803472e+00
3.329999999982931627e+02 -2.656915734178498578e+00
3.334999999982800887e+02 -3.002311701094702467e+00
3.339999999982670715e+02 -3.083785020405271471e+00
3.344999999982540544e+02 -3.043950809153126880e+00
3.349999999982410372e+02 -3.218308494406996623e+00
3.354999999982280201e+02 -3.167055741317802653e+00
3.359999999982150030e+02 -3.175790516539882535e+00
3.364999999982019858e+02 -3.155024778840754607e+00
3.369999999981889687e+02 -3.009720377329812013e+00
3.374999999981759515e+02 -3.087982411807821403e+00
3.379999999981629344e+02 -3.120588089655022657e+00
3.384999999981499172e+02 -3.139558921778309752e+00
3.389999999981368433e+02 -3.004816212546107312e+00
3.394999999981238261e+02 -3.261328136078619266e+00
3.399999999981108090e+02 -3.161553629978499647e+00
3.404999999980977918e+02 -3.141754210500268485e+00
3.409999999980847747e+02 -3.074092892994375159e+00
3.414999999980717575e+02 -2.966422934319166593e+00
3.419999999980587404e+02 -3.207842057140628089e+00
3.424999999980457233e+02 -3.045549116408821533e+00
3.429999999980327061e+02 -3.118781099156093362e+00
3.434999999980196890e+02 -2.981588045730790171e+00
3.439999999980066718e+02 -3.118171464361890965e+00
3.444999999979935978e+02 -3.116386948710471394e+00
3.449999999979805807e+02 -3.010181949178750038e+00
3.454999999979675636e+02 -3.026112794087829627e+00
3.459999999979545464e+02 -3.105763780543276287e+00
3.464999999979415293e+02 -2.995738581539307166e+00
3.469999999979285121e+02 -3.065187281867549185e+00
3.474999999979154950e+02 -3.018390107132316036e+00
3.479999999979024778e+02 -3.018629437126818527e+00
3.484999999978894607e+02 -2.988474616891857227e+00
3.489999999978764436e+02 -3.219460229215244329e+00
3.494999999978633696e+02 -3.319928701446000829e+00
3.499999999978503524e+02 -3.317313808897011551e+00
3.504999999978373353e+02 -3.361401158492864916e+00
3.509999999978243181e+02 -3.355729972255181437e+00
3.514999999978113010e+02 -3.320863084451729286e+00
3.519999999977982839e+02 -3.304206553188891782e+00
3.524999999977852667e+02 -3.312233206748809167e+00
3.529999999977722496e+02 -3.240453573538056187e+00
3.534999999977592324e+02 -3.218936810043139474e+00
3.539999999977462153e+02 -3.205057251783622885e+00
3.544999999977331981e+02 -2.941740839545607056e+00
3.549999999977201242e+02 -2.994110118692189459e+00
3.554999999977071070e+02 -3.179228880757052345e+00
3.559999999976940899e+02 -2.970925760272539407e+00
3.564999999976810727e+02 -3.015157461435846731e+00
3.569999999976680556e+02 -2.988330352831365389e+00
3.574999999976550384e+02 -2.901524052291630795e+00
3.579999999976420213e+02 -2.779130185911637962e+00
3.584999999976290042e+02 -2.833438676671715672e+00
3.589999999976159870e+02 -3.044825094801236531e+00
3.594999999976029699e+02 -2.971400242261560187e+00
3.599999999975899527e+02 -2.991691498098375757e+00
3.604999999975768787e+02 -3.089900157370925271e+00
3.609999999975638616e+02 -3.046814608506875466e+00
3.614999999975508445e+02 -2.924596526842770494e+00
3.619999999975378273e+02 -2.939846584167190358e+00
3.624999999975248102e+02 -3.024419604607647027e+00
3.629999999975117930e+02 -3.160637736717658353e+00
3.634999999974987759e+02 -3.216035340761284278e+00
3.639999999974857587e+02 -3.273842304350500054e+00
3.644999999974727416e+02 -3.362535172014387008e+00
3.649999999974597245e+02 -3.410304236589316140e+00
3.654999999974467073e+02 -3.256975222564888472e+00
3.659999999974336333e+02 -3.295815655608913541e+00
3.664999999974206162e+02 -3.427438371629535130e+00
3.669999999974075990e+02 -3.274581183711751109e+00
3.674999999973945819e+02 -3.258527150567720909e+00
3.679999999973815648e+02 -3.105797139621850000e+00
3.684999999973685476e+02 -2.887602266150970376e+00
3.689999999973555305e+02 -2.811593250781674769e+00
3.694999999973425133e+02 -2.846353876524450932e+00
3.699999999973294962e+02 -2.765301097827881360e+00
3.704999999973164790e+02 -2.790322006343291417e+00
3.709999999973034619e+02 -2.695650385440863328e+00
3.714999999972903879e+02 -2.739553668388500007e+00
3.719999999972773708e+02 -2.885001353840972449e+00
3.724999999972643536e+02 -2.687497954778107268e+00
3.729999999972513365e+02 -2.552114113666401174e+00
3.734999999972383193e+02 -2.816643192328490475e+00
3.739999999972253022e+02 -2.946358962893949940e+00
3.744999999972122851e+02 -3.032358872792071391e+00
3.749999999971992679e+02 -3.312336917808799353e+00
3.754999999971862508e+02 -3.359115254271142881e+00
3.759999999971732336e+02 -3.103066784023951641e+00
3.764999999971602165e+02 -3.140744332974149344e+00
3.769999999971471425e+02 -3.192413378771955301e+00
3.774999999971341254e+02 -3.116609702169240492e+00
3.779999999971211082e+02 -3.022229635470570663e+00
3.784999999971080911e+02 -2.824258867378464988e+00
3.789999999970950739e+02 -2.884637616152362138e+00
3.794999999970820568e+02 -3.030558240871754627e+00
3.799999999970690396e+02 -3.125728671750431342e+00
3.804999999970560225e+02 -3.334983210407326926e+00
3.809999999970430054e+02 -3.255130172518494014e+00
3.814999999970299882e+02 -3.148949440613034501e+00
3.819999999970169711e+02 -3.089742129109476654e+00
3.824999999970038971e+02 -3.145344195298246159e+00
3.829999999969908799e+02 -3.151021949331764382e+00
3.834999999969778628e+02 -3.049164153074596761e+00
3.839999999969648456e+02 -2.885163483081250480e+00
3.844999999969518285e+02 -2.973263815684485500e+00
3.849999999969388114e+02 -2.745164918599571457e+00
3.854999999969257942e+02 -3.006469045409796426e+00
3.859999999969127771e+02 -2.991733321512850097e+00
3.864999999968997599e+02 -2.941198798179870622e+00
3.869999999968867428e+02 -3.095534502364170493e+00
3.874999999968737256e+02 -3.098924306075171664e+00
3.879999999968606517e+02 -2.954484208210696572e+00
3.884999999968476345e+02 -3.031413406976962044e+00
3.889999999968346174e+02 -3.090656585674607548e+00
3.894999999968216002e+02 -3.233350639372015500e+00
3.899999999968085831e+02 -3.360185225239169515e+00
3.904999999967955659e+02 -3.189349105123259864e+00
3.909999999967825488e+02 -3.352718696280482469e+00
3.914999999967695317e+02 -3.273132152476229795e+00
3.919999999967565145e+02 -3.152524309305563044e+00
3.924999999967434974e+02 -2.940377951560682490e+00
3.929999999967304234e+02 -2.891279752770464562e+00
3.934999999967174062e+02 -2.861396936477036412e+00
3.939999999967043891e+02 -2.960669006308455309e+00
3.944999999966913720e+02 -3.124123970610641177e+00
3.949999999966783548e+02 -3.194232116527494725e+00
3.954999999966653377e+02 -3.303513646262762116e+00
3.959999999966523205e+02 -3.227271702394256092e+00
3.964999999966393034e+02 -3.149500668349308086e+00
3.969999999966262862e+02 -3.204505275147281118e+00
3.974999999966132691e+02 -3.278367340433398613e+00
3.979999999966002520e+02 -3.327101049433042856e+00
3.984999999965871780e+02 -3.307427680389515512e+00
3.989999999965741608e+02 -3.218288393640746925e+00
3.994999999965611437e+02 -2.988671783564680773e+00
3.999999999965481265e+02 -3.000282228797510164e+00
4.004999999965351094e+02 -2.966689623366711270e+00
4.009999999965220923e+02 -3.135843134377891861e+00
4.014999999965090751e+02 -3.148079031213390166e+00
4.019999999964960580e+02 -2.971641328224222445e+00
4.024999999964830408e+02 -2.886964734845796077e+00
4.029999999964700237e+02 -2.718672229346934532e+00
4.034999999964570065e+02 -2.660960219760033052e+00
4.039999999964439326e+02 -2.856034343044041801e+00
4.044999999964309154e+02 -2.784885630238936649e+00
4.049999999964178983e+02 -2.857159958218132179e+00
4.054999999964048811e+02 -3.030448815666337836e+00
4.059999999964079507e+02 -3.060515941341187762e+00
4.064999999964400104e+02 -3.049940630199554192e+00
4.069999999964720132e+02 -3.064642204022864913e+00
4.074999999965040729e+02 -3.018701929920982963e+00
4.079999999965360757e+02 -3.041056739665766173e+00
4.084999999965681354e+02 -3.011100771100635676e+00
4.089999999966001383e+02 -3.226218210218409155e+00
4.094999999966321980e+02 -3.028298345034914352e+00
4.099999999966642008e+02 -3.089464852309198761e+00
4.104999999966962605e+02 -3.202076727125310995e+00
4.109999999967282633e+02 -3.306419850004451266e+00
4.114999999967603230e+02 -3.161982320714260553e+00
4.119999999967923259e+02 -3.148002672696090798e+00
4.124999999968243856e+02 -3.242947146700203565e+00
4.129999999968563884e+02 -3.010520765567357593e+00
4.134999999968884481e+02 -3.074433321789207252e+00
4.139999999969205078e+02 -3.112220161522259332e+00
4.144999999969525106e+02 -3.067662224557635930e+00
4.149999999969845703e+02 -3.139785332764952752e+00
4.154999999970165732e+02 -3.273434987302677346e+00
4.159999999970486328e+02 -3.266359070292561562e+00
4.164999999970806357e+02 -3.207505415806558347e+00
4.169999999971126954e+02 -3.056345754938770032e+00
4.174999999971446982e+02 -2.978840455253740860e+00
4.179999999971767579e+02 -2.926305779189911416e+00
4.184999999972087608e+02 -2.923235815046084429e+00
4.189999999972408204e+02 -2.916596733307574407e+00
4.194999999972728233e+02 -3.026741261717492915e+00
4.199999999973048830e+02 -2.919708690511795268e+00
4.204999999973368858e+02 -3.136057313274813740e+00
4.209999999973689455e+02 -3.192389899080808391e+00
4.214999999974009484e+02 -2.980132362547381675e+00
4.219999999974330080e+02 -3.075755519600761101e+00
4.224999999974650109e+02 -3.189176070939856444e+00
4.229999999974970706e+02 -3.073350750819117128e+00
4.234999999975291303e+02 -3.237348981385880009e+00
4.239999999975611331e+02 -3.225031652252467129e+00
4.244999999975931928e+02 -3.124035526303900134e+00
4.249999999976251956e+02 -2.923575718009345792e+00
4.254999999976572553e+02 -3.108292484353630147e+00
4.259999999976892582e+02 -3.102668213403295017e+00
4.264999999977213179e+02 -2.956583966524524154e+00
4.269999999977533207e+02 -3.112802637865527799e+00
4.274999999977853804e+02 -3.079021949809595871e+00
4.279999999978173832e+02 -2.789750980260078617e+00
4.284999999978494429e+02 -2.874785160456176047e+00
4.289999999978814458e+02 -2.686392946263127968e+00
4.294999999979135055e+02 -2.891393801481451309e+00
4.299999999979455083e+02 -3.109761748317770635e+00
4.304999999979775680e+02 -3.096495829165172964e+00
4.309999999980095708e+02 -3.107750242107961469e+00
4.314999999980416305e+02 -2.967499718174045231e+00
4.319999999980736902e+02 -2.969087120338607111e+00
4.324999999981056931e+02 -3.049779148347759428e+00
4.329999999981377528e+02 -3.076585211796550201e+00
4.334999999981697556e+02 -3.150483141505878937e+00
4.339999999982018153e+02 -3.182012129486225582e+00
4.344999999982338181e+02 -3.107527297554388390e+00
4.349999999982658778e+02 -3.004710825243147809e+00
4.354999999982978807e+02 -3.078986299369415480e+00
4.359999999983299404e+02 -3.144517154189380381e+00
4.364999999983619432e+02 -3.169208806340353846e+00
4.369999999983940029e+02 -3.217304309112417382e+00
4.374999999984260057e+02 -3.184603614976748265e+00
4.379999999984580654e+02 -3.277036968123996807e+00
4.384999999984900683e+02 -3.435910893449384940e+00
4.389999999985221280e+02 -3.415863839056143991e+00
4.394999999985541308e+02 -3.344935119611980756e+00
4.399999999985861905e+02 -3.348954849590953575e+00
4.404999999986182502e+02 -3.250183718434192404e+00
4.409999999986502530e+02 -3.060547807360584294e+00
4.414999999986823127e+02 -2.920812356035806800e+00
4.419999999987143156e+02 -2.930509954675114326e+00
4.424999999987463752e+02 -2.931743400375513620e+00
4.429999999987783781e+02 -2.965540401568950379e+00
4.434999999988104378e+02 -2.865417029868583043e+00
4.439999999988424406e+02 -2.905202317592581185e+00
4.444999999988745003e+02 -2.913169190639500972e+00
4.449999999989065032e+02 -2.792369253574159771e+00
4.454999999989385628e+02 -2.785455349004331893e+00
4.459999999989705657e+02 -2.921881193609091376e+00
4.464999999990026254e+02 -2.936523204264608555e+00
4.469999999990346282e+02 -2.889163817731368322e+00
4.474999999990666879e+02 -3.053202497235146140e+00
4.479999999990986908e+02 -3.095688436189286907e+00
4.484999999991307504e+02 -3.034883065114830636e+00
4.489999999991627533e+02 -2.977009926949208740e+00
4.494999999991948130e+02 -2.924595622177375898e+00
4.499999999992268727e+02 -2.936253141481647955e+00
4.504999999992588755e+02 -2.952930094940972694e+00
4.509999999992909352e+02 -3.061005790967358919e+00
4.514999999993229380e+02 -2.936272996519630585e+00
4.519999999993549977e+02 -2.954345913272362179e+00
4.524999999993870006e+02 -2.976849929159627539e+00
4.529999999994190603e+02 -2.903685365007447228e+00
4.534999999994510631e+02 -2.960740882078154890e+00
4.539999999994831228e+02 -3.012520022619915583e+00
4.544999999995151256e+02 -2.984426307631153463e+00
4.549999999995471853e+02 -2.944761500662028464e+00
4.554999999995791882e+02 -2.963116869921329055e+00
4.559999999996112479e+02 -2.748464142541626742e+00
4.564999999996432507e+02 -2.907733410385348716e+00
4.569999999996753104e+02 -2.886204670352287671e+00
4.574999999997073132e+02 -2.937483121866879543e+00
4.579999999997393729e+02 -2.954553585347406752e+00
4.584999999997714326e+02 -3.033104125288928365e+00
4.589999999998034355e+02 -3.080158326279606840e+00
4.594999999998354951e+02 -2.933583512426441775e+00
4.599999999998674980e+02 -2.854335952717910629e+00
4.604999999998995577e+02 -2.797944109598172968e+00
4.609999999999315605e+02 -3.009092368538502704e+00
4.614999999999636202e+02 -3.054232764589905447e+00
4.619999999999956231e+02 -3.097323004002697555e+00
4.625000000000276827e+02 -3.050229332211217503e+00
4.630000000000596856e+02 -3.066358649322435959e+00
4.635000000000917453e+02 -3.019367307955527213e+00
4.640000000001237481e+02 -3.117436456414828694e+00
4.645000000001558078e+02 -3.145595362816695495e+00
4.650000000001878107e+02 -3.113581255789726221e+00
4.655000000002198703e+02 -3.326318166565539691e+00
4.660000000002518732e+02 -3.285214336350243514e+00
4.665000000002839329e+02 -3.247096513904268900e+00
4.670000000003159357e+02 -3.221207343855742256e+00
4.675000000003479954e+02 -3.243895487476215589e+00
4.680000000003800551e+02 -3.471606864082181776e+00
4.685000000004120579e+02 -3.444762374524844351e+00
4.690000000004441176e+02 -3.176895836026695896e+00
4.695000000004761205e+02 -2.942895932370905854e+00
4.700000000005081802e+02 -2.975695430476462011e+00
4.705000000005401830e+02 -2.968245498452869668e+00
4.710000000005722427e+02 -2.921491304392737298e+00
4.715000000006042455e+02 -2.955858060695597977e+00
4.720000000006363052e+02 -3.108847527483348028e+00
4.725000000006683081e+02 -3.095481168032272912e+00
4.730000000007003678e+02 -3.047964462888347548e+00
4.735000000007323706e+02 -2.963552224651381461e+00
4.740000000007644303e+02 -2.937752790340687703e+00
4.745000000007964331e+02 -2.876069457277778962e+00
4.750000000008284928e+02 -2.869613861397243060e+00
4.755000000008604957e+02 -2.874342341429386050e+00
4.760000000008925554e+02 -2.815921589404885239e+00
4.765000000009246151e+02 -2.794976497379313418e+00
4.770000000009566179e+02 -2.789201036411500745e+00
4.775000000009886776e+02 -2.640446211968731305e+00
4.780000000010206804e+02 -2.729589380557663425e+00
4.785000000010527401e+02 -2.833855947557277766e+00
4.790000000010847430e+02 -2.903847346056067646e+00
4.795000000011168027e+02 -2.993763563948368400e+00
4.800000000011488055e+02 -2.927294597094375561e+00
4.805000000011808652e+02 -2.865057091664022337e+00
4.810000000012128680e+02 -2.984489536477923366e+00
4.815000000012449277e+02 -2.965689312694507418e+00
4.820000000012769306e+02 -3.153715681220982781e+00
4.825000000013089902e+02 -3.141339760441458129e+00
4.830000000013409931e+02 -3.148446689619826433e+00
4.835000000013730528e+02 -3.008232084839537190e+00
4.840000000014050556e+02 -3.183715951629483509e+00
4.845000000014371153e+02 -3.124249628524527811e+00
4.850000000014691750e+02 -3.238491867541746672e+00
4.855000000015011778e+02 -3.234609948247903155e+00
4.860000000015332375e+02 -3.095371197194716206e+00
4.865000000015652404e+02 -3.115706333692889185e+00
4.870000000015973001e+02 -3.024472444288617723e+00
4.875000000016293029e+02 -3.046767445507200023e+00
4.880000000016613626e+02 -3.178023127284764993e+00
4.885000000016933654e+02 -3.117610226640539217e+00
4.890000000017254251e+02 -3.058946979309663305e+00
4.895000000017574280e+02 -3.011042055796299355e+00
4.900000000017894877e+02 -3.104496236402465748e+00
4.905000000018214905e+02 -3.177756067136001228e+00
4.910000000018535502e+02 -3.205661954123144142e+00
4.915000000018855530e+02 -3.083364517263510240e+00
4.920000000019176127e+02 -3.035338125732914616e+00
4.925000000019496156e+02 -3.130812379696133352e+00
4.930000000019816753e+02 -2.903968852941193113e+00
4.935000000020136781e+02 -2.906016110017793697e+00
4.940000000020457378e+02 -2.927021612980401422e+00
4.945000000020777975e+02 -2.835846037663834363e+00
4.950000000021098003e+02 -2.873480479908820939e+00
4.955000000021418600e+02 -2.735903441064813979e+00
4.960000000021738629e+02 -2.848634513156123482e+00
4.965000000022059226e+02 -2.918818521748635764e+00
4.970000000022379254e+02 -2.826792371946116322e+00
4.975000000022699851e+02 -3.009705826357665703e+00
4.980000000023019879e+02 -3.201383753523416420e+00
4.985000000023340476e+02 -3.239840638810599582e+00
4.990000000023660505e+02 -3.136580412462026679e+00
4.995000000023981102e+02 -3.223664860913808994e+00
5.000000000024301130e+02 -3.276215563250048923e+00
5.005000000024621727e+02 -3.270841893204045281e+00
5.010000000024941755e+02 -3.194737123193598372e+00
5.015000000025262352e+02 -3.242407132026303707e+00
5.020000000025582381e+02 -3.130760037897183157e+00
5.025000000025902978e+02 -3.204369715070618962e+00
5.030000000026223574e+02 -3.181271523596533868e+00
5.035000000026543603e+02 -3.105581886422211113e+00
5.040000000026864200e+02 -3.243160965916970451e+00
5.045000000027184228e+02 -3.185830465987758320e+00
5.050000000027504825e+02 -3.182337434000211740e+00
5.055000000027824854e+02 -3.099786743894768826e+00
5.060000000028145450e+02 -3.063177728192540084e+00
5.065000000028465479e+02 -2.999046285496423714e+00
5.070000000028786076e+02 -3.036505488563866706e+00
5.075000000029106104e+02 -2.939803627373424266e+00
5.080000000029426701e+02 -2.886207089658031855e+00
5.085000000029746730e+02 -2.835081397723607122e+00
5.090000000030067326e+02 -2.906215601621428668e+00
5.095000000030387355e+02 -2.981187640463496269e+00
5.100000000030707952e+02 -3.131527127606299032e+00
5.105000000031027980e+02 -3.117515482356489454e+00
5.110000000031348577e+02 -3.207455860795670244e+00
5.115000000031668606e+02 -3.151237543426094412e+00
5.120000000031989202e+02 -3.078976631878407311e+00
5.125000000032309799e+02 -3.078787710529859112e+00
5.130000000032630396e+02 -3.059173612224119765e+00
5.135000000032949856e+02 -3.181232061857358406e+00
5.140000000033270453e+02 -3.050364402676088549e+00
5.145000000033591050e+02 -2.952677932640499048e+00
5.150000000033911647e+02 -2.970766260663765923e+00
5.155000000034231107e+02 -2.965662789934426780e+00
5.160000000034551704e+02 -2.875971563381175322e+00
5.165000000034872301e+02 -2.790718939155324207e+00
5.170000000035192897e+02 -2.736158361731914290e+00
5.175000000035512357e+02 -2.855654900593779910e+00
5.180000000035832954e+02 -2.861815387183150872e+00
5.185000000036153551e+02 -2.807745633133417851e+00
5.190000000036474148e+02 -2.816932449792989512e+00
5.195000000036793608e+02 -2.739338302740679243e+00
5.200000000037114205e+02 -2.893640705152933812e+00
5.205000000037434802e+02 -2.858063315108364311e+00
5.210000000037755399e+02 -2.834444303418019562e+00
5.215000000038075996e+02 -2.958972204115793758e+00
5.220000000038395456e+02 -3.022919382021896695e+00
5.225000000038716053e+02 -3.001302474525306963e+00
5.230000000039036649e+02 -2.957438171632386759e+00
5.235000000039357246e+02 -3.014472965052441555e+00
5.240000000039676706e+02 -3.049351192544140776e+00
5.245000000039997303e+02 -3.018485531198713101e+00
5.250000000040317900e+02 -2.987957044577983279e+00
5.255000000040638497e+02 -3.141662556160274455e+00
5.260000000040957957e+02 -3.280737585322471617e+00
5.265000000041278554e+02 -3.096162774808031592e+00
5.270000000041599151e+02 -3.013890718796594204e+00
5.275000000041919748e+02 -3.227155025642645114e+00
5.280000000042239208e+02 -3.291830315708464738e+00
5.285000000042559805e+02 -3.270281263472220701e+00
5.290000000042880401e+02 -3.162458321155446228e+00
5.295000000043200998e+02 -3.151129621765217603e+00
5.300000000043521595e+02 -3.171683837065530476e+00
5.305000000043841055e+02 -3.127305521703520164e+00
5.310000000044161652e+02 -3.063247378050911074e+00
5.315000000044482249e+02 -2.946498059307501194e+00
5.320000000044802846e+02 -2.849049002178619006e+00
5.325000000045122306e+02 -2.881966490468367947e+00
5.330000000045442903e+02 -3.067229827249888352e+00
5.335000000045763500e+02 -3.021669967082941000e+00
5.340000000046084097e+02 -3.122703991038368265e+00
5.345000000046403557e+02 -2.927249556434914801e+00
5.350000000046724153e+02 -2.803388285995187079e+00
5.355000000047044750e+02 -2.753448710541355204e+00
5.360000000047365347e+02 -2.724249564909982713e+00
5.365000000047684807e+02 -2.745299272770718169e+00
5.370000000048005404e+02 -2.942485815342634758e+00
5.375000000048326001e+02 -2.970393113491255566e+00
5.380000000048646598e+02 -3.076391896814710591e+00
5.385000000048967195e+02 -3.046826974416887435e+00
5.390000000049286655e+02 -3.073145987024659131e+00
5.395000000049607252e+02 -3.072101975192894852e+00
5.400000000049927849e+02 -3.089197087777173945e+00
5.405000000050248445e+02 -3.113895412048072409e+00
5.410000000050567905e+02 -3.134038077750345597e+00
5.415000000050888502e+02 -2.942323338416420242e+00
5.420000000051209099e+02 -2.953502129521516917e+00
5.425000000051529696e+02 -2.943463420921047291e+00
5.430000000051849156e+02 -2.973656763708106610e+00
5.435000000052169753e+02 -3.120143660777843220e+00
5.440000000052490350e+02 -2.983466183652373704e+00
5.445000000052810947e+02 -3.151832157664094414e+00
5.450000000053130407e+02 -3.135240417784327160e+00
5.455000000053451004e+02 -3.131681888034290040e+00
5.460000000053771601e+02 -3.028357915823494118e+00
5.465000000054092197e+02 -3.013555352461860792e+00
5.470000000054411657e+02 -3.014803183947988963e+00
5.475000000054732254e+02 -2.901456010294451549e+00
5.480000000055052851e+02 -2.836980099765782803e+00
5.485000000055373448e+02 -2.938501892754053380e+00
5.490000000055694045e+02 -2.814381382748211369e+00
5.495000000056013505e+02 -3.011450563544364023e+00
5.500000000056334102e+02 -3.106960104064454775e+00
5.505000000056654699e+02 -3.140994290874894901e+00
5.510000000056975296e+02 -3.086000069623374031e+00
5.515000000057294756e+02 -3.104430983162580482e+00
5.520000000057615352e+02 -3.109695703151832635e+00
5.525000000057935949e+02 -3.201881096084753242e+00
5.530000000058256546e+02 -3.071265506316284810e+00
5.535000000058576006e+02 -3.033801011737435882e+00
5.540000000058896603e+02 -2.997454461214097865e+00
5.545000000059217200e+02 -2.980822520661559949e+00
5.550000000059537797e+02 -2.967413043329480082e+00
5.555000000059857257e+02 -2.915583496557910159e+00
5.560000000060177854e+02 -3.009412213353361842e+00
5.565000000060498451e+02 -3.035545869071122116e+00
5.570000000060819048e+02 -3.151905560856608002e+00
5.575000000061139644e+02 -2.985982630635616086e+00
5.580000000061459104e+02 -2.929617734315866695e+00
5.585000000061779701e+02 -3.051529792981445777e+00
5.590000000062100298e+02 -3.074953645307631600e+00
5.595000000062420895e+02 -2.879062131676816350e+00
5.600000000062740355e+02 -3.004731512433731933e+00
5.605000000063060952e+02 -2.914666118095588843e+00
5.610000000063381549e+02 -2.797952994941181437e+00
5.615000000063702146e+02 -2.837274807194609672e+00
5.620000000064021606e+02 -2.795971727441197707e+00
5.625000000064342203e+02 -2.845969275832097356e+00
5.630000000064662800e+02 -2.779078014008263153e+00
5.635000000064983396e+02 -2.891639044056988794e+00
5.640000000065302856e+02 -2.965457555160432968e+00
5.645000000065623453e+02 -3.029601574981667156e+00
5.650000000065944050e+02 -3.072156956330212463e+00
5.655000000066264647e+02 -3.101798943411689713e+00
5.660000000066585244e+02 -2.981372896246760718e+00
5.665000000066904704e+02 -2.923721981937609460e+00
5.670000000067225301e+02 -3.106652114220270988e+00
5.675000000067545898e+02 -3.059577522753107903e+00
5.680000000067866495e+02 -2.974984220728045248e+00
5.685000000068185955e+02 -3.051200609181595080e+00
5.690000000068506552e+02 -2.919098280499413001e+00
5.695000000068827148e+02 -2.951419346753882955e+00
5.700000000069147745e+02 -2.967266149577783452e+00
5.705000000069467205e+02 -3.168174042432052584e+00
5.710000000069787802e+02 -3.205433118897649702e+00
5.715000000070108399e+02 -3.238573667751260210e+00
5.720000000070428996e+02 -3.102856572144333303e+00
5.725000000070748456e+02 -3.067707976183807972e+00
5.730000000071069053e+02 -2.893204978225069279e+00
5.735000000071389650e+02 -2.926268042295795624e+00
5.740000000071710247e+02 -2.718977391252915599e+00
5.745000000072030844e+02 -2.872527583710552612e+00
5.750000000072350304e+02 -2.845078332911248342e+00
5.755000000072670900e+02 -2.895815591226039487e+00
5.760000000072991497e+02 -2.771258066835719625e+00
5.765000000073312094e+02 -3.088350082980886757e+00
5.770000000073631554e+02 -3.037011294054394739e+00
5.775000000073952151e+02 -3.183970295303314213e+00
5.780000000074272748e+02 -3.145474737794292430e+00
5.785000000074593345e+02 -3.121615517526509898e+00
5.790000000074912805e+02 -3.093130121193774951e+00
5.795000000075233402e+02 -3.064405536565537602e+00
5.800000000075553999e+02 -2.981109889915039890e+00
5.805000000075874595e+02 -3.010019383556719941e+00
5.810000000076194056e+02 -3.105472153689117665e+00
5.815000000076514652e+02 -3.063076467240303025e+00
5.820000000076835249e+02 -2.975301136240533495e+00
5.825000000077155846e+02 -3.007340831388483959e+00
5.830000000077476443e+02 -3.080734418087997195e+00
5.835000000077795903e+02 -3.121440378329619847e+00
5.840000000078116500e+02 -2.913310635896721568e+00
5.845000000078437097e+02 -3.069271699818041377e+00
5.850000000078757694e+02 -3.134663095048758841e+00
5.855000000079077154e+02 -3.074712464655519728e+00
5.860000000079397751e+02 -3.075838343313786805e+00
5.865000000079718347e+02 -3.025329872045066537e+00
5.870000000080038944e+02 -3.062525273125387582e+00
5.875000000080358404e+02 -2.976114209031036850e+00
5.880000000080679001e+02 -2.885791030548502167e+00
5.885000000080999598e+02 -2.922122015634610825e+00
5.890000000081320195e+02 -3.013306136865709917e+00
5.895000000081639655e+02 -3.011149591987947627e+00
5.900000000081960252e+02 -2.918315598517443377e+00
5.905000000082280849e+02 -2.831943984345878018e+00
5.910000000082601446e+02 -2.860914570813203550e+00
5.915000000082920906e+02 -2.809514395430061651e+00
5.920000000083241503e+02 -2.865770130531813287e+00
5.925000000083562099e+02 -2.803403721805484583e+00
5.930000000083882696e+02 -2.929974410676865038e+00
5.935000000084203293e+02 -2.963861881655628583e+00
5.940000000084522753e+02 -3.030099756347268247e+00
5.945000000084843350e+02 -3.086113167468659491e+00
5.950000000085163947e+02 -3.187091874510231015e+00
5.955000000085484544e+02 -3.451821974738442211e+00
5.960000000085804004e+02 -3.516953696063053858e+00
5.965000000086124601e+02 -3.449569636693176289e+00
5.970000000086445198e+02 -3.377231232137172245e+00
5.975000000086765795e+02 -3.312169842713338141e+00
5.980000000087085255e+02 -3.266502020883632174e+00
5.985000000087405851e+02 -3.428194762765592873e+00
5.990000000087726448e+02 -3.411124648901492140e+00
5.995000000088047045e+02 -3.244367158699959397e+00
6.000000000088366505e+02 -3.212905143333123270e+00
6.005000000088687102e+02 -3.180929450707142170e+00
6.010000000089007699e+02 -3.261337593119841394e+00
6.015000000089328296e+02 -3.196887906870998108e+00
6.020000000089648893e+02 -3.089811849338789163e+00
6.025000000089968353e+02 -2.877468692628033065e+00
6.030000000090288950e+02 -2.969864012090396521e+00
6.035000000090609547e+02 -2.911776537665200504e+00
6.040000000090930143e+02 -3.038998588321969230e+00
6.045000000091249603e+02 -3.206334813765145952e+00
6.050000000091570200e+02 -3.109198892332381448e+00
6.055000000091890797e+02 -3.186252405644657060e+00
6.060000000092211394e+02 -2.962381676015536147e+00
6.065000000092530854e+02 -2.967030759112751603e+00
6.070000000092851451e+02 -2.949738698897675704e+00
6.075000000093172048e+02 -2.812344539147397349e+00
6.080000000093492645e+02 -2.741052066698242307e+00
6.085000000093812105e+02 -2.879177358195637471e+00
6.090000000094132702e+02 -2.897209090988801528e+00
6.095000000094453299e+02 -2.895069854055586589e+00
6.100000000094773895e+02 -2.942253251051362817e+00
6.105000000095094492e+02 -3.124562507529089039e+00
6.110000000095413952e+02 -3.353946217092762971e+00
6.115000000095734549e+02 -3.385993953924295141e+00
6.120000000096055146e+02 -3.372075535487367937e+00
6.125000000096375743e+02 -3.109109673067921520e+00
6.130000000096695203e+02 -3.083020453232589997e+00
6.135000000097015800e+02 -3.012596694440386802e+00
6.140000000097336397e+02 -3.047420290672426813e+00
6.145000000097656994e+02 -3.132467370715224408e+00
6.150000000097976454e+02 -2.868964324300018465e+00
6.155000000098297050e+02 -2.923600970178651171e+00
6.160000000098617647e+02 -2.848301893175151367e+00
6.165000000098938244e+02 -2.981128101622247950e+00
6.170000000099257704e+02 -2.991838675149673055e+00
6.175000000099578301e+02 -3.031348199037868341e+00
6.180000000099898898e+02 -3.131373930484870893e+00
6.185000000100219495e+02 -3.177764719993607656e+00
6.190000000100540092e+02 -3.091233253945080861e+00
6.195000000100859552e+02 -3.181329912241724234e+00
6.200000000101180149e+02 -3.170456997860644499e+00
6.205000000101500746e+02 -3.141184196057459133e+00
6.210000000101821342e+02 -2.972270093326470963e+00
6.215000000102140802e+02 -2.932920471359673709e+00
6.220000000102461399e+02 -2.838891213348563980e+00
6.225000000102781996e+02 -2.697593027398293319e+00
6.230000000103102593e+02 -3.013805790201213419e+00
6.235000000103422053e+02 -3.031592356612085037e+00
6.240000000103742650e+02 -2.941446934101264343e+00
6.245000000104063247e+02 -2.900726226800320440e+00
6.250000000104383844e+02 -2.907655197891102716e+00
6.255000000104703304e+02 -2.978315508947586565e+00
6.260000000105023901e+02 -2.959872410403684651e+00
6.265000000105344498e+02 -2.912105154611237978e+00
6.270000000105665094e+02 -3.060452407907837902e+00
6.275000000105985691e+02 -3.006422692760363446e+00
6.280000000106305151e+02 -2.919969032723882307e+00
6.285000000106625748e+02 -2.937151297675721917e+00
6.290000000106946345e+02 -2.895188286968561009e+00
6.295000000107266942e+02 -2.859288483730155317e+00
6.300000000107586402e+02 -3.096248824484983952e+00
6.305000000107906999e+02 -3.222756581397062003e+00
6.310000000108227596e+02 -3.236339662433162623e+00
6.315000000108548193e+02 -3.130548144240499209e+00
6.320000000108867653e+02 -3.029367497857537117e+00
6.325000000109188250e+02 -2.905858901589829291e+00
6.330000000109508846e+02 -3.053801899271721521e+00
6.335000000109829443e+02 -3.030298797365312158e+00
6.340000000110148903e+02 -2.968208873158586059e+00
6.345000000110469500e+02 -2.910825541261734095e+00
6.350000000110790097e+02 -3.055927049402967999e+00
6.355000000111110694e+02 -3.188112352712249464e+00
6.360000000111430154e+02 -3.090008116027425977e+00
6.365000000111750751e+02 -2.998139029575205061e+00
6.370000000112071348e+02 -3.062543595299504151e+00
6.375000000112391945e+02 -2.925971269458433444e+00
6.380000000112712542e+02 -3.079288621901460132e+00
6.385000000113032002e+02 -3.009752318652625824e+00
6.390000000113352598e+02 -2.996907037031577126e+00
6.395000000113673195e+02 -2.965232164848924157e+00
6.400000000113993792e+02 -3.104329627236234401e+00
6.405000000114313252e+02 -3.102446498121370855e+00
6.410000000114633849e+02 -3.134063151709118866e+00
6.415000000114954446e+02 -3.017524297696341229e+00
6.420000000115275043e+02 -3.030109860942360012e+00
6.425000000115594503e+02 -2.963364336004275845e+00
6.430000000115915100e+02 -2.871096139771428746e+00
6.435000000116235697e+02 -2.936101556868930818e+00
6.440000000116556294e+02 -3.038317166090759969e+00
6.445000000116875754e+02 -3.069823133500470647e+00
6.450000000117196350e+02 -3.050617702930134456e+00
6.455000000117516947e+02 -3.039756244090889847e+00
6.460000000117837544e+02 -2.923308090750110111e+00
6.465000000118158141e+02 -3.133664110401530589e+00
6.470000000118477601e+02 -3.286824041454987633e+00
6.475000000118798198e+02 -3.073343909757347614e+00
6.480000000119118795e+02 -3.119212825438119285e+00
6.485000000119439392e+02 -2.990619651308465965e+00
6.490000000119758852e+02 -3.027780701215986081e+00
6.495000000120079449e+02 -2.969024606544852674e+00
6.500000000120400045e+02 -2.837910390324412724e+00
6.505000000120720642e+02 -2.772029865635812218e+00
6.510000000121040102e+02 -2.771484219895969936e+00
6.515000000121360699e+02 -2.769931606451423445e+00
6.520000000121681296e+02 -3.040546527644137242e+00
6.525000000122001893e+02 -3.200203963118229300e+00
6.530000000122321353e+02 -3.024197825708628606e+00
6.535000000122641950e+02 -3.349108420596932589e+00
6.540000000122962547e+02 -3.304113890787885310e+00
6.545000000123283144e+02 -3.229582648349907714e+00
6.550000000123603741e+02 -3.330204318091205096e+00
6.555000000123923201e+02 -3.206229766890002164e+00
6.560000000124243797e+02 -3.241600468319917550e+00
6.565000000124564394e+02 -3.256619848226785408e+00
6.570000000124884991e+02 -3.313206845345420870e+00
6.575000000125204451e+02 -3.285276573406279876e+00
6.580000000125525048e+02 -3.211905128235284845e+00
6.585000000125845645e+02 -2.931671176582688165e+00
6.590000000126166242e+02 -2.817369212151318525e+00
6.595000000126485702e+02 -2.885674587176033423e+00
6.600000000126806299e+02 -2.847963319989387454e+00
6.605000000127126896e+02 -3.079547381590347577e+00
6.610000000127447493e+02 -3.023111132257129352e+00
6.615000000127766953e+02 -2.953436812457221450e+00
6.620000000128087549e+02 -2.923902103086656101e+00
6.625000000128408146e+02 -3.075206805785965614e+00
6.630000000128728743e+02 -3.161198994950006558e+00
6.635000000129049340e+02 -3.055046714816744835e+00
6.640000000129368800e+02 -3.122031390418902763e+00
6.645000000129689397e+02 -3.201596222423507943e+00
6.650000000130009994e+02 -3.295667294606301922e+00
6.655000000130330591e+02 -3.191013579996778482e+00
6.660000000130650051e+02 -3.111582274975360995e+00
6.665000000130970648e+02 -3.082887888562950707e+00
6.670000000131291245e+02 -3.046901142917752381e+00
6.675000000131611841e+02 -2.988406929416335789e+00
6.680000000131931301e+02 -2.813197103247450315e+00
6.685000000132251898e+02 -3.040203497790064269e+00
6.690000000132572495e+02 -3.096614290527505364e+00
6.695000000132893092e+02 -3.244241992273423580e+00
6.700000000133212552e+02 -3.250920735268393980e+00
6.705000000133533149e+02 -2.969298204235679695e+00
6.710000000133853746e+02 -2.968430173349706269e+00
6.715000000134174343e+02 -3.052285437341527352e+00
6.720000000134494940e+02 -2.964039970399229063e+00
6.725000000134814400e+02 -2.863273385675495497e+00
6.730000000135134997e+02 -2.888585119486871911e+00
6.735000000135455593e+02 -3.070871982012745693e+00
6.740000000135776190e+02 -2.978642998905269401e+00
6.745000000136095650e+02 -3.017604068328627154e+00
6.750000000136416247e+02 -2.960312786560238774e+00
6.755000000136736844e+02 -3.005372319972562156e+00
6.760000000137057441e+02 -3.076032601051999382e+00
6.765000000137376901e+02 -3.216824843498151676e+00
6.770000000137697498e+02 -3.107630915744669764e+00
6.775000000138018095e+02 -3.277977083296097494e+00
6.780000000138338692e+02 -3.185693421421071481e+00
6.785000000138658152e+02 -3.042429273209218632e+00
6.790000000138978749e+02 -3.045576940257664678e+00
6.795000000139299345e+02 -3.082789073832016058e+00
6.800000000139619942e+02 -2.909291192163015349e+00
6.805000000139939402e+02 -2.901869267921006301e+00
6.810000000140259999e+02 -2.862949324556445241e+00
6.815000000140580596e+02 -2.748651625923220099e+00
6.820000000140901193e+02 -2.840490127970795253e+00
6.825000000141221790e+02 -2.819118794554486218e+00
6.830000000141541250e+02 -2.830959611223056172e+00
6.835000000141861847e+02 -3.135383194715052113e+00
6.840000000142182444e+02 -3.278331485558097391e+00
6.845000000142503040e+02 -3.316844370000684439e+00
6.850000000142822500e+02 -3.361951744039106238e+00
6.855000000143143097e+02 -3.347025884426321429e+00
6.860000000143463694e+02 -3.252373462097896795e+00
6.865000000143784291e+02 -3.035727301183908100e+00
6.870000000144103751e+02 -3.086247853701889365e+00
6.875000000144424348e+02 -3.019692721000945657e+00
6.880000000144744945e+02 -3.033713269808437030e+00
6.885000000145065542e+02 -2.967014360253365179e+00
6.890000000145385002e+02 -2.843814190476841475e+00
6.895000000145705599e+02 -2.853308435001496779e+00
6.900000000146026196e+02 -3.057717781807985702e+00
6.905000000146346792e+02 -3.110514662016282905e+00
6.910000000146667389e+02 -2.991122752206041291e+00
6.915000000146986849e+02 -3.058741274944029698e+00
6.920000000147307446e+02 -2.856202251443371587e+00
6.925000000147628043e+02 -3.017049799661145393e+00
6.930000000147948640e+02 -2.980753597056331028e+00
6.935000000148268100e+02 -2.786809706372658457e+00
6.940000000148588697e+02 -3.130978825535658761e+00
6.945000000148909294e+02 -3.059574862615822344e+00
6.950000000149229891e+02 -2.922004094377848915e+00
6.955000000149549351e+02 -2.938648275301956048e+00
6.960000000149869948e+02 -2.997787572078360885e+00
6.965000000150190544e+02 -3.099392896081720306e+00
6.970000000150511141e+02 -2.966931587434987971e+00
6.975000000150830601e+02 -3.125772148908847914e+00
6.980000000151151198e+02 -3.243741092563374284e+00
6.985000000151471795e+02 -3.176269263919847763e+00
6.990000000151792392e+02 -3.125234754967997741e+00
6.995000000152112989e+02 -3.006277760152794798e+00
7.000000000152432449e+02 -2.964197512586026484e+00
7.005000000152753046e+02 -3.044638482309353300e+00
7.010000000153073643e+02 -2.976457401129220415e+00
7.015000000153394240e+02 -2.913586611295295281e+00
7.020000000153713700e+02 -2.759995428636633275e+00
7.025000000154034296e+02 -2.987982612140918981e+00
7.030000000154354893e+02 -3.158032544446164991e+00
7.035000000154675490e+02 -3.216513722141667753e+00
7.040000000154994950e+02 -3.131632676887089684e+00
7.045000000155315547e+02 -3.073628993996416092e+00
7.050000000155636144e+02 -3.322085430528382233e+00
7.055000000155956741e+02 -3.217789393662503716e+00
7.060000000156276201e+02 -3.058315484269922724e+00
7.065000000156596798e+02 -3.092564238577303115e+00
7.070000000156917395e+02 -2.979004959000323804e+00
7.075000000157237992e+02 -2.927517414906716464e+00
7.080000000157558588e+02 -3.003080002631055567e+00
7.085000000157878048e+02 -2.925796741684789648e+00
7.090000000158198645e+02 -2.896312759119119562e+00
7.095000000158519242e+02 -2.972251411728962456e+00
7.100000000158839839e+02 -2.946580738201907135e+00
7.105000000159159299e+02 -2.972215473500603000e+00
7.110000000159479896e+02 -2.776247341722842155e+00
7.115000000159800493e+02 -2.546244927894574239e+00
7.120000000160121090e+02 -2.623457423179720305e+00
7.125000000160440550e+02 -2.636252323739042946e+00
7.130000000160761147e+02 -2.710534309645568296e+00
7.135000000161081743e+02 -2.851016340588764297e+00
7.140000000161402340e+02 -2.997990945873504565e+00
7.145000000161721800e+02 -2.911067012253044428e+00
7.150000000162042397e+02 -2.967822267933401648e+00
7.155000000162362994e+02 -3.000760750343967498e+00
7.160000000162683591e+02 -2.788769603721362511e+00
7.165000000163003051e+02 -2.812148873732313259e+00
7.170000000163323648e+02 -2.811123537939816952e+00
7.175000000163644245e+02 -2.852321901265541193e+00
7.180000000163964842e+02 -2.761569543691933859e+00
7.185000000164285439e+02 -2.779466170522509216e+00
7.190000000164604899e+02 -2.906087590599043313e+00
7.195000000164925495e+02 -2.830274433300886461e+00
7.200000000165246092e+02 -3.002071006333114411e+00
7.205000000165566689e+02 -2.869935988544622951e+00
7.210000000165886149e+02 -2.903139422398681724e+00
7.215000000166206746e+02 -2.877199322676135651e+00
7.220000000166527343e+02 -2.724252837872635169e+00
7.225000000166847940e+02 -2.744155047647402146e+00
7.230000000167167400e+02 -2.928354486636653320e+00
7.235000000167487997e+02 -3.008515770079904783e+00
7.240000000167808594e+02 -3.143062760918840404e+00
7.245000000168129191e+02 -3.344567624012781959e+00
7.250000000168448651e+02 -3.242258441353734089e+00
7.255000000168769247e+02 -2.971890157151073186e+00
7.260000000169089844e+02 -3.084035185296726045e+00
7.265000000169410441e+02 -3.115472862481851735e+00
7.270000000169731038e+02 -2.949530486329849932e+00
7.275000000170050498e+02 -3.146397990619825613e+00
7.280000000170371095e+02 -3.185154667732630340e+00
7.285000000170691692e+02 -3.094093556352594199e+00
7.290000000171012289e+02 -2.981737032035179258e+00
7.295000000171331749e+02 -3.062714892457756299e+00
7.300000000171652346e+02 -3.089176865219783075e+00
7.305000000171972943e+02 -3.053035622050596753e+00
7.310000000172293539e+02 -3.192740197739186048e+00
7.315000000172612999e+02 -3.214779327350211879e+00
7.320000000172933596e+02 -3.191769264320654997e+00
7.325000000173254193e+02 -3.079482169465599828e+00
7.330000000173574790e+02 -3.007108429748694522e+00
7.335000000173894250e+02 -3.169880111444455029e+00
7.340000000174214847e+02 -3.051234958208352666e+00
7.345000000174535444e+02 -2.955001802019880941e+00
7.350000000174856041e+02 -3.133607821240971258e+00
7.355000000175176638e+02 -3.056860510246878437e+00
7.360000000175496098e+02 -2.995302415956132336e+00
7.365000000175816695e+02 -3.073778257268447334e+00
7.370000000176137291e+02 -3.078767719213884480e+00
7.375000000176457888e+02 -2.954413403323022269e+00
7.380000000176777348e+02 -2.966779037959954124e+00
7.385000000177097945e+02 -2.791260975502805497e+00
7.390000000177418542e+02 -2.782577263842830551e+00
7.395000000177739139e+02 -2.862511759550400825e+00
7.400000000178058599e+02 -3.069503409693856710e+00
7.405000000178379196e+02 -3.167259976863376458e+00
7.410000000178699793e+02 -3.136136599192572927e+00
7.415000000179020390e+02 -3.050104583861881657e+00
7.420000000179339850e+02 -2.873276843420464743e+00
7.425000000179660447e+02 -2.945589259680886141e+00
7.430000000179981043e+02 -2.972518105263792787e+00
7.435000000180301640e+02 -2.838765576225574350e+00
7.440000000180622237e+02 -2.972175600718237387e+00
7.445000000180941697e+02 -3.027508450941654328e+00
7.450000000181262294e+02 -2.988890364840197211e+00
7.455000000181582891e+02 -3.012881476189539054e+00
7.460000000181903488e+02 -2.994870805414048043e+00
7.465000000182222948e+02 -3.145810955959128741e+00
7.470000000182543545e+02 -3.290622417557946378e+00
7.475000000182864142e+02 -3.349819732717520093e+00
7.480000000183184738e+02 -3.271520098007429045e+00
7.485000000183504199e+02 -2.963702810795489917e+00
7.490000000183824795e+02 -2.877990546034011388e+00
7.495000000184145392e+02 -2.839222093058974661e+00
7.500000000184465989e+02 -2.936910530481189330e+00
7.505000000184785449e+02 -3.195014288104605082e+00
7.510000000185106046e+02 -3.110852485932598999e+00
7.515000000185426643e+02 -3.095696837669592583e+00
7.520000000185747240e+02 -3.290995409221915580e+00
7.525000000186067837e+02 -3.366601253482188305e+00
7.530000000186387297e+02 -3.433466781390218436e+00
7.535000000186707894e+02 -3.078196728065067944e+00
7.540000000187028490e+02 -3.110790671386062467e+00
7.545000000187349087e+02 -3.201280222509112150e+00
7.550000000187668547e+02 -3.269153125014399031e+00
7.555000000187989144e+02 -3.052399223829891373e+00
7.560000000188309741e+02 -2.975096482664094211e+00
7.565000000188630338e+02 -2.908221859696896505e+00
7.570000000188949798e+02 -2.959140683929983417e+00
7.575000000189270395e+02 -2.897280784608811999e+00
7.580000000189590992e+02 -2.921259474251087340e+00
7.585000000189911589e+02 -3.043877814145118599e+00
7.590000000190231049e+02 -2.962258080285589124e+00
7.595000000190551646e+02 -2.834522113535801413e+00
7.600000000190872242e+02 -2.973429064290689539e+00
7.605000000191192839e+02 -3.119929497504299487e+00
7.610000000191512299e+02 -3.076128099296138174e+00
7.615000000191832896e+02 -3.051304843885234153e+00
7.620000000192153493e+02 -3.171667898203035740e+00
7.625000000192474090e+02 -3.153085531413934106e+00
7.630000000192794687e+02 -3.145136233205067633e+00
7.635000000193114147e+02 -3.094517845402984246e+00
7.640000000193434744e+02 -3.130694787035138482e+00
7.645000000193755341e+02 -3.019342715861529580e+00
7.650000000194075938e+02 -2.942018828009304254e+00
7.655000000194395398e+02 -3.215555988208911753e+00
7.660000000194715994e+02 -3.216951449213893088e+00
7.665000000195036591e+02 -3.295682921800116905e+00
7.670000000195357188e+02 -3.349473521584236391e+00
7.675000000195676648e+02 -3.319201605837224900e+00
7.680000000195997245e+02 -3.280727266793851182e+00
7.685000000196317842e+02 -3.236323773308849017e+00
7.690000000196638439e+02 -3.256932901099324429e+00
7.695000000196957899e+02 -3.255089406148878872e+00
7.700000000197278496e+02 -3.049224715997370438e+00
7.705000000197599093e+02 -2.913330122992995541e+00
7.710000000197919690e+02 -3.129363978574523308e+00
7.715000000198240286e+02 -3.221136734951867364e+00
7.720000000198559746e+02 -3.216289579697486634e+00
7.725000000198880343e+02 -3.033422763741395745e+00
7.730000000199200940e+02 -3.121905451143905275e+00
7.735000000199521537e+02 -3.123659931122038547e+00
7.740000000199840997e+02 -3.025278907218749591e+00
7.745000000200161594e+02 -3.141373742848673878e+00
7.750000000200482191e+02 -3.067380358142106633e+00
7.755000000200802788e+02 -2.908749092754230769e+00
7.760000000201122248e+02 -2.990059264192383104e+00
7.765000000201442845e+02 -3.028632415499857178e+00
7.770000000201763442e+02 -3.117523603222183581e+00
7.775000000202084038e+02 -3.153101852188018750e+00
7.780000000202403498e+02 -3.072913138978468073e+00
7.785000000202724095e+02 -2.811873883125478812e+00
7.790000000203044692e+02 -2.882990624250286960e+00
7.795000000203365289e+02 -2.996163547471452748e+00
7.800000000203685886e+02 -3.073192608675693549e+00
7.805000000204005346e+02 -3.067379074640915970e+00
7.810000000204325943e+02 -2.801721478453464087e+00
7.815000000204646540e+02 -2.773037044194116785e+00
7.820000000204967137e+02 -2.818418023166204822e+00
7.825000000205286597e+02 -2.795742237575257416e+00
7.830000000205607193e+02 -2.941093609572720258e+00
7.835000000205927790e+02 -3.039916356608688641e+00
7.840000000206248387e+02 -3.166697530102435376e+00
7.845000000206567847e+02 -3.114523252580000179e+00
7.850000000206888444e+02 -2.951955378015943765e+00
7.855000000207209041e+02 -3.127379019773725233e+00
7.860000000207529638e+02 -2.974767427899990047e+00
7.865000000207849098e+02 -2.959123779416633848e+00
7.870000000208169695e+02 -2.965840985384467832e+00
7.875000000208490292e+02 -3.068625866782144218e+00
7.880000000208810889e+02 -3.112733767673954599e+00
7.885000000209131485e+02 -3.122102848776980188e+00
7.890000000209450945e+02 -3.200626239418947527e+00
7.895000000209771542e+02 -3.147400612755840044e+00
7.900000000210092139e+02 -2.869599025543972282e+00
7.905000000210412736e+02 -2.867161385023470732e+00
7.910000000210732196e+02 -2.959677014853520749e+00
7.915000000211052793e+02 -2.863606855812117935e+00
7.920000000211373390e+02 -2.728556989185957349e+00
7.925000000211693987e+02 -2.811382973824150699e+00
7.930000000212013447e+02 -2.792545218673150753e+00
7.935000000212334044e+02 -2.769694946879429853e+00
7.940000000212654641e+02 -2.875856714244459766e+00
7.945000000212975237e+02 -2.948467949606387695e+00
7.950000000213294697e+02 -3.087830806973481668e+00
7.955000000213615294e+02 -3.121143731014909495e+00
7.960000000213935891e+02 -3.069576024208553022e+00
7.965000000214256488e+02 -3.130392765758464702e+00
7.970000000214577085e+02 -3.286051265902915741e+00
7.975000000214896545e+02 -3.154692792718035932e+00
7.980000000215217142e+02 -2.973454669207892920e+00
7.985000000215537739e+02 -2.969094368010497309e+00
7.990000000215858336e+02 -2.936459305293820155e+00
7.995000000216177796e+02 -2.928995938823109046e+00
8.000000000216498393e+02 -2.865710802226993259e+00
8.005000000216818989e+02 -2.894652125286364619e+00
8.010000000217139586e+02 -3.004552121277431098e+00
8.015000000217459046e+02 -3.174024852862349366e+00
8.020000000217779643e+02 -3.117071322865164529e+00
8.025000000218100240e+02 -3.156402129289216596e+00
8.030000000218420837e+02 -3.340077697489987063e+00
8.035000000218740297e+02 -3.332367633259326389e+00
8.040000000219060894e+02 -3.240444291147472455e+00
8.045000000219381491e+02 -3.257686257111124917e+00
8.050000000219702088e+02 -3.055618974912619024e+00
8.055000000220021548e+02 -3.020159375372349242e+00
8.060000000220342145e+02 -3.012416734131599494e+00
8.065000000220662741e+02 -3.094617762948929318e+00
8.070000000220983338e+02 -2.971402230332365946e+00
8.075000000221303935e+02 -3.063304884729106448e+00
8.080000000221623395e+02 -2.998729765138095971e+00
8.085000000221943992e+02 -2.789088483578438638e+00
8.090000000222264589e+02 -2.654548159922994977e+00
8.095000000222585186e+02 -2.540423842498449325e+00
8.100000000222904646e+02 -2.691364965427624156e+00
8.105000000223225243e+02 -2.966318272448039028e+00
8.110000000223545840e+02 -2.854822066342626918e+00
8.115000000223866436e+02 -3.057985106742993064e+00
8.120000000224185897e+02 -3.249839334195937735e+00
8.125000000224506493e+02 -3.308825578363910225e+00
8.130000000224827090e+02 -3.324325940226028564e+00
8.135000000225147687e+02 -3.325350746871279295e+00
8.140000000225467147e+02 -3.336779054697987412e+00
8.145000000225787744e+02 -3.349936759070327064e+00
8.150000000226108341e+02 -3.268901749567791892e+00
8.155000000226428938e+02 -3.183314601821082945e+00
8.160000000226749535e+02 -2.998179548445887299e+00
8.165000000227068995e+02 -3.059988148206846503e+00
8.170000000227389592e+02 -2.916011372821591507e+00
8.175000000227710188e+02 -3.005647438621734668e+00
8.180000000228030785e+02 -3.082097091223231722e+00
8.185000000228350245e+02 -3.164811031216356874e+00
8.190000000228670842e+02 -3.160960526877032883e+00
8.195000000228991439e+02 -3.167414401846057714e+00
8.200000000229312036e+02 -3.161910983341675863e+00
8.205000000229631496e+02 -3.283717508508001703e+00
8.210000000229952093e+02 -3.318688459058091844e+00
8.215000000230272690e+02 -3.020805710650016351e+00
8.220000000230593287e+02 -3.160125224806098920e+00
8.225000000230912747e+02 -2.965389204426111647e+00
8.230000000231233344e+02 -2.922366358579626677e+00
8.235000000231553940e+02 -2.875393560611226196e+00
8.240000000231874537e+02 -3.018469515397588232e+00
8.245000000232195134e+02 -3.063052665804636643e+00
8.250000000232514594e+02 -3.031811817678425669e+00
8.255000000232835191e+02 -2.905458808252524783e+00
8.260000000233155788e+02 -3.015459362141303057e+00
8.265000000233476385e+02 -2.976187095367424540e+00
8.270000000233795845e+02 -3.067526956847529629e+00
8.275000000234116442e+02 -2.764405453819159142e+00
8.280000000234437039e+02 -2.800585020253411717e+00
8.285000000234757636e+02 -2.835089857505316946e+00
8.290000000235077096e+02 -2.929510714631553991e+00
8.295000000235397692e+02 -2.940298285366494735e+00
8.300000000235718289e+02 -2.972537047365047869e+00
8.305000000236038886e+02 -3.053973986929321427e+00
8.310000000236358346e+02 -2.974615484401154752e+00
8.315000000236678943e+02 -3.026044449124896563e+00
8.320000000236999540e+02 -3.034728337352769145e+00
8.325000000237320137e+02 -2.926071218241341310e+00
8.330000000237640734e+02 -2.918730041692766175e+00
8.335000000237960194e+02 -3.087807504636150835e+00
8.340000000238280791e+02 -3.220752467664656393e+00
8.345000000238601388e+02 -3.110132738730015500e+00
8.350000000238921984e+02 -3.013432525476254398e+00
8.355000000239241444e+02 -3.165687653639527532e+00
8.360000000239562041e+02 -3.327254621930858747e+00
8.365000000239882638e+02 -3.290743294747785708e+00
8.370000000240203235e+02 -3.249455797604474672e+00
8.375000000240522695e+02 -3.210052802787363824e+00
8.380000000240843292e+02 -3.151468483336905990e+00
8.385000000241163889e+02 -3.085328940119260732e+00
8.390000000241484486e+02 -3.135192839320982028e+00
8.395000000241803946e+02 -3.117416134575599518e+00
8.400000000242124543e+02 -3.146261222033445382e+00
8.405000000242445140e+02 -3.123222706392512649e+00
8.410000000242765736e+02 -3.309101007032023478e+00
8.415000000243086333e+02 -3.341317195516841476e+00
8.420000000243405793e+02 -3.289991310036523675e+00
8.425000000243726390e+02 -3.177327883621823279e+00
8.430000000244046987e+02 -3.359825012200607031e+00
8.435000000244367584e+02 -3.259412016851472860e+00
8.440000000244687044e+02 -3.066145339208703913e+00
8.445000000245007641e+02 -3.223797627589560566e+00
8.450000000245328238e+02 -3.249507993391323346e+00
8.455000000245648835e+02 -3.242924130044402276e+00
8.460000000245968295e+02 -3.319126722612554481e+00
8.465000000246288892e+02 -3.149278659507961375e+00
8.470000000246609488e+02 -2.896999303475049636e+00
8.475000000246930085e+02 -3.019697009176434577e+00
8.480000000247249545e+02 -3.120751175090148433e+00
8.485000000247570142e+02 -3.129866487757734017e+00
8.490000000247890739e+02 -3.043245373789281061e+00
8.495000000248211336e+02 -2.894265418576871252e+00
8.500000000248530796e+02 -2.938986041191110399e+00
8.505000000248851393e+02 -2.885683657016070214e+00
8.510000000249171990e+02 -2.949394817450876616e+00
8.515000000249492587e+02 -2.978076118384871851e+00
8.520000000249813183e+02 -3.125143459451693140e+00
8.525000000250132643e+02 -3.125066329918639418e+00
8.530000000250453240e+02 -3.120395397740155286e+00
8.535000000250773837e+02 -3.141788050716186387e+00
8.540000000251094434e+02 -2.848550136396553523e+00
8.545000000251413894e+02 -2.916227665542105996e+00
8.550000000251734491e+02 -2.906169433772407995e+00
8.555000000252055088e+02 -2.918751798120391427e+00
8.560000000252375685e+02 -3.083215614862797160e+00
8.565000000252695145e+02 -3.162652442016562038e+00
8.570000000253015742e+02 -3.041996165365719484e+00
8.575000000253336339e+02 -3.131580718888248516e+00
8.580000000253656935e+02 -2.877069145203170919e+00
8.585000000253976395e+02 -2.902836807627451776e+00
8.590000000254296992e+02 -2.771908381320327130e+00
8.595000000254617589e+02 -2.748622101996583744e+00
8.600000000254938186e+02 -2.963512997220379752e+00
8.605000000255258783e+02 -3.113130476936973867e+00
8.610000000255578243e+02 -3.272463001089575663e+00
8.615000000255898840e+02 -3.293766045691276290e+00
8.620000000256219437e+02 -3.161413484663937012e+00
8.625000000256540034e+02 -3.057453355109413184e+00
8.630000000256859494e+02 -3.107406206657407299e+00
8.635000000257180091e+02 -3.157647592594725161e+00
8.640000000257500687e+02 -3.221921419203556347e+00
8.645000000257821284e+02 -3.303627559130067226e+00
8.650000000258140744e+02 -3.200128274877957146e+00
8.655000000258461341e+02 -3.141185219525925554e+00
8.660000000258781938e+02 -3.014109266385998964e+00
8.665000000259102535e+02 -3.064897829728734369e+00
8.670000000259421995e+02 -3.080956899925673564e+00
8.675000000259742592e+02 -2.914597606091844817e+00
8.680000000260063189e+02 -3.039325333709915533e+00
8.685000000260383786e+02 -3.019636201760705685e+00
8.690000000260704383e+02 -3.154243633939207037e+00
8.695000000261023843e+02 -3.077234050131561816e+00
8.700000000261344439e+02 -3.198927819301142339e+00
8.705000000261665036e+02 -3.087099552662290858e+00
8.710000000261985633e+02 -3.072244796535890998e+00
8.715000000262305093e+02 -3.010603125626920118e+00
8.720000000262625690e+02 -2.869825987257276445e+00
8.725000000262946287e+02 -2.989668949720028390e+00
8.730000000263266884e+02 -2.926160058890548310e+00
8.735000000263586344e+02 -2.916348478682495582e+00
8.740000000263906941e+02 -2.952002268969601051e+00
8.745000000264227538e+02 -2.928253603429973317e+00
8.750000000264548135e+02 -3.105342118103690652e+00
8.755000000264867595e+02 -2.918107150118366633e+00
8.760000000265188191e+02 -2.847866234706218247e+00
8.765000000265508788e+02 -2.981331636547415620e+00
8.770000000265829385e+02 -3.155488445998678948e+00
8.775000000266149982e+02 -3.189983228421696904e+00
8.780000000266469442e+02 -3.174731843358518102e+00
8.785000000266790039e+02 -3.181731347556743028e+00
8.790000000267110636e+02 -3.124627865812465544e+00
8.795000000267431233e+02 -3.020414524315196747e+00
8.800000000267750693e+02 -3.166256218411739098e+00
8.805000000268071290e+02 -3.009886577416005071e+00
8.810000000268391886e+02 -3.052706858298555481e+00
8.815000000268712483e+02 -3.124970202470589431e+00
8.820000000269031943e+02 -3.246338644300497123e+00
8.825000000269352540e+02 -3.104629885187114802e+00
8.830000000269673137e+02 -3.114377594415528527e+00
8.835000000269993734e+02 -2.939019197943621986e+00
8.840000000270313194e+02 -3.015566955391023374e+00
8.845000000270633791e+02 -3.034996993291140477e+00
8.850000000270954388e+02 -3.037138942625381866e+00
8.855000000271274985e+02 -3.109012274178574842e+00
8.860000000271595582e+02 -3.166994318217958515e+00
8.865000000271915042e+02 -3.131658264960559990e+00
8.870000000272235638e+02 -2.943795796641349494e+00
8.875000000272556235e+02 -3.042082835221068038e+00
8.880000000272876832e+02 -2.883669170562950690e+00
8.885000000273196292e+02 -2.964640617221955488e+00
8.890000000273516889e+02 -2.987742620683152328e+00
8.895000000273837486e+02 -3.038902714907401048e+00
8.900000000274158083e+02 -3.080936002619806491e+00
8.905000000274477543e+02 -3.028097527140807710e+00
8.910000000274798140e+02 -3.003159796460722841e+00
8.915000000275118737e+02 -3.070841620335723388e+00
8.920000000275439334e+02 -3.083655340621761720e+00
8.925000000275758794e+02 -3.039301922049642890e+00
8.930000000276079390e+02 -3.032674725163448493e+00
8.935000000276399987e+02 -3.086966918064617538e+00
8.940000000276720584e+02 -3.216145650118924504e+00
8.945000000277040044e+02 -3.214114399179455184e+00
8.950000000277360641e+02 -3.275918105537366731e+00
8.955000000277681238e+02 -3.365151465489769400e+00
8.960000000278001835e+02 -3.315417062846754970e+00
8.965000000278322432e+02 -3.199182603679299408e+00
8.970000000278641892e+02 -3.036249730555703685e+00
8.975000000278962489e+02 -2.695307222152862003e+00
8.980000000279283086e+02 -2.804373660520322442e+00
8.985000000279603682e+02 -2.944306084005072321e+00
8.990000000279923142e+02 -2.900547769898057293e+00
8.995000000280243739e+02 -3.004508311641160390e+00
9.000000000280564336e+02 -2.982022614840743380e+00
9.005000000280884933e+02 -2.965325991820493723e+00
9.010000000281204393e+02 -2.868695604195337978e+00
9.015000000281524990e+02 -2.975944795097842377e+00
9.020000000281845587e+02 -3.080697790899928012e+00
9.025000000282166184e+02 -3.025585344674055488e+00
9.030000000282485644e+02 -3.149336972861738193e+00
9.035000000282806241e+02 -3.126521950607410893e+00
9.040000000283126838e+02 -3.143276739253926255e+00
9.045000000283447434e+02 -3.132212933346927297e+00
9.050000000283768031e+02 -3.249657996029001517e+00
9.055000000284087491e+02 -3.366132570105103472e+00
9.060000000284408088e+02 -3.278231033039168629e+00
9.065000000284728685e+02 -3.159428871516496873e+00
9.070000000285049282e+02 -3.115239264791683560e+00
9.075000000285368742e+02 -3.216337365633120893e+00
9.080000000285689339e+02 -3.048453992251372480e+00
9.085000000286009936e+02 -2.994427446064573228e+00
9.090000000286330533e+02 -2.876219744561267611e+00
9.095000000286649993e+02 -2.911871455028923528e+00
9.100000000286970590e+02 -3.013301353341415467e+00
9.105000000287291186e+02 -3.031624980375331901e+00
9.110000000287611783e+02 -3.146968582344169985e+00
9.115000000287931243e+02 -3.022253785343395727e+00
9.120000000288251840e+02 -3.150961472707194844e+00
9.125000000288572437e+02 -3.178524149075945715e+00
9.130000000288893034e+02 -3.144321207140250873e+00
9.135000000289213631e+02 -3.213174595039279158e+00
9.140000000289533091e+02 -2.950905543926326313e+00
9.145000000289853688e+02 -2.873338407277481465e+00
9.150000000290174285e+02 -2.961637547886506905e+00
9.155000000290494881e+02 -3.056067628294193650e+00
9.160000000290814341e+02 -2.966090481407162027e+00
9.165000000291134938e+02 -3.051371523099029037e+00
9.170000000291455535e+02 -3.088201160097567843e+00
9.175000000291776132e+02 -3.197763216882418380e+00
9.180000000292095592e+02 -3.217784193158092609e+00
9.185000000292416189e+02 -3.163290033903140674e+00
9.190000000292736786e+02 -3.010960936904393037e+00
9.195000000293057383e+02 -2.721600958099841705e+00
9.200000000293376843e+02 -2.723159409031294498e+00
9.205000000293697440e+02 -2.908450843588377133e+00
9.210000000294018037e+02 -2.882402485893910793e+00
9.215000000294338633e+02 -2.834562310977618349e+00
9.220000000294659230e+02 -2.969805504719859268e+00
9.225000000294978690e+02 -2.991107947826788571e+00
9.230000000295299287e+02 -3.112804617502591853e+00
9.235000000295619884e+02 -3.186256663698993741e+00
9.240000000295940481e+02 -2.842885581841964715e+00
9.245000000296259941e+02 -2.889122002132089584e+00
9.250000000296580538e+02 -2.915954994109336340e+00
9.255000000296901135e+02 -3.002696947836787977e+00
9.260000000297221732e+02 -3.009035367626506030e+00
9.265000000297541192e+02 -3.072655143464759320e+00
9.270000000297861789e+02 -3.079851774302493350e+00
9.275000000298182385e+02 -2.956976202347044946e+00
9.280000000298502982e+02 -2.843458411108351847e+00
9.285000000298822442e+02 -2.827293571898616076e+00
9.290000000299143039e+02 -2.798404927345517379e+00
9.295000000299463636e+02 -2.960606667334836128e+00
9.300000000299784233e+02 -2.878404060383949137e+00
9.305000000300104830e+02 -2.945772035324014215e+00
9.310000000300424290e+02 -2.903565560849203475e+00
9.315000000300744887e+02 -2.881775129386484835e+00
9.320000000301065484e+02 -3.031274513025615569e+00
9.325000000301386081e+02 -2.954788921817280034e+00
9.330000000301705541e+02 -3.075387242102351593e+00
9.335000000302026137e+02 -3.108730094421010115e+00
9.340000000302346734e+02 -3.284704586895109024e+00
9.345000000302667331e+02 -3.391299067875965800e+00
9.350000000302986791e+02 -3.269956367230261396e+00
9.355000000303307388e+02 -3.250738670142534481e+00
9.360000000303627985e+02 -3.129327106299870209e+00
9.365000000303948582e+02 -3.047156838031291226e+00
9.370000000304268042e+02 -3.000895900179112452e+00
9.375000000304588639e+02 -2.961765084651675206e+00
9.380000000304909236e+02 -3.044099507994644238e+00
9.385000000305229833e+02 -2.915917084053442743e+00
9.390000000305549293e+02 -2.879276165404144550e+00
9.395000000305869889e+02 -2.797263999706320892e+00
9.400000000306190486e+02 -2.788381684156266527e+00
9.405000000306511083e+02 -2.797294692119459913e+00
9.410000000306831680e+02 -2.836291705023279874e+00
9.415000000307151140e+02 -2.767893206063676281e+00
9.420000000307471737e+02 -2.677189466071461244e+00
9.425000000307792334e+02 -2.865274702133014273e+00
9.430000000308112931e+02 -2.946322009645038431e+00
9.435000000308432391e+02 -2.940278744012142731e+00
9.440000000308752988e+02 -3.165365322944853510e+00
9.445000000309073585e+02 -3.073625473459249857e+00
9.450000000309394181e+02 -2.925527796493534893e+00
9.455000000309713641e+02 -3.178530288011929716e+00
9.460000000310034238e+02 -3.324399820209853029e+00
9.465000000310354835e+02 -3.245029055644077065e+00
9.470000000310675432e+02 -3.044476530958398097e+00
9.475000000310994892e+02 -3.151815999401399448e+00
9.480000000311315489e+02 -3.042110572019122827e+00
9.485000000311636086e+02 -2.939101516856855945e+00
9.490000000311956683e+02 -2.938089211646449428e+00
9.495000000312277280e+02 -3.034411646305902099e+00
9.500000000312596740e+02 -3.003699182225901598e+00
9.505000000312917336e+02 -2.897982610124370861e+00
9.510000000313237933e+02 -2.803589248677536450e+00
9.515000000313558530e+02 -2.752097598131219680e+00
9.520000000313877990e+02 -2.948172025204918612e+00
9.525000000314198587e+02 -3.074568139683652390e+00
9.530000000314519184e+02 -3.024541592647137733e+00
9.535000000314839781e+02 -3.124032490485487923e+00
9.540000000315159241e+02 -3.120191260341199868e+00
9.545000000315479838e+02 -3.177613388508815806e+00
9.550000000315800435e+02 -3.181703405144410635e+00
9.555000000316121032e+02 -3.234054937180607325e+00
9.560000000316440492e+02 -3.131335264534221619e+00
9.565000000316761088e+02 -3.210923501562006788e+00
9.570000000317081685e+02 -3.004628891882437980e+00
9.575000000317402282e+02 -2.996894828481749595e+00
9.580000000317722879e+02 -3.010175099066456639e+00
9.585000000318042339e+02 -2.960219154452072399e+00
9.590000000318362936e+02 -2.946140936758046891e+00
9.595000000318683533e+02 -3.009979699685092047e+00
9.600000000319004130e+02 -3.024982606771620119e+00
9.605000000319323590e+02 -2.980879794356404044e+00
9.610000000319644187e+02 -3.031516186407265057e+00
9.615000000319964784e+02 -2.991759301694558282e+00
9.620000000320285380e+02 -3.000327076338102472e+00
9.625000000320604840e+02 -2.999705315013421636e+00
9.630000000320925437e+02 -3.032854313651183631e+00
9.635000000321246034e+02 -2.987504537206086663e+00
9.640000000321566631e+02 -2.907892360083375483e+00
9.645000000321886091e+02 -2.855068920572243485e+00
9.650000000322206688e+02 -2.901293978398863160e+00
9.655000000322527285e+02 -3.069100729330033417e+00
9.660000000322847882e+02 -3.111482996882362517e+00
9.665000000323168479e+02 -3.049708479283641083e+00
9.670000000323487939e+02 -3.073208711462217746e+00
9.675000000323808536e+02 -3.196779983236338385e+00
9.680000000324129132e+02 -3.299561119818893662e+00
9.685000000324449729e+02 -3.230198899929364487e+00
9.690000000324769189e+02 -3.032524523289608531e+00
9.695000000325089786e+02 -2.986287797517768183e+00
9.700000000325410383e+02 -2.806793821384776511e+00
9.705000000325730980e+02 -2.975199989579401905e+00
9.710000000326050440e+02 -2.941824713879829911e+00
9.715000000326371037e+02 -2.933902514277634488e+00
9.720000000326691634e+02 -2.905583350634371342e+00
9.725000000327012231e+02 -2.853462485163505757e+00
9.730000000327331691e+02 -2.956969238400913635e+00
9.735000000327652288e+02 -3.006301482387160551e+00
9.740000000327972884e+02 -2.923376403598803908e+00
9.745000000328293481e+02 -2.890588536581659707e+00
9.750000000328614078e+02 -2.901601371362124926e+00
9.755000000328933538e+02 -2.999799270844556442e+00
9.760000000329254135e+02 -3.188979886363672911e+00
9.765000000329574732e+02 -3.057256134911548351e+00
9.770000000329895329e+02 -3.057764112616089935e+00
9.775000000330214789e+02 -3.198986659206513039e+00
9.780000000330535386e+02 -3.274874929055155981e+00
9.785000000330855983e+02 -3.205893714002082007e+00
9.790000000331176579e+02 -3.059115320795423365e+00
9.795000000331496040e+02 -3.066203656080679352e+00
9.800000000331816636e+02 -3.005389980811903339e+00
9.805000000332137233e+02 -2.827203674310160952e+00
9.810000000332457830e+02 -2.963859826948284315e+00
9.815000000332777290e+02 -3.083472279453450149e+00
9.820000000333097887e+02 -3.175136396803512007e+00
9.825000000333418484e+02 -3.145824192559060428e+00
9.830000000333739081e+02 -3.102693561225447816e+00
9.835000000334058541e+02 -3.231372777769860871e+00
9.840000000334379138e+02 -3.393761629495892773e+00
9.845000000334699735e+02 -3.447003624717405401e+00
9.850000000335020331e+02 -3.248266686179051899e+00
9.855000000335340928e+02 -3.063090445816361029e+00
9.860000000335660388e+02 -3.157908635436328826e+00
9.865000000335980985e+02 -2.989744974269825217e+00
9.870000000336301582e+02 -3.184322646748879215e+00
9.875000000336622179e+02 -3.154665696946670206e+00
9.880000000336941639e+02 -3.127891995314062701e+00
9.885000000337262236e+02 -3.137418956674083326e+00
9.890000000337582833e+02 -3.184004591818480279e+00
9.895000000337903430e+02 -2.904235818266385216e+00
9.900000000338222890e+02 -2.793947203141883495e+00
9.905000000338543487e+02 -2.783606846961545145e+00
9.910000000338864083e+02 -2.883469651256992616e+00
9.915000000339184680e+02 -2.728107004552962955e+00
9.920000000339504140e+02 -2.683624086352441207e+00
9.925000000339824737e+02 -2.712804343191735246e+00
9.930000000340145334e+02 -2.836300316235312202e+00
9.935000000340465931e+02 -2.810188848771620229e+00
9.940000000340786528e+02 -2.854651277634422613e+00
9.945000000341105988e+02 -2.922879762385746094e+00
9.950000000341426585e+02 -3.085491713890295529e+00
9.955000000341747182e+02 -3.069980906134717191e+00
9.960000000342067779e+02 -2.922871965086123680e+00
9.965000000342387239e+02 -2.890538259260067466e+00
9.970000000342707835e+02 -3.146657441650132281e+00
9.975000000343028432e+02 -3.248223604607976434e+00
9.980000000343349029e+02 -3.233478022553509579e+00
9.985000000343668489e+02 -3.178310388590484870e+00
9.990000000343989086e+02 -3.048860044801562363e+00
9.995000000344309683e+02 -2.910910556570620589e+00
1.000000000034463028e+03 -2.821531756984468231e+00
