# Time (ps)	CV (angstrom)
9.999999999975766229e+01 -1.392269067229976010e+00
1.004999999997559001e+02 -1.552110134325004553e+00
1.009999999997541380e+02 -1.404845812067821553e+00
1.014999999997533990e+02 -1.372309047048697384e+00
1.019999999997629061e+02 -1.312273575760555699e+00
1.024999999997724132e+02 -1.528469773452472147e+00
1.029999999997819060e+02 -1.527548803679733558e+00
1.034999999997914131e+02 -1.377896395461239765e+00
1.039999999998009201e+02 -1.609697248041353390e+00
1.044999999998104272e+02 -1.297021133866445908e+00
1.049999999998199343e+02 -1.900351988247010127e+00
1.054999999998294413e+02 -1.771698007603191405e+00
1.059999999998389484e+02 -1.632877608337225617e+00
1.064999999998484554e+02 -1.572269240623360709e+00
1.069999999998579483e+02 -1.263459942798389912e+00
1.074999999998674554e+02 -1.507100946735135505e+00
1.079999999998769624e+02 -1.151511333714755114e+00
1.084999999998864695e+02 -9.461314603069929108e-01
1.089999999998959765e+02 -1.251738713823593585e+00
1.094999999999054836e+02 -8.803011410878684995e-01
1.099999999999149907e+02 -1.667390795478974619e+00
1.104999999999244977e+02 -1.069459456095533501e+00
1.109999999999339906e+02 -1.918111612947396516e+00
1.114999999999434976e+02 -9.610040328554937394e-01
1.119999999999530047e+02 -1.471242646646727437e+00
1.124999999999625118e+02 -1.745079179575974360e+00
1.129999999999720188e+02 -1.190697614493092527e+00
1.134999999999815259e+02 -2.018185349738726764e+00
1.139999999999910330e+02 -1.146980660727815238e+00
1.145000000000005400e+02 -1.303143364410688454e+00
1.150000000000100329e+02 -1.415036642938325429e+00
1.155000000000195399e+02 -1.767635433664617395e+00
1.160000000000290470e+02 -6.336885061542368858e-01
1.165000000000385540e+02 -2.206666964547279619e+00
1.170000000000480611e+02 -1.430001592265921051e+00
1.175000000000575682e+02 -1.320512356526404529e+00
1.180000000000670752e+02 -1.715044373233664432e+00
1.185000000000765823e+02 -1.348593821428389905e+00
1.190000000000860751e+02 -1.368912615610951455e+00
1.195000000000955822e+02 -1.139972812374545175e+00
1.200000000001050893e+02 -1.405373157767375369e+00
1.205000000001145963e+02 -9.886846307691252722e-01
1.210000000001241034e+02 -1.631641691143803197e+00
1.215000000001336105e+02 -1.594682890634567807e+00
1.220000000001431175e+02 -1.416071343664577320e+00
1.225000000001526246e+02 -1.628524034582583324e+00
1.230000000001621174e+02 -1.456493427044736721e+00
1.235000000001716245e+02 -2.045782983322010473e+00
1.240000000001811316e+02 -1.281747037789318977e+00
1.245000000001906386e+02 -1.521535213492501537e+00
1.250000000002001457e+02 -1.420798048212645881e+00
1.255000000002096527e+02 -1.387585585830259038e+00
1.260000000002191598e+02 -1.838360918246246367e+00
1.265000000002286527e+02 -1.080811700124227670e+00
1.270000000002381597e+02 -1.325090337920748595e+00
1.275000000002476668e+02 -1.066811900536915880e+00
1.280000000002571880e+02 -1.744936590531230403e+00
1.285000000002666809e+02 -1.365927951830403053e+00
1.290000000002761738e+02 -1.588253430045255543e+00
1.295000000002856950e+02 -6.985598268111362641e-01
1.300000000002951879e+02 -9.398697964006597072e-01
1.305000000003047091e+02 -1.907744258565272855e+00
1.310000000003142020e+02 -9.045382495996867611e-01
1.315000000003237233e+02 -1.365891641719586547e+00
1.320000000003332161e+02 -1.346370874864341483e+00
1.325000000003427090e+02 -1.028039671342709349e+00
1.330000000003522302e+02 -1.110651605111606877e+00
1.335000000003617231e+02 -1.084969465418872181e+00
1.340000000003712444e+02 -1.666293725545295645e+00
1.345000000003807372e+02 -1.341495436477630365e+00
1.350000000003902585e+02 -1.026498194554564591e+00
1.355000000003997513e+02 -1.422089109034866183e+00
1.360000000004092726e+02 -1.097782442172735129e+00
1.365000000004187655e+02 -1.499774198348834187e+00
1.370000000004282583e+02 -1.184908332075882864e+00
1.375000000004377796e+02 -1.448395635278255433e+00
1.380000000004472724e+02 -9.612505345557988967e-01
1.385000000004567937e+02 -1.014528626288944357e+00
1.390000000004662866e+02 -1.296524478825203941e+00
1.395000000004758078e+02 -1.266648262785649237e+00
1.400000000004853007e+02 -1.489004856987493186e+00
1.405000000004947935e+02 -1.382374431097249223e+00
1.410000000005043148e+02 -1.021813896299915703e+00
1.415000000005138077e+02 -1.119490181173617982e+00
1.420000000005233289e+02 -1.602782193514871167e+00
1.425000000005328218e+02 -1.259248435930310661e+00
1.430000000005423431e+02 -1.690870495369659388e+00
1.435000000005518359e+02 -8.009402373384956197e-01
1.440000000005613572e+02 -1.737830015117282967e+00
1.445000000005708500e+02 -1.535639548746167815e+00
1.450000000005803429e+02 -9.115877666343809027e-01
1.455000000005898642e+02 -1.635973940286059802e+00
1.460000000005993570e+02 -1.692974160096186731e+00
1.465000000006088783e+02 -1.429410561135537439e+00
1.470000000006183711e+02 -1.297765697966830611e+00
1.475000000006278924e+02 -1.725146529117223215e+00
1.480000000006373853e+02 -1.519814568302392255e+00
1.485000000006468781e+02 -1.387252179641192296e+00
1.490000000006563994e+02 -1.415148683141634445e+00
1.495000000006658922e+02 -1.439425195887716002e+00
1.500000000006754135e+02 -1.575452048339392785e+00
1.505000000006849064e+02 -1.276435886239008610e+00
1.510000000006944276e+02 -1.676273005592363363e+00
1.515000000007039205e+02 -1.824136363227123470e+00
1.520000000007134133e+02 -1.448696277911488917e+00
1.525000000007229346e+02 -9.921477652208472442e-01
1.530000000007324275e+02 -1.688756786878874872e+00
1.535000000007419487e+02 -1.014376049751400277e+00
1.540000000007514416e+02 -1.791951955177062628e+00
1.545000000007609628e+02 -1.550897528561815619e+00
1.550000000007704557e+02 -1.535728398599857325e+00
1.555000000007799770e+02 -1.120477340552302081e+00
1.560000000007894698e+02 -1.717321605933866735e+00
1.565000000007989627e+02 -1.251121507760063478e+00
1.570000000008084839e+02 -1.340452342952557663e+00
1.575000000008179768e+02 -1.303308642947196727e+00
1.580000000008274981e+02 -1.565206668893180497e+00
1.585000000008369909e+02 -9.354401516664413441e-01
1.590000000008465122e+02 -1.497329029631683017e+00
1.595000000008560050e+02 -1.518520963296766890e+00
1.600000000008654979e+02 -8.354891344750643434e-01
1.605000000008750192e+02 -1.693551638423541394e+00
1.610000000008845120e+02 -1.296060289081293559e+00
1.615000000008940333e+02 -1.322335008016203961e+00
1.620000000009035261e+02 -8.574681815617380964e-01
1.625000000009130474e+02 -1.282215559734012800e+00
1.630000000009225403e+02 -1.321895960981269491e+00
1.635000000009320615e+02 -1.052743732728921744e+00
1.640000000009415544e+02 -1.292815308986273948e+00
1.645000000009510472e+02 -1.167620136977808531e+00
1.650000000009605685e+02 -1.400178426951788735e+00
1.655000000009700614e+02 -9.403642546940712554e-01
1.660000000009795826e+02 -1.255146916940847568e+00
1.665000000009890755e+02 -1.380793814640272954e+00
1.670000000009985968e+02 -9.089626966888292303e-01
1.675000000010080896e+02 -1.640950572301071775e+00
1.680000000010175825e+02 -1.320964225513094892e+00
1.685000000010271037e+02 -1.564453472337340889e+00
1.690000000010365966e+02 -1.030604895561939127e+00
1.695000000010461179e+02 -1.117950619519439970e+00
1.700000000010556107e+02 -1.188883054024323593e+00
1.705000000010651320e+02 -1.125533414536205035e+00
1.710000000010746248e+02 -1.203662832479195144e+00
1.715000000010841177e+02 -1.376202895346573918e+00
1.720000000010936390e+02 -1.157685345017541279e+00
1.725000000011031318e+02 -1.395438992750857032e+00
1.730000000011126531e+02 -1.102612438645751647e+00
1.735000000011221459e+02 -1.250026326582235114e+00
1.740000000011316672e+02 -9.276828229091880207e-01
1.745000000011411601e+02 -1.500292505341616067e+00
1.750000000011506813e+02 -1.082367582441958520e+00
1.755000000011601742e+02 -1.364119952831143401e+00
1.760000000011696670e+02 -9.615259007449115103e-01
1.765000000011791883e+02 -1.512170406037991466e+00
1.770000000011886812e+02 -1.548579960977809922e+00
1.775000000011982024e+02 -1.539991657852487261e+00
1.780000000012076953e+02 -1.149960863121739507e+00
1.785000000012172165e+02 -1.260633138373752349e+00
1.790000000012267094e+02 -1.236570690761453539e+00
1.795000000012362023e+02 -1.131912386892594657e+00
1.800000000012457235e+02 -1.576816420777169547e+00
1.805000000012552164e+02 -1.134070825212116107e+00
1.810000000012647376e+02 -1.813597200616033023e+00
1.815000000012742305e+02 -1.358532764282782690e+00
1.820000000012837518e+02 -6.347013266880150439e-01
1.825000000012932446e+02 -1.990097678705557982e+00
1.830000000013027659e+02 -1.571069429046175081e+00
1.835000000013122587e+02 -1.611483080813526758e+00
1.840000000013217516e+02 -1.110636271798956409e+00
1.845000000013312729e+02 -1.362155073881737621e+00
1.850000000013407657e+02 -1.349809108499856913e+00
1.855000000013502870e+02 -1.107775970318938930e+00
1.860000000013597798e+02 -1.144534140262392086e+00
1.865000000013693011e+02 -1.236627654949438382e+00
1.870000000013787940e+02 -1.333781819089725706e+00
1.875000000013882868e+02 -1.497176180774092424e+00
1.880000000013978081e+02 -1.572745018942248718e+00
1.885000000014073009e+02 -1.364014370599681891e+00
1.890000000014168222e+02 -9.146813355757137387e-01
1.895000000014263151e+02 -1.184415407094997041e+00
1.900000000014358363e+02 -1.013898831651486310e+00
1.905000000014453292e+02 -1.457035432760047433e+00
1.910000000014548220e+02 -1.360746624501142810e+00
1.915000000014643433e+02 -1.627554788533417618e+00
1.920000000014738362e+02 -1.482338955609983966e+00
1.925000000014833574e+02 -1.454442969769410343e+00
1.930000000014928503e+02 -1.250979577896807360e+00
1.935000000015023716e+02 -1.118423864397125600e+00
1.940000000015118644e+02 -1.813045063233980958e+00
1.945000000015213857e+02 -6.596981419598558771e-01
1.950000000015308785e+02 -1.389673953017426022e+00
1.955000000015403714e+02 -1.411192937925324742e+00
1.960000000015498927e+02 -1.241043198765135136e+00
1.965000000015593855e+02 -1.888099000019300089e+00
1.970000000015689068e+02 -1.393831802607630621e+00
1.975000000015783996e+02 -1.431288553720514889e+00
1.980000000015879209e+02 -1.328442306554858732e+00
1.985000000015974138e+02 -1.443182110576460175e+00
1.990000000016069066e+02 -1.356136278769910941e+00
1.995000000016164279e+02 -1.359362684366551388e+00
2.000000000016259207e+02 -6.262546384342334571e-01
2.005000000016354420e+02 -1.917921643634396212e+00
2.010000000016449349e+02 -1.507445870591957338e+00
2.015000000016544561e+02 -1.097400790097303291e+00
2.020000000016639490e+02 -1.448616379873374882e+00
2.025000000016734703e+02 -1.253645725786482590e+00
2.030000000016789556e+02 -1.340625272629197839e+00
2.035000000016659385e+02 -1.370776335710720550e+00
2.040000000016529214e+02 -1.049116149078098026e+00
2.045000000016398758e+02 -1.734552344932071888e+00
2.050000000016268586e+02 -7.502079700435855258e-01
2.055000000016138415e+02 -1.433151135930154529e+00
2.060000000016008244e+02 -1.255459865990479873e+00
2.065000000015878072e+02 -1.684053907265339545e+00
2.070000000015747617e+02 -9.332887560647418201e-01
2.075000000015617445e+02 -1.520085367835431356e+00
2.080000000015487274e+02 -5.792336419365166078e-01
2.085000000015357102e+02 -1.256575742797097162e+00
2.090000000015226931e+02 -1.819269894092717221e+00
2.095000000015096475e+02 -1.316866100718853350e+00
2.100000000014966304e+02 -1.456941814580429817e+00
2.105000000014836132e+02 -1.358665009642579857e+00
2.110000000014705961e+02 -1.371272438978378583e+00
2.115000000014575789e+02 -9.161030876941488321e-01
2.120000000014445618e+02 -1.685536453726880213e+00
2.125000000014315162e+02 -1.103504414651239163e+00
2.130000000014184991e+02 -7.656471144676320062e-01
2.135000000014054820e+02 -1.643528124244797661e+00
2.140000000013924648e+02 -6.043474473306759132e-01
2.145000000013794477e+02 -2.199150840584275901e+00
2.150000000013664021e+02 -1.460432208561017742e+00
2.155000000013533850e+02 -1.098608074113188504e+00
2.160000000013403678e+02 -9.735975959859594075e-01
2.165000000013273507e+02 -1.914608059503199566e+00
2.170000000013143335e+02 -1.407480863211262978e+00
2.175000000013013164e+02 -1.772645782611602217e+00
2.180000000012882708e+02 -1.123718301224854388e+00
2.185000000012752537e+02 -8.282476698232943413e-01
2.190000000012622365e+02 -1.280636055830401743e+00
2.195000000012492194e+02 -1.256925186113859061e+00
2.200000000012362023e+02 -1.254771521662623179e+00
2.205000000012231567e+02 -1.466068426871203645e+00
2.210000000012101395e+02 -1.361868242749670221e+00
2.215000000011971224e+02 -1.194257204333120548e+00
2.220000000011841053e+02 -1.906561764026350358e+00
2.225000000011710881e+02 -1.194506171731212429e+00
2.230000000011580710e+02 -1.333114829798761836e+00
2.235000000011450254e+02 -1.348614703208198762e+00
2.240000000011320083e+02 -1.476540103666667658e+00
2.245000000011189911e+02 -1.258897191079919153e+00
2.250000000011059740e+02 -1.098750302568866966e+00
2.255000000010929568e+02 -1.130214908140929175e+00
2.260000000010799113e+02 -8.884639951562416371e-01
2.265000000010668941e+02 -1.374522052926366200e+00
2.270000000010538770e+02 -1.523528502379269067e+00
2.275000000010408598e+02 -1.197706847742800784e+00
2.280000000010278427e+02 -8.749032025382685873e-01
2.285000000010148256e+02 -1.764264636645721085e+00
2.290000000010017800e+02 -1.804051932328602392e+00
2.295000000009887628e+02 -1.249305667857813829e+00
2.300000000009757457e+02 -1.411204271554059808e+00
2.305000000009627286e+02 -1.982393378561761788e+00
2.310000000009497114e+02 -1.502647591867282362e+00
2.315000000009366659e+02 -1.839402617442090548e+00
2.320000000009236487e+02 -1.433828726046807445e+00
2.325000000009106316e+02 -9.155608364166982760e-01
2.330000000008976144e+02 -1.734186735939169388e+00
2.335000000008845973e+02 -1.694507629355306966e+00
2.340000000008715517e+02 -8.205470676615131964e-01
2.345000000008585346e+02 -1.446827866028657095e+00
2.350000000008455174e+02 -1.561251008186350209e+00
2.355000000008325003e+02 -1.171904762833720248e+00
2.360000000008194831e+02 -1.535323286462261905e+00
2.365000000008064660e+02 -1.377269932099260297e+00
2.370000000007934204e+02 -6.943655422629193552e-01
2.375000000007804033e+02 -2.016755912361739345e+00
2.380000000007673862e+02 -1.114558713686486291e+00
2.385000000007543690e+02 -9.989264170805892684e-01
2.390000000007413519e+02 -1.236664793484085090e+00
2.395000000007283063e+02 -1.172709227319162384e+00
2.400000000007152892e+02 -1.276829004520728672e+00
2.405000000007022720e+02 -1.537058233038739452e+00
2.410000000006892549e+02 -1.114629552334926998e+00
2.415000000006762377e+02 -1.209958183769416884e+00
2.420000000006632206e+02 -1.296622926556475486e+00
2.425000000006501750e+02 -1.103137651165363220e+00
2.430000000006371579e+02 -1.153234665753698485e+00
2.435000000006241407e+02 -1.308414895984506554e+00
2.440000000006111236e+02 -1.014246652698779227e+00
2.445000000005981065e+02 -7.104088998798862020e-01
2.450000000005850609e+02 -1.445056022979593680e+00
2.455000000005720437e+02 -1.394045366654714568e+00
2.460000000005590266e+02 -1.186881234929646256e+00
2.465000000005460095e+02 -1.423727741568147298e+00
2.470000000005329923e+02 -1.213234468149040568e+00
2.475000000005199752e+02 -1.296741504298731140e+00
2.480000000005069296e+02 -1.496145414586393496e+00
2.485000000004939125e+02 -6.902032317342362555e-01
2.490000000004808953e+02 -1.290956819657410826e+00
2.495000000004678782e+02 -1.214411759546841330e+00
2.500000000004548610e+02 -1.460110588729698344e+00
2.505000000004418155e+02 -1.597108926214366953e+00
2.510000000004287983e+02 -1.472972270946791395e+00
2.515000000004157812e+02 -1.134222629580689867e+00
2.520000000004027640e+02 -1.712172298178568752e+00
2.525000000003897469e+02 -1.050038525519288779e+00
2.530000000003767013e+02 -9.951712879075119700e-01
2.535000000003636842e+02 -1.427398351014047773e+00
2.540000000003506671e+02 -1.324819989734254744e+00
2.545000000003376499e+02 -1.627518244197195374e+00
2.550000000003246328e+02 -1.349868287936756728e+00
2.555000000003116156e+02 -7.425206866223270641e-01
2.560000000002985985e+02 -1.316914087129639199e+00
2.565000000002855813e+02 -1.733648269570498224e+00
2.570000000002725642e+02 -1.151533897552251551e+00
2.575000000002594902e+02 -1.642898498854769240e+00
2.580000000002464731e+02 -1.246517247195033429e+00
2.585000000002334559e+02 -1.486480281689950722e+00
2.590000000002204388e+02 -1.271078028731376985e+00
2.595000000002074216e+02 -9.371810095076660296e-01
2.600000000001944045e+02 -1.808062044136655278e+00
2.605000000001813873e+02 -7.717953578157684680e-01
2.610000000001683702e+02 -1.304001302315463295e+00
2.615000000001553531e+02 -1.639048365649497407e+00
2.620000000001423359e+02 -1.423458739179023436e+00
2.625000000001292619e+02 -1.357308355515874032e+00
2.630000000001162448e+02 -1.327804993942099721e+00
2.635000000001032276e+02 -1.402375764201414299e+00
2.640000000000902105e+02 -1.279627817047740423e+00
2.645000000000771934e+02 -1.296929040232929875e+00
2.650000000000641762e+02 -1.563083553357440092e+00
2.655000000000511591e+02 -1.065537366565027178e+00
2.660000000000381419e+02 -1.181701907561486520e+00
2.665000000000251248e+02 -1.606978453281284747e+00
2.670000000000121076e+02 -1.199894321890557114e+00
2.674999999999990905e+02 -1.000649310927948843e+00
2.679999999999860165e+02 -1.277160469986590607e+00
2.684999999999729994e+02 -1.519707145417518834e+00
2.689999999999599822e+02 -1.384773777821582286e+00
2.694999999999469651e+02 -1.168653666048544704e+00
2.699999999999339479e+02 -1.639934917245894130e+00
2.704999999999209308e+02 -9.765377549353290165e-01
2.709999999999079137e+02 -1.499488615672751601e+00
2.714999999998948965e+02 -1.030286825209745238e+00
2.719999999998818794e+02 -1.289177044351919710e+00
2.724999999998688622e+02 -1.591981758542410086e+00
2.729999999998558451e+02 -1.176585648718310617e+00
2.734999999998427711e+02 -1.476849924857468910e+00
2.739999999998297540e+02 -1.278690399222611962e+00
2.744999999998167368e+02 -9.388420631440875797e-01
2.749999999998037197e+02 -1.312487639418838503e+00
2.754999999997907025e+02 -1.553675693360517585e+00
2.759999999997776854e+02 -1.140053248885213533e+00
2.764999999997646682e+02 -1.278762142294937121e+00
2.769999999997516511e+02 -1.360494741932078755e+00
2.774999999997386340e+02 -1.266610587987979430e+00
2.779999999997256168e+02 -1.329422020755367972e+00
2.784999999997125997e+02 -1.522047048196669694e+00
2.789999999996995257e+02 -1.366794278717387678e+00
2.794999999996865085e+02 -9.976400728792548245e-01
2.799999999996734914e+02 -1.966441499449282038e+00
2.804999999996604743e+02 -1.360686244404200940e+00
2.809999999996474571e+02 -1.191715028347167138e+00
2.814999999996344400e+02 -1.169091949023034260e+00
2.819999999996214228e+02 -1.338430163791986649e+00
2.824999999996084057e+02 -1.101601909842417015e+00
2.829999999995953885e+02 -1.582024555595120896e+00
2.834999999995823714e+02 -1.397304974528590371e+00
2.839999999995693543e+02 -1.711990260947303666e+00
2.844999999995562803e+02 -1.139561394337958333e+00
2.849999999995432631e+02 -1.421654163523982106e+00
2.854999999995302460e+02 -1.080183193076428516e+00
2.859999999995172288e+02 -1.807906134574728929e+00
2.864999999995042117e+02 -1.637314667998799989e+00
2.869999999994911946e+02 -1.395997283810762157e+00
2.874999999994781774e+02 -1.179358936415147774e+00
2.879999999994651603e+02 -1.059844731629198566e+00
2.884999999994521431e+02 -1.083876388647945888e+00
2.889999999994391260e+02 -1.542255542453115025e+00
2.894999999994261088e+02 -1.056956927748765818e+00
2.899999999994130349e+02 -1.230106488545239518e+00
2.904999999994000177e+02 -1.083928651906945539e+00
2.909999999993870006e+02 -1.576461819253399677e+00
2.914999999993739834e+02 -1.354675146642290606e+00
2.919999999993609663e+02 -1.780947446342142193e+00
2.924999999993479491e+02 -8.133141982200714493e-01
2.929999999993349320e+02 -1.946953404092691908e+00
2.934999999993219149e+02 -1.469727728104396336e+00
2.939999999993088977e+02 -9.194587798548045088e-01
2.944999999992958806e+02 -1.422335701579168221e+00
2.949999999992828634e+02 -1.416886317699636910e+00
2.954999999992697894e+02 -1.742963630633615146e+00
2.959999999992567723e+02 -1.131465697660436476e+00
2.964999999992437552e+02 -1.167539884722846866e+00
2.969999999992307380e+02 -1.601267013879642098e+00
2.974999999992177209e+02 -1.208910707178498356e+00
2.979999999992047037e+02 -1.163032921145746856e+00
2.984999999991916866e+02 -1.398370088804660405e+00
2.989999999991786694e+02 -1.184296882871811007e+00
2.994999999991656523e+02 -1.071404141402848342e+00
2.999999999991526352e+02 -1.606049248791980188e+00
3.004999999991396180e+02 -1.167020389448359285e+00
3.009999999991265440e+02 -1.374550857557577555e+00
3.014999999991135269e+02 -1.235534795827991195e+00
3.019999999991005097e+02 -1.305001675912168313e+00
3.024999999990874926e+02 -1.338068545177215629e+00
3.029999999990744755e+02 -1.730431767516958041e+00
3.034999999990614583e+02 -1.391565716285946275e+00
3.039999999990484412e+02 -8.919806809433106221e-01
3.044999999990354240e+02 -1.384985665261649235e+00
3.049999999990224069e+02 -1.241819924730136249e+00
3.054999999990093897e+02 -1.272609533518824554e+00
3.059999999989963158e+02 -1.703519821190980110e+00
3.064999999989832986e+02 -1.227407391284214278e+00
3.069999999989702815e+02 -1.213929857565738457e+00
3.074999999989572643e+02 -1.819940867782162908e+00
3.079999999989442472e+02 -1.469372138131565642e+00
3.084999999989312300e+02 -1.237666969629170222e+00
3.089999999989182129e+02 -1.428031909349799289e+00
3.094999999989051958e+02 -9.795638659987155883e-01
3.099999999988921786e+02 -1.503841089813267251e+00
3.104999999988791615e+02 -9.847546759800971383e-01
3.109999999988661443e+02 -1.134716052038208467e+00
3.114999999988530703e+02 -1.350656974133572996e+00
3.119999999988400532e+02 -1.454907043704328551e+00
3.124999999988270361e+02 -9.084597397962750343e-01
3.129999999988140189e+02 -1.087906519532361171e+00
3.134999999988010018e+02 -1.265188056619034107e+00
3.139999999987879846e+02 -1.172522207348538181e+00
3.144999999987749675e+02 -1.282889933206148081e+00
3.149999999987619503e+02 -1.346800910974256915e+00
3.154999999987489332e+02 -1.182830825805956332e+00
3.159999999987359161e+02 -1.515271392009671425e+00
3.164999999987228989e+02 -1.446315369232561876e+00
3.169999999987098249e+02 -1.201765070438327809e+00
3.174999999986968078e+02 -1.205667680914465967e+00
3.179999999986837906e+02 -1.763230811746081095e+00
3.184999999986707735e+02 -1.341042132869147974e+00
3.189999999986577564e+02 -9.743024934964253925e-01
3.194999999986447392e+02 -1.686122137467654936e+00
3.199999999986317221e+02 -1.157249238297759497e+00
3.204999999986187049e+02 -1.324783721473216325e+00
3.209999999986056878e+02 -1.459530137998424904e+00
3.214999999985926706e+02 -1.420715493896408832e+00
3.219999999985796535e+02 -1.077596107309847895e+00
3.224999999985665795e+02 -1.453060295105675248e+00
3.229999999985535624e+02 -8.777943178233434951e-01
3.234999999985405452e+02 -1.250798911240911693e+00
3.239999999985275281e+02 -1.009918181371746604e+00
3.244999999985145109e+02 -1.009402091668187174e+00
3.249999999985014938e+02 -1.500412678190687688e+00
3.254999999984884766e+02 -1.291705380376729329e+00
3.259999999984754595e+02 -1.910728788702689807e+00
3.264999999984624424e+02 -9.473793158065200171e-01
3.269999999984494252e+02 -1.968320251404662269e+00
3.274999999984364081e+02 -1.845817034438621551e+00
3.279999999984233341e+02 -1.292577514074490175e+00
3.284999999984103169e+02 -1.283757574018225878e+00
3.289999999983972998e+02 -1.374385809242116174e+00
3.294999999983842827e+02 -1.399787507077688620e+00
3.299999999983712655e+02 -1.590128167888627653e+00
3.304999999983582484e+02 -1.185168822919580034e+00
3.309999999983452312e+02 -9.698106941308933804e-01
3.314999999983322141e+02 -1.929327880216054059e+00
3.319999999983191969e+02 -1.410909086019931369e+00
3.324999999983061798e+02 -1.165121953206412986e+00
3.329999999982931627e+02 -1.133119108880866532e+00
3.334999999982800887e+02 -1.280023461476897051e+00
3.339999999982670715e+02 -1.332780496928464009e+00
3.344999999982540544e+02 -1.030429326730672779e+00
3.349999999982410372e+02 -1.398502650682094117e+00
3.354999999982280201e+02 -1.209096729324489194e+00
3.359999999982150030e+02 -1.075671898087792844e+00
3.364999999982019858e+02 -1.095601051795895176e+00
3.369999999981889687e+02 -1.012590328602892331e+00
3.374999999981759515e+02 -1.404203199656965495e+00
3.379999999981629344e+02 -1.247805649269501105e+00
3.384999999981499172e+02 -1.482856702031626561e+00
3.389999999981368433e+02 -1.528462218969164121e+00
3.394999999981238261e+02 -1.098519728515339633e+00
3.399999999981108090e+02 -1.109298811943512986e+00
3.404999999980977918e+02 -1.074013438916346930e+00
3.409999999980847747e+02 -1.431082206429970860e+00
3.414999999980717575e+02 -1.417712669319124430e+00
3.419999999980587404e+02 -9.250248344006755108e-01
3.424999999980457233e+02 -1.457621070257986373e+00
3.429999999980327061e+02 -1.580353287341416779e+00
3.434999999980196890e+02 -1.340396416770717858e+00
3.439999999980066718e+02 -1.320675651995691924e+00
3.444999999979935978e+02 -1.172540383154357491e+00
3.449999999979805807e+02 -1.605004254175079081e+00
3.454999999979675636e+02 -1.474409502451287990e+00
3.459999999979545464e+02 -1.340845333020590724e+00
3.464999999979415293e+02 -1.284051113481136763e+00
3.469999999979285121e+02 -1.492548798179606395e+00
3.474999999979154950e+02 -1.442069769744171337e+00
3.479999999979024778e+02 -1.347034532854971989e+00
3.484999999978894607e+02 -1.533583709607210244e+00
3.489999999978764436e+02 -1.213726858874043080e+00
3.494999999978633696e+02 -1.205896949611706459e+00
3.499999999978503524e+02 -9.601214729899590905e-01
3.504999999978373353e+02 -1.571334597989095139e+00
3.509999999978243181e+02 -5.840038469454009729e-01
3.514999999978113010e+02 -1.527892149042794134e+00
3.519999999977982839e+02 -9.748528104446569920e-01
3.524999999977852667e+02 -1.523847253112570632e+00
3.529999999977722496e+02 -1.701303885266399307e+00
3.534999999977592324e+02 -6.606047531065885048e-01
3.539999999977462153e+02 -1.761519488209739137e+00
3.544999999977331981e+02 -1.924843073048831732e+00
3.549999999977201242e+02 -1.337484110179847363e+00
3.554999999977071070e+02 -1.082221579790553001e+00
3.559999999976940899e+02 -1.537699997942336250e+00
3.564999999976810727e+02 -9.316048448053035891e-01
3.569999999976680556e+02 -1.403947369517615895e+00
3.574999999976550384e+02 -1.248697754501792545e+00
3.579999999976420213e+02 -1.163005056870501708e+00
3.584999999976290042e+02 -1.175080175502606128e+00
3.589999999976159870e+02 -1.527311234134355322e+00
3.594999999976029699e+02 -6.816881874258425844e-01
3.599999999975899527e+02 -9.341685721808533627e-01
3.604999999975768787e+02 -1.101567957447027624e+00
3.609999999975638616e+02 -1.636691656955816088e+00
3.614999999975508445e+02 -1.349516342422946602e+00
3.619999999975378273e+02 -1.299675166346642374e+00
3.624999999975248102e+02 -1.436838602031873524e+00
3.629999999975117930e+02 -7.318684008156364218e-01
3.634999999974987759e+02 -1.974305373055045054e+00
3.639999999974857587e+02 -1.614198327625147922e+00
3.644999999974727416e+02 -9.744269308869166757e-01
3.649999999974597245e+02 -1.449352160991284943e+00
3.654999999974467073e+02 -1.479789187460730071e+00
3.659999999974336333e+02 -9.713250233906033371e-01
3.664999999974206162e+02 -1.194242886090115974e+00
3.669999999974075990e+02 -7.916651447514228002e-01
3.674999999973945819e+02 -1.713990918678411690e+00
3.679999999973815648e+02 -1.360650231544181299e+00
3.684999999973685476e+02 -1.685817386149671027e+00
3.689999999973555305e+02 -1.772838938550478138e+00
3.694999999973425133e+02 -1.571340107663159014e+00
3.699999999973294962e+02 -9.876759575399285396e-01
3.704999999973164790e+02 -1.776289908206405199e+00
3.709999999973034619e+02 -1.613767492904972345e+00
3.714999999972903879e+02 -1.312596655650989597e+00
3.719999999972773708e+02 -9.278902121057011065e-01
3.724999999972643536e+02 -1.201079441862942243e+00
3.729999999972513365e+02 -1.328927135319428743e+00
3.734999999972383193e+02 -1.236178835275026033e+00
3.739999999972253022e+02 -1.496400450057516096e+00
3.744999999972122851e+02 -1.035303404351525236e+00
3.749999999971992679e+02 -1.315706989963590923e+00
3.754999999971862508e+02 -1.198904420760207978e+00
3.759999999971732336e+02 -8.732116849199399455e-01
3.764999999971602165e+02 -1.672168193973073258e+00
3.769999999971471425e+02 -1.285374020129680162e+00
3.774999999971341254e+02 -1.567264501892177142e+00
3.779999999971211082e+02 -1.440569980130445682e+00
3.784999999971080911e+02 -1.837482762137272907e+00
3.789999999970950739e+02 -1.798435135320965550e+00
3.794999999970820568e+02 -1.905424936636688438e+00
3.799999999970690396e+02 -8.637370936102853891e-01
3.804999999970560225e+02 -1.554172372899182308e+00
3.809999999970430054e+02 -1.224004494531316878e+00
3.814999999970299882e+02 -9.465199412899407694e-01
3.819999999970169711e+02 -1.213878840074303245e+00
3.824999999970038971e+02 -1.229685285575104814e+00
3.829999999969908799e+02 -1.298120205420059126e+00
3.834999999969778628e+02 -1.036214979574953121e+00
3.839999999969648456e+02 -1.120103468045210882e+00
3.844999999969518285e+02 -1.338613970236184336e+00
3.849999999969388114e+02 -1.168226484037395041e+00
3.854999999969257942e+02 -1.497745932612185138e+00
3.859999999969127771e+02 -8.429610952453616690e-01
3.864999999968997599e+02 -1.363370265776846058e+00
3.869999999968867428e+02 -7.996313106295136475e-01
3.874999999968737256e+02 -1.396024794571945504e+00
3.879999999968606517e+02 -1.212478152258761988e+00
3.884999999968476345e+02 -1.324569602539588109e+00
3.889999999968346174e+02 -8.480022656228988209e-01
3.894999999968216002e+02 -1.491746855576264519e+00
3.899999999968085831e+02 -1.793819145531113879e+00
3.904999999967955659e+02 -1.150338104857313137e+00
3.909999999967825488e+02 -1.813348897343150190e+00
3.914999999967695317e+02 -1.181045786445043877e+00
3.919999999967565145e+02 -1.650167825675553868e+00
3.924999999967434974e+02 -1.217027458110748084e+00
3.929999999967304234e+02 -1.044293594467888608e+00
3.934999999967174062e+02 -1.167441528447075383e+00
3.939999999967043891e+02 -1.716901567279959462e+00
3.944999999966913720e+02 -1.106995343639038065e+00
3.949999999966783548e+02 -1.082312810008882575e+00
3.954999999966653377e+02 -1.494958590211058480e+00
3.959999999966523205e+02 -1.095643100450756746e+00
3.964999999966393034e+02 -1.251838488553331796e+00
3.969999999966262862e+02 -1.573615646299531656e+00
3.974999999966132691e+02 -8.903850660789671689e-01
3.979999999966002520e+02 -1.729404860084970519e+00
3.984999999965871780e+02 -1.179795500520495199e+00
3.989999999965741608e+02 -3.009185087103388168e-01
3.994999999965611437e+02 -1.689400496554285258e+00
3.999999999965481265e+02 -1.416710330353087466e+00
4.004999999965351094e+02 -6.692836914823480088e-01
4.009999999965220923e+02 -1.392536766882235044e+00
4.014999999965090751e+02 -1.304476946531675674e+00
4.019999999964960580e+02 -1.439903177721441052e+00
4.024999999964830408e+02 -8.429249793148466674e-01
4.029999999964700237e+02 -1.370376038277079100e+00
4.034999999964570065e+02 -1.581173849565289169e+00
4.039999999964439326e+02 -1.252047443049529862e+00
4.044999999964309154e+02 -1.134075901473115433e+00
4.049999999964178983e+02 -1.227633680983085229e+00
4.054999999964048811e+02 -1.299274480665131515e+00
4.059999999964079507e+02 -8.824601102168565525e-01
4.064999999964400104e+02 -1.785671637213618101e+00
4.069999999964720132e+02 -5.702529506331522891e-01
4.074999999965040729e+02 -1.513335692368739105e+00
4.079999999965360757e+02 -2.042777290909984611e+00
4.084999999965681354e+02 -1.068588385463890233e+00
4.089999999966001383e+02 -2.201556127196444557e+00
4.094999999966321980e+02 -1.404555692968138647e+00
4.099999999966642008e+02 -9.431112970775865634e-01
4.104999999966962605e+02 -1.522998670964516910e+00
4.109999999967282633e+02 -1.015245340286223374e+00
4.114999999967603230e+02 -1.401236845177160850e+00
4.119999999967923259e+02 -1.230676982350378035e+00
4.124999999968243856e+02 -1.460054578414598181e+00
4.129999999968563884e+02 -1.563751194806068723e+00
4.134999999968884481e+02 -1.139678278574605796e+00
4.139999999969205078e+02 -1.640397842007711215e+00
4.144999999969525106e+02 -1.343723336815566105e+00
4.149999999969845703e+02 -1.171995194382703609e+00
4.154999999970165732e+02 -1.115814247317716390e+00
4.159999999970486328e+02 -1.667902070130009129e+00
4.164999999970806357e+02 -1.529902870541542059e+00
4.169999999971126954e+02 -9.143512356666053664e-01
4.174999999971446982e+02 -2.389616515196542057e+00
4.179999999971767579e+02 -1.226858164621302594e+00
4.184999999972087608e+02 -1.604020530190516602e+00
4.189999999972408204e+02 -1.269722143330933806e+00
4.194999999972728233e+02 -1.898719319460374866e+00
4.199999999973048830e+02 -1.484984657877731262e+00
4.204999999973368858e+02 -1.221278309307012533e+00
4.209999999973689455e+02 -7.458703580985491799e-01
4.214999999974009484e+02 -1.507254957235048654e+00
4.219999999974330080e+02 -1.640184658336495183e+00
4.224999999974650109e+02 -1.646459260649049572e+00
4.229999999974970706e+02 -1.312587986886882607e+00
4.234999999975291303e+02 -1.671531149352007750e+00
4.239999999975611331e+02 -9.808880957239951570e-01
4.244999999975931928e+02 -1.267013372016601025e+00
4.249999999976251956e+02 -1.189450124605947456e+00
4.254999999976572553e+02 -8.983705310588201431e-01
4.259999999976892582e+02 -1.422159559548026087e+00
4.264999999977213179e+02 -1.115307752360889637e+00
4.269999999977533207e+02 -1.149668548006318458e+00
4.274999999977853804e+02 -9.957044721175987156e-01
4.279999999978173832e+02 -1.489384631599723452e+00
4.284999999978494429e+02 -1.360822675163465334e+00
4.289999999978814458e+02 -1.200210469685430548e+00
4.294999999979135055e+02 -1.002143366468401187e+00
4.299999999979455083e+02 -1.297120998542501846e+00
4.304999999979775680e+02 -9.901384800486960902e-01
4.309999999980095708e+02 -1.767037628882556222e+00
4.314999999980416305e+02 -9.184069380238385483e-01
4.319999999980736902e+02 -1.746640707663960512e+00
4.324999999981056931e+02 -1.867041292034142597e+00
4.329999999981377528e+02 -1.355822634839162877e+00
4.334999999981697556e+02 -1.200848816772828620e+00
4.339999999982018153e+02 -1.323010711920298066e+00
4.344999999982338181e+02 -9.984790045072733378e-01
4.349999999982658778e+02 -1.208892683033546467e+00
4.354999999982978807e+02 -1.042531770438716476e+00
4.359999999983299404e+02 -1.263956178201856462e+00
4.364999999983619432e+02 -1.188238475993413035e+00
4.369999999983940029e+02 -1.399499204444598854e+00
4.374999999984260057e+02 -8.840081036844618101e-01
4.379999999984580654e+02 -1.799782253691600165e+00
4.384999999984900683e+02 -1.253247720089429862e+00
4.389999999985221280e+02 -1.083856458978634141e+00
4.394999999985541308e+02 -1.306842707280669647e+00
4.399999999985861905e+02 -9.103978388182023540e-01
4.404999999986182502e+02 -1.616186010334311751e+00
4.409999999986502530e+02 -1.258670868593680048e+00
4.414999999986823127e+02 -1.144509561287059496e+00
4.419999999987143156e+02 -1.289259902367228650e+00
4.424999999987463752e+02 -1.185483854342611387e+00
4.429999999987783781e+02 -8.454099061916677815e-01
4.434999999988104378e+02 -1.140762391519694940e+00
4.439999999988424406e+02 -1.111503656582457422e+00
4.444999999988745003e+02 -1.282270093624226392e+00
4.449999999989065032e+02 -1.139692734649779160e+00
4.454999999989385628e+02 -1.032769564992376932e+00
4.459999999989705657e+02 -1.490344181969318837e+00
4.464999999990026254e+02 -1.331385459433420682e+00
4.469999999990346282e+02 -1.165476378102351385e+00
4.474999999990666879e+02 -1.429311110728788803e+00
4.479999999990986908e+02 -1.488876855500574914e+00
4.484999999991307504e+02 -1.160121801471492242e+00
4.489999999991627533e+02 -1.522253048770933370e+00
4.494999999991948130e+02 -1.435949332104449860e+00
4.499999999992268727e+02 -1.603498812285329533e+00
4.504999999992588755e+02 -1.304772230942295552e+00
4.509999999992909352e+02 -1.246712126171524160e+00
4.514999999993229380e+02 -1.369161914968115124e+00
4.519999999993549977e+02 -1.272207096022152317e+00
4.524999999993870006e+02 -1.650252440775312524e+00
4.529999999994190603e+02 -1.985674722063764275e+00
4.534999999994510631e+02 -9.068761604332388204e-01
4.539999999994831228e+02 -1.594605398369151272e+00
4.544999999995151256e+02 -1.274858500604671985e+00
4.549999999995471853e+02 -1.125144868998734005e+00
4.554999999995791882e+02 -1.190543326063936647e+00
4.559999999996112479e+02 -1.365466947643932283e+00
4.564999999996432507e+02 -1.418385159929492323e+00
4.569999999996753104e+02 -1.484498986778474139e+00
4.574999999997073132e+02 -1.179418710444340546e+00
4.579999999997393729e+02 -1.272776082187442981e+00
4.584999999997714326e+02 -9.210786074719277128e-01
4.589999999998034355e+02 -1.641634823038700119e+00
4.594999999998354951e+02 -1.235754680014428120e+00
4.599999999998674980e+02 -1.467309803463610951e+00
4.604999999998995577e+02 -1.389819018373884107e+00
4.609999999999315605e+02 -9.335709213940001083e-01
4.614999999999636202e+02 -1.322933872250207754e+00
4.619999999999956231e+02 -7.757182635882734489e-01
4.625000000000276827e+02 -1.793790575207832916e+00
4.630000000000596856e+02 -1.304123580812884153e+00
4.635000000000917453e+02 -1.531170019230840618e+00
4.640000000001237481e+02 -1.269403598521541943e+00
4.645000000001558078e+02 -1.199505528800014265e+00
4.650000000001878107e+02 -1.391801832766234037e+00
4.655000000002198703e+02 -1.859155419587645852e+00
4.660000000002518732e+02 -1.798468562290535422e+00
4.665000000002839329e+02 -1.863885504387317704e+00
4.670000000003159357e+02 -1.551392593638652562e+00
4.675000000003479954e+02 -1.005322970055467779e+00
4.680000000003800551e+02 -1.776408295981302121e+00
4.685000000004120579e+02 -1.929918824036090275e+00
4.690000000004441176e+02 -8.920853792666693094e-01
4.695000000004761205e+02 -2.175227023209356680e+00
4.700000000005081802e+02 -1.229957718250683341e+00
4.705000000005401830e+02 -1.723186411712537502e+00
4.710000000005722427e+02 -1.486984382096767643e+00
4.715000000006042455e+02 -1.067041048077457699e+00
4.720000000006363052e+02 -1.326873140943236384e+00
4.725000000006683081e+02 -1.274643591488668681e+00
4.730000000007003678e+02 -1.073768600260707640e+00
4.735000000007323706e+02 -1.513318525668349901e+00
4.740000000007644303e+02 -1.265003161042096647e+00
4.745000000007964331e+02 -2.261462840161182264e+00
4.750000000008284928e+02 -1.313922084194719231e+00
4.755000000008604957e+02 -1.259809396443339446e+00
4.760000000008925554e+02 -1.658387027907415545e+00
4.765000000009246151e+02 -1.599075591286729381e+00
4.770000000009566179e+02 -1.190081623823789903e+00
4.775000000009886776e+02 -1.084607487965554729e+00
4.780000000010206804e+02 -2.021761223328553125e+00
4.785000000010527401e+02 -1.543811785765873967e+00
4.790000000010847430e+02 -1.896927210611471626e+00
4.795000000011168027e+02 -1.410991828495689271e+00
4.800000000011488055e+02 -1.054041040967040210e+00
4.805000000011808652e+02 -1.837778762764544549e+00
4.810000000012128680e+02 -1.136295050279149343e+00
4.815000000012449277e+02 -1.000395070293569333e+00
4.820000000012769306e+02 -2.163751551708071652e+00
4.825000000013089902e+02 -7.557473264133190982e-01
4.830000000013409931e+02 -1.352315314028932791e+00
4.835000000013730528e+02 -1.244912362320785393e+00
4.840000000014050556e+02 -5.916841105292902636e-01
4.845000000014371153e+02 -1.611655058601074941e+00
4.850000000014691750e+02 -1.420597469237877331e+00
4.855000000015011778e+02 -1.286070551969128894e+00
4.860000000015332375e+02 -1.363288447001393955e+00
4.865000000015652404e+02 -1.147865887196142465e+00
4.870000000015973001e+02 -1.246875599399307699e+00
4.875000000016293029e+02 -1.306895335273368985e+00
4.880000000016613626e+02 -1.235625475606627166e+00
4.885000000016933654e+02 -1.296615846783358839e+00
4.890000000017254251e+02 -1.474284318305454589e+00
4.895000000017574280e+02 -1.242858213292545866e+00
4.900000000017894877e+02 -9.909097409081348840e-01
4.905000000018214905e+02 -1.423233618638262588e+00
4.910000000018535502e+02 -1.419794079465206860e+00
4.915000000018855530e+02 -2.092186657101196889e+00
4.920000000019176127e+02 -1.267649976944075663e+00
4.925000000019496156e+02 -1.685578499830374666e+00
4.930000000019816753e+02 -1.231150331739288895e+00
4.935000000020136781e+02 -1.740848142736580728e+00
4.940000000020457378e+02 -1.171709929715192056e+00
4.945000000020777975e+02 -1.229428881122438533e+00
4.950000000021098003e+02 -1.488588951669064464e+00
4.955000000021418600e+02 -1.272342190157153885e+00
4.960000000021738629e+02 -1.726180901022067893e+00
4.965000000022059226e+02 -1.180075704693078986e+00
4.970000000022379254e+02 -1.310099603369997867e+00
4.975000000022699851e+02 -9.621629772856938878e-01
4.980000000023019879e+02 -1.499789884512433558e+00
4.985000000023340476e+02 -1.412845405524087772e+00
4.990000000023660505e+02 -1.348920013207759228e+00
4.995000000023981102e+02 -1.146432415290925544e+00
5.000000000024301130e+02 -1.286017522083471087e+00
5.005000000024621727e+02 -1.495275321862487239e+00
5.010000000024941755e+02 -1.163603895883642103e+00
5.015000000025262352e+02 -1.418361958990334237e+00
5.020000000025582381e+02 -1.390904259397288900e+00
5.025000000025902978e+02 -1.466462185688907516e+00
5.030000000026223574e+02 -1.211640673166322735e+00
5.035000000026543603e+02 -1.841466005996523769e+00
5.040000000026864200e+02 -1.193053469665045441e+00
5.045000000027184228e+02 -8.944018334755520216e-01
5.050000000027504825e+02 -1.784426326077294789e+00
5.055000000027824854e+02 -1.397021974387248955e+00
5.060000000028145450e+02 -1.598584232061641464e+00
5.065000000028465479e+02 -2.018890944484845740e+00
5.070000000028786076e+02 -1.165497565581376627e+00
5.075000000029106104e+02 -1.498505125892671153e+00
5.080000000029426701e+02 -1.448080300167792878e+00
5.085000000029746730e+02 -1.887167576208653053e+00
5.090000000030067326e+02 -1.128536124911187377e+00
5.095000000030387355e+02 -2.188401959368783789e+00
5.100000000030707952e+02 -1.162258927633037286e+00
5.105000000031027980e+02 -1.938457062288962085e+00
5.110000000031348577e+02 -1.607446571168611005e+00
5.115000000031668606e+02 -1.521123395040845150e+00
5.120000000031989202e+02 -1.031156475190518007e+00
5.125000000032309799e+02 -9.514395021644628248e-01
5.130000000032630396e+02 -1.652211500460962990e+00
5.135000000032949856e+02 -1.032222926586982670e+00
5.140000000033270453e+02 -1.414546883061453153e+00
5.145000000033591050e+02 -1.485316844911005685e+00
5.150000000033911647e+02 -1.583600332321466464e+00
5.155000000034231107e+02 -1.541933536414382244e+00
5.160000000034551704e+02 -1.353700891257514582e+00
5.165000000034872301e+02 -8.172771303059748194e-01
5.170000000035192897e+02 -1.202755330443885384e+00
5.175000000035512357e+02 -1.196714074783587156e+00
5.180000000035832954e+02 -1.152956511088159441e+00
5.185000000036153551e+02 -1.310704502398917670e+00
5.190000000036474148e+02 -1.993197260456192943e+00
5.195000000036793608e+02 -1.317388326076465388e+00
5.200000000037114205e+02 -1.560754660895557144e+00
5.205000000037434802e+02 -1.443783239163646037e+00
5.210000000037755399e+02 -1.303519232348391510e+00
5.215000000038075996e+02 -1.534393860544808419e+00
5.220000000038395456e+02 -1.115776862002178849e+00
5.225000000038716053e+02 -1.246317523366356372e+00
5.230000000039036649e+02 -1.803816550686365039e+00
5.235000000039357246e+02 -1.094522529532900190e+00
5.240000000039676706e+02 -1.303608114239160232e+00
5.245000000039997303e+02 -1.169306681313868390e+00
5.250000000040317900e+02 -1.002904881621955235e+00
5.255000000040638497e+02 -1.225084806252477287e+00
5.260000000040957957e+02 -8.630195217919461870e-01
5.265000000041278554e+02 -1.323446340049315273e+00
5.270000000041599151e+02 -1.011032514828203555e+00
5.275000000041919748e+02 -1.467152164151601657e+00
5.280000000042239208e+02 -2.327969895783403409e+00
5.285000000042559805e+02 -1.628364398881186892e+00
5.290000000042880401e+02 -1.632954775532979630e+00
5.295000000043200998e+02 -1.820465170558269064e+00
5.300000000043521595e+02 -2.104420510041177916e+00
5.305000000043841055e+02 -1.035292941135812272e+00
5.310000000044161652e+02 -1.435600701429093462e+00
5.315000000044482249e+02 -1.055439790106271092e+00
5.320000000044802846e+02 -9.548210685924308772e-01
5.325000000045122306e+02 -2.036015617024233837e+00
5.330000000045442903e+02 -4.687152727996063417e-01
5.335000000045763500e+02 -1.659847011489532953e+00
5.340000000046084097e+02 -1.732635913751153556e+00
5.345000000046403557e+02 -1.182913187520190590e+00
5.350000000046724153e+02 -1.715674457380057527e+00
5.355000000047044750e+02 -9.786832591569095685e-01
5.360000000047365347e+02 -8.728175089871167414e-01
5.365000000047684807e+02 -1.483315340573041929e+00
5.370000000048005404e+02 -6.355415732535796280e-01
5.375000000048326001e+02 -1.567777549124239611e+00
5.380000000048646598e+02 -1.425856927930739149e+00
5.385000000048967195e+02 -6.187541297360139581e-01
5.390000000049286655e+02 -1.914096551390844558e+00
5.395000000049607252e+02 -1.913316555028839572e+00
5.400000000049927849e+02 -1.946752510732216113e+00
5.405000000050248445e+02 -1.730499770157131190e+00
5.410000000050567905e+02 -1.254137267832748259e+00
5.415000000050888502e+02 -1.493352864946628333e+00
5.420000000051209099e+02 -1.253591260643628136e+00
5.425000000051529696e+02 -1.445525232821389450e+00
5.430000000051849156e+02 -1.399052442169650634e+00
5.435000000052169753e+02 -1.315417909116141981e+00
5.440000000052490350e+02 -9.288688479519783270e-01
5.445000000052810947e+02 -1.276534366757921868e+00
5.450000000053130407e+02 -1.603847034135237992e+00
5.455000000053451004e+02 -1.033651510500073201e+00
5.460000000053771601e+02 -1.461101258117887269e+00
5.465000000054092197e+02 -1.401685846737308339e+00
5.470000000054411657e+02 -1.570615760282123796e+00
5.475000000054732254e+02 -1.759700596619893087e+00
5.480000000055052851e+02 -6.007169177042767094e-01
5.485000000055373448e+02 -1.407344472455316131e+00
5.490000000055694045e+02 -1.353386801460548350e+00
5.495000000056013505e+02 -1.228411238190512123e+00
5.500000000056334102e+02 -1.441170697479330798e+00
5.505000000056654699e+02 -1.255755832683702167e+00
5.510000000056975296e+02 -1.844805168242225069e+00
5.515000000057294756e+02 -2.026491891135134171e+00
5.520000000057615352e+02 -1.249051460482432763e+00
5.525000000057935949e+02 -1.318402805980959602e+00
5.530000000058256546e+02 -1.061848790314201096e+00
5.535000000058576006e+02 -1.324943873980476861e+00
5.540000000058896603e+02 -1.419143908527066067e+00
5.545000000059217200e+02 -1.378439060465850963e+00
5.550000000059537797e+02 -1.754846626726283665e+00
5.555000000059857257e+02 -1.409554098933304855e+00
5.560000000060177854e+02 -1.111999635508122530e+00
5.565000000060498451e+02 -1.498921186680483908e+00
5.570000000060819048e+02 -1.585989112592819605e+00
5.575000000061139644e+02 -1.452630883543900797e+00
5.580000000061459104e+02 -1.412471730812427051e+00
5.585000000061779701e+02 -1.879763454115052079e+00
5.590000000062100298e+02 -1.686118501045105633e+00
5.595000000062420895e+02 -9.452526277349483363e-01
5.600000000062740355e+02 -1.719902951271713665e+00
5.605000000063060952e+02 -1.395594141337287875e+00
5.610000000063381549e+02 -9.306064135807686766e-01
5.615000000063702146e+02 -1.265107187278605050e+00
5.620000000064021606e+02 -1.533168947434716989e+00
5.625000000064342203e+02 -4.667808856693376751e-01
5.630000000064662800e+02 -1.769661351043135156e+00
5.635000000064983396e+02 -1.555839445413747191e+00
5.640000000065302856e+02 -1.726986558790044590e+00
5.645000000065623453e+02 -1.210723198156561375e+00
5.650000000065944050e+02 -1.340489197598002891e+00
5.655000000066264647e+02 -1.266633984616716724e+00
5.660000000066585244e+02 -1.542941050026530148e+00
5.665000000066904704e+02 -1.297107523677206276e+00
5.670000000067225301e+02 -1.123206430704347225e+00
5.675000000067545898e+02 -1.207748769548919521e+00
5.680000000067866495e+02 -1.304909829987161318e+00
5.685000000068185955e+02 -7.378874890128490627e-01
5.690000000068506552e+02 -1.856433638530231800e+00
5.695000000068827148e+02 -1.154577599500111074e+00
5.700000000069147745e+02 -1.133426974862869585e+00
5.705000000069467205e+02 -1.587512236949136568e+00
5.710000000069787802e+02 -1.106043231605173593e+00
5.715000000070108399e+02 -1.228667136311117458e+00
5.720000000070428996e+02 -1.232193485126148680e+00
5.725000000070748456e+02 -1.254312734621333414e+00
5.730000000071069053e+02 -1.318727256295115113e+00
5.735000000071389650e+02 -1.169930889914055028e+00
5.740000000071710247e+02 -1.405685775439256435e+00
5.745000000072030844e+02 -1.095415300331628483e+00
5.750000000072350304e+02 -1.235304979409434845e+00
5.755000000072670900e+02 -1.489396859577886145e+00
5.760000000072991497e+02 -1.333070423705868368e+00
5.765000000073312094e+02 -1.035260997965486762e+00
5.770000000073631554e+02 -1.781630538537120501e+00
5.775000000073952151e+02 -1.541761893240686243e+00
5.780000000074272748e+02 -1.241228871681914203e+00
5.785000000074593345e+02 -1.173033302649913345e+00
5.790000000074912805e+02 -9.883427397865711672e-01
5.795000000075233402e+02 -1.629566024553271042e+00
5.800000000075553999e+02 -4.595294004663533216e-01
5.805000000075874595e+02 -1.914798558329304790e+00
5.810000000076194056e+02 -1.585948186962529594e+00
5.815000000076514652e+02 -1.875015045218346499e+00
5.820000000076835249e+02 -1.631353145784204983e+00
5.825000000077155846e+02 -9.759189329266906299e-01
5.830000000077476443e+02 -1.135903399862699059e+00
5.835000000077795903e+02 -1.231642752164361143e+00
5.840000000078116500e+02 -1.421648495075950036e+00
5.845000000078437097e+02 -1.055780149309094806e+00
5.850000000078757694e+02 -1.257635475951922821e+00
5.855000000079077154e+02 -1.285411411909322288e+00
5.860000000079397751e+02 -1.325431308375300876e+00
5.865000000079718347e+02 -1.446243845042937570e+00
5.870000000080038944e+02 -1.595063725299971313e+00
5.875000000080358404e+02 -1.164154214323662506e+00
5.880000000080679001e+02 -1.294844356980839217e+00
5.885000000080999598e+02 -1.728899891131527422e+00
5.890000000081320195e+02 -1.484949919170708732e+00
5.895000000081639655e+02 -1.535244181472069647e+00
5.900000000081960252e+02 -1.555055708542213200e+00
5.905000000082280849e+02 -1.311867708368168906e+00
5.910000000082601446e+02 -1.207408784740160446e+00
5.915000000082920906e+02 -1.227436028628474451e+00
5.920000000083241503e+02 -1.753372014489423147e+00
5.925000000083562099e+02 -9.208657753804175838e-01
5.930000000083882696e+02 -1.261982353157248715e+00
5.935000000084203293e+02 -8.058393460995483260e-01
5.940000000084522753e+02 -1.381954160530514120e+00
5.945000000084843350e+02 -1.011362043230003671e+00
5.950000000085163947e+02 -1.782597041016453554e+00
5.955000000085484544e+02 -1.480107381871848649e+00
5.960000000085804004e+02 -1.457669261966474394e+00
5.965000000086124601e+02 -2.060138783345281777e+00
5.970000000086445198e+02 -8.677553167300439130e-01
5.975000000086765795e+02 -1.475123221423325637e+00
5.980000000087085255e+02 -1.794331376924345411e+00
5.985000000087405851e+02 -6.654901540592713660e-01
5.990000000087726448e+02 -1.542097822775351457e+00
5.995000000088047045e+02 -1.383834136392561032e+00
6.000000000088366505e+02 -1.634916853422490046e+00
6.005000000088687102e+02 -1.018517995099277096e+00
6.010000000089007699e+02 -1.234968821099750702e+00
6.015000000089328296e+02 -1.299036384670596789e+00
6.020000000089648893e+02 -1.158656048160543905e+00
6.025000000089968353e+02 -1.643968091467546522e+00
6.030000000090288950e+02 -1.511716872264409428e+00
6.035000000090609547e+02 -1.740214731742541154e+00
6.040000000090930143e+02 -1.099469043825294312e+00
6.045000000091249603e+02 -1.353767899932830199e+00
6.050000000091570200e+02 -6.931415718188055353e-01
6.055000000091890797e+02 -1.274094982723124936e+00
6.060000000092211394e+02 -1.034658433329883165e+00
6.065000000092530854e+02 -1.361830709734883182e+00
6.070000000092851451e+02 -1.181705614739631427e+00
6.075000000093172048e+02 -1.258727160900076747e+00
6.080000000093492645e+02 -1.496190024540530850e+00
6.085000000093812105e+02 -1.268498695209524518e+00
6.090000000094132702e+02 -1.101385409380638780e+00
6.095000000094453299e+02 -1.132593049810641128e+00
6.100000000094773895e+02 -1.484689487771253091e+00
6.105000000095094492e+02 -1.248188507168952910e+00
6.110000000095413952e+02 -1.377023681473831695e+00
6.115000000095734549e+02 -9.660360013171191973e-01
6.120000000096055146e+02 -1.451881266079277699e+00
6.125000000096375743e+02 -1.520963755022470387e+00
6.130000000096695203e+02 -1.300193093232122399e+00
6.135000000097015800e+02 -1.183934597513309095e+00
6.140000000097336397e+02 -1.267428164244930988e+00
6.145000000097656994e+02 -1.636345889502576423e+00
6.150000000097976454e+02 -1.236515170618504245e+00
6.155000000098297050e+02 -1.070969438624731485e+00
6.160000000098617647e+02 -1.202805870234378682e+00
6.165000000098938244e+02 -1.393521865753913680e+00
6.170000000099257704e+02 -1.299238933575558752e+00
6.175000000099578301e+02 -1.391679050610163504e+00
6.180000000099898898e+02 -1.343926498336983411e+00
6.185000000100219495e+02 -1.233782988200644581e+00
6.190000000100540092e+02 -9.273988557241462649e-01
6.195000000100859552e+02 -8.821976470327322906e-01
6.200000000101180149e+02 -1.586701230778174487e+00
6.205000000101500746e+02 -1.137904825664284525e+00
6.210000000101821342e+02 -1.251682597778441597e+00
6.215000000102140802e+02 -1.598390303630897513e+00
6.220000000102461399e+02 -1.296301333548026236e+00
6.225000000102781996e+02 -1.511855039526522226e+00
6.230000000103102593e+02 -1.590688685579414008e+00
6.235000000103422053e+02 -1.176198300217060178e+00
6.240000000103742650e+02 -1.019454051920068771e+00
6.245000000104063247e+02 -1.987467669290808203e+00
6.250000000104383844e+02 -2.028258895027543751e+00
6.255000000104703304e+02 -1.743845471889813981e+00
6.260000000105023901e+02 -1.590887662019340620e+00
6.265000000105344498e+02 -1.758519750415828531e+00
6.270000000105665094e+02 -1.404596007985522643e+00
6.275000000105985691e+02 -9.494334883689170557e-01
6.280000000106305151e+02 -1.346580539510498609e+00
6.285000000106625748e+02 -1.568339910776644475e+00
6.290000000106946345e+02 -1.690231793321228082e+00
6.295000000107266942e+02 -1.511784596763782629e+00
6.300000000107586402e+02 -8.191126175624656724e-01
6.305000000107906999e+02 -1.735088944285499757e+00
6.310000000108227596e+02 -1.189224773933082568e+00
6.315000000108548193e+02 -1.267097385163797663e+00
6.320000000108867653e+02 -1.286223761016653366e+00
6.325000000109188250e+02 -1.694232708746904903e+00
6.330000000109508846e+02 -1.073945327527363158e+00
6.335000000109829443e+02 -1.354790483229128650e+00
6.340000000110148903e+02 -2.036469593787189059e+00
6.345000000110469500e+02 -1.684853234224713114e+00
6.350000000110790097e+02 -1.996084989433929202e+00
6.355000000111110694e+02 -1.260815263235872452e+00
6.360000000111430154e+02 -7.258439301334413951e-01
6.365000000111750751e+02 -1.907130879659212352e+00
6.370000000112071348e+02 -1.462842426654584749e+00
6.375000000112391945e+02 -9.532029186366139939e-01
6.380000000112712542e+02 -1.850696985067257438e+00
6.385000000113032002e+02 -2.444127178685391311e+00
6.390000000113352598e+02 -1.616445820679482503e+00
6.395000000113673195e+02 -4.371563888155969857e-01
6.400000000113993792e+02 -1.934832869728315474e+00
6.405000000114313252e+02 -1.863531760016099215e+00
6.410000000114633849e+02 -1.594044752692513223e+00
6.415000000114954446e+02 -1.224517007331542340e+00
6.420000000115275043e+02 -1.234699863412132670e+00
6.425000000115594503e+02 -1.194357458784461423e+00
6.430000000115915100e+02 -1.160025615661446574e+00
6.435000000116235697e+02 -1.301161784112681685e+00
6.440000000116556294e+02 -1.657951439313831710e+00
6.445000000116875754e+02 -7.775646557689213090e-01
6.450000000117196350e+02 -1.512074912578680541e+00
6.455000000117516947e+02 -1.285135783952007005e+00
6.460000000117837544e+02 -1.292187046622153002e+00
6.465000000118158141e+02 -1.379723694482426266e+00
6.470000000118477601e+02 -1.265996705903674302e+00
6.475000000118798198e+02 -1.790123136283477079e+00
6.480000000119118795e+02 -2.127432433867116224e+00
6.485000000119439392e+02 -9.830856694543019803e-01
6.490000000119758852e+02 -1.280726095705344347e+00
6.495000000120079449e+02 -1.184280702666242746e+00
6.500000000120400045e+02 -9.984892704290966314e-01
6.505000000120720642e+02 -1.826143360034406138e+00
6.510000000121040102e+02 -1.321240829981588982e+00
6.515000000121360699e+02 -1.338286468833115972e+00
6.520000000121681296e+02 -1.901293085675136219e+00
6.525000000122001893e+02 -1.224082561688967896e+00
6.530000000122321353e+02 -1.473262596078412034e+00
6.535000000122641950e+02 -1.202544500484066248e+00
6.540000000122962547e+02 -1.191314170341372325e+00
6.545000000123283144e+02 -1.589165969634146469e+00
6.550000000123603741e+02 -1.230577936531610517e+00
6.555000000123923201e+02 -1.451298313696560927e+00
6.560000000124243797e+02 -1.083180721972679450e+00
6.565000000124564394e+02 -1.762245695180190364e+00
6.570000000124884991e+02 -6.521042054797866472e-01
6.575000000125204451e+02 -1.866751988206459156e+00
6.580000000125525048e+02 -1.315182231653308165e+00
6.585000000125845645e+02 -1.005262804630846496e+00
6.590000000126166242e+02 -1.323616634270509351e+00
6.595000000126485702e+02 -1.301618689238406956e+00
6.600000000126806299e+02 -1.307691303879941147e+00
6.605000000127126896e+02 -1.047680197641749134e+00
6.610000000127447493e+02 -1.146429579970568158e+00
6.615000000127766953e+02 -1.688157985478552225e+00
6.620000000128087549e+02 -1.141696265968204171e+00
6.625000000128408146e+02 -1.754263717899473995e+00
6.630000000128728743e+02 -1.266121452238373912e+00
6.635000000129049340e+02 -1.402757308201200148e+00
6.640000000129368800e+02 -1.324843426768462118e+00
6.645000000129689397e+02 -1.222124404353012617e+00
6.650000000130009994e+02 -1.571875013452619596e+00
6.655000000130330591e+02 -1.260354406537581795e+00
6.660000000130650051e+02 -1.146714178589378852e+00
6.665000000130970648e+02 -9.591953463101579036e-01
6.670000000131291245e+02 -1.925160656593401187e+00
6.675000000131611841e+02 -1.127216652444418488e+00
6.680000000131931301e+02 -1.051745643168224387e+00
6.685000000132251898e+02 -1.359749326474570585e+00
6.690000000132572495e+02 -1.557487044437058765e+00
6.695000000132893092e+02 -1.505780945691455486e+00
6.700000000133212552e+02 -9.739089923819062022e-01
6.705000000133533149e+02 -1.516928823094141565e+00
6.710000000133853746e+02 -1.217948776092296459e+00
6.715000000134174343e+02 -1.525128711459161401e+00
6.720000000134494940e+02 -9.940373748119105679e-01
6.725000000134814400e+02 -1.202760486511909921e+00
6.730000000135134997e+02 -1.185849005954391355e+00
6.735000000135455593e+02 -1.271624858373352263e+00
6.740000000135776190e+02 -1.406791923348322815e+00
6.745000000136095650e+02 -1.395337363396836450e+00
6.750000000136416247e+02 -1.546649251512447032e+00
6.755000000136736844e+02 -1.298184266121203079e+00
6.760000000137057441e+02 -1.205261072714002513e+00
6.765000000137376901e+02 -1.556263655467794660e+00
6.770000000137697498e+02 -6.692876558048191926e-01
6.775000000138018095e+02 -2.331031741006264646e+00
6.780000000138338692e+02 -1.604723480874394648e+00
6.785000000138658152e+02 -1.425428110330469123e+00
6.790000000138978749e+02 -1.164245953544148282e+00
6.795000000139299345e+02 -1.115594914911377300e+00
6.800000000139619942e+02 -1.420282229343195812e+00
6.805000000139939402e+02 -9.106210153282622288e-01
6.810000000140259999e+02 -1.458336956368769810e+00
6.815000000140580596e+02 -1.590983581757924981e+00
6.820000000140901193e+02 -1.443610235186924662e+00
6.825000000141221790e+02 -7.750317908493150609e-01
6.830000000141541250e+02 -1.577652159249225194e+00
6.835000000141861847e+02 -1.162521302183421312e+00
6.840000000142182444e+02 -1.486820660437226493e+00
6.845000000142503040e+02 -1.892814459140708117e+00
6.850000000142822500e+02 -1.285573628784753009e+00
6.855000000143143097e+02 -1.431543371992782587e+00
6.860000000143463694e+02 -1.430930522107867198e+00
6.865000000143784291e+02 -1.228918011334638738e+00
6.870000000144103751e+02 -1.107751315431821482e+00
6.875000000144424348e+02 -9.448627058197504036e-01
6.880000000144744945e+02 -1.355234566232154325e+00
6.885000000145065542e+02 -1.031490341876601269e+00
6.890000000145385002e+02 -1.390359716579261162e+00
6.895000000145705599e+02 -1.105425962243461901e+00
6.900000000146026196e+02 -1.539629376962196039e+00
6.905000000146346792e+02 -1.584614409296882798e+00
6.910000000146667389e+02 -8.811715339911821987e-01
6.915000000146986849e+02 -1.001946617365077286e+00
6.920000000147307446e+02 -9.627175945924439926e-01
6.925000000147628043e+02 -5.699671046552742260e-01
6.930000000147948640e+02 -1.574635045834818392e+00
6.935000000148268100e+02 -1.183280873082980911e+00
6.940000000148588697e+02 -1.350070498856197565e+00
6.945000000148909294e+02 -1.853008166306446158e+00
6.950000000149229891e+02 -1.881262852670822383e+00
6.955000000149549351e+02 -7.989718986882063945e-01
6.960000000149869948e+02 -1.483343187776172689e+00
6.965000000150190544e+02 -1.111126569417327792e+00
6.970000000150511141e+02 -1.391828275815812255e+00
6.975000000150830601e+02 -1.394838339116426296e+00
6.980000000151151198e+02 -1.408483013914870741e+00
6.985000000151471795e+02 -7.499819046676402534e-01
6.990000000151792392e+02 -1.490613514905614556e+00
6.995000000152112989e+02 -9.033298730498119378e-01
7.000000000152432449e+02 -1.162288968626283392e+00
7.005000000152753046e+02 -1.242880872977886852e+00
7.010000000153073643e+02 -1.788839287365480590e+00
7.015000000153394240e+02 -1.174330370023317860e+00
7.020000000153713700e+02 -1.005146806089691536e+00
7.025000000154034296e+02 -1.827268699882042657e+00
7.030000000154354893e+02 -1.356980095903028483e+00
7.035000000154675490e+02 -8.947023706322406733e-01
7.040000000154994950e+02 -1.855636178333000208e+00
7.045000000155315547e+02 -1.244274369417617931e+00
7.050000000155636144e+02 -1.262085919661890321e+00
7.055000000155956741e+02 -1.246306572778314914e+00
7.060000000156276201e+02 -1.026116488273203897e+00
7.065000000156596798e+02 -1.425229320378472053e+00
7.070000000156917395e+02 -8.697012404783780459e-01
7.075000000157237992e+02 -1.144589097380425802e+00
7.080000000157558588e+02 -1.047082729881665619e+00
7.085000000157878048e+02 -1.711946551261982252e+00
7.090000000158198645e+02 -9.570230972653475110e-01
7.095000000158519242e+02 -1.865386611251155013e+00
7.100000000158839839e+02 -1.712357046691891149e+00
7.105000000159159299e+02 -9.558271441773954491e-01
7.110000000159479896e+02 -1.541525488575637981e+00
7.115000000159800493e+02 -1.484337918913472665e+00
7.120000000160121090e+02 -1.255052934236895901e+00
7.125000000160440550e+02 -1.176611336148620346e+00
7.130000000160761147e+02 -1.489146596862799043e+00
7.135000000161081743e+02 -1.259927419496889911e+00
7.140000000161402340e+02 -1.942233105017153294e+00
7.145000000161721800e+02 -1.360729898058039566e+00
7.150000000162042397e+02 -1.937749438424044790e+00
7.155000000162362994e+02 -1.458080097504697914e+00
7.160000000162683591e+02 -1.026347584840481941e+00
7.165000000163003051e+02 -1.530104008768503610e+00
7.170000000163323648e+02 -7.739491188540936761e-01
7.175000000163644245e+02 -1.439258194420694137e+00
7.180000000163964842e+02 -1.306176224027937982e+00
7.185000000164285439e+02 -1.214919618230707155e+00
7.190000000164604899e+02 -1.458291779010381539e+00
7.195000000164925495e+02 -1.249309956574283342e+00
7.200000000165246092e+02 -1.175279168939064922e+00
7.205000000165566689e+02 -1.491457238650059525e+00
7.210000000165886149e+02 -1.187552876390348899e+00
7.215000000166206746e+02 -1.856844807585583457e+00
7.220000000166527343e+02 -1.044147857590572270e+00
7.225000000166847940e+02 -1.439775144358274694e+00
7.230000000167167400e+02 -1.439350423714389926e+00
7.235000000167487997e+02 -1.261220468023124486e+00
7.240000000167808594e+02 -1.418769050374779628e+00
7.245000000168129191e+02 -1.201736261911614312e+00
7.250000000168448651e+02 -1.140934484352464917e+00
7.255000000168769247e+02 -1.194992895768767882e+00
7.260000000169089844e+02 -7.300031280953969137e-01
7.265000000169410441e+02 -1.601882293394954804e+00
7.270000000169731038e+02 -1.365295805796101991e+00
7.275000000170050498e+02 -1.200744311172887935e+00
7.280000000170371095e+02 -1.239190637795160033e+00
7.285000000170691692e+02 -1.554974874465268053e+00
7.290000000171012289e+02 -8.003145752606366514e-01
7.295000000171331749e+02 -1.319072851060780094e+00
7.300000000171652346e+02 -1.103948220597872787e+00
7.305000000171972943e+02 -1.520437724953017655e+00
7.310000000172293539e+02 -1.229361642129602972e+00
7.315000000172612999e+02 -1.058193677919855746e+00
7.320000000172933596e+02 -1.087536290881268242e+00
7.325000000173254193e+02 -1.440555235921236132e+00
7.330000000173574790e+02 -1.204929615177383173e+00
7.335000000173894250e+02 -1.247183937847214930e+00
7.340000000174214847e+02 -1.368281908883755671e+00
7.345000000174535444e+02 -1.111581548432611033e+00
7.350000000174856041e+02 -1.027369395863165558e+00
7.355000000175176638e+02 -1.207065869366468203e+00
7.360000000175496098e+02 -1.060611807209590252e+00
7.365000000175816695e+02 -1.141455113537917399e+00
7.370000000176137291e+02 -1.374469129541611156e+00
7.375000000176457888e+02 -1.529161285410619797e+00
7.380000000176777348e+02 -1.217904590547645105e+00
7.385000000177097945e+02 -1.292465187610539523e+00
7.390000000177418542e+02 -1.069685426576339582e+00
7.395000000177739139e+02 -1.189559158657541360e+00
7.400000000178058599e+02 -1.319877575880626486e+00
7.405000000178379196e+02 -1.103813385720536111e+00
7.410000000178699793e+02 -1.233788790017810388e+00
7.415000000179020390e+02 -1.524850066064020959e+00
7.420000000179339850e+02 -3.912763293915460516e-01
7.425000000179660447e+02 -1.519189650193103036e+00
7.430000000179981043e+02 -1.282631936492697688e+00
7.435000000180301640e+02 -1.008504101758379345e+00
7.440000000180622237e+02 -1.658841547360579316e+00
7.445000000180941697e+02 -1.155454617811028983e+00
7.450000000181262294e+02 -1.141171279581712161e+00
7.455000000181582891e+02 -1.730835159790704569e+00
7.460000000181903488e+02 -1.573759898168686000e+00
7.465000000182222948e+02 -1.315094031539210562e+00
7.470000000182543545e+02 -2.214514253511774111e+00
7.475000000182864142e+02 -1.245088076135835831e+00
7.480000000183184738e+02 -2.028063336700662855e+00
7.485000000183504199e+02 -1.575289410880562846e+00
7.490000000183824795e+02 -1.531805583894507272e+00
7.495000000184145392e+02 -1.466293607317195713e+00
7.500000000184465989e+02 -1.247886637035507951e+00
7.505000000184785449e+02 -1.536465942508394855e+00
7.510000000185106046e+02 -8.446419895179783088e-01
7.515000000185426643e+02 -1.884364086246377745e+00
7.520000000185747240e+02 -1.102965988152481369e+00
7.525000000186067837e+02 -1.381435741618414426e+00
7.530000000186387297e+02 -7.804558284724366635e-01
7.535000000186707894e+02 -1.063839766980682278e+00
7.540000000187028490e+02 -1.732189364876625559e+00
7.545000000187349087e+02 -1.555213488587354975e+00
7.550000000187668547e+02 -1.512365229935156208e+00
7.555000000187989144e+02 -1.169990148599882485e+00
7.560000000188309741e+02 -1.514073080468222532e+00
7.565000000188630338e+02 -1.379174207425083676e+00
7.570000000188949798e+02 -7.439183206890107591e-01
7.575000000189270395e+02 -1.671264374340779568e+00
7.580000000189590992e+02 -2.008539527073700981e+00
7.585000000189911589e+02 -1.774833031947102180e+00
7.590000000190231049e+02 -1.441403997922532598e+00
7.595000000190551646e+02 -1.620623354185097176e+00
7.600000000190872242e+02 -7.638385877028556203e-01
7.605000000191192839e+02 -2.172837376674733978e+00
7.610000000191512299e+02 -1.783569704456733351e+00
7.615000000191832896e+02 -7.872989684784005293e-01
7.620000000192153493e+02 -1.341309298534330674e+00
7.625000000192474090e+02 -9.934176586734302372e-01
7.630000000192794687e+02 -1.606163570401791141e+00
7.635000000193114147e+02 -1.373715317470203479e+00
7.640000000193434744e+02 -1.463584991812795222e+00
7.645000000193755341e+02 -1.457247610526344772e+00
7.650000000194075938e+02 -7.871035032303271839e-01
7.655000000194395398e+02 -1.429388185766303776e+00
7.660000000194715994e+02 -9.312422545014686914e-01
7.665000000195036591e+02 -1.536960842326444254e+00
7.670000000195357188e+02 -1.728155749465647206e+00
7.675000000195676648e+02 -1.549960693437268722e+00
7.680000000195997245e+02 -1.191066963108358356e+00
7.685000000196317842e+02 -1.155541991068750773e+00
7.690000000196638439e+02 -1.051976690447146590e+00
7.695000000196957899e+02 -1.099423916104648402e+00
7.700000000197278496e+02 -1.229607630382314243e+00
7.705000000197599093e+02 -1.142387296714854505e+00
7.710000000197919690e+02 -1.425858141327061457e+00
7.715000000198240286e+02 -1.015603805269798432e+00
7.720000000198559746e+02 -1.321647564341789316e+00
7.725000000198880343e+02 -1.376907994103853117e+00
7.730000000199200940e+02 -1.661120080474201233e+00
7.735000000199521537e+02 -1.220814347078582829e+00
7.740000000199840997e+02 -1.331711094813520013e+00
7.745000000200161594e+02 -8.590921997206729666e-01
7.750000000200482191e+02 -1.452209331883159260e+00
7.755000000200802788e+02 -7.032391849759092040e-01
7.760000000201122248e+02 -1.394174571846635846e+00
7.765000000201442845e+02 -1.079337220169512834e+00
7.770000000201763442e+02 -1.330451420137233054e+00
7.775000000202084038e+02 -8.937883948954250535e-01
7.780000000202403498e+02 -1.007403924588026412e+00
7.785000000202724095e+02 -1.245440973531483975e+00
7.790000000203044692e+02 -1.191185004568492412e+00
7.795000000203365289e+02 -1.482284474418882558e+00
7.800000000203685886e+02 -1.949291918092997067e+00
7.805000000204005346e+02 -1.745218114563906964e+00
7.810000000204325943e+02 -1.591907691854382856e+00
7.815000000204646540e+02 -1.219663410980670770e+00
7.820000000204967137e+02 -1.368120175001745986e+00
7.825000000205286597e+02 -1.195488413976149911e+00
7.830000000205607193e+02 -1.136280362414243683e+00
7.835000000205927790e+02 -1.347821912914854980e+00
7.840000000206248387e+02 -1.498271738324703506e+00
7.845000000206567847e+02 -1.503960987313078146e+00
7.850000000206888444e+02 -1.748109104619147924e+00
7.855000000207209041e+02 -1.716743627641540426e+00
7.860000000207529638e+02 -1.268545838289681038e+00
7.865000000207849098e+02 -1.080876410066467619e+00
7.870000000208169695e+02 -1.699782372699206734e+00
7.875000000208490292e+02 -8.711612454470111233e-01
7.880000000208810889e+02 -1.408622163689279061e+00
7.885000000209131485e+02 -1.796562800724645914e+00
7.890000000209450945e+02 -1.003825605301961188e+00
7.895000000209771542e+02 -7.917375669288843065e-01
7.900000000210092139e+02 -1.064539736484683807e+00
7.905000000210412736e+02 -1.120774337938653886e+00
7.910000000210732196e+02 -1.431732627444622041e+00
7.915000000211052793e+02 -1.112294147408465772e+00
7.920000000211373390e+02 -1.322018901476274211e+00
7.925000000211693987e+02 -1.778917948230157364e+00
7.930000000212013447e+02 -1.101277089129488740e+00
7.935000000212334044e+02 -1.123533813613937893e+00
7.940000000212654641e+02 -1.400862229202769038e+00
7.945000000212975237e+02 -1.420635482938350513e+00
7.950000000213294697e+02 -1.726349076997320209e+00
7.955000000213615294e+02 -1.032560143175095924e+00
7.960000000213935891e+02 -1.224953280737972383e+00
7.965000000214256488e+02 -1.602884398919733444e+00
7.970000000214577085e+02 -1.718255645062485959e+00
7.975000000214896545e+02 -1.252673853913959023e+00
7.980000000215217142e+02 -1.000980872593805193e+00
7.985000000215537739e+02 -1.942173696879168743e+00
7.990000000215858336e+02 -1.178071733259041354e+00
7.995000000216177796e+02 -1.688495109170002673e+00
8.000000000216498393e+02 -1.199970673203142768e+00
8.005000000216818989e+02 -1.529260655603709607e+00
8.010000000217139586e+02 -1.581579670337257770e+00
8.015000000217459046e+02 -1.137380139531784851e+00
8.020000000217779643e+02 -1.496782536837807376e+00
8.025000000218100240e+02 -1.346055008866775760e+00
8.030000000218420837e+02 -9.195272883727052537e-01
8.035000000218740297e+02 -1.440102345418597940e+00
8.040000000219060894e+02 -1.213820489786662682e+00
8.045000000219381491e+02 -1.440364348804695549e+00
8.050000000219702088e+02 -1.294058388138429327e+00
8.055000000220021548e+02 -1.409641477067063775e+00
8.060000000220342145e+02 -1.760193468289610985e+00
8.065000000220662741e+02 -1.535031535778358380e+00
8.070000000220983338e+02 -1.285350814273415798e+00
8.075000000221303935e+02 -1.376920026795090068e+00
8.080000000221623395e+02 -1.452715663733950890e+00
8.085000000221943992e+02 -1.101023826539662576e+00
8.090000000222264589e+02 -1.091319246974003843e+00
8.095000000222585186e+02 -1.440734706541914267e+00
8.100000000222904646e+02 -9.908124800209747729e-01
8.105000000223225243e+02 -1.623785186189055318e+00
8.110000000223545840e+02 -1.106102414462907912e+00
8.115000000223866436e+02 -1.591766656766297583e+00
8.120000000224185897e+02 -1.814460177372988481e+00
8.125000000224506493e+02 -8.854248477825462649e-01
8.130000000224827090e+02 -1.543358525347411137e+00
8.135000000225147687e+02 -8.124743522361655979e-01
8.140000000225467147e+02 -1.393701874778249250e+00
8.145000000225787744e+02 -1.243956435611212274e+00
8.150000000226108341e+02 -1.290835245780051821e+00
8.155000000226428938e+02 -1.410901055211628119e+00
8.160000000226749535e+02 -1.496148886009943002e+00
8.165000000227068995e+02 -1.282999847188671438e+00
8.170000000227389592e+02 -1.401008837823770836e+00
8.175000000227710188e+02 -9.224475417170461267e-01
8.180000000228030785e+02 -1.591820142339869015e+00
8.185000000228350245e+02 -1.525818017973687768e+00
8.190000000228670842e+02 -1.046273718181794488e+00
8.195000000228991439e+02 -1.663738172774917645e+00
8.200000000229312036e+02 -1.545679356333657273e+00
8.205000000229631496e+02 -1.049838989137572343e+00
8.210000000229952093e+02 -1.314472973174460213e+00
8.215000000230272690e+02 -1.828033231786764246e+00
8.220000000230593287e+02 -1.190278902206275191e+00
8.225000000230912747e+02 -1.718727699283069121e+00
8.230000000231233344e+02 -1.180028160669461368e+00
8.235000000231553940e+02 -1.410549678922970340e+00
8.240000000231874537e+02 -1.515345113069866079e+00
8.245000000232195134e+02 -1.323138040516776082e+00
8.250000000232514594e+02 -1.388819810818746392e+00
8.255000000232835191e+02 -9.411166198004019545e-01
8.260000000233155788e+02 -1.329029680212541420e+00
8.265000000233476385e+02 -1.359005673995556052e+00
8.270000000233795845e+02 -1.570499750450499610e+00
8.275000000234116442e+02 -1.325011418446880640e+00
8.280000000234437039e+02 -1.027327795055063442e+00
8.285000000234757636e+02 -1.402515354252612312e+00
8.290000000235077096e+02 -1.687493923046809785e+00
8.295000000235397692e+02 -7.021467572231465670e-01
8.300000000235718289e+02 -1.824413266046803761e+00
8.305000000236038886e+02 -9.376103310759172915e-01
8.310000000236358346e+02 -1.430655473562630675e+00
8.315000000236678943e+02 -1.206347914272735355e+00
8.320000000236999540e+02 -1.053111870201028033e+00
8.325000000237320137e+02 -1.554983287712852880e+00
8.330000000237640734e+02 -1.243831969794908510e+00
8.335000000237960194e+02 -9.102500758312537243e-01
8.340000000238280791e+02 -1.552744064670009694e+00
8.345000000238601388e+02 -1.375913730320172057e+00
8.350000000238921984e+02 -1.281198954809959156e+00
8.355000000239241444e+02 -9.468472920842481155e-01
8.360000000239562041e+02 -1.728001023054218210e+00
8.365000000239882638e+02 -1.356613785321915566e+00
8.370000000240203235e+02 -1.390253710011833066e+00
8.375000000240522695e+02 -1.923881519731509560e+00
8.380000000240843292e+02 -1.350507580034720378e+00
8.385000000241163889e+02 -9.765450592242121974e-01
8.390000000241484486e+02 -1.860264267221645618e+00
8.395000000241803946e+02 -1.125499121357400600e+00
8.400000000242124543e+02 -1.035184875928767179e+00
8.405000000242445140e+02 -1.366343650637227958e+00
8.410000000242765736e+02 -9.414473607548868861e-01
8.415000000243086333e+02 -1.392053793141918572e+00
8.420000000243405793e+02 -7.392766646168799083e-01
8.425000000243726390e+02 -1.032804308716502861e+00
8.430000000244046987e+02 -1.429501805581374185e+00
8.435000000244367584e+02 -1.165182797465261544e+00
8.440000000244687044e+02 -1.604051669285491366e+00
8.445000000245007641e+02 -1.150767934945407411e+00
8.450000000245328238e+02 -1.445108232496984169e+00
8.455000000245648835e+02 -1.264198683856969430e+00
8.460000000245968295e+02 -9.355195948673941109e-01
8.465000000246288892e+02 -1.499298598402151628e+00
8.470000000246609488e+02 -1.678122033689635639e+00
8.475000000246930085e+02 -1.406643234817333887e+00
8.480000000247249545e+02 -1.721604501891462968e+00
8.485000000247570142e+02 -1.008422548361719739e+00
8.490000000247890739e+02 -1.994715670324938461e+00
8.495000000248211336e+02 -8.725060089915595007e-01
8.500000000248530796e+02 -1.573111505718364445e+00
8.505000000248851393e+02 -1.239547495286014378e+00
8.510000000249171990e+02 -1.817563064777808712e+00
8.515000000249492587e+02 -1.227441457651868184e+00
8.520000000249813183e+02 -1.331943027254536727e+00
8.525000000250132643e+02 -1.049164889465238337e+00
8.530000000250453240e+02 -1.212020593211593278e+00
8.535000000250773837e+02 -1.810335140673151377e+00
8.540000000251094434e+02 -9.960883178090319534e-01
8.545000000251413894e+02 -1.217692065743983587e+00
8.550000000251734491e+02 -1.062279966493314243e+00
8.555000000252055088e+02 -1.070558021298344098e+00
8.560000000252375685e+02 -1.905752909821263996e+00
8.565000000252695145e+02 -1.281573055029112007e+00
8.570000000253015742e+02 -9.421137108096400148e-01
8.575000000253336339e+02 -7.936319771880933072e-01
8.580000000253656935e+02 -1.394474448608305828e+00
8.585000000253976395e+02 -1.587865584486733095e+00
8.590000000254296992e+02 -1.389761533225537304e+00
8.595000000254617589e+02 -1.494098863727378657e+00
8.600000000254938186e+02 -1.851398297134223991e+00
8.605000000255258783e+02 -7.006071537707589947e-01
8.610000000255578243e+02 -1.419246958904433198e+00
8.615000000255898840e+02 -1.089587824201719402e+00
8.620000000256219437e+02 -1.165327954325509285e+00
8.625000000256540034e+02 -1.492592155083822592e+00
8.630000000256859494e+02 -1.167384645980892310e+00
8.635000000257180091e+02 -1.925875389320271358e+00
8.640000000257500687e+02 -1.257751987481491085e+00
8.645000000257821284e+02 -1.621795504217056871e+00
8.650000000258140744e+02 -1.593049297437929779e+00
8.655000000258461341e+02 -9.327267054108766553e-01
8.660000000258781938e+02 -1.651823065304250049e+00
8.665000000259102535e+02 -1.926495939438730209e+00
8.670000000259421995e+02 -8.255620101369897101e-01
8.675000000259742592e+02 -1.697176405052429837e+00
8.680000000260063189e+02 -1.121605423072408625e+00
8.685000000260383786e+02 -1.444144867670845045e+00
8.690000000260704383e+02 -1.681622655498045127e+00
8.695000000261023843e+02 -1.471471602101934506e+00
8.700000000261344439e+02 -1.723336957428885929e+00
8.705000000261665036e+02 -1.036871082880892914e+00
8.710000000261985633e+02 -1.301971666591339227e+00
8.715000000262305093e+02 -1.442574940726230492e+00
8.720000000262625690e+02 -1.407586686511632212e+00
8.725000000262946287e+02 -1.199236836567860287e+00
8.730000000263266884e+02 -1.305426055675008801e+00
8.735000000263586344e+02 -1.008189112425571077e+00
8.740000000263906941e+02 -1.496962341683358844e+00
8.745000000264227538e+02 -1.318770212726041224e+00
8.750000000264548135e+02 -1.950526376423418418e+00
8.755000000264867595e+02 -8.869618497916995636e-01
8.760000000265188191e+02 -1.658725990451633825e+00
8.765000000265508788e+02 -1.865841982462622006e+00
8.770000000265829385e+02 -1.022835550733744991e+00
8.775000000266149982e+02 -1.612374148309274835e+00
8.780000000266469442e+02 -1.276252762948166586e+00
8.785000000266790039e+02 -1.020001976557485923e+00
8.790000000267110636e+02 -2.017889182941230874e+00
8.795000000267431233e+02 -1.233856245478093694e+00
8.800000000267750693e+02 -1.123372423080161164e+00
8.805000000268071290e+02 -1.450298368509430613e+00
8.810000000268391886e+02 -8.175285606854619802e-01
8.815000000268712483e+02 -1.855766961820853433e+00
8.820000000269031943e+02 -1.227462912467236711e+00
8.825000000269352540e+02 -1.428253471894450621e+00
8.830000000269673137e+02 -1.093014302392885329e+00
8.835000000269993734e+02 -1.242522040401122796e+00
8.840000000270313194e+02 -1.217900852086134966e+00
8.845000000270633791e+02 -1.500988259373955414e+00
8.850000000270954388e+02 -9.662448497979366779e-01
8.855000000271274985e+02 -1.395796011612220999e+00
8.860000000271595582e+02 -1.462032953630286292e+00
8.865000000271915042e+02 -1.495891205707790217e+00
8.870000000272235638e+02 -1.702810712649926561e+00
8.875000000272556235e+02 -1.402623081853586307e+00
8.880000000272876832e+02 -1.548423318391821235e+00
8.885000000273196292e+02 -1.345602115872111870e+00
8.890000000273516889e+02 -1.266300898560253074e+00
8.895000000273837486e+02 -1.799825676474061886e+00
8.900000000274158083e+02 -1.473021179781578649e+00
8.905000000274477543e+02 -1.418624410617721709e+00
8.910000000274798140e+02 -1.071053534856245326e+00
8.915000000275118737e+02 -1.314040542598214900e+00
8.920000000275439334e+02 -9.788273508359679465e-01
8.925000000275758794e+02 -1.289487756380414574e+00
8.930000000276079390e+02 -1.453429760138298388e+00
8.935000000276399987e+02 -6.024430538129154078e-01
8.940000000276720584e+02 -1.689162165203081711e+00
8.945000000277040044e+02 -1.126391279126498501e+00
8.950000000277360641e+02 -1.261253793467137729e+00
8.955000000277681238e+02 -1.547654150596470490e+00
8.960000000278001835e+02 -1.243359870780280874e+00
8.965000000278322432e+02 -1.556843468786017093e+00
8.970000000278641892e+02 -1.016325229202764246e+00
8.975000000278962489e+02 -1.292728229126556272e+00
8.980000000279283086e+02 -1.095113799263081056e+00
8.985000000279603682e+02 -1.192748017069295674e+00
8.990000000279923142e+02 -2.193084408182993439e+00
8.995000000280243739e+02 -1.300564462881326655e+00
9.000000000280564336e+02 -1.393282193715399853e+00
9.005000000280884933e+02 -1.748033284676278720e+00
9.010000000281204393e+02 -1.502464091134450674e+00
9.015000000281524990e+02 -1.619382241761526897e+00
9.020000000281845587e+02 -1.272748314516471302e+00
9.025000000282166184e+02 -1.072659697854225991e+00
9.030000000282485644e+02 -1.235184454741428350e+00
9.035000000282806241e+02 -1.320531110257992635e+00
9.040000000283126838e+02 -1.476733645926294969e+00
9.045000000283447434e+02 -1.185729872054602119e+00
9.050000000283768031e+02 -1.461220053562959365e+00
9.055000000284087491e+02 -9.163844241264085255e-01
9.060000000284408088e+02 -1.415637117975299564e+00
9.065000000284728685e+02 -1.000942709510527662e+00
9.070000000285049282e+02 -1.372085603105380747e+00
9.075000000285368742e+02 -1.356742155418251716e+00
9.080000000285689339e+02 -9.295410652799839246e-01
9.085000000286009936e+02 -1.392760518448881601e+00
9.090000000286330533e+02 -1.465912559034125318e+00
9.095000000286649993e+02 -1.610034244175962748e+00
9.100000000286970590e+02 -4.056584080125781866e-01
9.105000000287291186e+02 -1.371860082795261615e+00
9.110000000287611783e+02 -1.462580610501607481e+00
9.115000000287931243e+02 -5.688370503496130715e-01
9.120000000288251840e+02 -1.634803971186223448e+00
9.125000000288572437e+02 -1.182441210132631149e+00
9.130000000288893034e+02 -1.391446284473484729e+00
9.135000000289213631e+02 -1.470636203262794650e+00
9.140000000289533091e+02 -1.646165275644030146e+00
9.145000000289853688e+02 -1.275956229692160937e+00
9.150000000290174285e+02 -1.511062808122022538e+00
9.155000000290494881e+02 -1.238488329846047398e+00
9.160000000290814341e+02 -1.479386477227534025e+00
9.165000000291134938e+02 -1.272846691788780848e+00
9.170000000291455535e+02 -1.376188054290175655e+00
9.175000000291776132e+02 -1.667981554498179975e+00
9.180000000292095592e+02 -7.146152717367673102e-01
9.185000000292416189e+02 -1.194822602767430686e+00
9.190000000292736786e+02 -1.153294375502208480e+00
9.195000000293057383e+02 -1.166513195807922454e+00
9.200000000293376843e+02 -1.437207431574336169e+00
9.205000000293697440e+02 -8.222138923767980945e-01
9.210000000294018037e+02 -1.107187293683185914e+00
9.215000000294338633e+02 -9.019138216130111463e-01
9.220000000294659230e+02 -1.542729838820062760e+00
9.225000000294978690e+02 -1.659803445401646593e+00
9.230000000295299287e+02 -1.033859290109566009e+00
9.235000000295619884e+02 -1.562683302546366004e+00
9.240000000295940481e+02 -1.349471641980446890e+00
9.245000000296259941e+02 -1.495154291944681413e+00
9.250000000296580538e+02 -9.828800118836172883e-01
9.255000000296901135e+02 -1.448555482904441138e+00
9.260000000297221732e+02 -1.190895240460013271e+00
9.265000000297541192e+02 -1.554910324218399476e+00
9.270000000297861789e+02 -1.069444475143024098e+00
9.275000000298182385e+02 -1.331811604760619439e+00
9.280000000298502982e+02 -1.470644258958973660e+00
9.285000000298822442e+02 -1.289195028512261532e+00
9.290000000299143039e+02 -1.276428460536146892e+00
9.295000000299463636e+02 -1.473915068583882659e+00
9.300000000299784233e+02 -1.378473096492090821e+00
9.305000000300104830e+02 -1.376657148080779436e+00
9.310000000300424290e+02 -1.764014952035728667e+00
9.315000000300744887e+02 -1.260808747735735924e+00
9.320000000301065484e+02 -1.563464494921340098e+00
9.325000000301386081e+02 -1.421260192951485868e+00
9.330000000301705541e+02 -9.887105785908137934e-01
9.335000000302026137e+02 -1.723274707950249729e+00
9.340000000302346734e+02 -9.980886006826121815e-01
9.345000000302667331e+02 -1.435906313213315855e+00
9.350000000302986791e+02 -1.728236686992778326e+00
9.355000000303307388e+02 -9.434317797262889993e-01
9.360000000303627985e+02 -1.246829445820896165e+00
9.365000000303948582e+02 -1.542326027299852464e+00
9.370000000304268042e+02 -1.550120177488711226e+00
9.375000000304588639e+02 -1.328739751797056279e+00
9.380000000304909236e+02 -1.026661506308767402e+00
9.385000000305229833e+02 -1.078367296650442064e+00
9.390000000305549293e+02 -1.468162494594689393e+00
9.395000000305869889e+02 -9.650526913011738817e-01
9.400000000306190486e+02 -1.528801697219308142e+00
9.405000000306511083e+02 -1.142758560773250442e+00
9.410000000306831680e+02 -1.427350643103563854e+00
9.415000000307151140e+02 -1.458027732241192309e+00
9.420000000307471737e+02 -1.015848130311531206e+00
9.425000000307792334e+02 -1.686628210559423025e+00
9.430000000308112931e+02 -1.262179130427733664e+00
9.435000000308432391e+02 -9.762277844551453532e-01
9.440000000308752988e+02 -1.489373776867120691e+00
9.445000000309073585e+02 -1.865660774177611891e+00
9.450000000309394181e+02 -1.422467818948363938e+00
9.455000000309713641e+02 -1.563629384047230397e+00
9.460000000310034238e+02 -9.806013639024825368e-01
9.465000000310354835e+02 -1.590495191676518649e+00
9.470000000310675432e+02 -1.104626221944988940e+00
9.475000000310994892e+02 -1.114817239154022976e+00
9.480000000311315489e+02 -9.151621238808677061e-01
9.485000000311636086e+02 -1.752416635084933061e+00
9.490000000311956683e+02 -1.076918936752856881e+00
9.495000000312277280e+02 -1.083057404039087013e+00
9.500000000312596740e+02 -1.519168253529775692e+00
9.505000000312917336e+02 -9.605125233050683109e-01
9.510000000313237933e+02 -1.033899816521747450e+00
9.515000000313558530e+02 -1.938049028234428928e+00
9.520000000313877990e+02 -8.252862319113509759e-01
9.525000000314198587e+02 -1.505622116424304213e+00
9.530000000314519184e+02 -1.002463961871470355e+00
9.535000000314839781e+02 -1.020795358981286372e+00
9.540000000315159241e+02 -1.647664472112919665e+00
9.545000000315479838e+02 -1.478929965778908118e+00
9.550000000315800435e+02 -1.275049299478641984e+00
9.555000000316121032e+02 -9.500147064288595455e-01
9.560000000316440492e+02 -1.731584995108350400e+00
9.565000000316761088e+02 -9.776474141281993324e-01
9.570000000317081685e+02 -1.424566469218782050e+00
9.575000000317402282e+02 -1.577543290674169540e+00
9.580000000317722879e+02 -1.011978464565029823e+00
9.585000000318042339e+02 -1.205799668980352291e+00
9.590000000318362936e+02 -1.627397835206301657e+00
9.595000000318683533e+02 -1.837854081699923592e+00
9.600000000319004130e+02 -1.410820702852393582e+00
9.605000000319323590e+02 -1.186732627661252870e+00
9.610000000319644187e+02 -1.329233418047464088e+00
9.615000000319964784e+02 -1.393758667508390170e+00
9.620000000320285380e+02 -1.120815491951401732e+00
9.625000000320604840e+02 -1.356120446480604258e+00
9.630000000320925437e+02 -9.884887549139974583e-01
9.635000000321246034e+02 -1.775675374803092899e+00
9.640000000321566631e+02 -1.471137622858835758e+00
9.645000000321886091e+02 -1.421692799306072841e+00
9.650000000322206688e+02 -1.394790530250298755e+00
9.655000000322527285e+02 -1.641979655745982924e+00
9.660000000322847882e+02 -7.483073234792254613e-01
9.665000000323168479e+02 -1.449891704649857616e+00
9.670000000323487939e+02 -1.329417279084704751e+00
9.675000000323808536e+02 -1.148600447756229936e+00
9.680000000324129132e+02 -8.148039768390620274e-01
9.685000000324449729e+02 -1.512277540162649814e+00
9.690000000324769189e+02 -1.636227066067282410e+00
9.695000000325089786e+02 -1.158078697808553104e+00
9.700000000325410383e+02 -1.965815956296095957e+00
9.705000000325730980e+02 -1.569083643900467173e+00
9.710000000326050440e+02 -1.051611525946811732e+00
9.715000000326371037e+02 -1.388882839520964918e+00
9.720000000326691634e+02 -1.358431779054184219e+00
9.725000000327012231e+02 -1.343598179137424520e+00
9.730000000327331691e+02 -1.916779624469018728e+00
9.735000000327652288e+02 -1.927435698168690426e+00
9.740000000327972884e+02 -1.943597449859032489e+00
9.745000000328293481e+02 -2.000277742539863901e+00
9.750000000328614078e+02 -1.372644632494605554e+00
9.755000000328933538e+02 -1.915549514640967121e+00
9.760000000329254135e+02 -1.024896230373757655e+00
9.765000000329574732e+02 -1.281709459893374925e+00
9.770000000329895329e+02 -1.255065006627287705e+00
9.775000000330214789e+02 -1.220972353376371888e+00
9.780000000330535386e+02 -1.465330132926076834e+00
9.785000000330855983e+02 -9.630145705377123333e-01
9.790000000331176579e+02 -1.309845650214170654e+00
9.795000000331496040e+02 -1.304392109583630832e+00
9.800000000331816636e+02 -1.522930655440905667e+00
9.805000000332137233e+02 -1.181029757520786649e+00
9.810000000332457830e+02 -1.796373564415499224e+00
9.815000000332777290e+02 -8.723663007868288632e-01
9.820000000333097887e+02 -1.699763794111270654e+00
9.825000000333418484e+02 -1.656713284198090053e+00
9.830000000333739081e+02 -1.822687083437937394e+00
9.835000000334058541e+02 -1.568061067284385990e+00
9.840000000334379138e+02 -1.361622412891095202e+00
9.845000000334699735e+02 -1.204600661196686850e+00
9.850000000335020331e+02 -1.348871014731235052e+00
9.855000000335340928e+02 -1.250114833830631156e+00
9.860000000335660388e+02 -1.162829668444359532e+00
9.865000000335980985e+02 -1.086920135995534720e+00
9.870000000336301582e+02 -1.247269102899130289e+00
9.875000000336622179e+02 -1.135265783986564969e+00
9.880000000336941639e+02 -1.349766867076969579e+00
9.885000000337262236e+02 -1.586692240059238701e+00
9.890000000337582833e+02 -1.424452574694354601e+00
9.895000000337903430e+02 -1.490733285599358693e+00
9.900000000338222890e+02 -1.760543753958147661e+00
9.905000000338543487e+02 -1.366192637950355726e+00
9.910000000338864083e+02 -1.394795825658354804e+00
9.915000000339184680e+02 -1.713660130973127194e+00
9.920000000339504140e+02 -9.956318007053562846e-01
9.925000000339824737e+02 -1.106059211364752937e+00
9.930000000340145334e+02 -1.655842198281328947e+00
9.935000000340465931e+02 -8.870457053466438424e-01
9.940000000340786528e+02 -1.411817783256080761e+00
9.945000000341105988e+02 -1.739463487991718793e+00
9.950000000341426585e+02 -1.096485153676762581e+00
9.955000000341747182e+02 -1.084789177231347157e+00
9.960000000342067779e+02 -1.879132709115739042e+00
9.965000000342387239e+02 -1.190830382133991172e+00
9.970000000342707835e+02 -1.223753887332339918e+00
9.975000000343028432e+02 -8.103530783647907576e-01
9.980000000343349029e+02 -1.718511556716855182e+00
9.985000000343668489e+02 -9.584903962199151639e-01
9.990000000343989086e+02 -1.221854054542196311e+00
9.995000000344309683e+02 -1.276707091104409164e+00
1.000000000034463028e+03 -1.070234315222128973e+00
