# Time (ps)	CV (angstrom)
9.999999999975766229e+01 -2.777301151968343706e+00
1.004999999997559001e+02 -3.402725377893403902e+00
1.009999999997541380e+02 -2.969426736714716242e+00
1.014999999997533990e+02 -3.351761636265409017e+00
1.019999999997629061e+02 -3.045925495666735205e+00
1.024999999997724132e+02 -3.007355597095606736e+00
1.029999999997819060e+02 -3.258231002882121086e+00
1.034999999997914131e+02 -2.745656924360183382e+00
1.039999999998009201e+02 -3.024140413186056531e+00
1.044999999998104272e+02 -3.180841065812725965e+00
1.049999999998199343e+02 -3.110184066391504576e+00
1.054999999998294413e+02 -3.135942252031072908e+00
1.059999999998389484e+02 -3.397534111164270065e+00
1.064999999998484554e+02 -3.258253269272632924e+00
1.069999999998579483e+02 -2.653421091822929512e+00
1.074999999998674554e+02 -3.279624662844517147e+00
1.079999999998769624e+02 -3.381553238701594299e+00
1.084999999998864695e+02 -2.632996177372748381e+00
1.089999999998959765e+02 -3.136802349548736490e+00
1.094999999999054836e+02 -3.301662790301639561e+00
1.099999999999149907e+02 -2.962031049225183565e+00
1.104999999999244977e+02 -3.036727345341216466e+00
1.109999999999339906e+02 -3.208508153127559215e+00
1.114999999999434976e+02 -3.086661679625578802e+00
1.119999999999530047e+02 -3.154409132110215452e+00
1.124999999999625118e+02 -3.190345393231824644e+00
1.129999999999720188e+02 -3.028981411424398917e+00
1.134999999999815259e+02 -3.158641994910316164e+00
1.139999999999910330e+02 -3.250333797171111261e+00
1.145000000000005400e+02 -3.103110575040310959e+00
1.150000000000100329e+02 -3.166058821967953740e+00
1.155000000000195399e+02 -2.873818361786129039e+00
1.160000000000290470e+02 -3.083005083345204067e+00
1.165000000000385540e+02 -3.263607794553767594e+00
1.170000000000480611e+02 -3.027908311582322209e+00
1.175000000000575682e+02 -3.305784539116172205e+00
1.180000000000670752e+02 -3.060511276728165253e+00
1.185000000000765823e+02 -2.944661868092287804e+00
1.190000000000860751e+02 -3.123798268144886148e+00
1.195000000000955822e+02 -3.211356498857423247e+00
1.200000000001050893e+02 -3.116926862407782384e+00
1.205000000001145963e+02 -2.977787355402118585e+00
1.210000000001241034e+02 -3.048965272770804535e+00
1.215000000001336105e+02 -2.978669644408342698e+00
1.220000000001431175e+02 -3.271890270334165240e+00
1.225000000001526246e+02 -3.481018703301753003e+00
1.230000000001621174e+02 -2.768369538347238645e+00
1.235000000001716245e+02 -2.997923465301748358e+00
1.240000000001811316e+02 -3.362053336499647660e+00
1.245000000001906386e+02 -3.111404645163190263e+00
1.250000000002001457e+02 -3.072618543819756631e+00
1.255000000002096527e+02 -3.226547997563057102e+00
1.260000000002191598e+02 -3.178947956975946010e+00
1.265000000002286527e+02 -3.074163116338457957e+00
1.270000000002381597e+02 -3.049409149639533911e+00
1.275000000002476668e+02 -3.229335973803677540e+00
1.280000000002571880e+02 -3.154795487424432832e+00
1.285000000002666809e+02 -3.384634380765277228e+00
1.290000000002761738e+02 -3.444327665608118760e+00
1.295000000002856950e+02 -3.025055658402655112e+00
1.300000000002951879e+02 -2.875233359685795076e+00
1.305000000003047091e+02 -3.355343336745313820e+00
1.310000000003142020e+02 -3.234238563937990918e+00
1.315000000003237233e+02 -2.734720736090080262e+00
1.320000000003332161e+02 -3.085951349342459071e+00
1.325000000003427090e+02 -3.014956229747246752e+00
1.330000000003522302e+02 -3.021465819386850438e+00
1.335000000003617231e+02 -3.194491014145629304e+00
1.340000000003712444e+02 -3.192705566667114248e+00
1.345000000003807372e+02 -3.181814659243554555e+00
1.350000000003902585e+02 -3.028666755518213183e+00
1.355000000003997513e+02 -3.162925245202851787e+00
1.360000000004092726e+02 -2.880218970325247874e+00
1.365000000004187655e+02 -3.197068043654251124e+00
1.370000000004282583e+02 -3.067319727497254345e+00
1.375000000004377796e+02 -3.091569598005667441e+00
1.380000000004472724e+02 -3.213896751610052060e+00
1.385000000004567937e+02 -3.116392260630873601e+00
1.390000000004662866e+02 -2.851715819390338691e+00
1.395000000004758078e+02 -3.201546344093226804e+00
1.400000000004853007e+02 -3.256833212891387053e+00
1.405000000004947935e+02 -3.124210127714510232e+00
1.410000000005043148e+02 -3.082927949116631261e+00
1.415000000005138077e+02 -3.003148997375481244e+00
1.420000000005233289e+02 -3.219556428635317324e+00
1.425000000005328218e+02 -3.016948969672915482e+00
1.430000000005423431e+02 -3.207591677819646492e+00
1.435000000005518359e+02 -3.076832363618078769e+00
1.440000000005613572e+02 -3.010974200107733090e+00
1.445000000005708500e+02 -2.954283649941565670e+00
1.450000000005803429e+02 -3.373548265523266476e+00
1.455000000005898642e+02 -3.301746048444660353e+00
1.460000000005993570e+02 -2.824609300812635393e+00
1.465000000006088783e+02 -3.391275618647792367e+00
1.470000000006183711e+02 -3.190092575966265276e+00
1.475000000006278924e+02 -2.917254765847479003e+00
1.480000000006373853e+02 -3.140304337898364384e+00
1.485000000006468781e+02 -3.016617607879885199e+00
1.490000000006563994e+02 -3.360989207127143441e+00
1.495000000006658922e+02 -3.083328182996221134e+00
1.500000000006754135e+02 -3.313954751508668917e+00
1.505000000006849064e+02 -2.911460776652879723e+00
1.510000000006944276e+02 -3.359137164456475588e+00
1.515000000007039205e+02 -3.261146092458827805e+00
1.520000000007134133e+02 -2.803423789599546190e+00
1.525000000007229346e+02 -3.036969853592121460e+00
1.530000000007324275e+02 -3.480787992185336854e+00
1.535000000007419487e+02 -3.219104520877022590e+00
1.540000000007514416e+02 -3.082634358794614560e+00
1.545000000007609628e+02 -2.865173636229672471e+00
1.550000000007704557e+02 -3.048225908483812141e+00
1.555000000007799770e+02 -3.369880531816922709e+00
1.560000000007894698e+02 -2.982391795782285193e+00
1.565000000007989627e+02 -3.472217162724787531e+00
1.570000000008084839e+02 -2.815452992203955951e+00
1.575000000008179768e+02 -2.822754174463792953e+00
1.580000000008274981e+02 -3.508505315296540861e+00
1.585000000008369909e+02 -3.053712806563193105e+00
1.590000000008465122e+02 -2.821766174429057639e+00
1.595000000008560050e+02 -3.752769132675463304e+00
1.600000000008654979e+02 -2.910464385835483281e+00
1.605000000008750192e+02 -3.014644866669637491e+00
1.610000000008845120e+02 -3.421488143096844237e+00
1.615000000008940333e+02 -3.467104636017303232e+00
1.620000000009035261e+02 -2.753784440754476481e+00
1.625000000009130474e+02 -2.848673238786489037e+00
1.630000000009225403e+02 -3.094339890101923451e+00
1.635000000009320615e+02 -3.449043697764846428e+00
1.640000000009415544e+02 -2.960942898089302222e+00
1.645000000009510472e+02 -2.742713450952131371e+00
1.650000000009605685e+02 -3.460973071359444653e+00
1.655000000009700614e+02 -3.300129205132577681e+00
1.660000000009795826e+02 -2.914682265509725312e+00
1.665000000009890755e+02 -3.074778974241984653e+00
1.670000000009985968e+02 -3.258326560116179049e+00
1.675000000010080896e+02 -2.989670892067699093e+00
1.680000000010175825e+02 -3.091376017366262108e+00
1.685000000010271037e+02 -3.331159332962373654e+00
1.690000000010365966e+02 -2.861290526000841439e+00
1.695000000010461179e+02 -3.183834356479635197e+00
1.700000000010556107e+02 -3.047868514279835850e+00
1.705000000010651320e+02 -3.141466738459175012e+00
1.710000000010746248e+02 -3.285823260012663560e+00
1.715000000010841177e+02 -2.971135431603383559e+00
1.720000000010936390e+02 -3.197179469745508040e+00
1.725000000011031318e+02 -2.919558533645169263e+00
1.730000000011126531e+02 -3.011402554352640593e+00
1.735000000011221459e+02 -3.206325318813151526e+00
1.740000000011316672e+02 -3.205755022719058989e+00
1.745000000011411601e+02 -2.874967650250275675e+00
1.750000000011506813e+02 -3.033079638121299215e+00
1.755000000011601742e+02 -3.214693252289336112e+00
1.760000000011696670e+02 -3.129018446269186349e+00
1.765000000011791883e+02 -3.099844679923707602e+00
1.770000000011886812e+02 -3.039552644003996384e+00
1.775000000011982024e+02 -3.387107984845916686e+00
1.780000000012076953e+02 -2.903686026635525774e+00
1.785000000012172165e+02 -3.140222877424491799e+00
1.790000000012267094e+02 -3.099267870421363646e+00
1.795000000012362023e+02 -3.142570432002033787e+00
1.800000000012457235e+02 -3.264343163539793480e+00
1.805000000012552164e+02 -3.272171874244998779e+00
1.810000000012647376e+02 -2.988340160746368657e+00
1.815000000012742305e+02 -3.343724255537170009e+00
1.820000000012837518e+02 -3.119990521602716171e+00
1.825000000012932446e+02 -3.022989084108876678e+00
1.830000000013027659e+02 -3.195829012818853343e+00
1.835000000013122587e+02 -3.480363313349265297e+00
1.840000000013217516e+02 -3.035188501792358551e+00
1.845000000013312729e+02 -3.118265183447386235e+00
1.850000000013407657e+02 -3.158626748094783387e+00
1.855000000013502870e+02 -2.951078726018418585e+00
1.860000000013597798e+02 -3.175962967873387832e+00
1.865000000013693011e+02 -3.065221801357382869e+00
1.870000000013787940e+02 -2.978926412670077184e+00
1.875000000013882868e+02 -3.142854825491390169e+00
1.880000000013978081e+02 -3.177921113189201563e+00
1.885000000014073009e+02 -2.956026526281870126e+00
1.890000000014168222e+02 -3.155577732674099245e+00
1.895000000014263151e+02 -3.334979152567934424e+00
1.900000000014358363e+02 -3.164444152051714365e+00
1.905000000014453292e+02 -2.950007816484621070e+00
1.910000000014548220e+02 -3.119166458516354989e+00
1.915000000014643433e+02 -3.186983118389154157e+00
1.920000000014738362e+02 -3.107068210210998771e+00
1.925000000014833574e+02 -3.121721197350197485e+00
1.930000000014928503e+02 -3.304168413818561412e+00
1.935000000015023716e+02 -2.856582869943640191e+00
1.940000000015118644e+02 -3.348185639717942141e+00
1.945000000015213857e+02 -3.034881602693006553e+00
1.950000000015308785e+02 -3.341549091940796412e+00
1.955000000015403714e+02 -3.227551409647041236e+00
1.960000000015498927e+02 -3.284501047542727648e+00
1.965000000015593855e+02 -2.732183916957440672e+00
1.970000000015689068e+02 -3.236433287201902598e+00
1.975000000015783996e+02 -3.236748876894172344e+00
1.980000000015879209e+02 -2.916944347113718639e+00
1.985000000015974138e+02 -3.467070679637070718e+00
1.990000000016069066e+02 -2.833329051514239971e+00
1.995000000016164279e+02 -2.877958021793444843e+00
2.000000000016259207e+02 -3.818178441242992882e+00
2.005000000016354420e+02 -2.984098149075571360e+00
2.010000000016449349e+02 -3.388135819714434227e+00
2.015000000016544561e+02 -2.944860680719167512e+00
2.020000000016639490e+02 -3.115743698457442701e+00
2.025000000016734703e+02 -3.426957002912734307e+00
2.030000000016789556e+02 -2.869028933958904570e+00
2.035000000016659385e+02 -3.363573956899458040e+00
2.040000000016529214e+02 -3.165019412737216875e+00
2.045000000016398758e+02 -3.264674625354407667e+00
2.050000000016268586e+02 -2.703628035272913621e+00
2.055000000016138415e+02 -3.152899497697016606e+00
2.060000000016008244e+02 -3.276657539287654242e+00
2.065000000015878072e+02 -2.898031165939598530e+00
2.070000000015747617e+02 -3.260333365222877866e+00
2.075000000015617445e+02 -3.050317962633572133e+00
2.080000000015487274e+02 -2.701947851478724960e+00
2.085000000015357102e+02 -3.457671222170939362e+00
2.090000000015226931e+02 -3.288220196232129133e+00
2.095000000015096475e+02 -2.840998325380319489e+00
2.100000000014966304e+02 -3.490077275979290405e+00
2.105000000014836132e+02 -3.042275086396312833e+00
2.110000000014705961e+02 -2.788187853953283835e+00
2.115000000014575789e+02 -3.667119100156024825e+00
2.120000000014445618e+02 -3.206701590939339930e+00
2.125000000014315162e+02 -3.140336000864093258e+00
2.130000000014184991e+02 -2.954409317259107048e+00
2.135000000014054820e+02 -3.416517346752635742e+00
2.140000000013924648e+02 -2.882233006770816175e+00
2.145000000013794477e+02 -2.885038982719922984e+00
2.150000000013664021e+02 -3.382065568039059222e+00
2.155000000013533850e+02 -3.142651387277844321e+00
2.160000000013403678e+02 -2.992161475049015973e+00
2.165000000013273507e+02 -3.125626072489981588e+00
2.170000000013143335e+02 -3.244204240998411315e+00
2.175000000013013164e+02 -2.836582107427829236e+00
2.180000000012882708e+02 -3.126662573888365326e+00
2.185000000012752537e+02 -3.269422903489154209e+00
2.190000000012622365e+02 -3.188733303967390853e+00
2.195000000012492194e+02 -2.915916110270763806e+00
2.200000000012362023e+02 -3.138745962838138226e+00
2.205000000012231567e+02 -3.104088982361623117e+00
2.210000000012101395e+02 -3.104731761940228818e+00
2.215000000011971224e+02 -2.764233935440017387e+00
2.220000000011841053e+02 -3.284545119106315081e+00
2.225000000011710881e+02 -3.022910243793180740e+00
2.230000000011580710e+02 -3.309996079118358914e+00
2.235000000011450254e+02 -3.200971124331177808e+00
2.240000000011320083e+02 -2.964228139469065937e+00
2.245000000011189911e+02 -2.926431123110027066e+00
2.250000000011059740e+02 -3.144755940988069209e+00
2.255000000010929568e+02 -3.112582976392943124e+00
2.260000000010799113e+02 -3.149718520493886675e+00
2.265000000010668941e+02 -3.137963204767695302e+00
2.270000000010538770e+02 -3.247118186638763060e+00
2.275000000010408598e+02 -2.830874405999091792e+00
2.280000000010278427e+02 -3.159594457157560932e+00
2.285000000010148256e+02 -2.887559044163562127e+00
2.290000000010017800e+02 -2.928590754551604114e+00
2.295000000009887628e+02 -3.417830794720367660e+00
2.300000000009757457e+02 -3.111426518705943334e+00
2.305000000009627286e+02 -2.878553301586872060e+00
2.310000000009497114e+02 -3.215561517719901286e+00
2.315000000009366659e+02 -3.321337125444821847e+00
2.320000000009236487e+02 -3.202295544825838558e+00
2.325000000009106316e+02 -3.017759559940352165e+00
2.330000000008976144e+02 -2.814533070700656836e+00
2.335000000008845973e+02 -3.252586170727728820e+00
2.340000000008715517e+02 -2.942001280002608077e+00
2.345000000008585346e+02 -3.428738464585420420e+00
2.350000000008455174e+02 -3.160169501404119785e+00
2.355000000008325003e+02 -2.926780995946868913e+00
2.360000000008194831e+02 -3.084101931149882958e+00
2.365000000008064660e+02 -3.039892257344271265e+00
2.370000000007934204e+02 -3.302120779705161269e+00
2.375000000007804033e+02 -2.791809371402780737e+00
2.380000000007673862e+02 -3.224881989207765365e+00
2.385000000007543690e+02 -3.078923092682922746e+00
2.390000000007413519e+02 -3.176899663261528950e+00
2.395000000007283063e+02 -3.081121720622642002e+00
2.400000000007152892e+02 -2.828471992013728453e+00
2.405000000007022720e+02 -3.369098374005212282e+00
2.410000000006892549e+02 -3.240949688150500219e+00
2.415000000006762377e+02 -2.785969722161688367e+00
2.420000000006632206e+02 -3.256302664393086133e+00
2.425000000006501750e+02 -2.771468287937498776e+00
2.430000000006371579e+02 -3.217379911685873672e+00
2.435000000006241407e+02 -3.053473786429309111e+00
2.440000000006111236e+02 -3.245039831819064968e+00
2.445000000005981065e+02 -3.280270086442394373e+00
2.450000000005850609e+02 -2.861766147914801994e+00
2.455000000005720437e+02 -3.248267069572380983e+00
2.460000000005590266e+02 -3.248070078087232915e+00
2.465000000005460095e+02 -2.767010566892001311e+00
2.470000000005329923e+02 -3.166378462134414651e+00
2.475000000005199752e+02 -3.129696978956677533e+00
2.480000000005069296e+02 -3.365288104310614425e+00
2.485000000004939125e+02 -3.161934910371064777e+00
2.490000000004808953e+02 -2.857298982023121603e+00
2.495000000004678782e+02 -3.291906947533770111e+00
2.500000000004548610e+02 -3.386055063326668613e+00
2.505000000004418155e+02 -3.326142527193937326e+00
2.510000000004287983e+02 -3.336380834789217431e+00
2.515000000004157812e+02 -2.701275235467194058e+00
2.520000000004027640e+02 -3.324183668777391354e+00
2.525000000003897469e+02 -3.190728479251367933e+00
2.530000000003767013e+02 -2.944590184915476083e+00
2.535000000003636842e+02 -3.030335127571634590e+00
2.540000000003506671e+02 -3.263721122698342025e+00
2.545000000003376499e+02 -3.093644828067866559e+00
2.550000000003246328e+02 -3.164367948657271779e+00
2.555000000003116156e+02 -2.937834282179767609e+00
2.560000000002985985e+02 -3.082784551683704244e+00
2.565000000002855813e+02 -2.872131521141867427e+00
2.570000000002725642e+02 -3.347160298794543909e+00
2.575000000002594902e+02 -3.453466261404477322e+00
2.580000000002464731e+02 -3.145908077335509923e+00
2.585000000002334559e+02 -2.801757184759619879e+00
2.590000000002204388e+02 -3.332978575583559255e+00
2.595000000002074216e+02 -3.065424231226763219e+00
2.600000000001944045e+02 -3.098533877761672883e+00
2.605000000001813873e+02 -3.335926590097533673e+00
2.610000000001683702e+02 -3.297428496976586576e+00
2.615000000001553531e+02 -3.101847820410286616e+00
2.620000000001423359e+02 -2.775630122635972974e+00
2.625000000001292619e+02 -3.360281885039965832e+00
2.630000000001162448e+02 -2.753032774623825674e+00
2.635000000001032276e+02 -3.591499488206868040e+00
2.640000000000902105e+02 -2.976167739204741203e+00
2.645000000000771934e+02 -3.213553462327664700e+00
2.650000000000641762e+02 -3.049763021745858005e+00
2.655000000000511591e+02 -2.809098189945805402e+00
2.660000000000381419e+02 -3.071906654670124581e+00
2.665000000000251248e+02 -3.291528723318231098e+00
2.670000000000121076e+02 -2.927705024728235461e+00
2.674999999999990905e+02 -3.149042964338204076e+00
2.679999999999860165e+02 -3.335388003064768458e+00
2.684999999999729994e+02 -3.395394225088526508e+00
2.689999999999599822e+02 -2.919302173390955435e+00
2.694999999999469651e+02 -3.240757571286444261e+00
2.699999999999339479e+02 -3.299424142507585422e+00
2.704999999999209308e+02 -2.934362970721723585e+00
2.709999999999079137e+02 -3.198596866587910981e+00
2.714999999998948965e+02 -3.118653623793229634e+00
2.719999999998818794e+02 -3.242180558787555178e+00
2.724999999998688622e+02 -2.986481528954725295e+00
2.729999999998558451e+02 -2.924283355517221850e+00
2.734999999998427711e+02 -3.395688735094823940e+00
2.739999999998297540e+02 -3.087659701860673955e+00
2.744999999998167368e+02 -2.749372391756666367e+00
2.749999999998037197e+02 -3.230615316509354962e+00
2.754999999997907025e+02 -3.280449618235510290e+00
2.759999999997776854e+02 -2.981680924248844455e+00
2.764999999997646682e+02 -3.123629605203216197e+00
2.769999999997516511e+02 -3.347721219601387688e+00
2.774999999997386340e+02 -3.004011642962859163e+00
2.779999999997256168e+02 -2.813313742244626159e+00
2.784999999997125997e+02 -3.085199775230421437e+00
2.789999999996995257e+02 -3.316159486332626471e+00
2.794999999996865085e+02 -2.992234550555512573e+00
2.799999999996734914e+02 -2.901829683772296331e+00
2.804999999996604743e+02 -3.072614546587677076e+00
2.809999999996474571e+02 -3.109151247134216423e+00
2.814999999996344400e+02 -3.086265178266739184e+00
2.819999999996214228e+02 -3.185021545627090056e+00
2.824999999996084057e+02 -3.088455697652639831e+00
2.829999999995953885e+02 -2.940987244540399281e+00
2.834999999995823714e+02 -3.371033707069206464e+00
2.839999999995693543e+02 -3.152267136694671290e+00
2.844999999995562803e+02 -3.465142526810437662e+00
2.849999999995432631e+02 -3.013785995364121284e+00
2.854999999995302460e+02 -3.292220090701220681e+00
2.859999999995172288e+02 -3.017571741914292449e+00
2.864999999995042117e+02 -3.135135142887451210e+00
2.869999999994911946e+02 -3.197773206979070082e+00
2.874999999994781774e+02 -3.202985059249030098e+00
2.879999999994651603e+02 -3.194178026924043845e+00
2.884999999994521431e+02 -3.272624657535515347e+00
2.889999999994391260e+02 -3.206484935603052033e+00
2.894999999994261088e+02 -3.186467263873168587e+00
2.899999999994130349e+02 -3.261701805510923258e+00
2.904999999994000177e+02 -3.023451076893208356e+00
2.909999999993870006e+02 -2.935119442250586630e+00
2.914999999993739834e+02 -3.143286047524788351e+00
2.919999999993609663e+02 -3.127143888022954510e+00
2.924999999993479491e+02 -3.488967823439728999e+00
2.929999999993349320e+02 -3.241514453891032765e+00
2.934999999993219149e+02 -2.811669687470112589e+00
2.939999999993088977e+02 -3.037777550917086788e+00
2.944999999992958806e+02 -3.412276875835206003e+00
2.949999999992828634e+02 -3.004758382174098852e+00
2.954999999992697894e+02 -2.701192655274385235e+00
2.959999999992567723e+02 -3.444804040453905092e+00
2.964999999992437552e+02 -3.371447493597370837e+00
2.969999999992307380e+02 -3.264290246459182310e+00
2.974999999992177209e+02 -3.301777709738979993e+00
2.979999999992047037e+02 -3.087949728408326600e+00
2.984999999991916866e+02 -3.083647207800808587e+00
2.989999999991786694e+02 -3.575343170125788728e+00
2.994999999991656523e+02 -2.992267786873084923e+00
2.999999999991526352e+02 -2.906232207829749115e+00
3.004999999991396180e+02 -3.258648239623096909e+00
3.009999999991265440e+02 -3.032536855086123140e+00
3.014999999991135269e+02 -3.047522475326454039e+00
3.019999999991005097e+02 -3.191784558002540351e+00
3.024999999990874926e+02 -3.017004279401888311e+00
3.029999999990744755e+02 -3.276638607518663093e+00
3.034999999990614583e+02 -3.209176921739226085e+00
3.039999999990484412e+02 -3.001450219441359479e+00
3.044999999990354240e+02 -2.964922223134728085e+00
3.049999999990224069e+02 -3.258223206851781129e+00
3.054999999990093897e+02 -2.610553708660315664e+00
3.059999999989963158e+02 -3.307016539242404018e+00
3.064999999989832986e+02 -3.466655489903481158e+00
3.069999999989702815e+02 -3.120549864249237970e+00
3.074999999989572643e+02 -3.082894775542122989e+00
3.079999999989442472e+02 -3.083116317557864861e+00
3.084999999989312300e+02 -2.893396654394926770e+00
3.089999999989182129e+02 -2.893961685915801496e+00
3.094999999989051958e+02 -3.240064266734796306e+00
3.099999999988921786e+02 -3.257763995045386274e+00
3.104999999988791615e+02 -2.856186636913685462e+00
3.109999999988661443e+02 -3.105181335615086802e+00
3.114999999988530703e+02 -3.195124639634975949e+00
3.119999999988400532e+02 -2.941782950215422243e+00
3.124999999988270361e+02 -3.429411876994075126e+00
3.129999999988140189e+02 -3.055320295839658140e+00
3.134999999988010018e+02 -2.822869527579034532e+00
3.139999999987879846e+02 -3.162434725329104968e+00
3.144999999987749675e+02 -3.050150187942495261e+00
3.149999999987619503e+02 -2.962022041505556924e+00
3.154999999987489332e+02 -3.135440715473499118e+00
3.159999999987359161e+02 -3.036722722356077764e+00
3.164999999987228989e+02 -3.212863538394298057e+00
3.169999999987098249e+02 -3.129894104306083502e+00
3.174999999986968078e+02 -2.877403519921933217e+00
3.179999999986837906e+02 -3.030901135524833645e+00
3.184999999986707735e+02 -3.274949428814701413e+00
3.189999999986577564e+02 -3.122146295526034621e+00
3.194999999986447392e+02 -3.432401984362133174e+00
3.199999999986317221e+02 -2.854648176683644234e+00
3.204999999986187049e+02 -3.228318876595925868e+00
3.209999999986056878e+02 -2.930538903603124190e+00
3.214999999985926706e+02 -3.086587866927450019e+00
3.219999999985796535e+02 -3.287093750645836643e+00
3.224999999985665795e+02 -2.858309506666593780e+00
3.229999999985535624e+02 -3.302256460583507636e+00
3.234999999985405452e+02 -2.985530214884820399e+00
3.239999999985275281e+02 -2.924573241295057358e+00
3.244999999985145109e+02 -3.253061152703642822e+00
3.249999999985014938e+02 -3.062490968378785983e+00
3.254999999984884766e+02 -2.837202777690190914e+00
3.259999999984754595e+02 -3.217921945574448994e+00
3.264999999984624424e+02 -3.093403919252316392e+00
3.269999999984494252e+02 -2.980926194904879534e+00
3.274999999984364081e+02 -3.083461149454383765e+00
3.279999999984233341e+02 -2.887351973754153089e+00
3.284999999984103169e+02 -3.132238011113317011e+00
3.289999999983972998e+02 -3.129859409638989565e+00
3.294999999983842827e+02 -2.977124115825814155e+00
3.299999999983712655e+02 -3.216928508138421350e+00
3.304999999983582484e+02 -3.157565948093357555e+00
3.309999999983452312e+02 -3.035914216893600859e+00
3.314999999983322141e+02 -3.200466152936356501e+00
3.319999999983191969e+02 -3.425914315791435349e+00
3.324999999983061798e+02 -3.010686308740027961e+00
3.329999999982931627e+02 -3.228619416376697693e+00
3.334999999982800887e+02 -3.183181248270611441e+00
3.339999999982670715e+02 -2.969709176069556644e+00
3.344999999982540544e+02 -2.922401955924286643e+00
3.349999999982410372e+02 -3.474781092774061886e+00
3.354999999982280201e+02 -2.909217695624667144e+00
3.359999999982150030e+02 -2.864850684649185020e+00
3.364999999982019858e+02 -3.605633895158165902e+00
3.369999999981889687e+02 -3.083936114291197850e+00
3.374999999981759515e+02 -3.135469501125466074e+00
3.379999999981629344e+02 -3.456930967878247607e+00
3.384999999981499172e+02 -2.880066764104233901e+00
3.389999999981368433e+02 -3.192451246026872802e+00
3.394999999981238261e+02 -2.988618804585333244e+00
3.399999999981108090e+02 -3.251734737841380785e+00
3.404999999980977918e+02 -3.327253237882239922e+00
3.409999999980847747e+02 -2.899196263139993235e+00
3.414999999980717575e+02 -3.157465077818791155e+00
3.419999999980587404e+02 -3.224751595294424344e+00
3.424999999980457233e+02 -2.740925704240157579e+00
3.429999999980327061e+02 -3.371789311432886738e+00
3.434999999980196890e+02 -3.279685314149388464e+00
3.439999999980066718e+02 -2.895419026743090818e+00
3.444999999979935978e+02 -3.006199036797982949e+00
3.449999999979805807e+02 -3.145233483259479712e+00
3.454999999979675636e+02 -2.947059891722390024e+00
3.459999999979545464e+02 -3.122830358318142263e+00
3.464999999979415293e+02 -3.188308326871291509e+00
3.469999999979285121e+02 -3.407530160945959175e+00
3.474999999979154950e+02 -3.128638491572751867e+00
3.479999999979024778e+02 -2.926010298151988653e+00
3.484999999978894607e+02 -3.405015062099406631e+00
3.489999999978764436e+02 -3.012543719052251046e+00
3.494999999978633696e+02 -2.942111302111751758e+00
3.499999999978503524e+02 -3.324333378011306017e+00
3.504999999978373353e+02 -2.816535583470638038e+00
3.509999999978243181e+02 -3.245170829956206759e+00
3.514999999978113010e+02 -2.996550563268547851e+00
3.519999999977982839e+02 -3.397794930338662311e+00
3.524999999977852667e+02 -2.898033266351232928e+00
3.529999999977722496e+02 -3.242420953310913845e+00
3.534999999977592324e+02 -3.314983807603624655e+00
3.539999999977462153e+02 -3.027084174591161414e+00
3.544999999977331981e+02 -3.305986711404170109e+00
3.549999999977201242e+02 -3.035275579646996125e+00
3.554999999977071070e+02 -2.810185255442509078e+00
3.559999999976940899e+02 -3.443373513248760620e+00
3.564999999976810727e+02 -2.991287583464418809e+00
3.569999999976680556e+02 -2.997843098668574680e+00
3.574999999976550384e+02 -3.217459987673799482e+00
3.579999999976420213e+02 -2.897825523293370953e+00
3.584999999976290042e+02 -3.110611087294333554e+00
3.589999999976159870e+02 -3.124034288357857125e+00
3.594999999976029699e+02 -3.025464270930924293e+00
3.599999999975899527e+02 -3.149781666155055504e+00
3.604999999975768787e+02 -3.117693114930640608e+00
3.609999999975638616e+02 -2.828736042031210207e+00
3.614999999975508445e+02 -3.229166678631575582e+00
3.619999999975378273e+02 -3.011050524506268200e+00
3.624999999975248102e+02 -2.800051079948032484e+00
3.629999999975117930e+02 -3.217524799289092741e+00
3.634999999974987759e+02 -3.025287884861181720e+00
3.639999999974857587e+02 -3.072893671062725929e+00
3.644999999974727416e+02 -3.402371549857515109e+00
3.649999999974597245e+02 -2.816714307939142348e+00
3.654999999974467073e+02 -3.182397876240467660e+00
3.659999999974336333e+02 -3.345757974898730946e+00
3.664999999974206162e+02 -3.066443826170801579e+00
3.669999999974075990e+02 -2.990665102141223830e+00
3.674999999973945819e+02 -3.332944339617923468e+00
3.679999999973815648e+02 -3.036958517451786577e+00
3.684999999973685476e+02 -3.133882945002589349e+00
3.689999999973555305e+02 -2.905041247587769604e+00
3.694999999973425133e+02 -3.339212664502292593e+00
3.699999999973294962e+02 -2.910616722626036434e+00
3.704999999973164790e+02 -3.123809005704420994e+00
3.709999999973034619e+02 -3.484319986521629442e+00
3.714999999972903879e+02 -2.872758020645464150e+00
3.719999999972773708e+02 -2.752584763845427052e+00
3.724999999972643536e+02 -3.422269617313990153e+00
3.729999999972513365e+02 -2.911310645569528788e+00
3.734999999972383193e+02 -2.917336933182208547e+00
3.739999999972253022e+02 -3.214142540746705912e+00
3.744999999972122851e+02 -3.279120834769014614e+00
3.749999999971992679e+02 -2.855434180518974241e+00
3.754999999971862508e+02 -3.220834075266024055e+00
3.759999999971732336e+02 -3.285104586007816518e+00
3.764999999971602165e+02 -2.757218400943492576e+00
3.769999999971471425e+02 -3.194412574568067154e+00
3.774999999971341254e+02 -3.436006654557775430e+00
3.779999999971211082e+02 -2.897647919065798217e+00
3.784999999971080911e+02 -3.195812009628158368e+00
3.789999999970950739e+02 -2.991490823943675270e+00
3.794999999970820568e+02 -3.072147911167482981e+00
3.799999999970690396e+02 -2.930627662359739372e+00
3.804999999970560225e+02 -3.277371376686427862e+00
3.809999999970430054e+02 -3.011836023125155304e+00
3.814999999970299882e+02 -3.197053598914463279e+00
3.819999999970169711e+02 -3.346846794217670507e+00
3.824999999970038971e+02 -2.976114993307427792e+00
3.829999999969908799e+02 -3.057711754756307077e+00
3.834999999969778628e+02 -3.049988284090000334e+00
3.839999999969648456e+02 -2.900683999484046538e+00
3.844999999969518285e+02 -3.196221336146083836e+00
3.849999999969388114e+02 -3.274824612096879584e+00
3.854999999969257942e+02 -3.026358513136458761e+00
3.859999999969127771e+02 -2.754347128248302745e+00
3.864999999968997599e+02 -3.111991794571604242e+00
3.869999999968867428e+02 -3.321388089029543522e+00
3.874999999968737256e+02 -3.083554370138697820e+00
3.879999999968606517e+02 -2.873775377328323888e+00
3.884999999968476345e+02 -3.310784242340768291e+00
3.889999999968346174e+02 -2.972580384281062305e+00
3.894999999968216002e+02 -2.996585156547684203e+00
3.899999999968085831e+02 -3.037418084035878874e+00
3.904999999967955659e+02 -2.861902043054250555e+00
3.909999999967825488e+02 -3.153491794867101294e+00
3.914999999967695317e+02 -3.380909491770026420e+00
3.919999999967565145e+02 -2.677128786600759813e+00
3.924999999967434974e+02 -3.025312670816056038e+00
3.929999999967304234e+02 -3.402165213316100889e+00
3.934999999967174062e+02 -2.979706536024689267e+00
3.939999999967043891e+02 -2.919918784034269521e+00
3.944999999966913720e+02 -3.321151496515661439e+00
3.949999999966783548e+02 -3.587416255592794201e+00
3.954999999966653377e+02 -2.545408591287278366e+00
3.959999999966523205e+02 -3.122777888767370502e+00
3.964999999966393034e+02 -3.231897625919498918e+00
3.969999999966262862e+02 -2.878643924297251466e+00
3.974999999966132691e+02 -3.173824405143981231e+00
3.979999999966002520e+02 -3.050494993561915891e+00
3.984999999965871780e+02 -2.839392527221564322e+00
3.989999999965741608e+02 -3.315781795785335717e+00
3.994999999965611437e+02 -3.030905089674691855e+00
3.999999999965481265e+02 -3.153730862086641107e+00
4.004999999965351094e+02 -3.381127041286438484e+00
4.009999999965220923e+02 -3.267033641225441709e+00
4.014999999965090751e+02 -3.032572087474396216e+00
4.019999999964960580e+02 -3.211061424005964504e+00
4.024999999964830408e+02 -3.081276821065168203e+00
4.029999999964700237e+02 -3.111368814018075302e+00
4.034999999964570065e+02 -3.068444794267358500e+00
4.039999999964439326e+02 -3.199527645726037317e+00
4.044999999964309154e+02 -2.968652108266508272e+00
4.049999999964178983e+02 -3.218958907763571187e+00
4.054999999964048811e+02 -2.950824251790688635e+00
4.059999999964079507e+02 -3.226677504705647070e+00
4.064999999964400104e+02 -3.080249032162544864e+00
4.069999999964720132e+02 -2.957636466284720544e+00
4.074999999965040729e+02 -3.458984226190430444e+00
4.079999999965360757e+02 -2.764320624199090748e+00
4.084999999965681354e+02 -2.951619150315907270e+00
4.089999999966001383e+02 -3.447168251347702217e+00
4.094999999966321980e+02 -2.796536082177167426e+00
4.099999999966642008e+02 -3.200203802479901327e+00
4.104999999966962605e+02 -3.216700251499223118e+00
4.109999999967282633e+02 -2.943751869501681995e+00
4.114999999967603230e+02 -3.482393322005955305e+00
4.119999999967923259e+02 -2.973517636608677517e+00
4.124999999968243856e+02 -2.687742068307679144e+00
4.129999999968563884e+02 -3.424854070425770836e+00
4.134999999968884481e+02 -3.044563521207432011e+00
4.139999999969205078e+02 -2.970942695020106772e+00
4.144999999969525106e+02 -3.115104575800357711e+00
4.149999999969845703e+02 -3.206474506585855533e+00
4.154999999970165732e+02 -3.027737828638387807e+00
4.159999999970486328e+02 -3.438441689902605791e+00
4.164999999970806357e+02 -3.198909138934242780e+00
4.169999999971126954e+02 -3.057855445103593972e+00
4.174999999971446982e+02 -3.282952352301686361e+00
4.179999999971767579e+02 -2.984429746808846762e+00
4.184999999972087608e+02 -3.139253555048600042e+00
4.189999999972408204e+02 -3.210024074138299710e+00
4.194999999972728233e+02 -3.226291531020024195e+00
4.199999999973048830e+02 -3.087503100484995322e+00
4.204999999973368858e+02 -3.083370585418484300e+00
4.209999999973689455e+02 -3.067782723147549184e+00
4.214999999974009484e+02 -3.150531124273569628e+00
4.219999999974330080e+02 -2.891953549988910410e+00
4.224999999974650109e+02 -3.279594081645799353e+00
4.229999999974970706e+02 -2.845753926636251929e+00
4.234999999975291303e+02 -3.232764894736379180e+00
4.239999999975611331e+02 -3.290109458115324514e+00
4.244999999975931928e+02 -2.953748414369428588e+00
4.249999999976251956e+02 -3.262943377405506329e+00
4.254999999976572553e+02 -2.879306221816102074e+00
4.259999999976892582e+02 -3.093285152331944676e+00
4.264999999977213179e+02 -3.322560015302056691e+00
4.269999999977533207e+02 -3.042698960579945933e+00
4.274999999977853804e+02 -2.875226004897591281e+00
4.279999999978173832e+02 -3.254057309753059180e+00
4.284999999978494429e+02 -3.226604845568966873e+00
4.289999999978814458e+02 -3.130614105205765885e+00
4.294999999979135055e+02 -3.466706680012430652e+00
4.299999999979455083e+02 -2.848792428926037346e+00
4.304999999979775680e+02 -3.177043535261074858e+00
4.309999999980095708e+02 -3.388362238594993414e+00
4.314999999980416305e+02 -2.978815245009513113e+00
4.319999999980736902e+02 -3.176665866308607811e+00
4.324999999981056931e+02 -2.789363065252399299e+00
4.329999999981377528e+02 -3.459219867256718040e+00
4.334999999981697556e+02 -2.872288846979140331e+00
4.339999999982018153e+02 -3.242761175937423079e+00
4.344999999982338181e+02 -3.083770321826779792e+00
4.349999999982658778e+02 -3.229100990957507022e+00
4.354999999982978807e+02 -3.125835454029912697e+00
4.359999999983299404e+02 -2.623836097941270484e+00
4.364999999983619432e+02 -3.352604800383111261e+00
4.369999999983940029e+02 -3.274825498982352645e+00
4.374999999984260057e+02 -2.631726743661168655e+00
4.379999999984580654e+02 -3.183582458187680597e+00
4.384999999984900683e+02 -3.362378348560111085e+00
4.389999999985221280e+02 -3.042033921656186468e+00
4.394999999985541308e+02 -2.852361208974241613e+00
4.399999999985861905e+02 -3.157952983583793394e+00
4.404999999986182502e+02 -3.327843816762128704e+00
4.409999999986502530e+02 -2.778857173852187223e+00
4.414999999986823127e+02 -3.246694983710204152e+00
4.419999999987143156e+02 -3.227740140463295493e+00
4.424999999987463752e+02 -2.926461599080576459e+00
4.429999999987783781e+02 -3.143816952225906292e+00
4.434999999988104378e+02 -3.365803462705314608e+00
4.439999999988424406e+02 -3.093051687342183609e+00
4.444999999988745003e+02 -3.057589499367153518e+00
4.449999999989065032e+02 -2.998134865387286130e+00
4.454999999989385628e+02 -3.199234274053628813e+00
4.459999999989705657e+02 -3.160875289945695332e+00
4.464999999990026254e+02 -2.759040479833115178e+00
4.469999999990346282e+02 -2.945733741276116202e+00
4.474999999990666879e+02 -3.257504540408830085e+00
4.479999999990986908e+02 -2.993225721333007794e+00
4.484999999991307504e+02 -3.047982103737500559e+00
4.489999999991627533e+02 -3.016972874848794284e+00
4.494999999991948130e+02 -3.017165236977041420e+00
4.499999999992268727e+02 -3.293737155066964739e+00
4.504999999992588755e+02 -3.329424508523205706e+00
4.509999999992909352e+02 -2.956755295762522273e+00
4.514999999993229380e+02 -3.234522723554572377e+00
4.519999999993549977e+02 -3.637588436070456677e+00
4.524999999993870006e+02 -2.881926877462354319e+00
4.529999999994190603e+02 -3.141305636246601640e+00
4.534999999994510631e+02 -2.735894533196103762e+00
4.539999999994831228e+02 -3.349536521160121350e+00
4.544999999995151256e+02 -3.231447948362826228e+00
4.549999999995471853e+02 -2.778952675787109250e+00
4.554999999995791882e+02 -3.443983482869801271e+00
4.559999999996112479e+02 -3.228948740733796008e+00
4.564999999996432507e+02 -3.355708325734654274e+00
4.569999999996753104e+02 -3.079424440357125370e+00
4.574999999997073132e+02 -2.927222446298232583e+00
4.579999999997393729e+02 -3.135958216157229028e+00
4.584999999997714326e+02 -3.201688658635054363e+00
4.589999999998034355e+02 -3.094656073020471521e+00
4.594999999998354951e+02 -3.094287436117630463e+00
4.599999999998674980e+02 -3.232320113173816623e+00
4.604999999998995577e+02 -2.924969603427250320e+00
4.609999999999315605e+02 -3.052953334503522242e+00
4.614999999999636202e+02 -3.283109939942928435e+00
4.619999999999956231e+02 -2.972193060565012868e+00
4.625000000000276827e+02 -3.249423666764428731e+00
4.630000000000596856e+02 -3.133814218837057464e+00
4.635000000000917453e+02 -2.887089959689201457e+00
4.640000000001237481e+02 -3.252570386528824908e+00
4.645000000001558078e+02 -3.303978653548412137e+00
4.650000000001878107e+02 -3.338113193841643067e+00
4.655000000002198703e+02 -3.084030902486373904e+00
4.660000000002518732e+02 -2.888658759045918512e+00
4.665000000002839329e+02 -3.300384289080496636e+00
4.670000000003159357e+02 -3.167204279623929253e+00
4.675000000003479954e+02 -3.175660931903172557e+00
4.680000000003800551e+02 -3.094282563887800652e+00
4.685000000004120579e+02 -2.905535411857656403e+00
4.690000000004441176e+02 -3.234924127229210633e+00
4.695000000004761205e+02 -2.920819671531030615e+00
4.700000000005081802e+02 -3.096521302853163959e+00
4.705000000005401830e+02 -3.219992657106228950e+00
4.710000000005722427e+02 -3.068379771351096963e+00
4.715000000006042455e+02 -3.194623804464110872e+00
4.720000000006363052e+02 -2.725010648957866710e+00
4.725000000006683081e+02 -3.017277019480157030e+00
4.730000000007003678e+02 -3.332474203069898167e+00
4.735000000007323706e+02 -3.155772272142799206e+00
4.740000000007644303e+02 -3.108508137728443810e+00
4.745000000007964331e+02 -3.312425113997161663e+00
4.750000000008284928e+02 -2.931068301992407754e+00
4.755000000008604957e+02 -3.116248987829781658e+00
4.760000000008925554e+02 -3.135977752102506066e+00
4.765000000009246151e+02 -2.778356180493791960e+00
4.770000000009566179e+02 -3.139153627064631635e+00
4.775000000009886776e+02 -3.328189590269088782e+00
4.780000000010206804e+02 -2.913116628772491445e+00
4.785000000010527401e+02 -3.138860443536704015e+00
4.790000000010847430e+02 -3.331661074883767171e+00
4.795000000011168027e+02 -3.069894766472033076e+00
4.800000000011488055e+02 -3.380438412419638716e+00
4.805000000011808652e+02 -2.893838345601695394e+00
4.810000000012128680e+02 -3.325712341805326488e+00
4.815000000012449277e+02 -3.478871879402243739e+00
4.820000000012769306e+02 -3.130827340111911106e+00
4.825000000013089902e+02 -2.978865249056179554e+00
4.830000000013409931e+02 -2.912410601358800921e+00
4.835000000013730528e+02 -2.980332147090208217e+00
4.840000000014050556e+02 -3.224861727844101633e+00
4.845000000014371153e+02 -3.345703863691193991e+00
4.850000000014691750e+02 -2.751124894233906826e+00
4.855000000015011778e+02 -3.151210716399257095e+00
4.860000000015332375e+02 -3.323081056401059108e+00
4.865000000015652404e+02 -3.124744108357478289e+00
4.870000000015973001e+02 -3.133820142650542984e+00
4.875000000016293029e+02 -3.015357333082320679e+00
4.880000000016613626e+02 -2.932891366371476849e+00
4.885000000016933654e+02 -3.043555080742463392e+00
4.890000000017254251e+02 -3.294522808644422707e+00
4.895000000017574280e+02 -3.305125794438595666e+00
4.900000000017894877e+02 -2.995784060514771863e+00
4.905000000018214905e+02 -2.894150320536454046e+00
4.910000000018535502e+02 -3.194571832799153022e+00
4.915000000018855530e+02 -3.131315285576266927e+00
4.920000000019176127e+02 -3.117579720331377757e+00
4.925000000019496156e+02 -3.298982590290743477e+00
4.930000000019816753e+02 -3.116452827174703621e+00
4.935000000020136781e+02 -3.143928881968947042e+00
4.940000000020457378e+02 -3.043968311765108403e+00
4.945000000020777975e+02 -3.052340318383547135e+00
4.950000000021098003e+02 -3.137809718344175103e+00
4.955000000021418600e+02 -2.951401082322483216e+00
4.960000000021738629e+02 -3.134006333681278900e+00
4.965000000022059226e+02 -3.008302615910152689e+00
4.970000000022379254e+02 -3.149938068083092180e+00
4.975000000022699851e+02 -3.149018852915510536e+00
4.980000000023019879e+02 -2.826744373938038457e+00
4.985000000023340476e+02 -3.204729781500895047e+00
4.990000000023660505e+02 -3.003954053925040668e+00
4.995000000023981102e+02 -3.143750057281716526e+00
5.000000000024301130e+02 -3.164678450239441165e+00
5.005000000024621727e+02 -2.854032241304586659e+00
5.010000000024941755e+02 -3.247345231309259894e+00
5.015000000025262352e+02 -3.192579982465736155e+00
5.020000000025582381e+02 -3.079390206446656286e+00
5.025000000025902978e+02 -3.224322970903883867e+00
5.030000000026223574e+02 -3.121572647240199672e+00
5.035000000026543603e+02 -3.146806923512929011e+00
5.040000000026864200e+02 -3.066756985103584743e+00
5.045000000027184228e+02 -3.095757720796176837e+00
5.050000000027504825e+02 -2.966653462783853890e+00
5.055000000027824854e+02 -3.174583574164687505e+00
5.060000000028145450e+02 -3.426772274174616051e+00
5.065000000028465479e+02 -3.021842251563123583e+00
5.070000000028786076e+02 -3.380814348506996581e+00
5.075000000029106104e+02 -3.330063087900160035e+00
5.080000000029426701e+02 -3.187349521970998190e+00
5.085000000029746730e+02 -3.289088358457657790e+00
5.090000000030067326e+02 -3.019888072163645631e+00
5.095000000030387355e+02 -3.273754673418273420e+00
5.100000000030707952e+02 -3.164983333202337601e+00
5.105000000031027980e+02 -3.089426591530561428e+00
5.110000000031348577e+02 -2.938193178170792841e+00
5.115000000031668606e+02 -3.283043604163777385e+00
5.120000000031989202e+02 -3.052269706505593483e+00
5.125000000032309799e+02 -3.055374215956792927e+00
5.130000000032630396e+02 -3.030101014322517994e+00
5.135000000032949856e+02 -3.160771678024616005e+00
5.140000000033270453e+02 -2.993613987001584320e+00
5.145000000033591050e+02 -3.055988986217272885e+00
5.150000000033911647e+02 -3.194354799735822592e+00
5.155000000034231107e+02 -3.270815802099235281e+00
5.160000000034551704e+02 -2.979625472656223906e+00
5.165000000034872301e+02 -3.121409949695187702e+00
5.170000000035192897e+02 -3.225839382917701670e+00
5.175000000035512357e+02 -3.167449199713817887e+00
5.180000000035832954e+02 -3.252239116128419649e+00
5.185000000036153551e+02 -3.127686995403569092e+00
5.190000000036474148e+02 -2.950079537224496118e+00
5.195000000036793608e+02 -3.222059650743202219e+00
5.200000000037114205e+02 -2.921774232428082652e+00
5.205000000037434802e+02 -3.299575423820866771e+00
5.210000000037755399e+02 -3.114768811856574171e+00
5.215000000038075996e+02 -2.944300897897454750e+00
5.220000000038395456e+02 -3.059368450953643848e+00
5.225000000038716053e+02 -3.060618308223036266e+00
5.230000000039036649e+02 -3.077578825496532389e+00
5.235000000039357246e+02 -2.905282157726433834e+00
5.240000000039676706e+02 -3.144399267321419167e+00
5.245000000039997303e+02 -3.208365155022649517e+00
5.250000000040317900e+02 -2.958207154897338320e+00
5.255000000040638497e+02 -3.338814626098355554e+00
5.260000000040957957e+02 -3.073830654096262993e+00
5.265000000041278554e+02 -3.096333180488459291e+00
5.270000000041599151e+02 -3.305767370296714969e+00
5.275000000041919748e+02 -2.932511901481037242e+00
5.280000000042239208e+02 -3.367067235808097969e+00
5.285000000042559805e+02 -3.082211819249602858e+00
5.290000000042880401e+02 -3.173843898932674268e+00
5.295000000043200998e+02 -3.033600017719224606e+00
5.300000000043521595e+02 -3.024368058170760154e+00
5.305000000043841055e+02 -3.317635463750130409e+00
5.310000000044161652e+02 -3.186588139785135887e+00
5.315000000044482249e+02 -2.872646461432989629e+00
5.320000000044802846e+02 -3.279401654691507684e+00
5.325000000045122306e+02 -2.929476142287375851e+00
5.330000000045442903e+02 -3.381045122118623958e+00
5.335000000045763500e+02 -3.020250364188002745e+00
5.340000000046084097e+02 -2.765046923794167721e+00
5.345000000046403557e+02 -3.582896334158603757e+00
5.350000000046724153e+02 -3.519745765325919429e+00
5.355000000047044750e+02 -2.985673770290654616e+00
5.360000000047365347e+02 -2.893095009042372379e+00
5.365000000047684807e+02 -3.371325816644025419e+00
5.370000000048005404e+02 -3.099308946280879162e+00
5.375000000048326001e+02 -3.106540986986549679e+00
5.380000000048646598e+02 -3.211550789880948109e+00
5.385000000048967195e+02 -3.103864311153113231e+00
5.390000000049286655e+02 -3.315267169125917679e+00
5.395000000049607252e+02 -3.008682130342569927e+00
5.400000000049927849e+02 -2.820087676782627728e+00
5.405000000050248445e+02 -3.530554385963030395e+00
5.410000000050567905e+02 -2.753248528602572964e+00
5.415000000050888502e+02 -3.053146803897664352e+00
5.420000000051209099e+02 -3.286703962851529770e+00
5.425000000051529696e+02 -2.959265212588722882e+00
5.430000000051849156e+02 -3.082491113200068078e+00
5.435000000052169753e+02 -3.353810069592675802e+00
5.440000000052490350e+02 -2.858499022456145955e+00
5.445000000052810947e+02 -3.039940615410287261e+00
5.450000000053130407e+02 -3.089654117529930577e+00
5.455000000053451004e+02 -3.178135043137707783e+00
5.460000000053771601e+02 -2.882752153240995430e+00
5.465000000054092197e+02 -3.348306182886661819e+00
5.470000000054411657e+02 -2.871342935970603971e+00
5.475000000054732254e+02 -2.862809511605206580e+00
5.480000000055052851e+02 -3.340146312637137349e+00
5.485000000055373448e+02 -3.177748963988869857e+00
5.490000000055694045e+02 -2.974965407770921999e+00
5.495000000056013505e+02 -3.075891207163844676e+00
5.500000000056334102e+02 -3.071353997948542691e+00
5.505000000056654699e+02 -2.872549411368176653e+00
5.510000000056975296e+02 -3.176702474315114433e+00
5.515000000057294756e+02 -3.056952679003942297e+00
5.520000000057615352e+02 -3.221008142874745239e+00
5.525000000057935949e+02 -3.155836690812457768e+00
5.530000000058256546e+02 -3.215537948209858055e+00
5.535000000058576006e+02 -3.174554327034887713e+00
5.540000000058896603e+02 -2.987352089777805197e+00
5.545000000059217200e+02 -3.127592794446992119e+00
5.550000000059537797e+02 -3.382817421722577489e+00
5.555000000059857257e+02 -3.300131737306772450e+00
5.560000000060177854e+02 -2.893662707448249716e+00
5.565000000060498451e+02 -3.136932703597955729e+00
5.570000000060819048e+02 -3.174800254459540838e+00
5.575000000061139644e+02 -2.869509991640943447e+00
5.580000000061459104e+02 -3.224381631546543669e+00
5.585000000061779701e+02 -3.260974059906647238e+00
5.590000000062100298e+02 -2.660151579883830220e+00
5.595000000062420895e+02 -3.135681740795576822e+00
5.600000000062740355e+02 -3.451064463392603088e+00
5.605000000063060952e+02 -3.197736590708980309e+00
5.610000000063381549e+02 -2.971750125773896745e+00
5.615000000063702146e+02 -3.156407994025283159e+00
5.620000000064021606e+02 -2.972931066091148100e+00
5.625000000064342203e+02 -3.146456293974750462e+00
5.630000000064662800e+02 -3.152588565806994758e+00
5.635000000064983396e+02 -2.904693815547704450e+00
5.640000000065302856e+02 -3.486939339420061845e+00
5.645000000065623453e+02 -3.262827075096416785e+00
5.650000000065944050e+02 -3.067846665711533305e+00
5.655000000066264647e+02 -3.184736904389795953e+00
5.660000000066585244e+02 -3.141697831728193169e+00
5.665000000066904704e+02 -3.197666922073295392e+00
5.670000000067225301e+02 -3.105228450166427567e+00
5.675000000067545898e+02 -3.074234227558799937e+00
5.680000000067866495e+02 -3.053918674161655744e+00
5.685000000068185955e+02 -3.051341411319525410e+00
5.690000000068506552e+02 -3.434332602394130518e+00
5.695000000068827148e+02 -2.626537745494444742e+00
5.700000000069147745e+02 -3.164967373556799579e+00
5.705000000069467205e+02 -3.223839520409578441e+00
5.710000000069787802e+02 -2.815028389067251169e+00
5.715000000070108399e+02 -3.401048904296504194e+00
5.720000000070428996e+02 -3.171764846541558214e+00
5.725000000070748456e+02 -3.006107244049514904e+00
5.730000000071069053e+02 -3.136200108233389461e+00
5.735000000071389650e+02 -3.021900003136522184e+00
5.740000000071710247e+02 -3.200588728822233886e+00
5.745000000072030844e+02 -3.044348785753645092e+00
5.750000000072350304e+02 -3.156054064052657093e+00
5.755000000072670900e+02 -3.240960340203249856e+00
5.760000000072991497e+02 -2.845890666240196598e+00
5.765000000073312094e+02 -3.428400352668787399e+00
5.770000000073631554e+02 -3.071288386302277740e+00
5.775000000073952151e+02 -2.955796253013240893e+00
5.780000000074272748e+02 -3.425652168590919366e+00
5.785000000074593345e+02 -2.960627627277383045e+00
5.790000000074912805e+02 -2.955958070919149083e+00
5.795000000075233402e+02 -3.186381967678831195e+00
5.800000000075553999e+02 -2.998925226538416755e+00
5.805000000075874595e+02 -3.028793085919219585e+00
5.810000000076194056e+02 -3.149035990882230962e+00
5.815000000076514652e+02 -3.169387844111000607e+00
5.820000000076835249e+02 -3.178870231883399899e+00
5.825000000077155846e+02 -3.035409814238277715e+00
5.830000000077476443e+02 -2.881128800433068182e+00
5.835000000077795903e+02 -3.268824164953948230e+00
5.840000000078116500e+02 -3.341591689225817952e+00
5.845000000078437097e+02 -3.109939285124989183e+00
5.850000000078757694e+02 -2.878982267387468763e+00
5.855000000079077154e+02 -3.340691482878924479e+00
5.860000000079397751e+02 -3.171463986253696188e+00
5.865000000079718347e+02 -2.961705065200622933e+00
5.870000000080038944e+02 -3.063370377524948118e+00
5.875000000080358404e+02 -2.799318564889272221e+00
5.880000000080679001e+02 -3.218968267689909180e+00
5.885000000080999598e+02 -3.307078703614444670e+00
5.890000000081320195e+02 -3.038563378624482780e+00
5.895000000081639655e+02 -3.222846842207584661e+00
5.900000000081960252e+02 -3.075466013926480890e+00
5.905000000082280849e+02 -3.083145563695973923e+00
5.910000000082601446e+02 -3.150822391944961165e+00
5.915000000082920906e+02 -3.341551920955370125e+00
5.920000000083241503e+02 -2.802554230133947666e+00
5.925000000083562099e+02 -3.222884275608460580e+00
5.930000000083882696e+02 -3.386880786101217122e+00
5.935000000084203293e+02 -3.127193525352759185e+00
5.940000000084522753e+02 -3.316396151320323504e+00
5.945000000084843350e+02 -3.395237162729640712e+00
5.950000000085163947e+02 -3.271076709263772031e+00
5.955000000085484544e+02 -2.713572396764170946e+00
5.960000000085804004e+02 -3.399628178700326409e+00
5.965000000086124601e+02 -3.239108120195827389e+00
5.970000000086445198e+02 -2.556810864938934724e+00
5.975000000086765795e+02 -3.511638063751520100e+00
5.980000000087085255e+02 -3.233677274342320995e+00
5.985000000087405851e+02 -3.085353516062063317e+00
5.990000000087726448e+02 -3.186582856595105095e+00
5.995000000088047045e+02 -2.941021725084877581e+00
6.000000000088366505e+02 -3.301733917953576736e+00
6.005000000088687102e+02 -3.135602169468659550e+00
6.010000000089007699e+02 -3.365095463464414127e+00
6.015000000089328296e+02 -3.082225424906064770e+00
6.020000000089648893e+02 -3.097301569959081569e+00
6.025000000089968353e+02 -3.113517165390688124e+00
6.030000000090288950e+02 -3.235332540963197889e+00
6.035000000090609547e+02 -2.883145737875856263e+00
6.040000000090930143e+02 -3.411393718465434155e+00
6.045000000091249603e+02 -3.054067293336715228e+00
6.050000000091570200e+02 -3.241254666677895191e+00
6.055000000091890797e+02 -3.053062345766623942e+00
6.060000000092211394e+02 -3.018340298755120887e+00
6.065000000092530854e+02 -3.239294068926688475e+00
6.070000000092851451e+02 -3.003651980568242674e+00
6.075000000093172048e+02 -3.247825867089967122e+00
6.080000000093492645e+02 -3.280772385793526258e+00
6.085000000093812105e+02 -2.923098751015374752e+00
6.090000000094132702e+02 -3.015959931020608664e+00
6.095000000094453299e+02 -3.277008240974324416e+00
6.100000000094773895e+02 -2.936046392111651304e+00
6.105000000095094492e+02 -2.945388611967808767e+00
6.110000000095413952e+02 -3.258288858065208515e+00
6.115000000095734549e+02 -2.859111371957162806e+00
6.120000000096055146e+02 -3.031440441184493295e+00
6.125000000096375743e+02 -3.032486304279406131e+00
6.130000000096695203e+02 -3.097075973997166720e+00
6.135000000097015800e+02 -3.005728053073884798e+00
6.140000000097336397e+02 -3.372412100253796119e+00
6.145000000097656994e+02 -3.050434556464882263e+00
6.150000000097976454e+02 -3.141837396141471395e+00
6.155000000098297050e+02 -2.879786607115697450e+00
6.160000000098617647e+02 -3.118260244327923481e+00
6.165000000098938244e+02 -3.189252194005403052e+00
6.170000000099257704e+02 -3.192074261918079969e+00
6.175000000099578301e+02 -2.885805698143040665e+00
6.180000000099898898e+02 -3.028206819802020000e+00
6.185000000100219495e+02 -3.517481128977607785e+00
6.190000000100540092e+02 -2.873952973286002965e+00
6.195000000100859552e+02 -2.952712232141632587e+00
6.200000000101180149e+02 -3.344162660675791265e+00
6.205000000101500746e+02 -2.950629365030660090e+00
6.210000000101821342e+02 -3.079204885314192897e+00
6.215000000102140802e+02 -3.331078103990705586e+00
6.220000000102461399e+02 -2.758068183162291742e+00
6.225000000102781996e+02 -3.020437881300991556e+00
6.230000000103102593e+02 -3.302488993513768456e+00
6.235000000103422053e+02 -3.051168836384673622e+00
6.240000000103742650e+02 -3.329076053697257898e+00
6.245000000104063247e+02 -2.833526663653450850e+00
6.250000000104383844e+02 -3.248118310301605582e+00
6.255000000104703304e+02 -3.256752643818420445e+00
6.260000000105023901e+02 -3.020306735380350993e+00
6.265000000105344498e+02 -2.931363002869960876e+00
6.270000000105665094e+02 -3.008823748963275868e+00
6.275000000105985691e+02 -3.024042840064798732e+00
6.280000000106305151e+02 -2.970691327628429246e+00
6.285000000106625748e+02 -3.540494034294495940e+00
6.290000000106946345e+02 -3.506384483888183468e+00
6.295000000107266942e+02 -2.743417142514080087e+00
6.300000000107586402e+02 -3.144689000474303331e+00
6.305000000107906999e+02 -3.211070070890960082e+00
6.310000000108227596e+02 -3.097957883123463763e+00
6.315000000108548193e+02 -3.056398358224315270e+00
6.320000000108867653e+02 -3.259827393414241659e+00
6.325000000109188250e+02 -3.173317038490223396e+00
6.330000000109508846e+02 -2.878603216775168505e+00
6.335000000109829443e+02 -3.252957450733542366e+00
6.340000000110148903e+02 -2.854104930526526918e+00
6.345000000110469500e+02 -3.243509283737495696e+00
6.350000000110790097e+02 -3.458630514574354553e+00
6.355000000111110694e+02 -3.075312538261881112e+00
6.360000000111430154e+02 -2.811315401878105469e+00
6.365000000111750751e+02 -3.588531478938706165e+00
6.370000000112071348e+02 -3.296025099232264388e+00
6.375000000112391945e+02 -2.982275845898902933e+00
6.380000000112712542e+02 -3.015521849781591879e+00
6.385000000113032002e+02 -3.113602094955463695e+00
6.390000000113352598e+02 -3.343499718670832621e+00
6.395000000113673195e+02 -2.605919913458983661e+00
6.400000000113993792e+02 -3.321251626205659946e+00
6.405000000114313252e+02 -3.224589870890023580e+00
6.410000000114633849e+02 -3.011784371039531116e+00
6.415000000114954446e+02 -3.170465427589283181e+00
6.420000000115275043e+02 -3.324324207968256228e+00
6.425000000115594503e+02 -3.008271540588791648e+00
6.430000000115915100e+02 -2.828742369199981788e+00
6.435000000116235697e+02 -3.519163933468662631e+00
6.440000000116556294e+02 -3.236811114734942763e+00
6.445000000116875754e+02 -3.029980982961924418e+00
6.450000000117196350e+02 -2.975991938812144966e+00
6.455000000117516947e+02 -3.481007868944676176e+00
6.460000000117837544e+02 -3.200152858457434135e+00
6.465000000118158141e+02 -3.200572913225585570e+00
6.470000000118477601e+02 -2.936488028720142029e+00
6.475000000118798198e+02 -2.992128206283704461e+00
6.480000000119118795e+02 -3.211357978395361190e+00
6.485000000119439392e+02 -3.005638574888497505e+00
6.490000000119758852e+02 -3.165986144886355991e+00
6.495000000120079449e+02 -3.323731949498479832e+00
6.500000000120400045e+02 -3.077964561693275591e+00
6.505000000120720642e+02 -3.026744354557119987e+00
6.510000000121040102e+02 -3.254586583142956790e+00
6.515000000121360699e+02 -2.988071351913737406e+00
6.520000000121681296e+02 -2.988163285468159014e+00
6.525000000122001893e+02 -3.291993734658127391e+00
6.530000000122321353e+02 -3.253072911130649114e+00
6.535000000122641950e+02 -3.106494594344170412e+00
6.540000000122962547e+02 -2.963681546775629894e+00
6.545000000123283144e+02 -3.130366189802845422e+00
6.550000000123603741e+02 -3.580686352716689225e+00
6.555000000123923201e+02 -2.817526633460612384e+00
6.560000000124243797e+02 -2.917882203397855978e+00
6.565000000124564394e+02 -3.424446226893200329e+00
6.570000000124884991e+02 -3.013157192276846530e+00
6.575000000125204451e+02 -3.073506070679595581e+00
6.580000000125525048e+02 -3.238397318028240157e+00
6.585000000125845645e+02 -3.176618207348258061e+00
6.590000000126166242e+02 -3.024767415556415262e+00
6.595000000126485702e+02 -3.034199299968933783e+00
6.600000000126806299e+02 -3.349839207590982415e+00
6.605000000127126896e+02 -2.955463104038342337e+00
6.610000000127447493e+02 -2.922310531984745996e+00
6.615000000127766953e+02 -3.430947890884656459e+00
6.620000000128087549e+02 -3.125305949432328756e+00
6.625000000128408146e+02 -3.020339319689955726e+00
6.630000000128728743e+02 -3.225885926480191568e+00
6.635000000129049340e+02 -3.063209936583970450e+00
6.640000000129368800e+02 -3.209320443003038648e+00
6.645000000129689397e+02 -2.924368454674199036e+00
6.650000000130009994e+02 -2.891203823500638315e+00
6.655000000130330591e+02 -3.431810985293067162e+00
6.660000000130650051e+02 -3.415489712177186998e+00
6.665000000130970648e+02 -3.048399910996344886e+00
6.670000000131291245e+02 -3.067524359167507431e+00
6.675000000131611841e+02 -3.154238608438986180e+00
6.680000000131931301e+02 -3.128705243083414800e+00
6.685000000132251898e+02 -3.108795970857149538e+00
6.690000000132572495e+02 -3.285066786187003984e+00
6.695000000132893092e+02 -3.088511716275367913e+00
6.700000000133212552e+02 -2.984227420583257295e+00
6.705000000133533149e+02 -3.052023349616453718e+00
6.710000000133853746e+02 -3.348361501104065940e+00
6.715000000134174343e+02 -3.105767227028175537e+00
6.720000000134494940e+02 -3.240309408749483921e+00
6.725000000134814400e+02 -3.031210701621520176e+00
6.730000000135134997e+02 -3.023651205754272375e+00
6.735000000135455593e+02 -3.033035199127037007e+00
6.740000000135776190e+02 -2.817128441955842000e+00
6.745000000136095650e+02 -3.570873222297526350e+00
6.750000000136416247e+02 -2.787438934583229333e+00
6.755000000136736844e+02 -2.794834475652926198e+00
6.760000000137057441e+02 -3.745782312517029755e+00
6.765000000137376901e+02 -3.360668367593420136e+00
6.770000000137697498e+02 -3.100430456567543125e+00
6.775000000138018095e+02 -3.057174636028064718e+00
6.780000000138338692e+02 -3.120150887748168067e+00
6.785000000138658152e+02 -3.632560208400370083e+00
6.790000000138978749e+02 -2.680524196342381593e+00
6.795000000139299345e+02 -2.936471116750326349e+00
6.800000000139619942e+02 -3.342562230132843926e+00
6.805000000139939402e+02 -3.104478614032627259e+00
6.810000000140259999e+02 -3.035560754705339814e+00
6.815000000140580596e+02 -3.297302960324086651e+00
6.820000000140901193e+02 -3.292658828508657987e+00
6.825000000141221790e+02 -3.075430840374138608e+00
6.830000000141541250e+02 -2.952252489786196588e+00
6.835000000141861847e+02 -3.373445787615961589e+00
6.840000000142182444e+02 -3.168087663319644864e+00
6.845000000142503040e+02 -2.969328168330387374e+00
6.850000000142822500e+02 -3.079882035230095294e+00
6.855000000143143097e+02 -3.191320541434874425e+00
6.860000000143463694e+02 -3.055780493502328277e+00
6.865000000143784291e+02 -2.810770587206903315e+00
6.870000000144103751e+02 -3.127681656990762615e+00
6.875000000144424348e+02 -3.190000535822914429e+00
6.880000000144744945e+02 -3.241881387775229495e+00
6.885000000145065542e+02 -3.074340430038631666e+00
6.890000000145385002e+02 -3.000552229479124478e+00
6.895000000145705599e+02 -3.085726652051655972e+00
6.900000000146026196e+02 -3.281794907010430862e+00
6.905000000146346792e+02 -3.257126580102152058e+00
6.910000000146667389e+02 -3.395215509607423243e+00
6.915000000146986849e+02 -3.167107486239638003e+00
6.920000000147307446e+02 -2.977245087951385649e+00
6.925000000147628043e+02 -2.938659378483052365e+00
6.930000000147948640e+02 -3.115551410011922151e+00
6.935000000148268100e+02 -3.208606071879410937e+00
6.940000000148588697e+02 -2.813655559374470538e+00
6.945000000148909294e+02 -3.639460405637811036e+00
6.950000000149229891e+02 -2.736769949761419074e+00
6.955000000149549351e+02 -2.919974057529818978e+00
6.960000000149869948e+02 -3.568899969980188214e+00
6.965000000150190544e+02 -2.834062559062152875e+00
6.970000000150511141e+02 -2.825615331712249656e+00
6.975000000150830601e+02 -3.298036253388852757e+00
6.980000000151151198e+02 -3.061872520199094616e+00
6.985000000151471795e+02 -3.015899981971112531e+00
6.990000000151792392e+02 -3.024771316687065781e+00
6.995000000152112989e+02 -3.377921295770517585e+00
7.000000000152432449e+02 -2.947558457141857158e+00
7.005000000152753046e+02 -2.954952436609461941e+00
7.010000000153073643e+02 -3.023879876824579149e+00
7.015000000153394240e+02 -3.053732958449111745e+00
7.020000000153713700e+02 -3.080985751697988828e+00
7.025000000154034296e+02 -3.107067097445695314e+00
7.030000000154354893e+02 -2.932543385901235755e+00
7.035000000154675490e+02 -3.252036520313248413e+00
7.040000000154994950e+02 -3.283079735711359248e+00
7.045000000155315547e+02 -3.231197300959272489e+00
7.050000000155636144e+02 -2.975036656105399135e+00
7.055000000155956741e+02 -3.202700535889925426e+00
7.060000000156276201e+02 -3.106492156940276139e+00
7.065000000156596798e+02 -3.430093910392728596e+00
7.070000000156917395e+02 -3.026322152797321419e+00
7.075000000157237992e+02 -3.436319815507534070e+00
7.080000000157558588e+02 -3.105798906173167673e+00
7.085000000157878048e+02 -3.173959827632745867e+00
7.090000000158198645e+02 -3.092110681325229038e+00
7.095000000158519242e+02 -2.943908430147682775e+00
7.100000000158839839e+02 -2.976228021511121202e+00
7.105000000159159299e+02 -3.417214168658030182e+00
7.110000000159479896e+02 -3.137816827686432219e+00
7.115000000159800493e+02 -2.903442075804717248e+00
7.120000000160121090e+02 -3.151356588624486310e+00
7.125000000160440550e+02 -3.515635249526500861e+00
7.130000000160761147e+02 -2.601556481585386660e+00
7.135000000161081743e+02 -3.244193381512467500e+00
7.140000000161402340e+02 -3.156133956944670693e+00
7.145000000161721800e+02 -2.955036888229032321e+00
7.150000000162042397e+02 -3.268616423821553152e+00
7.155000000162362994e+02 -3.038948272342655521e+00
7.160000000162683591e+02 -3.169774960567660393e+00
7.165000000163003051e+02 -3.094989248359806933e+00
7.170000000163323648e+02 -3.317306029299635473e+00
7.175000000163644245e+02 -3.196124289270632968e+00
7.180000000163964842e+02 -3.228635351524155706e+00
7.185000000164285439e+02 -3.163702860215991119e+00
7.190000000164604899e+02 -3.075842993983365137e+00
7.195000000164925495e+02 -3.188387767041521936e+00
7.200000000165246092e+02 -3.304894578951228290e+00
7.205000000165566689e+02 -2.947274902237434713e+00
7.210000000165886149e+02 -3.303929082704363474e+00
7.215000000166206746e+02 -3.162279780920726147e+00
7.220000000166527343e+02 -3.430894573105729872e+00
7.225000000166847940e+02 -3.231539798029722022e+00
7.230000000167167400e+02 -3.078967520390450296e+00
7.235000000167487997e+02 -3.373561240899590974e+00
7.240000000167808594e+02 -3.240960899957443520e+00
7.245000000168129191e+02 -2.974654407067215178e+00
7.250000000168448651e+02 -3.088200097047733017e+00
7.255000000168769247e+02 -3.128378749790840185e+00
7.260000000169089844e+02 -2.932679651625955231e+00
7.265000000169410441e+02 -3.038236035767199361e+00
7.270000000169731038e+02 -3.310847998733112085e+00
7.275000000170050498e+02 -3.028461657940046070e+00
7.280000000170371095e+02 -2.934098285806891582e+00
7.285000000170691692e+02 -3.182547352114677874e+00
7.290000000171012289e+02 -3.283526667495733964e+00
7.295000000171331749e+02 -2.954618376921307910e+00
7.300000000171652346e+02 -2.961268240568307508e+00
7.305000000171972943e+02 -3.133197437180764044e+00
7.310000000172293539e+02 -3.123665129598544699e+00
7.315000000172612999e+02 -2.904885542514156427e+00
7.320000000172933596e+02 -3.305368340789617498e+00
7.325000000173254193e+02 -3.068396880356199841e+00
7.330000000173574790e+02 -3.043452683616496568e+00
7.335000000173894250e+02 -3.199983868078807525e+00
7.340000000174214847e+02 -3.048348381361460468e+00
7.345000000174535444e+02 -3.098021982411509612e+00
7.350000000174856041e+02 -2.846521364397438081e+00
7.355000000175176638e+02 -3.359046470201237700e+00
7.360000000175496098e+02 -2.919582342326904723e+00
7.365000000175816695e+02 -3.141739268173921573e+00
7.370000000176137291e+02 -3.041900690553130282e+00
7.375000000176457888e+02 -3.420615729887094503e+00
7.380000000176777348e+02 -3.130198239699974572e+00
7.385000000177097945e+02 -3.121670566411397729e+00
7.390000000177418542e+02 -3.231476232715885466e+00
7.395000000177739139e+02 -3.150285597872708454e+00
7.400000000178058599e+02 -2.914229295656868945e+00
7.405000000178379196e+02 -3.167555864705464685e+00
7.410000000178699793e+02 -3.344374710020188601e+00
7.415000000179020390e+02 -2.980369272093988720e+00
7.420000000179339850e+02 -3.057997585504719229e+00
7.425000000179660447e+02 -3.311176278185693711e+00
7.430000000179981043e+02 -2.987705056648946922e+00
7.435000000180301640e+02 -3.198633456160506761e+00
7.440000000180622237e+02 -3.357296895291189021e+00
7.445000000180941697e+02 -3.160999384322026540e+00
7.450000000181262294e+02 -3.413952103782797121e+00
7.455000000181582891e+02 -2.979865143870464639e+00
7.460000000181903488e+02 -3.069760690583747120e+00
7.465000000182222948e+02 -2.941925386573607248e+00
7.470000000182543545e+02 -3.061338514440268277e+00
7.475000000182864142e+02 -3.002348351202901000e+00
7.480000000183184738e+02 -2.996730938457501825e+00
7.485000000183504199e+02 -3.199685473837599936e+00
7.490000000183824795e+02 -3.366421612404195685e+00
7.495000000184145392e+02 -2.954543925510465741e+00
7.500000000184465989e+02 -2.893950448185990787e+00
7.505000000184785449e+02 -3.203929597644715965e+00
7.510000000185106046e+02 -3.114722602541387442e+00
7.515000000185426643e+02 -3.118679244654389393e+00
7.520000000185747240e+02 -2.754027491979784248e+00
7.525000000186067837e+02 -3.390527302800763643e+00
7.530000000186387297e+02 -3.519990061399655978e+00
7.535000000186707894e+02 -2.800698962829297756e+00
7.540000000187028490e+02 -3.139616161990941734e+00
7.545000000187349087e+02 -3.315484879705776766e+00
7.550000000187668547e+02 -2.861637426831316056e+00
7.555000000187989144e+02 -3.246068272432526935e+00
7.560000000188309741e+02 -3.442834854523240118e+00
7.565000000188630338e+02 -2.990165535744922387e+00
7.570000000188949798e+02 -2.785584319347095494e+00
7.575000000189270395e+02 -3.320226498817981931e+00
7.580000000189590992e+02 -3.062193304007736927e+00
7.585000000189911589e+02 -2.938396862597052905e+00
7.590000000190231049e+02 -2.982393261699467057e+00
7.595000000190551646e+02 -3.308384853713548956e+00
7.600000000190872242e+02 -2.987180923784092723e+00
7.605000000191192839e+02 -2.936276361600056450e+00
7.610000000191512299e+02 -3.278824791793333748e+00
7.615000000191832896e+02 -3.206508375822298973e+00
7.620000000192153493e+02 -3.138722444512370480e+00
7.625000000192474090e+02 -3.237693615864329910e+00
7.630000000192794687e+02 -2.861747503392550129e+00
7.635000000193114147e+02 -3.110597647424448997e+00
7.640000000193434744e+02 -3.287666617316648665e+00
7.645000000193755341e+02 -3.002494377401242254e+00
7.650000000194075938e+02 -3.165592514249254474e+00
7.655000000194395398e+02 -2.931059440092606660e+00
7.660000000194715994e+02 -3.102699878821069124e+00
7.665000000195036591e+02 -3.197692964249371439e+00
7.670000000195357188e+02 -3.031556484772423676e+00
7.675000000195676648e+02 -3.350733102736655589e+00
7.680000000195997245e+02 -3.217717025631533723e+00
7.685000000196317842e+02 -2.805251097074732858e+00
7.690000000196638439e+02 -3.402459198274915053e+00
7.695000000196957899e+02 -2.938278334740787923e+00
7.700000000197278496e+02 -3.145295628992845760e+00
7.705000000197599093e+02 -3.140108023927433489e+00
7.710000000197919690e+02 -3.252878290178720988e+00
7.715000000198240286e+02 -3.372257953644044459e+00
7.720000000198559746e+02 -2.761599648392104811e+00
7.725000000198880343e+02 -3.080972098814042770e+00
7.730000000199200940e+02 -3.095150687106232201e+00
7.735000000199521537e+02 -3.224962733481951282e+00
7.740000000199840997e+02 -3.569512360346047686e+00
7.745000000200161594e+02 -2.947377886178829343e+00
7.750000000200482191e+02 -3.294803992952755500e+00
7.755000000200802788e+02 -3.361189716241380410e+00
7.760000000201122248e+02 -3.395635759975830226e+00
7.765000000201442845e+02 -2.485103106334558554e+00
7.770000000201763442e+02 -3.389510579321586281e+00
7.775000000202084038e+02 -3.300796979621183347e+00
7.780000000202403498e+02 -2.722282783028685760e+00
7.785000000202724095e+02 -3.241298668828208829e+00
7.790000000203044692e+02 -3.102289491876588645e+00
7.795000000203365289e+02 -3.294454512442905436e+00
7.800000000203685886e+02 -3.010736814396525407e+00
7.805000000204005346e+02 -3.142065881945103278e+00
7.810000000204325943e+02 -3.171443291653559093e+00
7.815000000204646540e+02 -3.038842248609403551e+00
7.820000000204967137e+02 -3.172032881212571986e+00
7.825000000205286597e+02 -3.258388551443030856e+00
7.830000000205607193e+02 -2.977834771145425830e+00
7.835000000205927790e+02 -2.830539512597802787e+00
7.840000000206248387e+02 -3.315451259722208999e+00
7.845000000206567847e+02 -2.935021843179961287e+00
7.850000000206888444e+02 -3.199436185771658447e+00
7.855000000207209041e+02 -2.849104136190590886e+00
7.860000000207529638e+02 -3.285222287087469883e+00
7.865000000207849098e+02 -3.281669010398248876e+00
7.870000000208169695e+02 -2.840779071827112201e+00
7.875000000208490292e+02 -3.362236765062479371e+00
7.880000000208810889e+02 -3.031567198439719224e+00
7.885000000209131485e+02 -3.318412575721868762e+00
7.890000000209450945e+02 -3.193593622491917472e+00
7.895000000209771542e+02 -2.976208455552368459e+00
7.900000000210092139e+02 -3.089254783007487681e+00
7.905000000210412736e+02 -2.945124911108973897e+00
7.910000000210732196e+02 -3.203791362051304770e+00
7.915000000211052793e+02 -2.965036728846876191e+00
7.920000000211373390e+02 -3.385412731704366518e+00
7.925000000211693987e+02 -2.790927302552447919e+00
7.930000000212013447e+02 -3.176582920820725686e+00
7.935000000212334044e+02 -3.224950625678416838e+00
7.940000000212654641e+02 -3.108776414045982595e+00
7.945000000212975237e+02 -2.982339233727338446e+00
7.950000000213294697e+02 -3.235993189524998037e+00
7.955000000213615294e+02 -3.302080288446171075e+00
7.960000000213935891e+02 -2.963442623967193601e+00
7.965000000214256488e+02 -3.259044370803416690e+00
7.970000000214577085e+02 -3.027314648644461315e+00
7.975000000214896545e+02 -3.019538347285094737e+00
7.980000000215217142e+02 -2.987630843072310860e+00
7.985000000215537739e+02 -3.405667567596191159e+00
7.990000000215858336e+02 -2.974211797958572934e+00
7.995000000216177796e+02 -2.883644618257119152e+00
8.000000000216498393e+02 -3.439565159824523821e+00
8.005000000216818989e+02 -3.528224922323759394e+00
8.010000000217139586e+02 -2.641186717512628235e+00
8.015000000217459046e+02 -3.106994512017875909e+00
8.020000000217779643e+02 -3.046068686848259599e+00
8.025000000218100240e+02 -3.395922004348826295e+00
8.030000000218420837e+02 -3.020438529017352547e+00
8.035000000218740297e+02 -3.080751179077260371e+00
8.040000000219060894e+02 -3.039754892181107504e+00
8.045000000219381491e+02 -3.048829824627487195e+00
8.050000000219702088e+02 -3.438609263938573246e+00
8.055000000220021548e+02 -3.011347553586439130e+00
8.060000000220342145e+02 -3.002008500811045977e+00
8.065000000220662741e+02 -3.047762025137579656e+00
8.070000000220983338e+02 -3.418662999713053985e+00
8.075000000221303935e+02 -3.162419300639705888e+00
8.080000000221623395e+02 -2.726547545175975529e+00
8.085000000221943992e+02 -3.342288669225867093e+00
8.090000000222264589e+02 -3.326646389757756062e+00
8.095000000222585186e+02 -3.024438267124686330e+00
8.100000000222904646e+02 -3.141990645531169246e+00
8.105000000223225243e+02 -3.301213709027846832e+00
8.110000000223545840e+02 -3.179597281557909216e+00
8.115000000223866436e+02 -3.311509762679402336e+00
8.120000000224185897e+02 -2.793971184815683184e+00
8.125000000224506493e+02 -3.169431468087455350e+00
8.130000000224827090e+02 -3.238704097792305170e+00
8.135000000225147687e+02 -3.093953091468614858e+00
8.140000000225467147e+02 -3.321861824569386723e+00
8.145000000225787744e+02 -3.204950274987254932e+00
8.150000000226108341e+02 -2.832688132909580769e+00
8.155000000226428938e+02 -3.184388171214205254e+00
8.160000000226749535e+02 -3.189248472931390577e+00
8.165000000227068995e+02 -3.087969194048520549e+00
8.170000000227389592e+02 -3.241933332373304388e+00
8.175000000227710188e+02 -3.355917719442504055e+00
8.180000000228030785e+02 -3.245979230683487149e+00
8.185000000228350245e+02 -2.930831822580846957e+00
8.190000000228670842e+02 -3.464128272624808158e+00
8.195000000228991439e+02 -2.744819942361138576e+00
8.200000000229312036e+02 -3.104722535223667368e+00
8.205000000229631496e+02 -3.436441745654317259e+00
8.210000000229952093e+02 -2.807527973242168517e+00
8.215000000230272690e+02 -3.281305907874251915e+00
8.220000000230593287e+02 -3.198720337151503834e+00
8.225000000230912747e+02 -2.975952060553438638e+00
8.230000000231233344e+02 -3.172635664331154182e+00
8.235000000231553940e+02 -3.141698946948471072e+00
8.240000000231874537e+02 -2.958390973978630711e+00
8.245000000232195134e+02 -3.183827155726771885e+00
8.250000000232514594e+02 -3.177191807808955826e+00
8.255000000232835191e+02 -3.355225983721884742e+00
8.260000000233155788e+02 -2.993492310129391765e+00
8.265000000233476385e+02 -3.261598493927879261e+00
8.270000000233795845e+02 -2.918468406143846394e+00
8.275000000234116442e+02 -3.460589372353695570e+00
8.280000000234437039e+02 -3.099946105248169381e+00
8.285000000234757636e+02 -3.105065332461443894e+00
8.290000000235077096e+02 -3.024299968447304643e+00
8.295000000235397692e+02 -3.155727823535776189e+00
8.300000000235718289e+02 -3.150939004350022721e+00
8.305000000236038886e+02 -3.305755481224076142e+00
8.310000000236358346e+02 -2.871168569787708069e+00
8.315000000236678943e+02 -3.117669030102220074e+00
8.320000000236999540e+02 -3.480607972129530214e+00
8.325000000237320137e+02 -3.265417919549925330e+00
8.330000000237640734e+02 -2.971769400882665835e+00
8.335000000237960194e+02 -3.027274048520421257e+00
8.340000000238280791e+02 -2.983347468852860285e+00
8.345000000238601388e+02 -2.859550186214657064e+00
8.350000000238921984e+02 -3.081582809016111923e+00
8.355000000239241444e+02 -3.208781326077710716e+00
8.360000000239562041e+02 -3.167197581757050795e+00
8.365000000239882638e+02 -2.990432353375780394e+00
8.370000000240203235e+02 -3.197517696815366239e+00
8.375000000240522695e+02 -2.925570182544477316e+00
8.380000000240843292e+02 -3.460491834659463972e+00
8.385000000241163889e+02 -2.792054171067017698e+00
8.390000000241484486e+02 -2.999796911187088355e+00
8.395000000241803946e+02 -3.200334573046017539e+00
8.400000000242124543e+02 -3.071030667479881071e+00
8.405000000242445140e+02 -2.849900696840101944e+00
8.410000000242765736e+02 -3.392280694484080428e+00
8.415000000243086333e+02 -3.173348300573878067e+00
8.420000000243405793e+02 -3.088977161689757001e+00
8.425000000243726390e+02 -3.205304608449997428e+00
8.430000000244046987e+02 -3.403386077688524303e+00
8.435000000244367584e+02 -3.228791962057098619e+00
8.440000000244687044e+02 -2.784062153584682786e+00
8.445000000245007641e+02 -3.061314965033903324e+00
8.450000000245328238e+02 -3.488162743993150183e+00
8.455000000245648835e+02 -3.094696392823141462e+00
8.460000000245968295e+02 -2.758457988354479085e+00
8.465000000246288892e+02 -3.506473668409920030e+00
8.470000000246609488e+02 -3.217227882786157345e+00
8.475000000246930085e+02 -3.100512964252332804e+00
8.480000000247249545e+02 -3.021806369735984710e+00
8.485000000247570142e+02 -3.276820689515814511e+00
8.490000000247890739e+02 -2.976071987514704364e+00
8.495000000248211336e+02 -2.971293075560817343e+00
8.500000000248530796e+02 -3.373577775356802810e+00
8.505000000248851393e+02 -3.263680137688862004e+00
8.510000000249171990e+02 -3.037804931522586127e+00
8.515000000249492587e+02 -3.112047441084648369e+00
8.520000000249813183e+02 -3.166734888469648457e+00
8.525000000250132643e+02 -2.941755159525953456e+00
8.530000000250453240e+02 -3.274970966928472560e+00
8.535000000250773837e+02 -2.878579165853460964e+00
8.540000000251094434e+02 -3.094504568019459612e+00
8.545000000251413894e+02 -3.128413349966353785e+00
8.550000000251734491e+02 -3.169889846315954163e+00
8.555000000252055088e+02 -2.884273564037934445e+00
8.560000000252375685e+02 -3.092742837628916774e+00
8.565000000252695145e+02 -3.318913396059431697e+00
8.570000000253015742e+02 -3.043276597002835704e+00
8.575000000253336339e+02 -3.027938954307263231e+00
8.580000000253656935e+02 -2.958350523530847820e+00
8.585000000253976395e+02 -3.158033163189080561e+00
8.590000000254296992e+02 -3.039974168945887900e+00
8.595000000254617589e+02 -2.960190289449108558e+00
8.600000000254938186e+02 -3.106327114887051266e+00
8.605000000255258783e+02 -3.302765595981606683e+00
8.610000000255578243e+02 -2.934702177086061070e+00
8.615000000255898840e+02 -3.056699354263810786e+00
8.620000000256219437e+02 -3.266490788432306225e+00
8.625000000256540034e+02 -2.629003283224465193e+00
8.630000000256859494e+02 -3.510876062982973167e+00
8.635000000257180091e+02 -3.268364442080359922e+00
8.640000000257500687e+02 -2.952925825886639100e+00
8.645000000257821284e+02 -3.063382471166270271e+00
8.650000000258140744e+02 -3.418424818386496256e+00
8.655000000258461341e+02 -2.924433299264826314e+00
8.660000000258781938e+02 -2.992490361549364319e+00
8.665000000259102535e+02 -3.325681251957514295e+00
8.670000000259421995e+02 -3.011464122682267597e+00
8.675000000259742592e+02 -3.336589072340294226e+00
8.680000000260063189e+02 -3.005476045789537309e+00
8.685000000260383786e+02 -3.422125772255805831e+00
8.690000000260704383e+02 -3.160815466071809521e+00
8.695000000261023843e+02 -2.747551381584917518e+00
8.700000000261344439e+02 -3.141379592065656201e+00
8.705000000261665036e+02 -3.369384371124529931e+00
8.710000000261985633e+02 -2.831271859044593331e+00
8.715000000262305093e+02 -2.996880573645801960e+00
8.720000000262625690e+02 -3.341040928944377875e+00
8.725000000262946287e+02 -3.192541579929521145e+00
8.730000000263266884e+02 -2.783961158657420221e+00
8.735000000263586344e+02 -3.363329632504372224e+00
8.740000000263906941e+02 -3.542540240706426591e+00
8.745000000264227538e+02 -3.227126397632530619e+00
8.750000000264548135e+02 -2.656169354310299546e+00
8.755000000264867595e+02 -3.408242803872127524e+00
8.760000000265188191e+02 -3.167317028828093850e+00
8.765000000265508788e+02 -2.983899848379796715e+00
8.770000000265829385e+02 -3.006547798931535453e+00
8.775000000266149982e+02 -3.175420119813092690e+00
8.780000000266469442e+02 -3.229804112233326308e+00
8.785000000266790039e+02 -2.906193581804127124e+00
8.790000000267110636e+02 -3.157263558066947695e+00
8.795000000267431233e+02 -2.887257330912057274e+00
8.800000000267750693e+02 -3.128522611250753371e+00
8.805000000268071290e+02 -3.103223889959389137e+00
8.810000000268391886e+02 -3.127863482521639593e+00
8.815000000268712483e+02 -3.008736324861041922e+00
8.820000000269031943e+02 -3.135018008500447539e+00
8.825000000269352540e+02 -3.175012783113875692e+00
8.830000000269673137e+02 -3.220549560221849017e+00
8.835000000269993734e+02 -3.276334688377838589e+00
8.840000000270313194e+02 -3.198119977981463968e+00
8.845000000270633791e+02 -2.732473911275807854e+00
8.850000000270954388e+02 -3.208896944098250881e+00
8.855000000271274985e+02 -3.233679328883242832e+00
8.860000000271595582e+02 -3.026089014133571009e+00
8.865000000271915042e+02 -2.978930586046106832e+00
8.870000000272235638e+02 -2.993311540565178230e+00
8.875000000272556235e+02 -3.208818481370498077e+00
8.880000000272876832e+02 -2.903776359186120093e+00
8.885000000273196292e+02 -3.263504119607479215e+00
8.890000000273516889e+02 -2.887045582219866180e+00
8.895000000273837486e+02 -2.986312889146542471e+00
8.900000000274158083e+02 -3.394403620263446886e+00
8.905000000274477543e+02 -3.153246046838561245e+00
8.910000000274798140e+02 -2.992958159304667021e+00
8.915000000275118737e+02 -3.022895142735033680e+00
8.920000000275439334e+02 -3.290633434139900615e+00
8.925000000275758794e+02 -3.056313404611613826e+00
8.930000000276079390e+02 -2.995174465042558243e+00
8.935000000276399987e+02 -2.989099632011518626e+00
8.940000000276720584e+02 -3.482069669017595626e+00
8.945000000277040044e+02 -2.882104177178784532e+00
8.950000000277360641e+02 -3.081941269284181661e+00
8.955000000277681238e+02 -3.339104941265411242e+00
8.960000000278001835e+02 -3.208716992620407105e+00
8.965000000278322432e+02 -3.177385262043582070e+00
8.970000000278641892e+02 -2.975350620918732147e+00
8.975000000278962489e+02 -3.026618604801593282e+00
8.980000000279283086e+02 -2.947736706670772477e+00
8.985000000279603682e+02 -3.380342981646323963e+00
8.990000000279923142e+02 -2.634890857480906234e+00
8.995000000280243739e+02 -3.241182878042447424e+00
9.000000000280564336e+02 -3.254027664640281259e+00
9.005000000280884933e+02 -2.999871449186866101e+00
9.010000000281204393e+02 -3.065015861530248742e+00
9.015000000281524990e+02 -3.083751913669511513e+00
9.020000000281845587e+02 -3.199864270866347393e+00
9.025000000282166184e+02 -2.983145768399508846e+00
9.030000000282485644e+02 -3.114890282209045846e+00
9.035000000282806241e+02 -3.030262105254469152e+00
9.040000000283126838e+02 -3.021916137282116832e+00
9.045000000283447434e+02 -3.287119280476844541e+00
9.050000000283768031e+02 -2.787060092869976469e+00
9.055000000284087491e+02 -3.024541737016136711e+00
9.060000000284408088e+02 -3.473812983203303340e+00
9.065000000284728685e+02 -3.117973174471906361e+00
9.070000000285049282e+02 -3.153853327166491027e+00
9.075000000285368742e+02 -3.017533903386300231e+00
9.080000000285689339e+02 -3.074908700634555458e+00
9.085000000286009936e+02 -3.065923080298992076e+00
9.090000000286330533e+02 -2.950298608949686763e+00
9.095000000286649993e+02 -3.422856187334167632e+00
9.100000000286970590e+02 -3.058282468784252028e+00
9.105000000287291186e+02 -2.994380634851100176e+00
9.110000000287611783e+02 -3.228916375100371994e+00
9.115000000287931243e+02 -3.327346583622340592e+00
9.120000000288251840e+02 -2.824799049740248869e+00
9.125000000288572437e+02 -3.262080965525592902e+00
9.130000000288893034e+02 -3.025529249154159661e+00
9.135000000289213631e+02 -2.894822244231396446e+00
9.140000000289533091e+02 -3.505483438332899659e+00
9.145000000289853688e+02 -3.195455765526592273e+00
9.150000000290174285e+02 -3.099734204698023632e+00
9.155000000290494881e+02 -3.295396409773041491e+00
9.160000000290814341e+02 -2.906711510545425536e+00
9.165000000291134938e+02 -2.922791142154134381e+00
9.170000000291455535e+02 -3.133955876463291546e+00
9.175000000291776132e+02 -3.091970293513983226e+00
9.180000000292095592e+02 -2.921613815706824546e+00
9.185000000292416189e+02 -3.270144152673222671e+00
9.190000000292736786e+02 -3.205689994548608368e+00
9.195000000293057383e+02 -2.806027919435982731e+00
9.200000000293376843e+02 -3.110201467287606825e+00
9.205000000293697440e+02 -3.222614371527659838e+00
9.210000000294018037e+02 -3.374609456885905523e+00
9.215000000294338633e+02 -3.024322766224139425e+00
9.220000000294659230e+02 -2.842850615440773776e+00
9.225000000294978690e+02 -3.577835213058062180e+00
9.230000000295299287e+02 -3.003210097028811809e+00
9.235000000295619884e+02 -3.503726236276715422e+00
9.240000000295940481e+02 -3.138038797807233493e+00
9.245000000296259941e+02 -3.060283608593471705e+00
9.250000000296580538e+02 -3.280596725433233996e+00
9.255000000296901135e+02 -2.750435158426010496e+00
9.260000000297221732e+02 -3.477724975692930709e+00
9.265000000297541192e+02 -3.215090308050736922e+00
9.270000000297861789e+02 -3.508267254818400183e+00
9.275000000298182385e+02 -3.043000830957378611e+00
9.280000000298502982e+02 -2.954161491621800195e+00
9.285000000298822442e+02 -2.940773399528127552e+00
9.290000000299143039e+02 -3.252557319023833049e+00
9.295000000299463636e+02 -3.304863643047413646e+00
9.300000000299784233e+02 -3.049227373621586246e+00
9.305000000300104830e+02 -2.879175881467082032e+00
9.310000000300424290e+02 -3.353405648334738753e+00
9.315000000300744887e+02 -3.326722056729300991e+00
9.320000000301065484e+02 -3.179250564763706155e+00
9.325000000301386081e+02 -2.991337995874542077e+00
9.330000000301705541e+02 -3.132519149582146500e+00
9.335000000302026137e+02 -3.141542656935728761e+00
9.340000000302346734e+02 -3.080216740796813735e+00
9.345000000302667331e+02 -3.165890403951268084e+00
9.350000000302986791e+02 -3.456788977584318800e+00
9.355000000303307388e+02 -3.039178425927313132e+00
9.360000000303627985e+02 -2.934778571161825944e+00
9.365000000303948582e+02 -3.111109801684996512e+00
9.370000000304268042e+02 -3.082923198386798180e+00
9.375000000304588639e+02 -2.898548163369005781e+00
9.380000000304909236e+02 -3.172465575689646933e+00
9.385000000305229833e+02 -3.257255436042802987e+00
9.390000000305549293e+02 -3.093663962929070088e+00
9.395000000305869889e+02 -3.040261890506178677e+00
9.400000000306190486e+02 -3.148099953696961162e+00
9.405000000306511083e+02 -3.092493173992672428e+00
9.410000000306831680e+02 -2.938680738372838164e+00
9.415000000307151140e+02 -3.121441394058204200e+00
9.420000000307471737e+02 -3.171847658841007611e+00
9.425000000307792334e+02 -3.027350924756586181e+00
9.430000000308112931e+02 -2.919123958617176218e+00
9.435000000308432391e+02 -3.697529410648162873e+00
9.440000000308752988e+02 -3.442631450107485946e+00
9.445000000309073585e+02 -2.753523053485529282e+00
9.450000000309394181e+02 -2.996855698107613541e+00
9.455000000309713641e+02 -3.310600216889748371e+00
9.460000000310034238e+02 -3.095096681982443698e+00
9.465000000310354835e+02 -3.051326605169075723e+00
9.470000000310675432e+02 -3.200024743255633908e+00
9.475000000310994892e+02 -3.242399075813988230e+00
9.480000000311315489e+02 -3.017660767459130255e+00
9.485000000311636086e+02 -3.166139198502043062e+00
9.490000000311956683e+02 -3.110994802550731908e+00
9.495000000312277280e+02 -3.117424576120745083e+00
9.500000000312596740e+02 -3.380774728672494511e+00
9.505000000312917336e+02 -2.835548464454789475e+00
9.510000000313237933e+02 -3.013882190064677058e+00
9.515000000313558530e+02 -3.428888400513209422e+00
9.520000000313877990e+02 -3.254310743886489554e+00
9.525000000314198587e+02 -2.987780943674144485e+00
9.530000000314519184e+02 -3.363445774905501118e+00
9.535000000314839781e+02 -3.081236972419908682e+00
9.540000000315159241e+02 -3.161319237420533668e+00
9.545000000315479838e+02 -2.895231941256020125e+00
9.550000000315800435e+02 -3.261762377775942578e+00
9.555000000316121032e+02 -3.260976195633077168e+00
9.560000000316440492e+02 -2.692491399908023109e+00
9.565000000316761088e+02 -3.415867694665701837e+00
9.570000000317081685e+02 -3.069551049680847576e+00
9.575000000317402282e+02 -2.811199222931681785e+00
9.580000000317722879e+02 -3.296106923160952995e+00
9.585000000318042339e+02 -3.440375604427382772e+00
9.590000000318362936e+02 -3.100533062598814116e+00
9.595000000318683533e+02 -3.220340787615914913e+00
9.600000000319004130e+02 -2.949193790124066350e+00
9.605000000319323590e+02 -3.334725526588516065e+00
9.610000000319644187e+02 -3.030179833707361770e+00
9.615000000319964784e+02 -2.954097815572848340e+00
9.620000000320285380e+02 -3.221872892090622553e+00
9.625000000320604840e+02 -3.107285890789067473e+00
9.630000000320925437e+02 -2.970254126724891197e+00
9.635000000321246034e+02 -3.224452779797610802e+00
9.640000000321566631e+02 -3.133484196285992507e+00
9.645000000321886091e+02 -2.992548482588604397e+00
9.650000000322206688e+02 -3.034557456353206728e+00
9.655000000322527285e+02 -3.472713062794095862e+00
9.660000000322847882e+02 -3.391031815247752323e+00
9.665000000323168479e+02 -3.289110295650479188e+00
9.670000000323487939e+02 -2.863068716020043869e+00
9.675000000323808536e+02 -3.397551188271391354e+00
9.680000000324129132e+02 -3.263656817451674907e+00
9.685000000324449729e+02 -2.840395164310845377e+00
9.690000000324769189e+02 -3.029547055482725071e+00
9.695000000325089786e+02 -3.050416324712835969e+00
9.700000000325410383e+02 -3.352762900671701907e+00
9.705000000325730980e+02 -3.144038520235603151e+00
9.710000000326050440e+02 -2.962779868351091750e+00
9.715000000326371037e+02 -3.305331742229046910e+00
9.720000000326691634e+02 -3.208830490712490491e+00
9.725000000327012231e+02 -2.943154980360510375e+00
9.730000000327331691e+02 -3.081879806771704811e+00
9.735000000327652288e+02 -3.324693812425130179e+00
9.740000000327972884e+02 -3.682981277849836754e+00
9.745000000328293481e+02 -2.787034337223319280e+00
9.750000000328614078e+02 -3.041796319350468902e+00
9.755000000328933538e+02 -3.139096085598932717e+00
9.760000000329254135e+02 -3.180529588907815786e+00
9.765000000329574732e+02 -2.999720494443393726e+00
9.770000000329895329e+02 -3.070981494476686002e+00
9.775000000330214789e+02 -3.168985978456823727e+00
9.780000000330535386e+02 -2.880643767136715550e+00
9.785000000330855983e+02 -3.190141187216736895e+00
9.790000000331176579e+02 -3.189249517419328050e+00
9.795000000331496040e+02 -2.728469697569288588e+00
9.800000000331816636e+02 -3.181135718198743412e+00
9.805000000332137233e+02 -3.255116488497073579e+00
9.810000000332457830e+02 -2.795963654922834163e+00
9.815000000332777290e+02 -3.280246191540277856e+00
9.820000000333097887e+02 -3.127775519425770145e+00
9.825000000333418484e+02 -2.824345010342971918e+00
9.830000000333739081e+02 -3.353957852411133977e+00
9.835000000334058541e+02 -3.282448400297413915e+00
9.840000000334379138e+02 -3.103653673414994874e+00
9.845000000334699735e+02 -3.008745932420188840e+00
9.850000000335020331e+02 -3.147737103794271629e+00
9.855000000335340928e+02 -3.311841507875754598e+00
9.860000000335660388e+02 -3.215262605541526764e+00
9.865000000335980985e+02 -2.852767808040108211e+00
9.870000000336301582e+02 -3.107237040021192609e+00
9.875000000336622179e+02 -3.020057024881666052e+00
9.880000000336941639e+02 -3.297424811911545017e+00
9.885000000337262236e+02 -3.296610145648279921e+00
9.890000000337582833e+02 -3.220844872989073959e+00
9.895000000337903430e+02 -2.951729434864236890e+00
9.900000000338222890e+02 -3.158470944559032656e+00
9.905000000338543487e+02 -3.398713517890611158e+00
9.910000000338864083e+02 -2.798450772058571179e+00
9.915000000339184680e+02 -3.386348346033585699e+00
9.920000000339504140e+02 -2.980963365751855942e+00
9.925000000339824737e+02 -2.997214988565718219e+00
9.930000000340145334e+02 -3.355820885147334565e+00
9.935000000340465931e+02 -3.113798517187284620e+00
9.940000000340786528e+02 -3.055587801965254702e+00
9.945000000341105988e+02 -3.111648877944014124e+00
9.950000000341426585e+02 -3.038004685759466472e+00
9.955000000341747182e+02 -3.088900352524157622e+00
9.960000000342067779e+02 -2.970765566883115216e+00
9.965000000342387239e+02 -3.230389971767729129e+00
9.970000000342707835e+02 -3.141941139930877203e+00
9.975000000343028432e+02 -3.251663385401128981e+00
9.980000000343349029e+02 -3.266035338883779282e+00
9.985000000343668489e+02 -3.035807518045388953e+00
9.990000000343989086e+02 -3.008359964428742650e+00
9.995000000344309683e+02 -3.279243244864911588e+00
1.000000000034463028e+03 -2.983235981769386314e+00
