# Time (ps)	CV (angstrom)
9.999999999975766229e+01 -1.972871833388902818e+00
1.004999999997559001e+02 -1.986990103820857945e+00
1.009999999997541380e+02 -2.073250944155680120e+00
1.014999999997533990e+02 -2.110044907149650317e+00
1.019999999997629061e+02 -2.391676639665338389e+00
1.024999999997724132e+02 -2.303225515300749482e+00
1.029999999997819060e+02 -2.062314280600850314e+00
1.034999999997914131e+02 -2.312782792164758572e+00
1.039999999998009201e+02 -1.942445610180439930e+00
1.044999999998104272e+02 -2.359593286337541507e+00
1.049999999998199343e+02 -2.415260018702516831e+00
1.054999999998294413e+02 -2.297591715354026842e+00
1.059999999998389484e+02 -2.122402289267796505e+00
1.064999999998484554e+02 -2.177021264812034840e+00
1.069999999998579483e+02 -2.171892461668673668e+00
1.074999999998674554e+02 -2.311865868223702769e+00
1.079999999998769624e+02 -2.191099589443072038e+00
1.084999999998864695e+02 -2.043326008199930488e+00
1.089999999998959765e+02 -2.053704286756013353e+00
1.094999999999054836e+02 -2.214059660862554679e+00
1.099999999999149907e+02 -2.076846944708547138e+00
1.104999999999244977e+02 -2.069077168664026356e+00
1.109999999999339906e+02 -2.165950909909708066e+00
1.114999999999434976e+02 -2.162430887374940269e+00
1.119999999999530047e+02 -2.369837948943696038e+00
1.124999999999625118e+02 -2.281553686061483788e+00
1.129999999999720188e+02 -2.099072223454955921e+00
1.134999999999815259e+02 -2.166527117005464742e+00
1.139999999999910330e+02 -2.045721918083282187e+00
1.145000000000005400e+02 -2.175898265068413107e+00
1.150000000000100329e+02 -2.158160931391563508e+00
1.155000000000195399e+02 -2.209277287153746716e+00
1.160000000000290470e+02 -2.154320693571972534e+00
1.165000000000385540e+02 -2.297641454628746693e+00
1.170000000000480611e+02 -2.225051713087262240e+00
1.175000000000575682e+02 -2.298900636561044930e+00
1.180000000000670752e+02 -2.231508364277067891e+00
1.185000000000765823e+02 -1.932704858932697833e+00
1.190000000000860751e+02 -2.056027656595136754e+00
1.195000000000955822e+02 -2.144525562761758763e+00
1.200000000001050893e+02 -2.198384169319062220e+00
1.205000000001145963e+02 -2.171138708663785000e+00
1.210000000001241034e+02 -2.280021090103339088e+00
1.215000000001336105e+02 -2.157341537320436320e+00
1.220000000001431175e+02 -2.136422314868122285e+00
1.225000000001526246e+02 -1.983761920435456405e+00
1.230000000001621174e+02 -2.138166508361489804e+00
1.235000000001716245e+02 -2.092313873434109794e+00
1.240000000001811316e+02 -2.178600382914839706e+00
1.245000000001906386e+02 -2.078774634501002971e+00
1.250000000002001457e+02 -2.026255966297267452e+00
1.255000000002096527e+02 -2.130111780452549120e+00
1.260000000002191598e+02 -2.051509519014962812e+00
1.265000000002286527e+02 -2.198542197295122236e+00
1.270000000002381597e+02 -2.019429643383830797e+00
1.275000000002476668e+02 -2.008457713257107535e+00
1.280000000002571880e+02 -1.964363242130626963e+00
1.285000000002666809e+02 -2.335248088606584727e+00
1.290000000002761738e+02 -2.105435423304403919e+00
1.295000000002856950e+02 -2.052649869861406184e+00
1.300000000002951879e+02 -2.159669179215144119e+00
1.305000000003047091e+02 -2.137380826104123166e+00
1.310000000003142020e+02 -2.087936062969613094e+00
1.315000000003237233e+02 -2.196783241094992789e+00
1.320000000003332161e+02 -2.136784035024919426e+00
1.325000000003427090e+02 -2.097461863278505589e+00
1.330000000003522302e+02 -2.270526410473604706e+00
1.335000000003617231e+02 -2.224262673873512952e+00
1.340000000003712444e+02 -2.150415396122127731e+00
1.345000000003807372e+02 -2.295829019568910834e+00
1.350000000003902585e+02 -2.268243074769812573e+00
1.355000000003997513e+02 -2.018457049653714197e+00
1.360000000004092726e+02 -2.406512644206461715e+00
1.365000000004187655e+02 -2.215122037746698691e+00
1.370000000004282583e+02 -2.347607780458189186e+00
1.375000000004377796e+02 -2.073063230229917675e+00
1.380000000004472724e+02 -1.920495672826654010e+00
1.385000000004567937e+02 -2.012790481428433864e+00
1.390000000004662866e+02 -2.128161457896982522e+00
1.395000000004758078e+02 -2.212094818750186320e+00
1.400000000004853007e+02 -2.189553190029350116e+00
1.405000000004947935e+02 -2.022293908034524801e+00
1.410000000005043148e+02 -2.250326644605251225e+00
1.415000000005138077e+02 -2.265496918694831496e+00
1.420000000005233289e+02 -2.000576504229412578e+00
1.425000000005328218e+02 -2.057454810884200569e+00
1.430000000005423431e+02 -2.194757138760802917e+00
1.435000000005518359e+02 -2.146008108258552483e+00
1.440000000005613572e+02 -2.318017332686006515e+00
1.445000000005708500e+02 -2.222648418025792161e+00
1.450000000005803429e+02 -2.251012957624813904e+00
1.455000000005898642e+02 -2.326768013050301676e+00
1.460000000005993570e+02 -2.109755938730416336e+00
1.465000000006088783e+02 -2.152723208755792594e+00
1.470000000006183711e+02 -1.916190201130958615e+00
1.475000000006278924e+02 -2.121814696553744550e+00
1.480000000006373853e+02 -1.950450433283400287e+00
1.485000000006468781e+02 -2.120517834230541521e+00
1.490000000006563994e+02 -2.160181138349738017e+00
1.495000000006658922e+02 -2.087044580167920493e+00
1.500000000006754135e+02 -2.109596240632693132e+00
1.505000000006849064e+02 -2.116528415409753450e+00
1.510000000006944276e+02 -2.121062546224766088e+00
1.515000000007039205e+02 -2.170724009084239903e+00
1.520000000007134133e+02 -2.107832821128013734e+00
1.525000000007229346e+02 -2.079394102830097513e+00
1.530000000007324275e+02 -2.218540447295227924e+00
1.535000000007419487e+02 -2.069672925999080704e+00
1.540000000007514416e+02 -2.085659156470115683e+00
1.545000000007609628e+02 -2.196208753930680491e+00
1.550000000007704557e+02 -2.207664896949331101e+00
1.555000000007799770e+02 -2.151805128930851740e+00
1.560000000007894698e+02 -2.064713220705690411e+00
1.565000000007989627e+02 -2.051976898554073614e+00
1.570000000008084839e+02 -2.118815042679784710e+00
1.575000000008179768e+02 -1.915704135138427633e+00
1.580000000008274981e+02 -2.085649127844969808e+00
1.585000000008369909e+02 -2.157495969897604837e+00
1.590000000008465122e+02 -2.202535069234472065e+00
1.595000000008560050e+02 -2.143212084370670567e+00
1.600000000008654979e+02 -2.148077849853454069e+00
1.605000000008750192e+02 -2.122573106420656330e+00
1.610000000008845120e+02 -2.269920199549579021e+00
1.615000000008940333e+02 -2.165204266381537845e+00
1.620000000009035261e+02 -2.137605574540721864e+00
1.625000000009130474e+02 -2.257217394058054882e+00
1.630000000009225403e+02 -2.131562084389114986e+00
1.635000000009320615e+02 -2.083980855634595564e+00
1.640000000009415544e+02 -2.138114007595598665e+00
1.645000000009510472e+02 -2.029891708027878217e+00
1.650000000009605685e+02 -2.190056394046834498e+00
1.655000000009700614e+02 -2.148518049007218877e+00
1.660000000009795826e+02 -2.219460457136858800e+00
1.665000000009890755e+02 -2.250329083192086355e+00
1.670000000009985968e+02 -2.230916306300970486e+00
1.675000000010080896e+02 -2.171111342786389731e+00
1.680000000010175825e+02 -2.148426623741916508e+00
1.685000000010271037e+02 -2.216935095678849166e+00
1.690000000010365966e+02 -1.880938635316414809e+00
1.695000000010461179e+02 -1.930980510248733406e+00
1.700000000010556107e+02 -2.007562722826445878e+00
1.705000000010651320e+02 -2.178111026973460262e+00
1.710000000010746248e+02 -2.356688855239710723e+00
1.715000000010841177e+02 -2.412239487481816269e+00
1.720000000010936390e+02 -2.200306223448915688e+00
1.725000000011031318e+02 -2.072594172263412471e+00
1.730000000011126531e+02 -2.054120736359616561e+00
1.735000000011221459e+02 -2.314951880213409030e+00
1.740000000011316672e+02 -2.330732419117788279e+00
1.745000000011411601e+02 -2.344467380480099283e+00
1.750000000011506813e+02 -2.385926556516104746e+00
1.755000000011601742e+02 -2.294996657731693368e+00
1.760000000011696670e+02 -2.001899586524169994e+00
1.765000000011791883e+02 -1.978349804950908730e+00
1.770000000011886812e+02 -2.017296999000413482e+00
1.775000000011982024e+02 -2.437407286869832657e+00
1.780000000012076953e+02 -2.529763788006215375e+00
1.785000000012172165e+02 -2.095168507558625048e+00
1.790000000012267094e+02 -2.221877270011312078e+00
1.795000000012362023e+02 -2.334094829619897116e+00
1.800000000012457235e+02 -2.132113061252700170e+00
1.805000000012552164e+02 -2.064168967467672200e+00
1.810000000012647376e+02 -2.120696964053428779e+00
1.815000000012742305e+02 -2.334093056166053781e+00
1.820000000012837518e+02 -2.033920117754880241e+00
1.825000000012932446e+02 -2.113605552773805574e+00
1.830000000013027659e+02 -2.093469025286211149e+00
1.835000000013122587e+02 -2.157523347525375002e+00
1.840000000013217516e+02 -2.224642520749511299e+00
1.845000000013312729e+02 -1.934845866930491542e+00
1.850000000013407657e+02 -2.029816544285230950e+00
1.855000000013502870e+02 -2.070546217298696590e+00
1.860000000013597798e+02 -2.064776655355297308e+00
1.865000000013693011e+02 -2.172749718891531678e+00
1.870000000013787940e+02 -2.117418842100049492e+00
1.875000000013882868e+02 -2.445794800897963306e+00
1.880000000013978081e+02 -2.346015789019484821e+00
1.885000000014073009e+02 -2.317903588019207817e+00
1.890000000014168222e+02 -2.116165133110298857e+00
1.895000000014263151e+02 -1.979614649611682209e+00
1.900000000014358363e+02 -2.212867966464505898e+00
1.905000000014453292e+02 -2.205878617343517423e+00
1.910000000014548220e+02 -2.116257868999712244e+00
1.915000000014643433e+02 -1.909924542185663876e+00
1.920000000014738362e+02 -1.948125248240954344e+00
1.925000000014833574e+02 -2.390764187897581827e+00
1.930000000014928503e+02 -2.322232285108092764e+00
1.935000000015023716e+02 -2.310674268963112787e+00
1.940000000015118644e+02 -2.128495182892488735e+00
1.945000000015213857e+02 -2.010578237072092378e+00
1.950000000015308785e+02 -1.971752414336347181e+00
1.955000000015403714e+02 -2.053864207850713886e+00
1.960000000015498927e+02 -2.155151671461802643e+00
1.965000000015593855e+02 -2.281460121154033960e+00
1.970000000015689068e+02 -2.298712334091537635e+00
1.975000000015783996e+02 -2.296320609142353586e+00
1.980000000015879209e+02 -2.185614191231812775e+00
1.985000000015974138e+02 -2.002139446948266510e+00
1.990000000016069066e+02 -2.085070945871484671e+00
1.995000000016164279e+02 -2.037801302984258989e+00
2.000000000016259207e+02 -2.137588624994052999e+00
2.005000000016354420e+02 -2.334212480243335275e+00
2.010000000016449349e+02 -2.097368244221823996e+00
2.015000000016544561e+02 -2.374524833778763444e+00
2.020000000016639490e+02 -2.085960218414672607e+00
2.025000000016734703e+02 -2.040014024043467877e+00
2.030000000016789556e+02 -2.228893925414174859e+00
2.035000000016659385e+02 -2.310213089329869796e+00
2.040000000016529214e+02 -2.540653364672966763e+00
2.045000000016398758e+02 -2.188956266660660344e+00
2.050000000016268586e+02 -2.148002984769327384e+00
2.055000000016138415e+02 -2.209394703951816918e+00
2.060000000016008244e+02 -2.248928029975861165e+00
2.065000000015878072e+02 -2.162535165809044813e+00
2.070000000015747617e+02 -2.140062522560008063e+00
2.075000000015617445e+02 -2.186309725304789175e+00
2.080000000015487274e+02 -2.169545187743659564e+00
2.085000000015357102e+02 -2.311685729796340460e+00
2.090000000015226931e+02 -2.076707293688787370e+00
2.095000000015096475e+02 -2.223898935872393956e+00
2.100000000014966304e+02 -2.213578169207536916e+00
2.105000000014836132e+02 -2.052484340827140485e+00
2.110000000014705961e+02 -2.352212073028735251e+00
2.115000000014575789e+02 -2.355402901654132908e+00
2.120000000014445618e+02 -2.293849820950832896e+00
2.125000000014315162e+02 -2.431843548307525360e+00
2.130000000014184991e+02 -2.305745092344559488e+00
2.135000000014054820e+02 -2.291792987417495819e+00
2.140000000013924648e+02 -2.134493599766329908e+00
2.145000000013794477e+02 -2.004636625946406792e+00
2.150000000013664021e+02 -2.083922756761525275e+00
2.155000000013533850e+02 -2.054173501003146107e+00
2.160000000013403678e+02 -2.041174056694881944e+00
2.165000000013273507e+02 -2.075259000282572597e+00
2.170000000013143335e+02 -2.302752845504802082e+00
2.175000000013013164e+02 -2.212335035739650291e+00
2.180000000012882708e+02 -2.019614892084814262e+00
2.185000000012752537e+02 -2.153201408384824767e+00
2.190000000012622365e+02 -2.340692974053544706e+00
2.195000000012492194e+02 -2.243032892783278331e+00
2.200000000012362023e+02 -2.075084937207594571e+00
2.205000000012231567e+02 -2.148440748785850118e+00
2.210000000012101395e+02 -2.179883833313394970e+00
2.215000000011971224e+02 -2.016616226063450590e+00
2.220000000011841053e+02 -2.151743023344130812e+00
2.225000000011710881e+02 -2.149111889159729394e+00
2.230000000011580710e+02 -2.262337904771740238e+00
2.235000000011450254e+02 -2.313035759429536320e+00
2.240000000011320083e+02 -2.209992337436820886e+00
2.245000000011189911e+02 -2.176878902550261952e+00
2.250000000011059740e+02 -2.157123273284424769e+00
2.255000000010929568e+02 -2.064084402378535188e+00
2.260000000010799113e+02 -2.239093488189372927e+00
2.265000000010668941e+02 -2.187240530719470222e+00
2.270000000010538770e+02 -2.162843128047329699e+00
2.275000000010408598e+02 -2.134792132959752564e+00
2.280000000010278427e+02 -2.233207645214017933e+00
2.285000000010148256e+02 -2.219198925515810217e+00
2.290000000010017800e+02 -2.200815255175240015e+00
2.295000000009887628e+02 -2.127772057222568236e+00
2.300000000009757457e+02 -1.933700965555959161e+00
2.305000000009627286e+02 -1.902510720936322342e+00
2.310000000009497114e+02 -1.999280754240346347e+00
2.315000000009366659e+02 -1.992331249204529531e+00
2.320000000009236487e+02 -1.959860651750598537e+00
2.325000000009106316e+02 -2.050859017226385639e+00
2.330000000008976144e+02 -2.024616178151299017e+00
2.335000000008845973e+02 -2.125627804432245860e+00
2.340000000008715517e+02 -2.153209924782496287e+00
2.345000000008585346e+02 -2.130103376305460650e+00
2.350000000008455174e+02 -2.124694723216904446e+00
2.355000000008325003e+02 -2.221126079128915798e+00
2.360000000008194831e+02 -2.102944195601544664e+00
2.365000000008064660e+02 -2.141685592127406945e+00
2.370000000007934204e+02 -2.136104951685033004e+00
2.375000000007804033e+02 -2.336553612747818143e+00
2.380000000007673862e+02 -2.394031561710327605e+00
2.385000000007543690e+02 -2.430540360666584743e+00
2.390000000007413519e+02 -2.219365033288329681e+00
2.395000000007283063e+02 -2.170932585133829473e+00
2.400000000007152892e+02 -2.031812333548260519e+00
2.405000000007022720e+02 -2.284790809180448079e+00
2.410000000006892549e+02 -1.949382663260984083e+00
2.415000000006762377e+02 -2.019004005180323080e+00
2.420000000006632206e+02 -2.141431289941090554e+00
2.425000000006501750e+02 -2.357561563815120831e+00
2.430000000006371579e+02 -2.225073903940056219e+00
2.435000000006241407e+02 -2.237633692970250276e+00
2.440000000006111236e+02 -1.998199135797935622e+00
2.445000000005981065e+02 -2.252600970688253934e+00
2.450000000005850609e+02 -2.044025435661862122e+00
2.455000000005720437e+02 -2.377275904514194682e+00
2.460000000005590266e+02 -2.090077929349657637e+00
2.465000000005460095e+02 -1.701289493727663915e+00
2.470000000005329923e+02 -1.919775742130005680e+00
2.475000000005199752e+02 -2.057860746242122563e+00
2.480000000005069296e+02 -2.161088503788617388e+00
2.485000000004939125e+02 -2.169376520838607547e+00
2.490000000004808953e+02 -2.035390149756873157e+00
2.495000000004678782e+02 -2.190314551945105936e+00
2.500000000004548610e+02 -1.929224967317581863e+00
2.505000000004418155e+02 -2.092869383256195537e+00
2.510000000004287983e+02 -2.276190603238622323e+00
2.515000000004157812e+02 -2.110646522154489446e+00
2.520000000004027640e+02 -2.117009688589717609e+00
2.525000000003897469e+02 -2.154336424414595719e+00
2.530000000003767013e+02 -2.206811917857639749e+00
2.535000000003636842e+02 -2.186024231479253288e+00
2.540000000003506671e+02 -2.089820454606543976e+00
2.545000000003376499e+02 -2.206059777045034753e+00
2.550000000003246328e+02 -2.018035263893657394e+00
2.555000000003116156e+02 -1.958111985453680592e+00
2.560000000002985985e+02 -2.138505321797556480e+00
2.565000000002855813e+02 -2.017742782229519527e+00
2.570000000002725642e+02 -2.128908360289841539e+00
2.575000000002594902e+02 -2.262231939727185281e+00
2.580000000002464731e+02 -2.296074310906737193e+00
2.585000000002334559e+02 -2.189190708201790070e+00
2.590000000002204388e+02 -2.155169411031379934e+00
2.595000000002074216e+02 -2.110112842509217490e+00
2.600000000001944045e+02 -2.122559657348060735e+00
2.605000000001813873e+02 -2.228633306161836636e+00
2.610000000001683702e+02 -2.339786599958623814e+00
2.615000000001553531e+02 -2.236892520920284344e+00
2.620000000001423359e+02 -2.276901472940897619e+00
2.625000000001292619e+02 -2.219009478572548488e+00
2.630000000001162448e+02 -2.187121923511517352e+00
2.635000000001032276e+02 -2.185817569774249680e+00
2.640000000000902105e+02 -2.185663828156437116e+00
2.645000000000771934e+02 -2.097483669269651685e+00
2.650000000000641762e+02 -2.032230246775658333e+00
2.655000000000511591e+02 -2.159210926261931007e+00
2.660000000000381419e+02 -2.429366838184497279e+00
2.665000000000251248e+02 -2.158830844722865905e+00
2.670000000000121076e+02 -2.074614590279633131e+00
2.674999999999990905e+02 -2.229110663614446430e+00
2.679999999999860165e+02 -2.088692025732886925e+00
2.684999999999729994e+02 -1.893706926975640137e+00
2.689999999999599822e+02 -2.220900468441921127e+00
2.694999999999469651e+02 -2.371512143052416199e+00
2.699999999999339479e+02 -2.088563992302387984e+00
2.704999999999209308e+02 -2.137133978064453377e+00
2.709999999999079137e+02 -2.324266372158431349e+00
2.714999999998948965e+02 -2.068686221305523709e+00
2.719999999998818794e+02 -2.178613786097685523e+00
2.724999999998688622e+02 -2.167214785403362320e+00
2.729999999998558451e+02 -2.236917704956742803e+00
2.734999999998427711e+02 -2.247257407963454412e+00
2.739999999998297540e+02 -2.309903579953628050e+00
2.744999999998167368e+02 -2.353636157707442500e+00
2.749999999998037197e+02 -2.114868944438535792e+00
2.754999999997907025e+02 -2.127626256276968775e+00
2.759999999997776854e+02 -2.220236121595767997e+00
2.764999999997646682e+02 -2.488111461652390055e+00
2.769999999997516511e+02 -2.322210509606444262e+00
2.774999999997386340e+02 -2.082424136842759399e+00
2.779999999997256168e+02 -2.114878392783186456e+00
2.784999999997125997e+02 -2.158070055998709602e+00
2.789999999996995257e+02 -2.082997453514545683e+00
2.794999999996865085e+02 -2.074350085752609374e+00
2.799999999996734914e+02 -2.264464169107530456e+00
2.804999999996604743e+02 -2.366786132341417215e+00
2.809999999996474571e+02 -2.358434524911885877e+00
2.814999999996344400e+02 -2.193656613763919072e+00
2.819999999996214228e+02 -2.129799202964020477e+00
2.824999999996084057e+02 -2.276507221139974391e+00
2.829999999995953885e+02 -2.140095244075429726e+00
2.834999999995823714e+02 -2.164519657261509966e+00
2.839999999995693543e+02 -2.012127187897313263e+00
2.844999999995562803e+02 -2.337066443723954556e+00
2.849999999995432631e+02 -2.208918413233246447e+00
2.854999999995302460e+02 -1.885716610701686280e+00
2.859999999995172288e+02 -2.318720353124009037e+00
2.864999999995042117e+02 -2.128116788294549089e+00
2.869999999994911946e+02 -2.203405532175704007e+00
2.874999999994781774e+02 -2.293056293207187846e+00
2.879999999994651603e+02 -2.135250354122244509e+00
2.884999999994521431e+02 -2.252480198557380575e+00
2.889999999994391260e+02 -2.290412265882873388e+00
2.894999999994261088e+02 -2.076206610375630035e+00
2.899999999994130349e+02 -2.311554545439286290e+00
2.904999999994000177e+02 -2.461358755109555485e+00
2.909999999993870006e+02 -2.401966497678423185e+00
2.914999999993739834e+02 -2.364983043387315131e+00
2.919999999993609663e+02 -2.053520673920689710e+00
2.924999999993479491e+02 -1.926678877415644475e+00
2.929999999993349320e+02 -2.151193103908932258e+00
2.934999999993219149e+02 -2.262130345565776857e+00
2.939999999993088977e+02 -2.054010252011151394e+00
2.944999999992958806e+02 -2.125973072521840201e+00
2.949999999992828634e+02 -2.053088327787224721e+00
2.954999999992697894e+02 -2.081838280289754373e+00
2.959999999992567723e+02 -2.298767331623389865e+00
2.964999999992437552e+02 -2.011783330741643283e+00
2.969999999992307380e+02 -2.141039859907568843e+00
2.974999999992177209e+02 -2.318104999307823988e+00
2.979999999992047037e+02 -1.995930239992083743e+00
2.984999999991916866e+02 -2.004543839486728984e+00
2.989999999991786694e+02 -2.026872713924353864e+00
2.994999999991656523e+02 -2.216300239406097106e+00
2.999999999991526352e+02 -2.087025115276229581e+00
3.004999999991396180e+02 -2.031274116566341714e+00
3.009999999991265440e+02 -2.154969971175957788e+00
3.014999999991135269e+02 -2.127481463516394555e+00
3.019999999991005097e+02 -1.971017892721500742e+00
3.024999999990874926e+02 -2.092688627922886457e+00
3.029999999990744755e+02 -2.288000654295092584e+00
3.034999999990614583e+02 -2.234760221163158977e+00
3.039999999990484412e+02 -2.172457859241956779e+00
3.044999999990354240e+02 -2.409528652388782444e+00
3.049999999990224069e+02 -2.165085298502364974e+00
3.054999999990093897e+02 -1.802126125220635533e+00
3.059999999989963158e+02 -2.037624454408146768e+00
3.064999999989832986e+02 -2.065710725306097562e+00
3.069999999989702815e+02 -2.003856284209161842e+00
3.074999999989572643e+02 -2.311330188604582059e+00
3.079999999989442472e+02 -2.042110933506609882e+00
3.084999999989312300e+02 -2.052954932062332816e+00
3.089999999989182129e+02 -2.171579353289270653e+00
3.094999999989051958e+02 -2.236990735955573850e+00
3.099999999988921786e+02 -2.275142361548600611e+00
3.104999999988791615e+02 -2.195571601004717710e+00
3.109999999988661443e+02 -1.986466874718751052e+00
3.114999999988530703e+02 -1.911280121659046038e+00
3.119999999988400532e+02 -1.973488365905491593e+00
3.124999999988270361e+02 -1.853186315116593041e+00
3.129999999988140189e+02 -2.257636459073818713e+00
3.134999999988010018e+02 -2.276822307291497705e+00
3.139999999987879846e+02 -2.177997655934210020e+00
3.144999999987749675e+02 -2.283654407914793794e+00
3.149999999987619503e+02 -2.401389503537176395e+00
3.154999999987489332e+02 -2.237398308356640442e+00
3.159999999987359161e+02 -2.252038679063113502e+00
3.164999999987228989e+02 -2.287405571142548943e+00
3.169999999987098249e+02 -2.375521065697403955e+00
3.174999999986968078e+02 -2.360136845842391473e+00
3.179999999986837906e+02 -2.078839715466349602e+00
3.184999999986707735e+02 -2.170161295396155321e+00
3.189999999986577564e+02 -1.882602869692346026e+00
3.194999999986447392e+02 -2.012384635159031099e+00
3.199999999986317221e+02 -2.168535269787099651e+00
3.204999999986187049e+02 -2.121995486014677468e+00
3.209999999986056878e+02 -2.236644345044644488e+00
3.214999999985926706e+02 -2.363569260001104677e+00
3.219999999985796535e+02 -2.394756826123103810e+00
3.224999999985665795e+02 -2.439350261890498750e+00
3.229999999985535624e+02 -2.219067116276098872e+00
3.234999999985405452e+02 -2.155282230172317792e+00
3.239999999985275281e+02 -2.316953849282624045e+00
3.244999999985145109e+02 -2.307486509646805128e+00
3.249999999985014938e+02 -2.052803264936370997e+00
3.254999999984884766e+02 -2.299770163192577765e+00
3.259999999984754595e+02 -2.474933216777717160e+00
3.264999999984624424e+02 -2.393333140261854286e+00
3.269999999984494252e+02 -2.260223164849921584e+00
3.274999999984364081e+02 -1.959364891053841484e+00
3.279999999984233341e+02 -2.046086240811628709e+00
3.284999999984103169e+02 -2.322045399672259869e+00
3.289999999983972998e+02 -2.074753052656428398e+00
3.294999999983842827e+02 -2.067468405633805073e+00
3.299999999983712655e+02 -2.110913186865369440e+00
3.304999999983582484e+02 -2.130386002949957280e+00
3.309999999983452312e+02 -2.128255321261610877e+00
3.314999999983322141e+02 -2.373833281489740710e+00
3.319999999983191969e+02 -2.224915234728610525e+00
3.324999999983061798e+02 -2.226783894261839869e+00
3.329999999982931627e+02 -2.223394820578748377e+00
3.334999999982800887e+02 -2.056301969899805293e+00
3.339999999982670715e+02 -1.995595713216284040e+00
3.344999999982540544e+02 -2.070640592396224999e+00
3.349999999982410372e+02 -2.168631190552463561e+00
3.354999999982280201e+02 -2.168552862583856378e+00
3.359999999982150030e+02 -2.067745255553697259e+00
3.364999999982019858e+02 -1.955976166007919792e+00
3.369999999981889687e+02 -1.900558641430299733e+00
3.374999999981759515e+02 -2.248333121284460834e+00
3.379999999981629344e+02 -2.319204330811713177e+00
3.384999999981499172e+02 -2.189555431651617035e+00
3.389999999981368433e+02 -2.209094694405290049e+00
3.394999999981238261e+02 -2.200052344574500829e+00
3.399999999981108090e+02 -2.212039500340835296e+00
3.404999999980977918e+02 -2.307906145360738570e+00
3.409999999980847747e+02 -2.045392786874780544e+00
3.414999999980717575e+02 -2.049581941112198713e+00
3.419999999980587404e+02 -2.190657900752160714e+00
3.424999999980457233e+02 -2.182303128142923043e+00
3.429999999980327061e+02 -2.320029913525649246e+00
3.434999999980196890e+02 -2.282588441039763438e+00
3.439999999980066718e+02 -2.205604279792920508e+00
3.444999999979935978e+02 -2.296955479334216399e+00
3.449999999979805807e+02 -2.149674971608305007e+00
3.454999999979675636e+02 -2.167983034112916929e+00
3.459999999979545464e+02 -2.062113249651322811e+00
3.464999999979415293e+02 -2.076755847373838115e+00
3.469999999979285121e+02 -2.193855880480869214e+00
3.474999999979154950e+02 -2.140319826757974830e+00
3.479999999979024778e+02 -2.133560438358756528e+00
3.484999999978894607e+02 -2.041905291319102922e+00
3.489999999978764436e+02 -2.153835654680649192e+00
3.494999999978633696e+02 -2.261471044245251250e+00
3.499999999978503524e+02 -2.276522118039285836e+00
3.504999999978373353e+02 -2.249622538183529308e+00
3.509999999978243181e+02 -2.294356479679836802e+00
3.514999999978113010e+02 -2.042196270215557607e+00
3.519999999977982839e+02 -1.924178595784725498e+00
3.524999999977852667e+02 -2.254805188232302804e+00
3.529999999977722496e+02 -2.107346704155350636e+00
3.534999999977592324e+02 -2.010394196462979899e+00
3.539999999977462153e+02 -1.883193109265656195e+00
3.544999999977331981e+02 -2.143473725821168241e+00
3.549999999977201242e+02 -2.158642090101506650e+00
3.554999999977071070e+02 -2.234006975476149126e+00
3.559999999976940899e+02 -2.093096241754246467e+00
3.564999999976810727e+02 -2.154456530553547911e+00
3.569999999976680556e+02 -2.136237791306741407e+00
3.574999999976550384e+02 -2.140816161811012197e+00
3.579999999976420213e+02 -2.097649058947025136e+00
3.584999999976290042e+02 -2.013527691139665787e+00
3.589999999976159870e+02 -2.010279250513892002e+00
3.594999999976029699e+02 -2.070523548325502894e+00
3.599999999975899527e+02 -2.360803661543213749e+00
3.604999999975768787e+02 -2.235101339414778732e+00
3.609999999975638616e+02 -2.166634370700855960e+00
3.614999999975508445e+02 -1.958853811936059230e+00
3.619999999975378273e+02 -2.124064140551238378e+00
3.624999999975248102e+02 -2.111266364449980948e+00
3.629999999975117930e+02 -2.306264364584473814e+00
3.634999999974987759e+02 -2.142424607489595623e+00
3.639999999974857587e+02 -2.174926852827982149e+00
3.644999999974727416e+02 -2.121230572802523806e+00
3.649999999974597245e+02 -2.173211526564425622e+00
3.654999999974467073e+02 -2.232182920063010556e+00
3.659999999974336333e+02 -2.200911865236658382e+00
3.664999999974206162e+02 -2.103822561314979467e+00
3.669999999974075990e+02 -2.235655821610738503e+00
3.674999999973945819e+02 -2.101910520446407027e+00
3.679999999973815648e+02 -2.329369809458848639e+00
3.684999999973685476e+02 -2.382619628570338044e+00
3.689999999973555305e+02 -2.413181199629280904e+00
3.694999999973425133e+02 -2.160959799505381085e+00
3.699999999973294962e+02 -2.131863190034075650e+00
3.704999999973164790e+02 -1.990801728499715928e+00
3.709999999973034619e+02 -2.225380521480184726e+00
3.714999999972903879e+02 -1.908815391288963381e+00
3.719999999972773708e+02 -2.109122437566608443e+00
3.724999999972643536e+02 -2.144964383036015665e+00
3.729999999972513365e+02 -2.282615722486659227e+00
3.734999999972383193e+02 -2.055208527057145851e+00
3.739999999972253022e+02 -1.987911047775942963e+00
3.744999999972122851e+02 -2.041205113997837994e+00
3.749999999971992679e+02 -2.126369334439403236e+00
3.754999999971862508e+02 -1.953999229479322919e+00
3.759999999971732336e+02 -2.249988624882543586e+00
3.764999999971602165e+02 -2.392428095522935561e+00
3.769999999971471425e+02 -2.138716123190929963e+00
3.774999999971341254e+02 -2.270638985985277802e+00
3.779999999971211082e+02 -2.215550090786844173e+00
3.784999999971080911e+02 -2.097519934282970677e+00
3.789999999970950739e+02 -2.083049655656761256e+00
3.794999999970820568e+02 -2.009096508511888146e+00
3.799999999970690396e+02 -1.900334320366413143e+00
3.804999999970560225e+02 -2.252243368431569248e+00
3.809999999970430054e+02 -2.375582904290862274e+00
3.814999999970299882e+02 -2.554198113477992305e+00
3.819999999970169711e+02 -2.052090327368309985e+00
3.824999999970038971e+02 -2.216772703482235318e+00
3.829999999969908799e+02 -2.127507850935856037e+00
3.834999999969778628e+02 -2.170511354401493342e+00
3.839999999969648456e+02 -2.251509837582364781e+00
3.844999999969518285e+02 -1.920773299957602154e+00
3.849999999969388114e+02 -2.099718064194989076e+00
3.854999999969257942e+02 -2.268676519592909724e+00
3.859999999969127771e+02 -2.292248700572470099e+00
3.864999999968997599e+02 -2.186586505944206227e+00
3.869999999968867428e+02 -2.096260776246950286e+00
3.874999999968737256e+02 -2.026814613546932708e+00
3.879999999968606517e+02 -2.283965320366497576e+00
3.884999999968476345e+02 -2.233832924607148662e+00
3.889999999968346174e+02 -2.126559250614909136e+00
3.894999999968216002e+02 -2.279681935597311693e+00
3.899999999968085831e+02 -2.171360526464918284e+00
3.904999999967955659e+02 -2.075464341967937720e+00
3.909999999967825488e+02 -2.268096917531600809e+00
3.914999999967695317e+02 -2.408508844842959906e+00
3.919999999967565145e+02 -2.229875000873026369e+00
3.924999999967434974e+02 -2.085105580231654709e+00
3.929999999967304234e+02 -2.067286847594350885e+00
3.934999999967174062e+02 -2.203007882700370068e+00
3.939999999967043891e+02 -2.342121744500660352e+00
3.944999999966913720e+02 -2.204818400181259630e+00
3.949999999966783548e+02 -2.076505665942086409e+00
3.954999999966653377e+02 -1.866550736265600641e+00
3.959999999966523205e+02 -2.103397293850960192e+00
3.964999999966393034e+02 -2.293701893404729297e+00
3.969999999966262862e+02 -2.199015766871611266e+00
3.974999999966132691e+02 -2.111030689311663266e+00
3.979999999966002520e+02 -2.071778399611939658e+00
3.984999999965871780e+02 -1.986093636871228085e+00
3.989999999965741608e+02 -2.284505904802282661e+00
3.994999999965611437e+02 -2.366434144867799905e+00
3.999999999965481265e+02 -2.275624417894646534e+00
4.004999999965351094e+02 -2.280357463098253046e+00
4.009999999965220923e+02 -2.273753246156480667e+00
4.014999999965090751e+02 -2.306847561375666267e+00
4.019999999964960580e+02 -2.309798075378164839e+00
4.024999999964830408e+02 -2.248436186423148353e+00
4.029999999964700237e+02 -2.431551761434802561e+00
4.034999999964570065e+02 -2.097539430653451831e+00
4.039999999964439326e+02 -2.072667374253302608e+00
4.044999999964309154e+02 -1.917839845761176942e+00
4.049999999964178983e+02 -2.342664344126022424e+00
4.054999999964048811e+02 -2.268108030657609131e+00
4.059999999964079507e+02 -1.997020853537314622e+00
4.064999999964400104e+02 -2.111757759374815802e+00
4.069999999964720132e+02 -2.249701378161084175e+00
4.074999999965040729e+02 -2.413348881604382878e+00
4.079999999965360757e+02 -2.067522371675408088e+00
4.084999999965681354e+02 -2.271479925838264968e+00
4.089999999966001383e+02 -2.173726397863050774e+00
4.094999999966321980e+02 -2.021103542054147884e+00
4.099999999966642008e+02 -1.957108575161278896e+00
4.104999999966962605e+02 -2.104061194287591086e+00
4.109999999967282633e+02 -1.904299241509145757e+00
4.114999999967603230e+02 -1.958166607901210110e+00
4.119999999967923259e+02 -2.062102529260332329e+00
4.124999999968243856e+02 -2.285920937586847668e+00
4.129999999968563884e+02 -2.166576480795264104e+00
4.134999999968884481e+02 -1.829463152208632426e+00
4.139999999969205078e+02 -1.907917277129081546e+00
4.144999999969525106e+02 -2.078735180071197508e+00
4.149999999969845703e+02 -2.306599560607736965e+00
4.154999999970165732e+02 -2.288937287801479314e+00
4.159999999970486328e+02 -2.049737582195561014e+00
4.164999999970806357e+02 -2.097298712168950363e+00
4.169999999971126954e+02 -2.141036634845420394e+00
4.174999999971446982e+02 -2.152862004688880226e+00
4.179999999971767579e+02 -2.132587251578970999e+00
4.184999999972087608e+02 -2.225967138372435983e+00
4.189999999972408204e+02 -2.260018499533003045e+00
4.194999999972728233e+02 -1.982882372384652703e+00
4.199999999973048830e+02 -2.294047701490138813e+00
4.204999999973368858e+02 -2.252057360977292699e+00
4.209999999973689455e+02 -2.162345605917952440e+00
4.214999999974009484e+02 -2.019712252172087386e+00
4.219999999974330080e+02 -2.030308761810280416e+00
4.224999999974650109e+02 -1.994056851565666699e+00
4.229999999974970706e+02 -1.973243018101505042e+00
4.234999999975291303e+02 -2.300019736934995063e+00
4.239999999975611331e+02 -2.399421308949778009e+00
4.244999999975931928e+02 -2.298863823635475701e+00
4.249999999976251956e+02 -2.167337932398491152e+00
4.254999999976572553e+02 -2.130646365975955803e+00
4.259999999976892582e+02 -2.148051686707910246e+00
4.264999999977213179e+02 -2.100655148049475951e+00
4.269999999977533207e+02 -1.917913571940787598e+00
4.274999999977853804e+02 -2.092415800691251881e+00
4.279999999978173832e+02 -2.100351356525676394e+00
4.284999999978494429e+02 -2.094002665226757376e+00
4.289999999978814458e+02 -2.177277086711066456e+00
4.294999999979135055e+02 -1.979085713994510165e+00
4.299999999979455083e+02 -2.090692638789770630e+00
4.304999999979775680e+02 -2.430906786113860019e+00
4.309999999980095708e+02 -2.381652421940122721e+00
4.314999999980416305e+02 -2.272514143364370298e+00
4.319999999980736902e+02 -2.208771628560973976e+00
4.324999999981056931e+02 -2.038495661329346564e+00
4.329999999981377528e+02 -2.112078060929518220e+00
4.334999999981697556e+02 -2.080119311710766361e+00
4.339999999982018153e+02 -2.145427119553834583e+00
4.344999999982338181e+02 -2.190682251358871735e+00
4.349999999982658778e+02 -2.445729381970449534e+00
4.354999999982978807e+02 -2.221018220348810690e+00
4.359999999983299404e+02 -2.005720036131615647e+00
4.364999999983619432e+02 -2.100562536132665858e+00
4.369999999983940029e+02 -2.315438603217729874e+00
4.374999999984260057e+02 -2.235108598948650993e+00
4.379999999984580654e+02 -2.217390023328821513e+00
4.384999999984900683e+02 -2.514139930164724923e+00
4.389999999985221280e+02 -2.210138573398249040e+00
4.394999999985541308e+02 -2.181227524150504138e+00
4.399999999985861905e+02 -2.089169110628462889e+00
4.404999999986182502e+02 -2.226020548134429511e+00
4.409999999986502530e+02 -2.153947440687198789e+00
4.414999999986823127e+02 -2.242071440366950608e+00
4.419999999987143156e+02 -2.145560709833766122e+00
4.424999999987463752e+02 -2.104684453426712398e+00
4.429999999987783781e+02 -2.228703670612142140e+00
4.434999999988104378e+02 -2.145937911087065775e+00
4.439999999988424406e+02 -2.063630749882947590e+00
4.444999999988745003e+02 -2.099698603459394075e+00
4.449999999989065032e+02 -2.433672815781881216e+00
4.454999999989385628e+02 -2.263194501330237252e+00
4.459999999989705657e+02 -2.329555567846737230e+00
4.464999999990026254e+02 -2.172986694967989241e+00
4.469999999990346282e+02 -2.369101836545518314e+00
4.474999999990666879e+02 -2.395910348492670483e+00
4.479999999990986908e+02 -2.259700141024126641e+00
4.484999999991307504e+02 -2.235280776461447072e+00
4.489999999991627533e+02 -2.245204635264017146e+00
4.494999999991948130e+02 -2.291670594804812833e+00
4.499999999992268727e+02 -2.299812803202364808e+00
4.504999999992588755e+02 -2.127649955928167635e+00
4.509999999992909352e+02 -2.038486934733726663e+00
4.514999999993229380e+02 -2.039423711028743202e+00
4.519999999993549977e+02 -2.231029925976877770e+00
4.524999999993870006e+02 -2.137146965931258968e+00
4.529999999994190603e+02 -2.159525544194892177e+00
4.534999999994510631e+02 -2.188906552678386852e+00
4.539999999994831228e+02 -2.176041228765607016e+00
4.544999999995151256e+02 -2.015351910145915859e+00
4.549999999995471853e+02 -2.329190954738907138e+00
4.554999999995791882e+02 -2.303186744022639676e+00
4.559999999996112479e+02 -2.074765186762345337e+00
4.564999999996432507e+02 -2.211776772344284492e+00
4.569999999996753104e+02 -2.249108206945184651e+00
4.574999999997073132e+02 -2.122534705983113668e+00
4.579999999997393729e+02 -2.137116824523644709e+00
4.584999999997714326e+02 -2.211852014395709443e+00
4.589999999998034355e+02 -2.080219707699396015e+00
4.594999999998354951e+02 -2.202729643679093741e+00
4.599999999998674980e+02 -2.109437614264857874e+00
4.604999999998995577e+02 -2.027349670508541646e+00
4.609999999999315605e+02 -2.422210337249872225e+00
4.614999999999636202e+02 -2.288345546887574411e+00
4.619999999999956231e+02 -2.392521224736566143e+00
4.625000000000276827e+02 -2.294998591839528590e+00
4.630000000000596856e+02 -2.258764106412041173e+00
4.635000000000917453e+02 -2.299321431397462145e+00
4.640000000001237481e+02 -2.109932117076013913e+00
4.645000000001558078e+02 -2.077900782336345120e+00
4.650000000001878107e+02 -2.188216499721273856e+00
4.655000000002198703e+02 -2.235074217807872188e+00
4.660000000002518732e+02 -2.266985618653526213e+00
4.665000000002839329e+02 -2.073037673657485591e+00
4.670000000003159357e+02 -2.130098906949713378e+00
4.675000000003479954e+02 -2.170203325089408164e+00
4.680000000003800551e+02 -2.133085450593716459e+00
4.685000000004120579e+02 -2.153351619303839559e+00
4.690000000004441176e+02 -2.219535378675511872e+00
4.695000000004761205e+02 -2.365746215629919380e+00
4.700000000005081802e+02 -2.232469701472771462e+00
4.705000000005401830e+02 -2.104428863342267420e+00
4.710000000005722427e+02 -2.199975308694819720e+00
4.715000000006042455e+02 -2.135174100720937940e+00
4.720000000006363052e+02 -2.265731754163601508e+00
4.725000000006683081e+02 -2.156445819106880268e+00
4.730000000007003678e+02 -2.431026502445163828e+00
4.735000000007323706e+02 -2.207486759910320284e+00
4.740000000007644303e+02 -2.029400440667771477e+00
4.745000000007964331e+02 -2.011468740732647476e+00
4.750000000008284928e+02 -1.897793834438511018e+00
4.755000000008604957e+02 -2.093898502558220631e+00
4.760000000008925554e+02 -2.117992414789942046e+00
4.765000000009246151e+02 -2.145200115236217453e+00
4.770000000009566179e+02 -2.118037768629127626e+00
4.775000000009886776e+02 -2.219330755728157634e+00
4.780000000010206804e+02 -2.109829068863893653e+00
4.785000000010527401e+02 -2.138045872877870845e+00
4.790000000010847430e+02 -2.083458398949921797e+00
4.795000000011168027e+02 -2.323163759198068057e+00
4.800000000011488055e+02 -2.347413767621468139e+00
4.805000000011808652e+02 -2.422267664743150917e+00
4.810000000012128680e+02 -2.099024409618816644e+00
4.815000000012449277e+02 -2.133026027727937368e+00
4.820000000012769306e+02 -2.243139506186124343e+00
4.825000000013089902e+02 -2.274756337534240558e+00
4.830000000013409931e+02 -2.234039361477075492e+00
4.835000000013730528e+02 -2.242918353111724716e+00
4.840000000014050556e+02 -2.139578602555320508e+00
4.845000000014371153e+02 -1.984260217487425981e+00
4.850000000014691750e+02 -1.983474538257117725e+00
4.855000000015011778e+02 -2.077566503832521505e+00
4.860000000015332375e+02 -2.215338890176456133e+00
4.865000000015652404e+02 -2.172974754147889431e+00
4.870000000015973001e+02 -2.223142562650648468e+00
4.875000000016293029e+02 -2.238386984960834880e+00
4.880000000016613626e+02 -2.326675439874592577e+00
4.885000000016933654e+02 -1.908032886603598044e+00
4.890000000017254251e+02 -2.040141282285268698e+00
4.895000000017574280e+02 -2.202537361218360079e+00
4.900000000017894877e+02 -2.218172784017479859e+00
4.905000000018214905e+02 -2.192341265765893610e+00
4.910000000018535502e+02 -2.106943170627785467e+00
4.915000000018855530e+02 -1.946787713710675494e+00
4.920000000019176127e+02 -2.126782888858264720e+00
4.925000000019496156e+02 -2.077284293490017753e+00
4.930000000019816753e+02 -2.187438980501720920e+00
4.935000000020136781e+02 -2.014586968114335352e+00
4.940000000020457378e+02 -2.256109868320363976e+00
4.945000000020777975e+02 -2.028568730083739613e+00
4.950000000021098003e+02 -2.153671806519097398e+00
4.955000000021418600e+02 -2.414123520945977042e+00
4.960000000021738629e+02 -2.378350405904108733e+00
4.965000000022059226e+02 -2.164287214683159988e+00
4.970000000022379254e+02 -2.202095392625939230e+00
4.975000000022699851e+02 -1.990295004937636225e+00
4.980000000023019879e+02 -2.150593980178676201e+00
4.985000000023340476e+02 -2.129720637238633252e+00
4.990000000023660505e+02 -2.022288633788829948e+00
4.995000000023981102e+02 -2.111100360284610122e+00
5.000000000024301130e+02 -2.175516470087738519e+00
5.005000000024621727e+02 -2.395003022978969831e+00
5.010000000024941755e+02 -2.303590193624658333e+00
5.015000000025262352e+02 -2.114219564009608643e+00
5.020000000025582381e+02 -2.239773043771287941e+00
5.025000000025902978e+02 -2.221025360307191665e+00
5.030000000026223574e+02 -2.167008723658551350e+00
5.035000000026543603e+02 -2.294294369106701481e+00
5.040000000026864200e+02 -2.167823893913077615e+00
5.045000000027184228e+02 -2.098461324983252219e+00
5.050000000027504825e+02 -2.116975449722092950e+00
5.055000000027824854e+02 -1.899135964925547704e+00
5.060000000028145450e+02 -2.177373012824329823e+00
5.065000000028465479e+02 -2.121667715360262996e+00
5.070000000028786076e+02 -2.275667295661863765e+00
5.075000000029106104e+02 -2.304446691561934824e+00
5.080000000029426701e+02 -2.208491597091322145e+00
5.085000000029746730e+02 -2.337870398191194798e+00
5.090000000030067326e+02 -2.162279564918301755e+00
5.095000000030387355e+02 -2.266595574913234934e+00
5.100000000030707952e+02 -2.243766130132883063e+00
5.105000000031027980e+02 -1.985763105279237273e+00
5.110000000031348577e+02 -2.228465437416029982e+00
5.115000000031668606e+02 -2.329214661871847003e+00
5.120000000031989202e+02 -2.309972939185421126e+00
5.125000000032309799e+02 -2.229761630834183439e+00
5.130000000032630396e+02 -2.121123092672863919e+00
5.135000000032949856e+02 -2.252374976303573195e+00
5.140000000033270453e+02 -2.471531795794101871e+00
5.145000000033591050e+02 -2.232006053449899330e+00
5.150000000033911647e+02 -2.029114185784566260e+00
5.155000000034231107e+02 -1.741835372456230324e+00
5.160000000034551704e+02 -1.921264800034629738e+00
5.165000000034872301e+02 -2.267557536767142778e+00
5.170000000035192897e+02 -2.364878402392834200e+00
5.175000000035512357e+02 -2.317401446340736637e+00
5.180000000035832954e+02 -2.284774366923753686e+00
5.185000000036153551e+02 -2.102340570516493035e+00
5.190000000036474148e+02 -2.130312034808510724e+00
5.195000000036793608e+02 -2.175789613728923655e+00
5.200000000037114205e+02 -2.214373609973046886e+00
5.205000000037434802e+02 -2.165197441872384498e+00
5.210000000037755399e+02 -2.214987809297743304e+00
5.215000000038075996e+02 -2.429062383548838522e+00
5.220000000038395456e+02 -2.206176687339866493e+00
5.225000000038716053e+02 -2.036203857126228645e+00
5.230000000039036649e+02 -2.051517893295962569e+00
5.235000000039357246e+02 -1.995085988073966643e+00
5.240000000039676706e+02 -1.802861634251580192e+00
5.245000000039997303e+02 -2.007576170853552888e+00
5.250000000040317900e+02 -2.130510675545651100e+00
5.255000000040638497e+02 -2.185004938440267885e+00
5.260000000040957957e+02 -2.240106389178779356e+00
5.265000000041278554e+02 -2.289980534703934811e+00
5.270000000041599151e+02 -2.107517495088766069e+00
5.275000000041919748e+02 -2.173779748972908266e+00
5.280000000042239208e+02 -2.151820836363484091e+00
5.285000000042559805e+02 -2.091212684242156339e+00
5.290000000042880401e+02 -2.230156446317179686e+00
5.295000000043200998e+02 -2.305024338289176189e+00
5.300000000043521595e+02 -2.100787684375122755e+00
5.305000000043841055e+02 -2.182482506941211930e+00
5.310000000044161652e+02 -2.293330645563663062e+00
5.315000000044482249e+02 -2.086596289946650806e+00
5.320000000044802846e+02 -2.104827138720598345e+00
5.325000000045122306e+02 -1.875108053187698687e+00
5.330000000045442903e+02 -2.206626123495731839e+00
5.335000000045763500e+02 -2.324887693180804682e+00
5.340000000046084097e+02 -2.303744068752529461e+00
5.345000000046403557e+02 -2.151980362690220083e+00
5.350000000046724153e+02 -2.307128698800259947e+00
5.355000000047044750e+02 -2.178317378267454085e+00
5.360000000047365347e+02 -2.142749010491986628e+00
5.365000000047684807e+02 -2.268948882540227974e+00
5.370000000048005404e+02 -2.391856021614603645e+00
5.375000000048326001e+02 -2.163467996986044639e+00
5.380000000048646598e+02 -2.377993820271731451e+00
5.385000000048967195e+02 -2.163741413665618563e+00
5.390000000049286655e+02 -2.302175283862273769e+00
5.395000000049607252e+02 -2.117560225403074980e+00
5.400000000049927849e+02 -1.907735121010485591e+00
5.405000000050248445e+02 -2.064516813945692419e+00
5.410000000050567905e+02 -2.346667068928304456e+00
5.415000000050888502e+02 -2.352889004385823934e+00
5.420000000051209099e+02 -2.395213375652616161e+00
5.425000000051529696e+02 -2.200982265217989120e+00
5.430000000051849156e+02 -2.104578392127274711e+00
5.435000000052169753e+02 -2.148720918272051694e+00
5.440000000052490350e+02 -2.097894865377300633e+00
5.445000000052810947e+02 -2.155968296392454686e+00
5.450000000053130407e+02 -2.288479251594500052e+00
5.455000000053451004e+02 -2.442999023074390763e+00
5.460000000053771601e+02 -2.241608886688366997e+00
5.465000000054092197e+02 -2.187809179327758091e+00
5.470000000054411657e+02 -2.173382815669675061e+00
5.475000000054732254e+02 -2.293610476740123083e+00
5.480000000055052851e+02 -2.257237207625202746e+00
5.485000000055373448e+02 -2.343203657397133988e+00
5.490000000055694045e+02 -2.169696488649421440e+00
5.495000000056013505e+02 -2.073722547898242397e+00
5.500000000056334102e+02 -2.384915017026476125e+00
5.505000000056654699e+02 -2.308347756564254283e+00
5.510000000056975296e+02 -2.249142768146350058e+00
5.515000000057294756e+02 -2.227624014298965172e+00
5.520000000057615352e+02 -2.233553552974988143e+00
5.525000000057935949e+02 -2.162131784841986537e+00
5.530000000058256546e+02 -2.026141916983366098e+00
5.535000000058576006e+02 -2.135224371236759122e+00
5.540000000058896603e+02 -2.333967932275366586e+00
5.545000000059217200e+02 -2.465762092112204762e+00
5.550000000059537797e+02 -2.237775116595818847e+00
5.555000000059857257e+02 -2.065506783894220266e+00
5.560000000060177854e+02 -2.450991305824104405e+00
5.565000000060498451e+02 -2.222824886736782357e+00
5.570000000060819048e+02 -2.031787811056331439e+00
5.575000000061139644e+02 -2.071902533386795753e+00
5.580000000061459104e+02 -2.248992924243503388e+00
5.585000000061779701e+02 -2.075980402452268336e+00
5.590000000062100298e+02 -2.219590850571832696e+00
5.595000000062420895e+02 -2.164489097113026173e+00
5.600000000062740355e+02 -2.569495489774868080e+00
5.605000000063060952e+02 -2.181531472254083059e+00
5.610000000063381549e+02 -2.273523497201298760e+00
5.615000000063702146e+02 -2.241509705990958778e+00
5.620000000064021606e+02 -2.322979711138854153e+00
5.625000000064342203e+02 -2.148996500948093136e+00
5.630000000064662800e+02 -2.245320292684718666e+00
5.635000000064983396e+02 -2.126738055914877634e+00
5.640000000065302856e+02 -1.851583683857029206e+00
5.645000000065623453e+02 -2.351775276215930521e+00
5.650000000065944050e+02 -2.395232977109367223e+00
5.655000000066264647e+02 -2.114141369153736960e+00
5.660000000066585244e+02 -2.185798811392436036e+00
5.665000000066904704e+02 -2.363834189490644277e+00
5.670000000067225301e+02 -2.408324535848955339e+00
5.675000000067545898e+02 -2.097864943496677625e+00
5.680000000067866495e+02 -2.065911361224745058e+00
5.685000000068185955e+02 -1.915743949150810144e+00
5.690000000068506552e+02 -2.135873783188405817e+00
5.695000000068827148e+02 -2.054231686379547117e+00
5.700000000069147745e+02 -2.321733922451068466e+00
5.705000000069467205e+02 -2.146166163385842651e+00
5.710000000069787802e+02 -2.024076755002603978e+00
5.715000000070108399e+02 -2.218418142726282571e+00
5.720000000070428996e+02 -1.981818956594445735e+00
5.725000000070748456e+02 -2.269593219978395471e+00
5.730000000071069053e+02 -2.048402175660437141e+00
5.735000000071389650e+02 -2.047483196473783629e+00
5.740000000071710247e+02 -1.896206722917272103e+00
5.745000000072030844e+02 -2.169645346093132865e+00
5.750000000072350304e+02 -2.202649949718852085e+00
5.755000000072670900e+02 -2.103268905739547279e+00
5.760000000072991497e+02 -2.221520555982976042e+00
5.765000000073312094e+02 -2.003173541550352432e+00
5.770000000073631554e+02 -2.191132844463728357e+00
5.775000000073952151e+02 -2.094937484959421781e+00
5.780000000074272748e+02 -2.063094750477232786e+00
5.785000000074593345e+02 -2.175309024870622832e+00
5.790000000074912805e+02 -2.293103093471836829e+00
5.795000000075233402e+02 -2.188517805121974025e+00
5.800000000075553999e+02 -2.183942622583559867e+00
5.805000000075874595e+02 -2.272797663033538029e+00
5.810000000076194056e+02 -2.210361711037247101e+00
5.815000000076514652e+02 -2.171990068139637131e+00
5.820000000076835249e+02 -2.093850957562748416e+00
5.825000000077155846e+02 -2.254469746573564581e+00
5.830000000077476443e+02 -2.296832851175909962e+00
5.835000000077795903e+02 -1.996877178878934789e+00
5.840000000078116500e+02 -1.950193188502899355e+00
5.845000000078437097e+02 -2.120381268987743262e+00
5.850000000078757694e+02 -2.031520811542414595e+00
5.855000000079077154e+02 -2.005903106037798977e+00
5.860000000079397751e+02 -1.827084260312939579e+00
5.865000000079718347e+02 -1.849463865952810870e+00
5.870000000080038944e+02 -2.084852628959410481e+00
5.875000000080358404e+02 -2.282534092069213649e+00
5.880000000080679001e+02 -2.316407374694288368e+00
5.885000000080999598e+02 -2.352099428166745998e+00
5.890000000081320195e+02 -2.197377972490029752e+00
5.895000000081639655e+02 -2.156679648331901511e+00
5.900000000081960252e+02 -1.984091652574825559e+00
5.905000000082280849e+02 -1.889545397719888165e+00
5.910000000082601446e+02 -2.169980039953679274e+00
5.915000000082920906e+02 -2.113667671276507676e+00
5.920000000083241503e+02 -2.275546747472990017e+00
5.925000000083562099e+02 -2.315384978656070292e+00
5.930000000083882696e+02 -2.451403965148142294e+00
5.935000000084203293e+02 -1.997442812104556653e+00
5.940000000084522753e+02 -2.239287245610965815e+00
5.945000000084843350e+02 -2.241481047834331886e+00
5.950000000085163947e+02 -2.106900632685526631e+00
5.955000000085484544e+02 -2.194589140212584333e+00
5.960000000085804004e+02 -2.214797666293913281e+00
5.965000000086124601e+02 -2.137247644329592244e+00
5.970000000086445198e+02 -2.118040439581089007e+00
5.975000000086765795e+02 -2.478171950267923140e+00
5.980000000087085255e+02 -2.249458664387691265e+00
5.985000000087405851e+02 -2.294962680674705435e+00
5.990000000087726448e+02 -2.163904457558759820e+00
5.995000000088047045e+02 -2.221952369132236260e+00
6.000000000088366505e+02 -1.941409632274183172e+00
6.005000000088687102e+02 -1.985685327159735447e+00
6.010000000089007699e+02 -1.795908526748140499e+00
6.015000000089328296e+02 -2.022282131050756160e+00
6.020000000089648893e+02 -1.904943138462703356e+00
6.025000000089968353e+02 -2.155566730970694511e+00
6.030000000090288950e+02 -2.153439801046748592e+00
6.035000000090609547e+02 -2.130147777314028712e+00
6.040000000090930143e+02 -2.204325792425244401e+00
6.045000000091249603e+02 -2.109785459288942455e+00
6.050000000091570200e+02 -2.055889289156112465e+00
6.055000000091890797e+02 -2.202912977040017761e+00
6.060000000092211394e+02 -2.202477347473232872e+00
6.065000000092530854e+02 -2.200494177626190151e+00
6.070000000092851451e+02 -2.172385909533230297e+00
6.075000000093172048e+02 -2.126719804338114805e+00
6.080000000093492645e+02 -2.143056321221746607e+00
6.085000000093812105e+02 -2.207445214758783081e+00
6.090000000094132702e+02 -2.175169607309782815e+00
6.095000000094453299e+02 -2.216459354965100381e+00
6.100000000094773895e+02 -1.933129267327890366e+00
6.105000000095094492e+02 -2.040385546183651311e+00
6.110000000095413952e+02 -2.265678908820935256e+00
6.115000000095734549e+02 -2.141343560676310709e+00
6.120000000096055146e+02 -2.125148309861731644e+00
6.125000000096375743e+02 -2.009705573001048684e+00
6.130000000096695203e+02 -2.073499284136005372e+00
6.135000000097015800e+02 -2.213442202912735635e+00
6.140000000097336397e+02 -2.203707416488834170e+00
6.145000000097656994e+02 -2.145639842203372893e+00
6.150000000097976454e+02 -2.265915601395990464e+00
6.155000000098297050e+02 -2.129117066050514762e+00
6.160000000098617647e+02 -2.110226361088651359e+00
6.165000000098938244e+02 -2.125075011822450399e+00
6.170000000099257704e+02 -2.153550556129382620e+00
6.175000000099578301e+02 -2.141084344097138104e+00
6.180000000099898898e+02 -2.063445373055722509e+00
6.185000000100219495e+02 -2.088718291260632132e+00
6.190000000100540092e+02 -2.206140888400405231e+00
6.195000000100859552e+02 -2.237547441828465100e+00
6.200000000101180149e+02 -2.001000982861664390e+00
6.205000000101500746e+02 -2.074841223056748341e+00
6.210000000101821342e+02 -2.055591766732118852e+00
6.215000000102140802e+02 -2.199434223424771240e+00
6.220000000102461399e+02 -2.037331276145137426e+00
6.225000000102781996e+02 -2.188556565064502024e+00
6.230000000103102593e+02 -2.231932551099319983e+00
6.235000000103422053e+02 -2.234966684199167997e+00
6.240000000103742650e+02 -2.311440722008942128e+00
6.245000000104063247e+02 -2.283069511733383017e+00
6.250000000104383844e+02 -2.343740389051296003e+00
6.255000000104703304e+02 -2.208928039559750811e+00
6.260000000105023901e+02 -1.989694006900799561e+00
6.265000000105344498e+02 -2.192442945167612400e+00
6.270000000105665094e+02 -2.453463185795749624e+00
6.275000000105985691e+02 -2.323559392989705596e+00
6.280000000106305151e+02 -2.339307079904985542e+00
6.285000000106625748e+02 -2.274017803665130177e+00
6.290000000106946345e+02 -2.295481798813535423e+00
6.295000000107266942e+02 -2.016024176187051875e+00
6.300000000107586402e+02 -2.014240207944152150e+00
6.305000000107906999e+02 -2.072638940324575962e+00
6.310000000108227596e+02 -1.993176806316477867e+00
6.315000000108548193e+02 -2.076412388436672529e+00
6.320000000108867653e+02 -2.155457141440834334e+00
6.325000000109188250e+02 -2.205488349372808798e+00
6.330000000109508846e+02 -2.083499502779929902e+00
6.335000000109829443e+02 -2.336971079311731092e+00
6.340000000110148903e+02 -2.292170518313308314e+00
6.345000000110469500e+02 -2.233629989840967056e+00
6.350000000110790097e+02 -2.219858132312197085e+00
6.355000000111110694e+02 -2.546714892699717403e+00
6.360000000111430154e+02 -2.029616903431409103e+00
6.365000000111750751e+02 -1.995210793490957979e+00
6.370000000112071348e+02 -1.813342570477706861e+00
6.375000000112391945e+02 -2.114751361545795572e+00
6.380000000112712542e+02 -2.085065523424596723e+00
6.385000000113032002e+02 -2.429739304395543975e+00
6.390000000113352598e+02 -2.474186198749591892e+00
6.395000000113673195e+02 -2.312596292889908423e+00
6.400000000113993792e+02 -2.290589791490429405e+00
6.405000000114313252e+02 -2.124384716393784789e+00
6.410000000114633849e+02 -2.058473564087774932e+00
6.415000000114954446e+02 -2.090939541504794441e+00
6.420000000115275043e+02 -2.218071628699740394e+00
6.425000000115594503e+02 -2.201198958334741995e+00
6.430000000115915100e+02 -2.055525718634686250e+00
6.435000000116235697e+02 -2.208079051959622507e+00
6.440000000116556294e+02 -1.991355046538735518e+00
6.445000000116875754e+02 -1.922338762482861840e+00
6.450000000117196350e+02 -2.167142159708794757e+00
6.455000000117516947e+02 -2.242977701296883897e+00
6.460000000117837544e+02 -2.164500026004324340e+00
6.465000000118158141e+02 -2.304883961495607370e+00
6.470000000118477601e+02 -2.190593337896468817e+00
6.475000000118798198e+02 -2.262556417577232359e+00
6.480000000119118795e+02 -2.213871261146461045e+00
6.485000000119439392e+02 -2.214287868490346867e+00
6.490000000119758852e+02 -2.288626126632769875e+00
6.495000000120079449e+02 -2.312686184388457189e+00
6.500000000120400045e+02 -2.294556697925907773e+00
6.505000000120720642e+02 -2.142194094044606256e+00
6.510000000121040102e+02 -2.003876759574376720e+00
6.515000000121360699e+02 -2.174375276478479613e+00
6.520000000121681296e+02 -2.257470279242433708e+00
6.525000000122001893e+02 -2.162459844873808823e+00
6.530000000122321353e+02 -1.946062886508170386e+00
6.535000000122641950e+02 -2.220182920454172759e+00
6.540000000122962547e+02 -2.213455576060861851e+00
6.545000000123283144e+02 -2.194794195843848161e+00
6.550000000123603741e+02 -2.318837318210375642e+00
6.555000000123923201e+02 -2.208626081824217824e+00
6.560000000124243797e+02 -2.072604262681716936e+00
6.565000000124564394e+02 -2.170404220964368580e+00
6.570000000124884991e+02 -2.127238229886668108e+00
6.575000000125204451e+02 -2.336951446262006016e+00
6.580000000125525048e+02 -2.254298194492174279e+00
6.585000000125845645e+02 -2.317629126906465054e+00
6.590000000126166242e+02 -2.085910783701602433e+00
6.595000000126485702e+02 -2.284294790657681595e+00
6.600000000126806299e+02 -2.066284116788335457e+00
6.605000000127126896e+02 -2.223179493723137057e+00
6.610000000127447493e+02 -1.994953366704217190e+00
6.615000000127766953e+02 -2.051871624135831240e+00
6.620000000128087549e+02 -2.085645051293194552e+00
6.625000000128408146e+02 -2.328343556460493069e+00
6.630000000128728743e+02 -2.124175449346057398e+00
6.635000000129049340e+02 -2.129574557902373932e+00
6.640000000129368800e+02 -2.021657411837900042e+00
6.645000000129689397e+02 -2.312209070292399637e+00
6.650000000130009994e+02 -2.263447865319197394e+00
6.655000000130330591e+02 -2.066021241619686588e+00
6.660000000130650051e+02 -2.156446976728017439e+00
6.665000000130970648e+02 -2.210570790065951030e+00
6.670000000131291245e+02 -2.348820066338866308e+00
6.675000000131611841e+02 -2.367714156449647334e+00
6.680000000131931301e+02 -2.151291986158198277e+00
6.685000000132251898e+02 -1.879421654032619626e+00
6.690000000132572495e+02 -2.069925508823081461e+00
6.695000000132893092e+02 -2.145868914643255465e+00
6.700000000133212552e+02 -2.206258730665679568e+00
6.705000000133533149e+02 -2.306981166031663033e+00
6.710000000133853746e+02 -2.319552266083503067e+00
6.715000000134174343e+02 -2.140805061380868235e+00
6.720000000134494940e+02 -2.209207701934344570e+00
6.725000000134814400e+02 -2.184641502637535648e+00
6.730000000135134997e+02 -2.230802472375233769e+00
6.735000000135455593e+02 -2.160093890472429834e+00
6.740000000135776190e+02 -2.142215463696024003e+00
6.745000000136095650e+02 -2.328428134955236928e+00
6.750000000136416247e+02 -2.268322702593880358e+00
6.755000000136736844e+02 -2.028828394245917544e+00
6.760000000137057441e+02 -2.113613777415309425e+00
6.765000000137376901e+02 -1.853669636178607139e+00
6.770000000137697498e+02 -1.973984374832142175e+00
6.775000000138018095e+02 -2.314624967721726101e+00
6.780000000138338692e+02 -2.291133917037404544e+00
6.785000000138658152e+02 -1.945067954002234645e+00
6.790000000138978749e+02 -2.279270235499269770e+00
6.795000000139299345e+02 -2.245459717107849418e+00
6.800000000139619942e+02 -2.153002187931907674e+00
6.805000000139939402e+02 -2.211961937792370936e+00
6.810000000140259999e+02 -2.296040328851544743e+00
6.815000000140580596e+02 -2.058698577247142669e+00
6.820000000140901193e+02 -2.104577680490877789e+00
6.825000000141221790e+02 -2.403985329911138891e+00
6.830000000141541250e+02 -2.202263665645709967e+00
6.835000000141861847e+02 -1.966286685944316659e+00
6.840000000142182444e+02 -2.163345303923292828e+00
6.845000000142503040e+02 -2.445713876023714928e+00
6.850000000142822500e+02 -2.210024068793441820e+00
6.855000000143143097e+02 -2.316956318665287284e+00
6.860000000143463694e+02 -2.041885947304967086e+00
6.865000000143784291e+02 -1.960200328431040750e+00
6.870000000144103751e+02 -2.194828814528006156e+00
6.875000000144424348e+02 -2.112982277048126356e+00
6.880000000144744945e+02 -2.373511607244200405e+00
6.885000000145065542e+02 -2.313503516580862840e+00
6.890000000145385002e+02 -2.494833947778537730e+00
6.895000000145705599e+02 -2.127277502001159171e+00
6.900000000146026196e+02 -1.952667958168240903e+00
6.905000000146346792e+02 -2.108346648897454934e+00
6.910000000146667389e+02 -2.196208821195073213e+00
6.915000000146986849e+02 -2.103684833110849528e+00
6.920000000147307446e+02 -1.957034697913470067e+00
6.925000000147628043e+02 -2.311741829566285933e+00
6.930000000147948640e+02 -2.361073010174085329e+00
6.935000000148268100e+02 -2.363703013365600292e+00
6.940000000148588697e+02 -2.076214832626004814e+00
6.945000000148909294e+02 -2.282275118376206891e+00
6.950000000149229891e+02 -2.164578325688705007e+00
6.955000000149549351e+02 -2.192355302330370126e+00
6.960000000149869948e+02 -2.085238393849877525e+00
6.965000000150190544e+02 -2.079429244300543989e+00
6.970000000150511141e+02 -2.027929677634443095e+00
6.975000000150830601e+02 -2.257294012365888669e+00
6.980000000151151198e+02 -2.056516483126565209e+00
6.985000000151471795e+02 -2.341380617458818758e+00
6.990000000151792392e+02 -2.050949571738973187e+00
6.995000000152112989e+02 -1.951219092346100359e+00
7.000000000152432449e+02 -2.054880114641206568e+00
7.005000000152753046e+02 -2.038013895958220356e+00
7.010000000153073643e+02 -2.170174328742739078e+00
7.015000000153394240e+02 -2.201514095787881597e+00
7.020000000153713700e+02 -2.143407321733474813e+00
7.025000000154034296e+02 -2.155866246315110146e+00
7.030000000154354893e+02 -2.105840345669089508e+00
7.035000000154675490e+02 -2.095661160941120649e+00
7.040000000154994950e+02 -2.163922855143179724e+00
7.045000000155315547e+02 -2.195073966940151777e+00
7.050000000155636144e+02 -2.209280167754568591e+00
7.055000000155956741e+02 -2.153367227125055017e+00
7.060000000156276201e+02 -2.121586075911522595e+00
7.065000000156596798e+02 -2.248977370840099521e+00
7.070000000156917395e+02 -2.439438177597113455e+00
7.075000000157237992e+02 -2.325995387608698728e+00
7.080000000157558588e+02 -2.377352172345219117e+00
7.085000000157878048e+02 -2.098732500273226442e+00
7.090000000158198645e+02 -1.916854710937719419e+00
7.095000000158519242e+02 -1.974271192461024116e+00
7.100000000158839839e+02 -2.185292272214660603e+00
7.105000000159159299e+02 -2.211533954890213316e+00
7.110000000159479896e+02 -2.024383798569990844e+00
7.115000000159800493e+02 -2.171606796833804420e+00
7.120000000160121090e+02 -2.074804020397443161e+00
7.125000000160440550e+02 -2.094342855545576310e+00
7.130000000160761147e+02 -2.083212901480009815e+00
7.135000000161081743e+02 -2.190430049871588736e+00
7.140000000161402340e+02 -2.073653292594225483e+00
7.145000000161721800e+02 -2.055320531724815769e+00
7.150000000162042397e+02 -2.348479572371025448e+00
7.155000000162362994e+02 -2.138477076983162473e+00
7.160000000162683591e+02 -2.177509803867321292e+00
7.165000000163003051e+02 -1.964094792482021790e+00
7.170000000163323648e+02 -2.029853617688064826e+00
7.175000000163644245e+02 -2.098201281601833390e+00
7.180000000163964842e+02 -1.937004802160357642e+00
7.185000000164285439e+02 -2.024446980065053303e+00
7.190000000164604899e+02 -2.179963173047069880e+00
7.195000000164925495e+02 -2.279487647277592455e+00
7.200000000165246092e+02 -1.850669178402972959e+00
7.205000000165566689e+02 -1.907315567023552205e+00
7.210000000165886149e+02 -2.189290458939344930e+00
7.215000000166206746e+02 -2.235014765104894163e+00
7.220000000166527343e+02 -2.082136177064853655e+00
7.225000000166847940e+02 -2.156352407036398411e+00
7.230000000167167400e+02 -2.246916365304862939e+00
7.235000000167487997e+02 -2.361230978226289690e+00
7.240000000167808594e+02 -2.174802777495054684e+00
7.245000000168129191e+02 -2.116280727440754461e+00
7.250000000168448651e+02 -2.197796075597348686e+00
7.255000000168769247e+02 -2.082701335988590863e+00
7.260000000169089844e+02 -2.187027254832711431e+00
7.265000000169410441e+02 -2.167089831144062284e+00
7.270000000169731038e+02 -2.188132782235277851e+00
7.275000000170050498e+02 -2.241121336447906121e+00
7.280000000170371095e+02 -2.291978456994707258e+00
7.285000000170691692e+02 -2.282503276983538942e+00
7.290000000171012289e+02 -2.198144247499740800e+00
7.295000000171331749e+02 -2.229237708328872802e+00
7.300000000171652346e+02 -2.170623762830967696e+00
7.305000000171972943e+02 -2.187007524998415331e+00
7.310000000172293539e+02 -2.090903242927650840e+00
7.315000000172612999e+02 -2.114540158406694736e+00
7.320000000172933596e+02 -2.187754229841107456e+00
7.325000000173254193e+02 -2.040967710995212681e+00
7.330000000173574790e+02 -2.186643781085264582e+00
7.335000000173894250e+02 -2.282390048534134852e+00
7.340000000174214847e+02 -2.125648083971434232e+00
7.345000000174535444e+02 -2.078112863972528590e+00
7.350000000174856041e+02 -1.900898331592809409e+00
7.355000000175176638e+02 -2.020055868738881877e+00
7.360000000175496098e+02 -2.061562409546419783e+00
7.365000000175816695e+02 -2.108092561891171446e+00
7.370000000176137291e+02 -2.082432038206878389e+00
7.375000000176457888e+02 -2.180736282116601199e+00
7.380000000176777348e+02 -2.138249228157320214e+00
7.385000000177097945e+02 -2.153943209394037606e+00
7.390000000177418542e+02 -2.006164725881352862e+00
7.395000000177739139e+02 -2.185180842353012132e+00
7.400000000178058599e+02 -2.280584908112605724e+00
7.405000000178379196e+02 -2.164995593690459685e+00
7.410000000178699793e+02 -1.662609217209808588e+00
7.415000000179020390e+02 -1.992055527704332585e+00
7.420000000179339850e+02 -2.227012209939122300e+00
7.425000000179660447e+02 -2.225489424814747874e+00
7.430000000179981043e+02 -2.202654646717292497e+00
7.435000000180301640e+02 -2.103061161814189894e+00
7.440000000180622237e+02 -2.135890540049028452e+00
7.445000000180941697e+02 -2.280879561373906128e+00
7.450000000181262294e+02 -2.382515010880100537e+00
7.455000000181582891e+02 -2.238393113422203040e+00
7.460000000181903488e+02 -2.267993297491173177e+00
7.465000000182222948e+02 -2.101516355309341666e+00
7.470000000182543545e+02 -2.205378218919927136e+00
7.475000000182864142e+02 -2.305873785318463653e+00
7.480000000183184738e+02 -2.127516905458158192e+00
7.485000000183504199e+02 -2.105729721741286919e+00
7.490000000183824795e+02 -2.035489586177323229e+00
7.495000000184145392e+02 -2.116937997370432090e+00
7.500000000184465989e+02 -2.176219788839193203e+00
7.505000000184785449e+02 -2.085867181026225925e+00
7.510000000185106046e+02 -2.038453208330269995e+00
7.515000000185426643e+02 -2.025741849447626031e+00
7.520000000185747240e+02 -1.977498152225411587e+00
7.525000000186067837e+02 -2.296530931177760859e+00
7.530000000186387297e+02 -2.176923802323120771e+00
7.535000000186707894e+02 -2.217182533562612079e+00
7.540000000187028490e+02 -2.064982875352724179e+00
7.545000000187349087e+02 -2.076460049403218378e+00
7.550000000187668547e+02 -2.155118511671410886e+00
7.555000000187989144e+02 -2.236191632020211095e+00
7.560000000188309741e+02 -2.245912294341362081e+00
7.565000000188630338e+02 -2.149353521277040713e+00
7.570000000188949798e+02 -2.340865705935537999e+00
7.575000000189270395e+02 -2.037069110340735012e+00
7.580000000189590992e+02 -1.931861756303467237e+00
7.585000000189911589e+02 -2.109313484398722682e+00
7.590000000190231049e+02 -2.025316950380197323e+00
7.595000000190551646e+02 -2.120125434550904409e+00
7.600000000190872242e+02 -2.031993670873549096e+00
7.605000000191192839e+02 -2.081654479786374967e+00
7.610000000191512299e+02 -2.265714257677949650e+00
7.615000000191832896e+02 -2.077330021058424681e+00
7.620000000192153493e+02 -2.330226627869955269e+00
7.625000000192474090e+02 -2.112680512089570861e+00
7.630000000192794687e+02 -2.119209362602930025e+00
7.635000000193114147e+02 -2.104061803187721846e+00
7.640000000193434744e+02 -2.125414683057877063e+00
7.645000000193755341e+02 -2.162405270972366012e+00
7.650000000194075938e+02 -1.976783302081717819e+00
7.655000000194395398e+02 -2.324883341515057822e+00
7.660000000194715994e+02 -2.201128559873299473e+00
7.665000000195036591e+02 -2.189697327352950751e+00
7.670000000195357188e+02 -2.345236127889492206e+00
7.675000000195676648e+02 -2.299339279479878595e+00
7.680000000195997245e+02 -2.192911408502451476e+00
7.685000000196317842e+02 -2.144569425797499651e+00
7.690000000196638439e+02 -2.261296876556484481e+00
7.695000000196957899e+02 -2.505946627834106266e+00
7.700000000197278496e+02 -2.321302697430847939e+00
7.705000000197599093e+02 -2.117501363646880908e+00
7.710000000197919690e+02 -2.124712029710999595e+00
7.715000000198240286e+02 -2.255905495499085145e+00
7.720000000198559746e+02 -2.137066848810823316e+00
7.725000000198880343e+02 -2.320016266586027776e+00
7.730000000199200940e+02 -1.979029326444950554e+00
7.735000000199521537e+02 -2.027995650546345452e+00
7.740000000199840997e+02 -1.995123803538614959e+00
7.745000000200161594e+02 -2.054643669886658586e+00
7.750000000200482191e+02 -2.290027696993959694e+00
7.755000000200802788e+02 -2.097242349040643106e+00
7.760000000201122248e+02 -2.112966389060850325e+00
7.765000000201442845e+02 -2.022269795404111559e+00
7.770000000201763442e+02 -2.032544034714546033e+00
7.775000000202084038e+02 -2.330100341016521526e+00
7.780000000202403498e+02 -2.350688773468826209e+00
7.785000000202724095e+02 -2.428568099138423531e+00
7.790000000203044692e+02 -2.224996572622331747e+00
7.795000000203365289e+02 -1.997924952417463373e+00
7.800000000203685886e+02 -2.096996688546427734e+00
7.805000000204005346e+02 -2.043969422876340758e+00
7.810000000204325943e+02 -2.083886264121098453e+00
7.815000000204646540e+02 -2.315207129056701785e+00
7.820000000204967137e+02 -2.372746793732761095e+00
7.825000000205286597e+02 -2.310940315687862956e+00
7.830000000205607193e+02 -2.122675309346528039e+00
7.835000000205927790e+02 -2.047545036844473199e+00
7.840000000206248387e+02 -2.026432384676042808e+00
7.845000000206567847e+02 -2.057057887448767275e+00
7.850000000206888444e+02 -2.051741995540601327e+00
7.855000000207209041e+02 -2.135517096769822931e+00
7.860000000207529638e+02 -2.194347129388219741e+00
7.865000000207849098e+02 -2.150796133262847576e+00
7.870000000208169695e+02 -2.129867489028403504e+00
7.875000000208490292e+02 -2.237409053227906952e+00
7.880000000208810889e+02 -2.266460951635816290e+00
7.885000000209131485e+02 -2.474247358000769559e+00
7.890000000209450945e+02 -2.307987187748658187e+00
7.895000000209771542e+02 -2.303584767648332754e+00
7.900000000210092139e+02 -2.335737360830544507e+00
7.905000000210412736e+02 -2.024444950596832715e+00
7.910000000210732196e+02 -2.099618938122559619e+00
7.915000000211052793e+02 -2.053819254446010323e+00
7.920000000211373390e+02 -2.254499743647691901e+00
7.925000000211693987e+02 -2.197529111024095982e+00
7.930000000212013447e+02 -2.004656531949943865e+00
7.935000000212334044e+02 -2.328899122645498032e+00
7.940000000212654641e+02 -2.058043713531418017e+00
7.945000000212975237e+02 -2.067450334425452230e+00
7.950000000213294697e+02 -2.169957150554803871e+00
7.955000000213615294e+02 -2.240914046665178461e+00
7.960000000213935891e+02 -2.212603295144300652e+00
7.965000000214256488e+02 -2.161421364442158932e+00
7.970000000214577085e+02 -2.167126423158855175e+00
7.975000000214896545e+02 -2.095144328443969695e+00
7.980000000215217142e+02 -2.290223120433501514e+00
7.985000000215537739e+02 -1.942322543478779417e+00
7.990000000215858336e+02 -2.085841656902039265e+00
7.995000000216177796e+02 -2.039612858961139530e+00
8.000000000216498393e+02 -2.218830204349255819e+00
8.005000000216818989e+02 -2.265311379010382264e+00
8.010000000217139586e+02 -2.169923599953860638e+00
8.015000000217459046e+02 -2.262514605570023374e+00
8.020000000217779643e+02 -2.037415025809146574e+00
8.025000000218100240e+02 -2.010289104876370914e+00
8.030000000218420837e+02 -2.158591041789160947e+00
8.035000000218740297e+02 -2.293269273508351969e+00
8.040000000219060894e+02 -2.100930780036723622e+00
8.045000000219381491e+02 -2.057760452087185943e+00
8.050000000219702088e+02 -2.211615599439524793e+00
8.055000000220021548e+02 -1.737975622860343350e+00
8.060000000220342145e+02 -1.984778505450081720e+00
8.065000000220662741e+02 -2.093962025405291083e+00
8.070000000220983338e+02 -2.171580827759084453e+00
8.075000000221303935e+02 -2.235420467137630762e+00
8.080000000221623395e+02 -2.231918733406184963e+00
8.085000000221943992e+02 -2.276888775871548809e+00
8.090000000222264589e+02 -2.002580885175108349e+00
8.095000000222585186e+02 -2.068285227441270635e+00
8.100000000222904646e+02 -2.233491394349987669e+00
8.105000000223225243e+02 -2.349935802895680048e+00
8.110000000223545840e+02 -2.131748921676857922e+00
8.115000000223866436e+02 -2.013605456366712065e+00
8.120000000224185897e+02 -2.038712922133985916e+00
8.125000000224506493e+02 -2.069434780057715528e+00
8.130000000224827090e+02 -2.240517127110922768e+00
8.135000000225147687e+02 -2.300426386344258667e+00
8.140000000225467147e+02 -2.228804553044740011e+00
8.145000000225787744e+02 -2.157778054673942236e+00
8.150000000226108341e+02 -2.027385733993226413e+00
8.155000000226428938e+02 -1.958066675375239596e+00
8.160000000226749535e+02 -2.025004081816502488e+00
8.165000000227068995e+02 -2.129264735035997003e+00
8.170000000227389592e+02 -2.186181848885822010e+00
8.175000000227710188e+02 -2.239317081849881319e+00
8.180000000228030785e+02 -2.132018009908390521e+00
8.185000000228350245e+02 -1.987340575411471688e+00
8.190000000228670842e+02 -2.151917706266202934e+00
8.195000000228991439e+02 -2.152708239582184380e+00
8.200000000229312036e+02 -2.248785587341305625e+00
8.205000000229631496e+02 -2.311009983938949741e+00
8.210000000229952093e+02 -2.328821712551198519e+00
8.215000000230272690e+02 -2.160582442552557048e+00
8.220000000230593287e+02 -2.126947137878497429e+00
8.225000000230912747e+02 -2.130126481693607854e+00
8.230000000231233344e+02 -2.057386609426547608e+00
8.235000000231553940e+02 -2.282795805212153084e+00
8.240000000231874537e+02 -2.021757489926152118e+00
8.245000000232195134e+02 -2.133514889028720773e+00
8.250000000232514594e+02 -2.170796529688924448e+00
8.255000000232835191e+02 -1.943497750113264866e+00
8.260000000233155788e+02 -2.020663254136150222e+00
8.265000000233476385e+02 -2.105832444412361060e+00
8.270000000233795845e+02 -1.999611535583397881e+00
8.275000000234116442e+02 -1.954954930276427083e+00
8.280000000234437039e+02 -2.034236993814127814e+00
8.285000000234757636e+02 -2.098306485933580490e+00
8.290000000235077096e+02 -2.062245570380718984e+00
8.295000000235397692e+02 -2.111270117095259025e+00
8.300000000235718289e+02 -2.226248922296624855e+00
8.305000000236038886e+02 -2.213475300273755497e+00
8.310000000236358346e+02 -2.163577182438469748e+00
8.315000000236678943e+02 -2.035536176751340243e+00
8.320000000236999540e+02 -2.162630483333316533e+00
8.325000000237320137e+02 -1.839336596639140842e+00
8.330000000237640734e+02 -2.128620757632037730e+00
8.335000000237960194e+02 -2.410699301290701424e+00
8.340000000238280791e+02 -2.300917549403761697e+00
8.345000000238601388e+02 -2.376290923008919975e+00
8.350000000238921984e+02 -2.280775043764293741e+00
8.355000000239241444e+02 -2.069991472598817772e+00
8.360000000239562041e+02 -2.198256368891303048e+00
8.365000000239882638e+02 -2.165296459128434492e+00
8.370000000240203235e+02 -2.050954995816220983e+00
8.375000000240522695e+02 -2.082874357024234069e+00
8.380000000240843292e+02 -2.185356411813740074e+00
8.385000000241163889e+02 -1.972474064430899565e+00
8.390000000241484486e+02 -2.041009487876889850e+00
8.395000000241803946e+02 -2.055630335024698940e+00
8.400000000242124543e+02 -2.160406410502206498e+00
8.405000000242445140e+02 -2.359716437291338842e+00
8.410000000242765736e+02 -1.931541139266771401e+00
8.415000000243086333e+02 -2.246155423653259930e+00
8.420000000243405793e+02 -2.107070711427179610e+00
8.425000000243726390e+02 -1.977899785751161321e+00
8.430000000244046987e+02 -1.999567073233871062e+00
8.435000000244367584e+02 -2.223225311041118424e+00
8.440000000244687044e+02 -2.028324243421959050e+00
8.445000000245007641e+02 -2.136545294549056173e+00
8.450000000245328238e+02 -2.035576367598548764e+00
8.455000000245648835e+02 -2.224767805191891323e+00
8.460000000245968295e+02 -2.282098137533887350e+00
8.465000000246288892e+02 -1.901416127862746386e+00
8.470000000246609488e+02 -1.946348772671471439e+00
8.475000000246930085e+02 -2.010826542342312617e+00
8.480000000247249545e+02 -1.962886326991419850e+00
8.485000000247570142e+02 -2.218720880538618268e+00
8.490000000247890739e+02 -2.264154575615610288e+00
8.495000000248211336e+02 -2.071994359103176198e+00
8.500000000248530796e+02 -1.971215238077729248e+00
8.505000000248851393e+02 -2.176455363583707392e+00
8.510000000249171990e+02 -2.183648852725085909e+00
8.515000000249492587e+02 -2.057785932568001463e+00
8.520000000249813183e+02 -2.126719772274730857e+00
8.525000000250132643e+02 -1.889793650140115799e+00
8.530000000250453240e+02 -2.043566477398608860e+00
8.535000000250773837e+02 -2.074649988453709515e+00
8.540000000251094434e+02 -2.090958060738107527e+00
8.545000000251413894e+02 -2.113923829660532938e+00
8.550000000251734491e+02 -2.198216661800029836e+00
8.555000000252055088e+02 -2.311734098060235443e+00
8.560000000252375685e+02 -2.150548159958070915e+00
8.565000000252695145e+02 -2.270072768359728599e+00
8.570000000253015742e+02 -2.154229983385512526e+00
8.575000000253336339e+02 -2.189142636172340062e+00
8.580000000253656935e+02 -2.199371665359163508e+00
8.585000000253976395e+02 -2.204685014433197310e+00
8.590000000254296992e+02 -2.144174262880646165e+00
8.595000000254617589e+02 -2.288467801655543088e+00
8.600000000254938186e+02 -2.250413029501984852e+00
8.605000000255258783e+02 -2.216725768586408130e+00
8.610000000255578243e+02 -2.109669212385240300e+00
8.615000000255898840e+02 -2.036100583719731461e+00
8.620000000256219437e+02 -2.125854907403633032e+00
8.625000000256540034e+02 -2.237282879549887138e+00
8.630000000256859494e+02 -2.162931100709467813e+00
8.635000000257180091e+02 -2.216543762948754548e+00
8.640000000257500687e+02 -2.274465745698553754e+00
8.645000000257821284e+02 -2.379669295584195154e+00
8.650000000258140744e+02 -2.172646656136527188e+00
8.655000000258461341e+02 -2.097413891073358183e+00
8.660000000258781938e+02 -2.122551638191726653e+00
8.665000000259102535e+02 -1.972042683833562515e+00
8.670000000259421995e+02 -2.139777067768975805e+00
8.675000000259742592e+02 -1.915849021810733355e+00
8.680000000260063189e+02 -2.041214137960252639e+00
8.685000000260383786e+02 -2.394976807133627705e+00
8.690000000260704383e+02 -2.068582271229345348e+00
8.695000000261023843e+02 -2.098684401176816650e+00
8.700000000261344439e+02 -2.124103580379256506e+00
8.705000000261665036e+02 -2.337908476393220969e+00
8.710000000261985633e+02 -2.374136799080087012e+00
8.715000000262305093e+02 -2.101692349729829434e+00
8.720000000262625690e+02 -2.167775482764857653e+00
8.725000000262946287e+02 -2.131856545927427238e+00
8.730000000263266884e+02 -2.423024221081767404e+00
8.735000000263586344e+02 -2.343854003445947853e+00
8.740000000263906941e+02 -2.155279398620227216e+00
8.745000000264227538e+02 -2.210790588561345249e+00
8.750000000264548135e+02 -2.309831748677172669e+00
8.755000000264867595e+02 -2.302666060160492023e+00
8.760000000265188191e+02 -2.325820945131075845e+00
8.765000000265508788e+02 -2.264034540407991347e+00
8.770000000265829385e+02 -2.186737708069204533e+00
8.775000000266149982e+02 -2.079128754148112268e+00
8.780000000266469442e+02 -2.198970630511257962e+00
8.785000000266790039e+02 -2.058489245654797628e+00
8.790000000267110636e+02 -2.120164050422796542e+00
8.795000000267431233e+02 -2.262567366644316902e+00
8.800000000267750693e+02 -2.453122750367094262e+00
8.805000000268071290e+02 -2.322463176998428303e+00
8.810000000268391886e+02 -2.256077185982570565e+00
8.815000000268712483e+02 -2.326193204841352724e+00
8.820000000269031943e+02 -2.260699345047195941e+00
8.825000000269352540e+02 -2.131353813405451714e+00
8.830000000269673137e+02 -1.952670033918809445e+00
8.835000000269993734e+02 -2.214136901726424966e+00
8.840000000270313194e+02 -2.219510636693188932e+00
8.845000000270633791e+02 -1.975018830694424965e+00
8.850000000270954388e+02 -1.953820987976453649e+00
8.855000000271274985e+02 -2.174610398026731062e+00
8.860000000271595582e+02 -2.175474911869431871e+00
8.865000000271915042e+02 -2.009778963019456466e+00
8.870000000272235638e+02 -2.084748544753538102e+00
8.875000000272556235e+02 -2.092220815726750338e+00
8.880000000272876832e+02 -2.075512804168230918e+00
8.885000000273196292e+02 -2.022828210118252201e+00
8.890000000273516889e+02 -2.081445792119961613e+00
8.895000000273837486e+02 -2.073546929414312512e+00
8.900000000274158083e+02 -1.901186518579602192e+00
8.905000000274477543e+02 -2.067287755016509632e+00
8.910000000274798140e+02 -2.070449142720089952e+00
8.915000000275118737e+02 -2.041877386569983965e+00
8.920000000275439334e+02 -2.221034353259120131e+00
8.925000000275758794e+02 -2.200188189491631086e+00
8.930000000276079390e+02 -2.137030399797273716e+00
8.935000000276399987e+02 -2.162225413264282636e+00
8.940000000276720584e+02 -2.024883066204618665e+00
8.945000000277040044e+02 -1.934145170250515466e+00
8.950000000277360641e+02 -2.212861791190199767e+00
8.955000000277681238e+02 -2.327650468409709017e+00
8.960000000278001835e+02 -2.118912405444194125e+00
8.965000000278322432e+02 -2.188768710636748605e+00
8.970000000278641892e+02 -2.044290011217833491e+00
8.975000000278962489e+02 -2.273561205510891359e+00
8.980000000279283086e+02 -2.125623232105640525e+00
8.985000000279603682e+02 -1.976880555535633910e+00
8.990000000279923142e+02 -2.289225362836273980e+00
8.995000000280243739e+02 -2.189525684828322216e+00
9.000000000280564336e+02 -2.266129693083279939e+00
9.005000000280884933e+02 -2.221429460057497973e+00
9.010000000281204393e+02 -1.977114227498248722e+00
9.015000000281524990e+02 -2.090250112009224281e+00
9.020000000281845587e+02 -2.336357200129615563e+00
9.025000000282166184e+02 -2.132971674514746230e+00
9.030000000282485644e+02 -1.822004747643226175e+00
9.035000000282806241e+02 -2.242692898490521447e+00
9.040000000283126838e+02 -2.307772028058923564e+00
9.045000000283447434e+02 -2.452755109199214800e+00
9.050000000283768031e+02 -2.480763179980499000e+00
9.055000000284087491e+02 -2.273268736421852232e+00
9.060000000284408088e+02 -2.232196819259529175e+00
9.065000000284728685e+02 -2.156708662674864829e+00
9.070000000285049282e+02 -2.056612668046221337e+00
9.075000000285368742e+02 -2.179530973430384488e+00
9.080000000285689339e+02 -2.170178948030359045e+00
9.085000000286009936e+02 -2.231582050556943919e+00
9.090000000286330533e+02 -2.243267426281029930e+00
9.095000000286649993e+02 -2.168745412496377423e+00
9.100000000286970590e+02 -2.094704570648271424e+00
9.105000000287291186e+02 -2.024705036648562384e+00
9.110000000287611783e+02 -2.194038816767811539e+00
9.115000000287931243e+02 -2.312737456815208148e+00
9.120000000288251840e+02 -2.471509375900451388e+00
9.125000000288572437e+02 -2.591638461433109608e+00
9.130000000288893034e+02 -2.082708942383681094e+00
9.135000000289213631e+02 -2.008016070993489777e+00
9.140000000289533091e+02 -2.000412969459667512e+00
9.145000000289853688e+02 -2.125060252452239951e+00
9.150000000290174285e+02 -2.048015887823315229e+00
9.155000000290494881e+02 -2.039775734052506451e+00
9.160000000290814341e+02 -2.170230951752896598e+00
9.165000000291134938e+02 -2.280539221589627186e+00
9.170000000291455535e+02 -2.346860816573982156e+00
9.175000000291776132e+02 -2.178990565015678893e+00
9.180000000292095592e+02 -2.116495939615682609e+00
9.185000000292416189e+02 -2.032684248825389339e+00
9.190000000292736786e+02 -1.972880196649727358e+00
9.195000000293057383e+02 -1.902737728337008605e+00
9.200000000293376843e+02 -1.701443493472487578e+00
9.205000000293697440e+02 -2.111105269710834786e+00
9.210000000294018037e+02 -2.255122781908093010e+00
9.215000000294338633e+02 -2.158829147860584996e+00
9.220000000294659230e+02 -2.163908867629116273e+00
9.225000000294978690e+02 -2.246997501798709163e+00
9.230000000295299287e+02 -2.152796749145821309e+00
9.235000000295619884e+02 -2.146794606725550114e+00
9.240000000295940481e+02 -2.104750401716121821e+00
9.245000000296259941e+02 -2.100065334309956011e+00
9.250000000296580538e+02 -2.284112637708051619e+00
9.255000000296901135e+02 -2.347325366934198687e+00
9.260000000297221732e+02 -2.253745320689872322e+00
9.265000000297541192e+02 -2.356117297252503739e+00
9.270000000297861789e+02 -2.342597953587122195e+00
9.275000000298182385e+02 -2.435569691225179412e+00
9.280000000298502982e+02 -2.142092601315690015e+00
9.285000000298822442e+02 -2.140027776739282572e+00
9.290000000299143039e+02 -2.378543589068324415e+00
9.295000000299463636e+02 -2.020560507299388409e+00
9.300000000299784233e+02 -2.111285145300281219e+00
9.305000000300104830e+02 -2.300501833204166235e+00
9.310000000300424290e+02 -2.210210094033684403e+00
9.315000000300744887e+02 -1.789684620658884340e+00
9.320000000301065484e+02 -1.897722556453347087e+00
9.325000000301386081e+02 -1.960357111090713200e+00
9.330000000301705541e+02 -2.064863829851106392e+00
9.335000000302026137e+02 -2.063406728589530115e+00
9.340000000302346734e+02 -2.137051590459981387e+00
9.345000000302667331e+02 -2.137309173382448080e+00
9.350000000302986791e+02 -2.017803505273230602e+00
9.355000000303307388e+02 -2.057744788628507404e+00
9.360000000303627985e+02 -2.129109994040661036e+00
9.365000000303948582e+02 -2.176730088731750001e+00
9.370000000304268042e+02 -2.252328573454570826e+00
9.375000000304588639e+02 -2.157578818835498957e+00
9.380000000304909236e+02 -2.131951573688933177e+00
9.385000000305229833e+02 -2.204569556704406796e+00
9.390000000305549293e+02 -2.115837709728495941e+00
9.395000000305869889e+02 -2.147977439671666655e+00
9.400000000306190486e+02 -2.343132049350902246e+00
9.405000000306511083e+02 -2.383604584424281470e+00
9.410000000306831680e+02 -2.291700931955440446e+00
9.415000000307151140e+02 -2.324644235396583269e+00
9.420000000307471737e+02 -2.062216205523036638e+00
9.425000000307792334e+02 -2.251662158987739915e+00
9.430000000308112931e+02 -1.993110473470403265e+00
9.435000000308432391e+02 -2.118588112316893035e+00
9.440000000308752988e+02 -2.050951582111485205e+00
9.445000000309073585e+02 -1.896421310954468753e+00
9.450000000309394181e+02 -2.111979342089372214e+00
9.455000000309713641e+02 -2.184164659175369838e+00
9.460000000310034238e+02 -1.891631637022024748e+00
9.465000000310354835e+02 -2.103401167363288859e+00
9.470000000310675432e+02 -2.141392545630481425e+00
9.475000000310994892e+02 -2.412884690115709496e+00
9.480000000311315489e+02 -2.139242158767010515e+00
9.485000000311636086e+02 -2.258540401423200006e+00
9.490000000311956683e+02 -2.092907570586466370e+00
9.495000000312277280e+02 -2.164223617334132932e+00
9.500000000312596740e+02 -2.428538757838185624e+00
9.505000000312917336e+02 -2.285329281131988743e+00
9.510000000313237933e+02 -2.050847615187143091e+00
9.515000000313558530e+02 -2.054192833282260988e+00
9.520000000313877990e+02 -2.071089945686780176e+00
9.525000000314198587e+02 -2.117132676227239330e+00
9.530000000314519184e+02 -2.139439863679930998e+00
9.535000000314839781e+02 -2.354468805940359566e+00
9.540000000315159241e+02 -2.266479865054515486e+00
9.545000000315479838e+02 -2.107445207953602573e+00
9.550000000315800435e+02 -2.413527244753080669e+00
9.555000000316121032e+02 -2.210281475546089336e+00
9.560000000316440492e+02 -2.245728510231147723e+00
9.565000000316761088e+02 -2.330077310193284568e+00
9.570000000317081685e+02 -2.449157821080806929e+00
9.575000000317402282e+02 -2.260083031083208738e+00
9.580000000317722879e+02 -2.212872880939674491e+00
9.585000000318042339e+02 -2.178287229232761302e+00
9.590000000318362936e+02 -2.316903345693451577e+00
9.595000000318683533e+02 -2.175021724622268948e+00
9.600000000319004130e+02 -2.078389674242752339e+00
9.605000000319323590e+02 -2.139368615440173205e+00
9.610000000319644187e+02 -1.955045319087382882e+00
9.615000000319964784e+02 -2.063109974151792869e+00
9.620000000320285380e+02 -1.980776297397664365e+00
9.625000000320604840e+02 -2.059738934256939658e+00
9.630000000320925437e+02 -2.219116032680614747e+00
9.635000000321246034e+02 -2.161721013389902524e+00
9.640000000321566631e+02 -2.246033146387897528e+00
9.645000000321886091e+02 -2.250239259270687686e+00
9.650000000322206688e+02 -2.296197874347228662e+00
9.655000000322527285e+02 -2.296037603034204011e+00
9.660000000322847882e+02 -2.087764656878732694e+00
9.665000000323168479e+02 -1.961083549129753134e+00
9.670000000323487939e+02 -1.959246994469771908e+00
9.675000000323808536e+02 -1.851551715827478573e+00
9.680000000324129132e+02 -2.041284707636350504e+00
9.685000000324449729e+02 -2.205732739213554172e+00
9.690000000324769189e+02 -2.152161463228470240e+00
9.695000000325089786e+02 -2.138965060854198796e+00
9.700000000325410383e+02 -2.246630803231824292e+00
9.705000000325730980e+02 -2.351894684639759259e+00
9.710000000326050440e+02 -2.216370511534683896e+00
9.715000000326371037e+02 -2.225355108843551921e+00
9.720000000326691634e+02 -2.152407424169698213e+00
9.725000000327012231e+02 -2.228560706587864093e+00
9.730000000327331691e+02 -2.307582234520924924e+00
9.735000000327652288e+02 -2.230963055538599971e+00
9.740000000327972884e+02 -2.188329179722054540e+00
9.745000000328293481e+02 -2.044653218516751636e+00
9.750000000328614078e+02 -2.174564075657560824e+00
9.755000000328933538e+02 -2.252736540548197386e+00
9.760000000329254135e+02 -2.157719752685078429e+00
9.765000000329574732e+02 -2.145950319660586914e+00
9.770000000329895329e+02 -2.195594587830274058e+00
9.775000000330214789e+02 -1.964057480864068950e+00
9.780000000330535386e+02 -2.058608952732013275e+00
9.785000000330855983e+02 -2.075296047490087670e+00
9.790000000331176579e+02 -2.273516397402876255e+00
9.795000000331496040e+02 -2.307842853559066931e+00
9.800000000331816636e+02 -2.452943202087119801e+00
9.805000000332137233e+02 -2.228588291182133752e+00
9.810000000332457830e+02 -2.103897390816760637e+00
9.815000000332777290e+02 -2.099962977105724882e+00
9.820000000333097887e+02 -2.296627767467541936e+00
9.825000000333418484e+02 -2.299368737351924263e+00
9.830000000333739081e+02 -2.203722683157136597e+00
9.835000000334058541e+02 -2.143503816401504558e+00
9.840000000334379138e+02 -2.345156266485235452e+00
9.845000000334699735e+02 -2.223175159744534390e+00
9.850000000335020331e+02 -2.106262949245057303e+00
9.855000000335340928e+02 -1.992234136205465633e+00
9.860000000335660388e+02 -1.919334353865239873e+00
9.865000000335980985e+02 -1.943117975630589189e+00
9.870000000336301582e+02 -1.981539443801362488e+00
9.875000000336622179e+02 -2.067947213720598754e+00
9.880000000336941639e+02 -2.151206680035162577e+00
9.885000000337262236e+02 -1.958434791120161167e+00
9.890000000337582833e+02 -2.082535046877398432e+00
9.895000000337903430e+02 -2.089911955567049784e+00
9.900000000338222890e+02 -2.217015010110461759e+00
9.905000000338543487e+02 -2.091957175021734283e+00
9.910000000338864083e+02 -1.932947415727210849e+00
9.915000000339184680e+02 -2.169925049948548068e+00
9.920000000339504140e+02 -2.063237271629066782e+00
9.925000000339824737e+02 -2.063903147113913317e+00
9.930000000340145334e+02 -1.892093862733464027e+00
9.935000000340465931e+02 -2.106026897489133631e+00
9.940000000340786528e+02 -2.194965764551036091e+00
9.945000000341105988e+02 -2.305576694426273665e+00
9.950000000341426585e+02 -2.136519229023827293e+00
9.955000000341747182e+02 -2.275067443606322293e+00
9.960000000342067779e+02 -2.187361767228025666e+00
9.965000000342387239e+02 -2.061288191812537196e+00
9.970000000342707835e+02 -2.055081967140230947e+00
9.975000000343028432e+02 -1.954306999727508876e+00
9.980000000343349029e+02 -2.108449727357258219e+00
9.985000000343668489e+02 -2.074345785688946009e+00
9.990000000343989086e+02 -2.251162949248085354e+00
9.995000000344309683e+02 -2.158931742886423866e+00
1.000000000034463028e+03 -1.877062652313135960e+00
