# Time (ps)	CV (angstrom)
9.999999999975766229e+01 -1.655854253392594400e+00
1.004999999997559001e+02 -1.477185797208657947e+00
1.009999999997541380e+02 -2.219535172915348298e+00
1.014999999997533990e+02 -1.561751988544562098e+00
1.019999999997629061e+02 -1.690425786041414247e+00
1.024999999997724132e+02 -2.049580513679100324e+00
1.029999999997819060e+02 -1.483743144653737689e+00
1.034999999997914131e+02 -1.629891377824290721e+00
1.039999999998009201e+02 -1.663697079720305672e+00
1.044999999998104272e+02 -1.840903440621547649e+00
1.049999999998199343e+02 -1.283619385924027467e+00
1.054999999998294413e+02 -1.756075236462793177e+00
1.059999999998389484e+02 -1.665116097343349200e+00
1.064999999998484554e+02 -1.979625235958500484e+00
1.069999999998579483e+02 -1.401151680565883906e+00
1.074999999998674554e+02 -1.684473254463891179e+00
1.079999999998769624e+02 -1.682727581531880068e+00
1.084999999998864695e+02 -1.649036856038470056e+00
1.089999999998959765e+02 -1.530988844758891521e+00
1.094999999999054836e+02 -1.671023926333912613e+00
1.099999999999149907e+02 -2.049372918810907773e+00
1.104999999999244977e+02 -1.605591867425806729e+00
1.109999999999339906e+02 -1.620917999010166310e+00
1.114999999999434976e+02 -1.823003970460727485e+00
1.119999999999530047e+02 -1.994657472077018490e+00
1.124999999999625118e+02 -1.593996188801622971e+00
1.129999999999720188e+02 -1.667611350169620144e+00
1.134999999999815259e+02 -1.780643672344214945e+00
1.139999999999910330e+02 -1.738938650354384885e+00
1.145000000000005400e+02 -1.820799826770121754e+00
1.150000000000100329e+02 -1.534726390149723230e+00
1.155000000000195399e+02 -1.489071977116368295e+00
1.160000000000290470e+02 -1.510404988684695526e+00
1.165000000000385540e+02 -1.418330646837549169e+00
1.170000000000480611e+02 -1.750918363526586141e+00
1.175000000000575682e+02 -1.647172845694083732e+00
1.180000000000670752e+02 -1.913158446908206578e+00
1.185000000000765823e+02 -1.736238327748610200e+00
1.190000000000860751e+02 -1.564416580554535363e+00
1.195000000000955822e+02 -1.327827871679196692e+00
1.200000000001050893e+02 -1.331918400993430174e+00
1.205000000001145963e+02 -1.299504233059688207e+00
1.210000000001241034e+02 -1.953419299726904201e+00
1.215000000001336105e+02 -1.254237454511462069e+00
1.220000000001431175e+02 -1.619329471582780178e+00
1.225000000001526246e+02 -1.522724982518555592e+00
1.230000000001621174e+02 -1.584370807289884109e+00
1.235000000001716245e+02 -1.873569066542770001e+00
1.240000000001811316e+02 -1.866368756480620394e+00
1.245000000001906386e+02 -1.355173482203931856e+00
1.250000000002001457e+02 -1.345814580644406622e+00
1.255000000002096527e+02 -1.891650430456640164e+00
1.260000000002191598e+02 -1.310302375183573176e+00
1.265000000002286527e+02 -1.750053438575044584e+00
1.270000000002381597e+02 -1.871070575688172921e+00
1.275000000002476668e+02 -1.370646544969127412e+00
1.280000000002571880e+02 -1.651731682619453467e+00
1.285000000002666809e+02 -1.524403312911748465e+00
1.290000000002761738e+02 -1.703887323722431679e+00
1.295000000002856950e+02 -1.667672791790359543e+00
1.300000000002951879e+02 -2.258641959744092542e+00
1.305000000003047091e+02 -1.666574898491985923e+00
1.310000000003142020e+02 -1.210135155903184989e+00
1.315000000003237233e+02 -1.385922268459814255e+00
1.320000000003332161e+02 -1.281043547470095856e+00
1.325000000003427090e+02 -1.482710199443879384e+00
1.330000000003522302e+02 -2.053673664318905523e+00
1.335000000003617231e+02 -1.339096921352717073e+00
1.340000000003712444e+02 -1.477142419183948174e+00
1.345000000003807372e+02 -1.162652010051163032e+00
1.350000000003902585e+02 -1.658476790670087242e+00
1.355000000003997513e+02 -1.710340659144970354e+00
1.360000000004092726e+02 -1.389873379222448468e+00
1.365000000004187655e+02 -1.738889218696325623e+00
1.370000000004282583e+02 -1.566344529480340420e+00
1.375000000004377796e+02 -1.429061012903549033e+00
1.380000000004472724e+02 -1.279137273677738440e+00
1.385000000004567937e+02 -1.703684708102112921e+00
1.390000000004662866e+02 -1.471806276656737689e+00
1.395000000004758078e+02 -1.516921658250420135e+00
1.400000000004853007e+02 -1.516393566095869394e+00
1.405000000004947935e+02 -1.145164638718878303e+00
1.410000000005043148e+02 -1.725504830689658764e+00
1.415000000005138077e+02 -1.593384078796689973e+00
1.420000000005233289e+02 -1.702288346527401908e+00
1.425000000005328218e+02 -1.933448797774772965e+00
1.430000000005423431e+02 -1.582840872945621369e+00
1.435000000005518359e+02 -1.802026068411714199e+00
1.440000000005613572e+02 -1.890126042602605194e+00
1.445000000005708500e+02 -1.834448556357586524e+00
1.450000000005803429e+02 -1.736509163809456968e+00
1.455000000005898642e+02 -2.286398699591885464e+00
1.460000000005993570e+02 -1.476038196325457408e+00
1.465000000006088783e+02 -1.790134337486725347e+00
1.470000000006183711e+02 -1.445962711306037596e+00
1.475000000006278924e+02 -1.593849520574515122e+00
1.480000000006373853e+02 -1.488860916040433580e+00
1.485000000006468781e+02 -1.713913207054051036e+00
1.490000000006563994e+02 -1.448595854428029739e+00
1.495000000006658922e+02 -1.446958429914718458e+00
1.500000000006754135e+02 -1.301571016140171233e+00
1.505000000006849064e+02 -1.515113687295534639e+00
1.510000000006944276e+02 -1.665670711906400703e+00
1.515000000007039205e+02 -1.780793220618442252e+00
1.520000000007134133e+02 -1.308748004118820640e+00
1.525000000007229346e+02 -1.445938092539771125e+00
1.530000000007324275e+02 -1.626924711834272230e+00
1.535000000007419487e+02 -1.462368847594846422e+00
1.540000000007514416e+02 -1.585105296899432137e+00
1.545000000007609628e+02 -1.533942650244334960e+00
1.550000000007704557e+02 -1.065151248806308626e+00
1.555000000007799770e+02 -2.012472958870892281e+00
1.560000000007894698e+02 -1.425600524020194992e+00
1.565000000007989627e+02 -1.437652558336228736e+00
1.570000000008084839e+02 -1.426358547849297720e+00
1.575000000008179768e+02 -1.454687028255608583e+00
1.580000000008274981e+02 -1.873592433793447309e+00
1.585000000008369909e+02 -1.934463931447690577e+00
1.590000000008465122e+02 -1.732942896431707736e+00
1.595000000008560050e+02 -1.757100983821114903e+00
1.600000000008654979e+02 -1.366475121351242716e+00
1.605000000008750192e+02 -1.759465927635038840e+00
1.610000000008845120e+02 -1.948132345308640101e+00
1.615000000008940333e+02 -1.301464252310855718e+00
1.620000000009035261e+02 -1.475311820361776771e+00
1.625000000009130474e+02 -1.818269602155237807e+00
1.630000000009225403e+02 -1.481551611153993919e+00
1.635000000009320615e+02 -1.615805693723528114e+00
1.640000000009415544e+02 -1.485037433554355912e+00
1.645000000009510472e+02 -1.105708820571552398e+00
1.650000000009605685e+02 -1.650064704401549287e+00
1.655000000009700614e+02 -1.896083652103020656e+00
1.660000000009795826e+02 -1.476707993544080333e+00
1.665000000009890755e+02 -1.592685224850758363e+00
1.670000000009985968e+02 -1.674370501349752516e+00
1.675000000010080896e+02 -1.908382812097261239e+00
1.680000000010175825e+02 -1.483911037728541160e+00
1.685000000010271037e+02 -1.456042346196325443e+00
1.690000000010365966e+02 -1.958605330503345954e+00
1.695000000010461179e+02 -1.638542414495910871e+00
1.700000000010556107e+02 -1.643761914750211162e+00
1.705000000010651320e+02 -1.774853606727491817e+00
1.710000000010746248e+02 -1.712644823168588903e+00
1.715000000010841177e+02 -1.706447578634457729e+00
1.720000000010936390e+02 -1.678079679279002256e+00
1.725000000011031318e+02 -1.666805105627253258e+00
1.730000000011126531e+02 -1.785569456382108955e+00
1.735000000011221459e+02 -1.664722329454249250e+00
1.740000000011316672e+02 -2.049731803042547096e+00
1.745000000011411601e+02 -1.052441094021107082e+00
1.750000000011506813e+02 -1.530107246627001150e+00
1.755000000011601742e+02 -1.314927626054614551e+00
1.760000000011696670e+02 -1.825528246292654755e+00
1.765000000011791883e+02 -1.433225597007567131e+00
1.770000000011886812e+02 -1.765101098130283930e+00
1.775000000011982024e+02 -1.777363165316950377e+00
1.780000000012076953e+02 -1.578586172952386457e+00
1.785000000012172165e+02 -1.942517613724660919e+00
1.790000000012267094e+02 -1.896787972845502823e+00
1.795000000012362023e+02 -1.094323972279299451e+00
1.800000000012457235e+02 -1.922094871661547355e+00
1.805000000012552164e+02 -1.919460087906984080e+00
1.810000000012647376e+02 -1.599290603138817435e+00
1.815000000012742305e+02 -1.810977217629164304e+00
1.820000000012837518e+02 -1.796584817653493982e+00
1.825000000012932446e+02 -1.806399476743601351e+00
1.830000000013027659e+02 -1.537690010651821870e+00
1.835000000013122587e+02 -1.599599965400475776e+00
1.840000000013217516e+02 -1.304245992354830852e+00
1.845000000013312729e+02 -1.725807345682630833e+00
1.850000000013407657e+02 -1.839032801274476325e+00
1.855000000013502870e+02 -1.949496211222638831e+00
1.860000000013597798e+02 -1.471822297704969751e+00
1.865000000013693011e+02 -1.696005360156513708e+00
1.870000000013787940e+02 -1.612085680722496805e+00
1.875000000013882868e+02 -1.707065277906063105e+00
1.880000000013978081e+02 -1.871186282936237566e+00
1.885000000014073009e+02 -1.690203544287843807e+00
1.890000000014168222e+02 -1.456269278076229856e+00
1.895000000014263151e+02 -1.602787641160447141e+00
1.900000000014358363e+02 -2.012721518968990431e+00
1.905000000014453292e+02 -1.521404466060912064e+00
1.910000000014548220e+02 -1.325532181816809318e+00
1.915000000014643433e+02 -1.020357903274251576e+00
1.920000000014738362e+02 -1.418792913767400021e+00
1.925000000014833574e+02 -1.594854211890493145e+00
1.930000000014928503e+02 -1.478690848228807697e+00
1.935000000015023716e+02 -1.570307349656048679e+00
1.940000000015118644e+02 -1.566674510308937895e+00
1.945000000015213857e+02 -1.656212049543614784e+00
1.950000000015308785e+02 -1.484603950677880091e+00
1.955000000015403714e+02 -1.455473615306915436e+00
1.960000000015498927e+02 -1.261941138429347964e+00
1.965000000015593855e+02 -1.807319843168867957e+00
1.970000000015689068e+02 -1.355411795774057460e+00
1.975000000015783996e+02 -1.645113434337494018e+00
1.980000000015879209e+02 -1.750478502184483975e+00
1.985000000015974138e+02 -1.401018595690153079e+00
1.990000000016069066e+02 -1.690062004032505616e+00
1.995000000016164279e+02 -1.468522073642618331e+00
2.000000000016259207e+02 -1.544195603539578521e+00
2.005000000016354420e+02 -1.839677380703732101e+00
2.010000000016449349e+02 -1.507337016428768051e+00
2.015000000016544561e+02 -1.582791355115906740e+00
2.020000000016639490e+02 -1.655274771375691678e+00
2.025000000016734703e+02 -1.591986228178674079e+00
2.030000000016789556e+02 -1.911174121669722004e+00
2.035000000016659385e+02 -1.679826350428869075e+00
2.040000000016529214e+02 -2.070554084591498700e+00
2.045000000016398758e+02 -1.449157016479398541e+00
2.050000000016268586e+02 -1.760113076303849056e+00
2.055000000016138415e+02 -1.735876161142113183e+00
2.060000000016008244e+02 -1.924868355516270446e+00
2.065000000015878072e+02 -1.692072012132129988e+00
2.070000000015747617e+02 -1.625602628101359803e+00
2.075000000015617445e+02 -1.606644867577224689e+00
2.080000000015487274e+02 -1.930242975489764756e+00
2.085000000015357102e+02 -1.579294666139685832e+00
2.090000000015226931e+02 -1.597052913854804856e+00
2.095000000015096475e+02 -1.661815596044833976e+00
2.100000000014966304e+02 -1.865599179526340912e+00
2.105000000014836132e+02 -1.765703591690213514e+00
2.110000000014705961e+02 -1.513828928586908873e+00
2.115000000014575789e+02 -1.528207196745049901e+00
2.120000000014445618e+02 -1.694727538938450628e+00
2.125000000014315162e+02 -1.519807940020012405e+00
2.130000000014184991e+02 -2.031756473395909701e+00
2.135000000014054820e+02 -1.545307211602270359e+00
2.140000000013924648e+02 -1.963989534501601186e+00
2.145000000013794477e+02 -1.660882561033803162e+00
2.150000000013664021e+02 -1.517971030702530477e+00
2.155000000013533850e+02 -1.735472048235030318e+00
2.160000000013403678e+02 -1.882612918995426599e+00
2.165000000013273507e+02 -1.598255589792227038e+00
2.170000000013143335e+02 -1.623887108753661490e+00
2.175000000013013164e+02 -1.597519526902841047e+00
2.180000000012882708e+02 -1.935892603247193255e+00
2.185000000012752537e+02 -2.051944074656047334e+00
2.190000000012622365e+02 -1.454214558734606033e+00
2.195000000012492194e+02 -1.676507125607359594e+00
2.200000000012362023e+02 -1.568547526025161343e+00
2.205000000012231567e+02 -1.597848479514318409e+00
2.210000000012101395e+02 -1.332432849681038478e+00
2.215000000011971224e+02 -1.836597505763275073e+00
2.220000000011841053e+02 -1.969541650256526388e+00
2.225000000011710881e+02 -1.504835361399112781e+00
2.230000000011580710e+02 -1.751255416983002133e+00
2.235000000011450254e+02 -1.447705411880694903e+00
2.240000000011320083e+02 -1.566673786115889921e+00
2.245000000011189911e+02 -1.692408710617363310e+00
2.250000000011059740e+02 -1.876651779503558881e+00
2.255000000010929568e+02 -1.779048363293555646e+00
2.260000000010799113e+02 -1.429835676953868262e+00
2.265000000010668941e+02 -1.841418518557866202e+00
2.270000000010538770e+02 -1.727858763594127822e+00
2.275000000010408598e+02 -1.818876003567585498e+00
2.280000000010278427e+02 -1.457745446645482224e+00
2.285000000010148256e+02 -2.088680209573363644e+00
2.290000000010017800e+02 -1.159212871206601214e+00
2.295000000009887628e+02 -2.033496631260697907e+00
2.300000000009757457e+02 -1.907888751573668884e+00
2.305000000009627286e+02 -1.541195691212196905e+00
2.310000000009497114e+02 -1.560862305369450365e+00
2.315000000009366659e+02 -1.955461714043519095e+00
2.320000000009236487e+02 -1.901098346128047512e+00
2.325000000009106316e+02 -1.972919776296502059e+00
2.330000000008976144e+02 -1.749398030408812144e+00
2.335000000008845973e+02 -1.247502011970606395e+00
2.340000000008715517e+02 -1.427141164846565502e+00
2.345000000008585346e+02 -1.591478405031788279e+00
2.350000000008455174e+02 -1.634118391505396950e+00
2.355000000008325003e+02 -1.424319454049998601e+00
2.360000000008194831e+02 -1.784094397138908272e+00
2.365000000008064660e+02 -1.334318795495681442e+00
2.370000000007934204e+02 -1.913816736032845522e+00
2.375000000007804033e+02 -1.406369025909443682e+00
2.380000000007673862e+02 -1.626378202130728035e+00
2.385000000007543690e+02 -2.063111357064438600e+00
2.390000000007413519e+02 -1.773435126025075359e+00
2.395000000007283063e+02 -1.262270675835256428e+00
2.400000000007152892e+02 -1.719720404568040761e+00
2.405000000007022720e+02 -1.501826127973455494e+00
2.410000000006892549e+02 -1.709410184094908969e+00
2.415000000006762377e+02 -1.703437251033744992e+00
2.420000000006632206e+02 -1.804798147690556798e+00
2.425000000006501750e+02 -1.541243673856600216e+00
2.430000000006371579e+02 -1.720174255659939089e+00
2.435000000006241407e+02 -1.705930173438477082e+00
2.440000000006111236e+02 -1.950905188377576982e+00
2.445000000005981065e+02 -1.413936553210618507e+00
2.450000000005850609e+02 -1.345425974568912331e+00
2.455000000005720437e+02 -1.730448335175361230e+00
2.460000000005590266e+02 -1.876891010825860961e+00
2.465000000005460095e+02 -1.715246443214786698e+00
2.470000000005329923e+02 -1.864320277521552827e+00
2.475000000005199752e+02 -1.316296681056341455e+00
2.480000000005069296e+02 -1.604391787381717061e+00
2.485000000004939125e+02 -1.879629764861942887e+00
2.490000000004808953e+02 -1.347268577926042710e+00
2.495000000004678782e+02 -1.647380676578690695e+00
2.500000000004548610e+02 -1.598511836188367008e+00
2.505000000004418155e+02 -1.512744150041593238e+00
2.510000000004287983e+02 -1.661560854655960595e+00
2.515000000004157812e+02 -9.889627218319837487e-01
2.520000000004027640e+02 -1.813766189290996644e+00
2.525000000003897469e+02 -1.762922826065636883e+00
2.530000000003767013e+02 -1.226706882083697492e+00
2.535000000003636842e+02 -2.067596928462932748e+00
2.540000000003506671e+02 -1.873383421044557906e+00
2.545000000003376499e+02 -1.747206612198855868e+00
2.550000000003246328e+02 -1.437890460063780962e+00
2.555000000003116156e+02 -1.175493105513888414e+00
2.560000000002985985e+02 -1.830519175694799383e+00
2.565000000002855813e+02 -1.888095025509531233e+00
2.570000000002725642e+02 -1.643121732856188899e+00
2.575000000002594902e+02 -1.904062711927461127e+00
2.580000000002464731e+02 -1.600730613944089331e+00
2.585000000002334559e+02 -1.585748999274175564e+00
2.590000000002204388e+02 -1.757178282798780300e+00
2.595000000002074216e+02 -1.772429632333804239e+00
2.600000000001944045e+02 -1.283744572640043602e+00
2.605000000001813873e+02 -1.679080250682486009e+00
2.610000000001683702e+02 -1.430554414859047219e+00
2.615000000001553531e+02 -1.593218002236359121e+00
2.620000000001423359e+02 -1.303868360367823387e+00
2.625000000001292619e+02 -1.755965990978549884e+00
2.630000000001162448e+02 -1.596502645623092631e+00
2.635000000001032276e+02 -1.320763230323963811e+00
2.640000000000902105e+02 -1.450370668096657267e+00
2.645000000000771934e+02 -1.771591086997931441e+00
2.650000000000641762e+02 -1.564582746573915051e+00
2.655000000000511591e+02 -1.538174894143404803e+00
2.660000000000381419e+02 -1.844485141221407831e+00
2.665000000000251248e+02 -1.344442678677114866e+00
2.670000000000121076e+02 -1.780656153760314497e+00
2.674999999999990905e+02 -1.786909583664120449e+00
2.679999999999860165e+02 -1.465120400806291245e+00
2.684999999999729994e+02 -1.997245175799460482e+00
2.689999999999599822e+02 -1.670406425716924659e+00
2.694999999999469651e+02 -1.486396073495064085e+00
2.699999999999339479e+02 -2.197520163531346160e+00
2.704999999999209308e+02 -1.399390919981353898e+00
2.709999999999079137e+02 -2.139964129229857015e+00
2.714999999998948965e+02 -1.820041589580869479e+00
2.719999999998818794e+02 -1.773939704277599283e+00
2.724999999998688622e+02 -1.771899332378441549e+00
2.729999999998558451e+02 -1.891900539570534168e+00
2.734999999998427711e+02 -1.223443663684941507e+00
2.739999999998297540e+02 -1.892062351477963755e+00
2.744999999998167368e+02 -1.547311665360773913e+00
2.749999999998037197e+02 -1.800109393854405049e+00
2.754999999997907025e+02 -1.598711406285437731e+00
2.759999999997776854e+02 -1.763919099342186492e+00
2.764999999997646682e+02 -1.816498457221317420e+00
2.769999999997516511e+02 -1.775693114057697031e+00
2.774999999997386340e+02 -1.776275632303105256e+00
2.779999999997256168e+02 -1.733170591513881087e+00
2.784999999997125997e+02 -1.647489614433804705e+00
2.789999999996995257e+02 -1.681280467866223871e+00
2.794999999996865085e+02 -1.538424332513140813e+00
2.799999999996734914e+02 -1.311172671832216974e+00
2.804999999996604743e+02 -1.782256669160529272e+00
2.809999999996474571e+02 -1.630892867659904377e+00
2.814999999996344400e+02 -1.431239092164023230e+00
2.819999999996214228e+02 -1.808068487947234182e+00
2.824999999996084057e+02 -1.542193757113161423e+00
2.829999999995953885e+02 -1.908243391080028051e+00
2.834999999995823714e+02 -1.832249234849242958e+00
2.839999999995693543e+02 -1.431768043602339002e+00
2.844999999995562803e+02 -1.541773834977999469e+00
2.849999999995432631e+02 -1.934370141264092569e+00
2.854999999995302460e+02 -1.149960550690004801e+00
2.859999999995172288e+02 -1.802816704727986830e+00
2.864999999995042117e+02 -1.803371376983685659e+00
2.869999999994911946e+02 -1.865742563569138701e+00
2.874999999994781774e+02 -1.410769167496044529e+00
2.879999999994651603e+02 -1.779867712179812100e+00
2.884999999994521431e+02 -1.221107286155456828e+00
2.889999999994391260e+02 -2.158236770393721304e+00
2.894999999994261088e+02 -1.116259489359811230e+00
2.899999999994130349e+02 -2.142065044006470131e+00
2.904999999994000177e+02 -1.369301414605229805e+00
2.909999999993870006e+02 -1.731681561433117800e+00
2.914999999993739834e+02 -2.164036820459809274e+00
2.919999999993609663e+02 -1.808763784931098684e+00
2.924999999993479491e+02 -1.697648946632147604e+00
2.929999999993349320e+02 -1.863424258059592997e+00
2.934999999993219149e+02 -1.392616670011963542e+00
2.939999999993088977e+02 -1.942661013225617017e+00
2.944999999992958806e+02 -1.478786185329540537e+00
2.949999999992828634e+02 -1.873284341512547968e+00
2.954999999992697894e+02 -1.856261278931411907e+00
2.959999999992567723e+02 -1.735473038200962659e+00
2.964999999992437552e+02 -1.875293430419981533e+00
2.969999999992307380e+02 -1.662408677298876203e+00
2.974999999992177209e+02 -1.346628933840019249e+00
2.979999999992047037e+02 -1.783250986186933007e+00
2.984999999991916866e+02 -1.696901518245416796e+00
2.989999999991786694e+02 -1.754627633498870409e+00
2.994999999991656523e+02 -1.760457250658155059e+00
2.999999999991526352e+02 -1.616175096337410189e+00
3.004999999991396180e+02 -1.270515669354574495e+00
3.009999999991265440e+02 -1.934883397472664690e+00
3.014999999991135269e+02 -1.522123972493640398e+00
3.019999999991005097e+02 -1.410626097638869592e+00
3.024999999990874926e+02 -1.961198641817259114e+00
3.029999999990744755e+02 -1.390278237915476334e+00
3.034999999990614583e+02 -1.669372269036515810e+00
3.039999999990484412e+02 -2.251204344133234336e+00
3.044999999990354240e+02 -1.153417838791052530e+00
3.049999999990224069e+02 -1.866102716956720364e+00
3.054999999990093897e+02 -1.463197712482237733e+00
3.059999999989963158e+02 -1.243483431920547000e+00
3.064999999989832986e+02 -1.777442694323997818e+00
3.069999999989702815e+02 -1.185437933242199593e+00
3.074999999989572643e+02 -1.605021427621442731e+00
3.079999999989442472e+02 -1.469295768365661337e+00
3.084999999989312300e+02 -1.461879387075126546e+00
3.089999999989182129e+02 -2.097829606326488516e+00
3.094999999989051958e+02 -1.648813446712374509e+00
3.099999999988921786e+02 -1.291224405829074495e+00
3.104999999988791615e+02 -1.559134628459541094e+00
3.109999999988661443e+02 -1.699121750618112658e+00
3.114999999988530703e+02 -1.587926593005450471e+00
3.119999999988400532e+02 -1.598525218631964284e+00
3.124999999988270361e+02 -1.712171624886795973e+00
3.129999999988140189e+02 -1.792763027519070240e+00
3.134999999988010018e+02 -2.007996728336140180e+00
3.139999999987879846e+02 -1.933605880846875236e+00
3.144999999987749675e+02 -1.890517927614467686e+00
3.149999999987619503e+02 -1.634920614821788076e+00
3.154999999987489332e+02 -1.890383832280907672e+00
3.159999999987359161e+02 -1.794840015059847138e+00
3.164999999987228989e+02 -1.512151827497470791e+00
3.169999999987098249e+02 -1.507951104041246548e+00
3.174999999986968078e+02 -1.271536699489357547e+00
3.179999999986837906e+02 -1.519954540866892190e+00
3.184999999986707735e+02 -1.776319299490989545e+00
3.189999999986577564e+02 -1.358547438569637444e+00
3.194999999986447392e+02 -2.006331739468568909e+00
3.199999999986317221e+02 -1.698395908250868613e+00
3.204999999986187049e+02 -1.802012173757042701e+00
3.209999999986056878e+02 -1.462454248829595516e+00
3.214999999985926706e+02 -1.962783368796941819e+00
3.219999999985796535e+02 -1.535108817265835368e+00
3.224999999985665795e+02 -1.651964361601098386e+00
3.229999999985535624e+02 -1.828700887479714154e+00
3.234999999985405452e+02 -1.708246615015095005e+00
3.239999999985275281e+02 -1.648674269601453357e+00
3.244999999985145109e+02 -1.448789108706222128e+00
3.249999999985014938e+02 -1.821313310854632883e+00
3.254999999984884766e+02 -1.846458965132901531e+00
3.259999999984754595e+02 -1.197519865876352174e+00
3.264999999984624424e+02 -1.136289401652812003e+00
3.269999999984494252e+02 -1.473257585999221853e+00
3.274999999984364081e+02 -2.035800777733515865e+00
3.279999999984233341e+02 -1.651539002535273415e+00
3.284999999984103169e+02 -1.441375060885377257e+00
3.289999999983972998e+02 -1.661755840338917434e+00
3.294999999983842827e+02 -1.474638704721673799e+00
3.299999999983712655e+02 -1.828064087215163225e+00
3.304999999983582484e+02 -1.384850956735280025e+00
3.309999999983452312e+02 -1.941771306608093051e+00
3.314999999983322141e+02 -1.878471718219663966e+00
3.319999999983191969e+02 -1.571812111239975218e+00
3.324999999983061798e+02 -1.658660831735327745e+00
3.329999999982931627e+02 -1.644707319776944843e+00
3.334999999982800887e+02 -1.966694790792325342e+00
3.339999999982670715e+02 -2.049880413655475131e+00
3.344999999982540544e+02 -1.442846158851560867e+00
3.349999999982410372e+02 -1.638181666266098624e+00
3.354999999982280201e+02 -1.860360463451271151e+00
3.359999999982150030e+02 -1.467376137157192950e+00
3.364999999982019858e+02 -1.822441143490367788e+00
3.369999999981889687e+02 -1.719175211845428430e+00
3.374999999981759515e+02 -1.716211861292183061e+00
3.379999999981629344e+02 -1.955561155695232811e+00
3.384999999981499172e+02 -1.551602601653851998e+00
3.389999999981368433e+02 -1.451382942491163730e+00
3.394999999981238261e+02 -1.971683962848126637e+00
3.399999999981108090e+02 -1.273164499146171913e+00
3.404999999980977918e+02 -1.719730890855675653e+00
3.409999999980847747e+02 -1.800676367662312760e+00
3.414999999980717575e+02 -1.758917393635190063e+00
3.419999999980587404e+02 -1.408618852063955096e+00
3.424999999980457233e+02 -1.612176808832323394e+00
3.429999999980327061e+02 -1.988769954009798280e+00
3.434999999980196890e+02 -1.679682292721733194e+00
3.439999999980066718e+02 -1.741946839708884420e+00
3.444999999979935978e+02 -1.518456608172889855e+00
3.449999999979805807e+02 -1.791906566077649865e+00
3.454999999979675636e+02 -1.670633123780599583e+00
3.459999999979545464e+02 -1.531897264842075890e+00
3.464999999979415293e+02 -1.483923487177078560e+00
3.469999999979285121e+02 -1.826274702319645060e+00
3.474999999979154950e+02 -1.438037477773746353e+00
3.479999999979024778e+02 -1.927394988149371713e+00
3.484999999978894607e+02 -1.802157953303006765e+00
3.489999999978764436e+02 -1.574787550538695902e+00
3.494999999978633696e+02 -1.109764588134736218e+00
3.499999999978503524e+02 -1.465157156408601224e+00
3.504999999978373353e+02 -1.979198633249751538e+00
3.509999999978243181e+02 -1.347258835947016342e+00
3.514999999978113010e+02 -2.017985745576014178e+00
3.519999999977982839e+02 -2.016923538191812693e+00
3.524999999977852667e+02 -1.551488991751126756e+00
3.529999999977722496e+02 -1.327672670244136599e+00
3.534999999977592324e+02 -2.219411400962262526e+00
3.539999999977462153e+02 -2.044323704623595805e+00
3.544999999977331981e+02 -1.316751746015460522e+00
3.549999999977201242e+02 -1.924750333003763192e+00
3.554999999977071070e+02 -1.130194577650796672e+00
3.559999999976940899e+02 -1.964645335172597873e+00
3.564999999976810727e+02 -2.028773069445222621e+00
3.569999999976680556e+02 -1.428647886644455633e+00
3.574999999976550384e+02 -1.347108907547623247e+00
3.579999999976420213e+02 -1.622591196263717173e+00
3.584999999976290042e+02 -1.583907381078434318e+00
3.589999999976159870e+02 -1.446908241846312837e+00
3.594999999976029699e+02 -2.046244401822423509e+00
3.599999999975899527e+02 -1.462482507167174761e+00
3.604999999975768787e+02 -1.813115172280576504e+00
3.609999999975638616e+02 -1.582184382821446578e+00
3.614999999975508445e+02 -2.063738156981507643e+00
3.619999999975378273e+02 -1.185437403069001583e+00
3.624999999975248102e+02 -1.963571297017322248e+00
3.629999999975117930e+02 -1.188548605896150967e+00
3.634999999974987759e+02 -1.509433371769068888e+00
3.639999999974857587e+02 -1.482868511527559052e+00
3.644999999974727416e+02 -1.376184210413561981e+00
3.649999999974597245e+02 -1.878780187853693162e+00
3.654999999974467073e+02 -1.469346811407650444e+00
3.659999999974336333e+02 -1.414552347935606358e+00
3.664999999974206162e+02 -1.551966876136768203e+00
3.669999999974075990e+02 -1.569589287787497733e+00
3.674999999973945819e+02 -1.270279229780036490e+00
3.679999999973815648e+02 -1.887345196690732196e+00
3.684999999973685476e+02 -1.147819872721491441e+00
3.689999999973555305e+02 -2.256302710913573595e+00
3.694999999973425133e+02 -1.599382774275771135e+00
3.699999999973294962e+02 -1.993634530313463937e+00
3.704999999973164790e+02 -1.213920743546717196e+00
3.709999999973034619e+02 -1.684156895683958322e+00
3.714999999972903879e+02 -1.452322788586947189e+00
3.719999999972773708e+02 -1.851666905651614625e+00
3.724999999972643536e+02 -1.852967878014516234e+00
3.729999999972513365e+02 -1.928662138965834938e+00
3.734999999972383193e+02 -2.000438157059272637e+00
3.739999999972253022e+02 -1.297330724327060203e+00
3.744999999972122851e+02 -1.738929699317552036e+00
3.749999999971992679e+02 -1.532672160588812948e+00
3.754999999971862508e+02 -1.633068376265874644e+00
3.759999999971732336e+02 -1.352624748929625920e+00
3.764999999971602165e+02 -1.887419895461818209e+00
3.769999999971471425e+02 -1.437402731867952310e+00
3.774999999971341254e+02 -1.466427541226146936e+00
3.779999999971211082e+02 -1.740565872863789387e+00
3.784999999971080911e+02 -1.882765636260650632e+00
3.789999999970950739e+02 -1.439738173372415719e+00
3.794999999970820568e+02 -1.839635946763019225e+00
3.799999999970690396e+02 -1.858028905411165832e+00
3.804999999970560225e+02 -1.550246321655989190e+00
3.809999999970430054e+02 -1.878236845010027301e+00
3.814999999970299882e+02 -2.094697610453582381e+00
3.819999999970169711e+02 -1.720709563995060032e+00
3.824999999970038971e+02 -1.406000487482184758e+00
3.829999999969908799e+02 -1.775559394769394395e+00
3.834999999969778628e+02 -1.369283982508476161e+00
3.839999999969648456e+02 -1.633275991274563577e+00
3.844999999969518285e+02 -1.659271504716347101e+00
3.849999999969388114e+02 -1.557582221140197065e+00
3.854999999969257942e+02 -1.736201611094678299e+00
3.859999999969127771e+02 -1.909364533543401743e+00
3.864999999968997599e+02 -1.784201035386739020e+00
3.869999999968867428e+02 -1.879980015349336231e+00
3.874999999968737256e+02 -1.325355925677161428e+00
3.879999999968606517e+02 -2.220561961521277716e+00
3.884999999968476345e+02 -1.181040387860032626e+00
3.889999999968346174e+02 -2.131867212859686944e+00
3.894999999968216002e+02 -1.643455068982466516e+00
3.899999999968085831e+02 -1.756180277423297964e+00
3.904999999967955659e+02 -1.856387338096446848e+00
3.909999999967825488e+02 -1.530136376526211039e+00
3.914999999967695317e+02 -1.319309465839277440e+00
3.919999999967565145e+02 -1.424732131172174121e+00
3.924999999967434974e+02 -1.398084753412532910e+00
3.929999999967304234e+02 -1.821958318960021694e+00
3.934999999967174062e+02 -1.545197216675319618e+00
3.939999999967043891e+02 -1.929545820765675046e+00
3.944999999966913720e+02 -1.621263990796856014e+00
3.949999999966783548e+02 -1.442801955878832310e+00
3.954999999966653377e+02 -1.676437863562010744e+00
3.959999999966523205e+02 -1.190064144234983745e+00
3.964999999966393034e+02 -1.839279687482604064e+00
3.969999999966262862e+02 -2.066786926630795662e+00
3.974999999966132691e+02 -1.409146848093201898e+00
3.979999999966002520e+02 -1.694024416411319844e+00
3.984999999965871780e+02 -1.264689442503923900e+00
3.989999999965741608e+02 -1.883344191124552980e+00
3.994999999965611437e+02 -1.474872340718755170e+00
3.999999999965481265e+02 -1.726893403578868780e+00
4.004999999965351094e+02 -2.120560711262708953e+00
4.009999999965220923e+02 -1.104073535571070908e+00
4.014999999965090751e+02 -2.185832514987088526e+00
4.019999999964960580e+02 -2.343569934453496817e+00
4.024999999964830408e+02 -1.404690013509541924e+00
4.029999999964700237e+02 -1.529902694629400539e+00
4.034999999964570065e+02 -1.547495014508969424e+00
4.039999999964439326e+02 -1.873532418549140433e+00
4.044999999964309154e+02 -1.464902173361329663e+00
4.049999999964178983e+02 -1.400617746952111942e+00
4.054999999964048811e+02 -1.560019379246233573e+00
4.059999999964079507e+02 -1.416364006223631122e+00
4.064999999964400104e+02 -1.787155397027227144e+00
4.069999999964720132e+02 -2.072316141630777153e+00
4.074999999965040729e+02 -1.265752784970894718e+00
4.079999999965360757e+02 -1.481417988255964824e+00
4.084999999965681354e+02 -1.537418638526731218e+00
4.089999999966001383e+02 -1.266523197203297979e+00
4.094999999966321980e+02 -1.432382133791089140e+00
4.099999999966642008e+02 -1.288030068709406173e+00
4.104999999966962605e+02 -1.769458536312450869e+00
4.109999999967282633e+02 -1.987110546086410690e+00
4.114999999967603230e+02 -1.829186874698149889e+00
4.119999999967923259e+02 -1.964783799867940939e+00
4.124999999968243856e+02 -1.989547058739433938e+00
4.129999999968563884e+02 -1.350431441962898216e+00
4.134999999968884481e+02 -1.349662809863114488e+00
4.139999999969205078e+02 -1.656336664975137207e+00
4.144999999969525106e+02 -1.597076022723423305e+00
4.149999999969845703e+02 -1.328549474132417307e+00
4.154999999970165732e+02 -1.855802035378416814e+00
4.159999999970486328e+02 -1.543271662374767539e+00
4.164999999970806357e+02 -1.194121351674611420e+00
4.169999999971126954e+02 -1.773786397898329037e+00
4.174999999971446982e+02 -1.474802737920251072e+00
4.179999999971767579e+02 -1.983531200091606772e+00
4.184999999972087608e+02 -1.655573519188405562e+00
4.189999999972408204e+02 -1.429237002708856785e+00
4.194999999972728233e+02 -1.519082626381575762e+00
4.199999999973048830e+02 -1.192851273331555495e+00
4.204999999973368858e+02 -1.922553477836258073e+00
4.209999999973689455e+02 -1.958733209293517907e+00
4.214999999974009484e+02 -1.560771541621195579e+00
4.219999999974330080e+02 -1.449548331790493361e+00
4.224999999974650109e+02 -1.828451517851066077e+00
4.229999999974970706e+02 -1.442030737317601785e+00
4.234999999975291303e+02 -1.367128801570498320e+00
4.239999999975611331e+02 -1.547139877125102592e+00
4.244999999975931928e+02 -1.480833587001872953e+00
4.249999999976251956e+02 -1.659670667824087786e+00
4.254999999976572553e+02 -2.414963532566964943e+00
4.259999999976892582e+02 -1.383753837137233988e+00
4.264999999977213179e+02 -1.705444001765674900e+00
4.269999999977533207e+02 -1.430266243834685147e+00
4.274999999977853804e+02 -1.542595771777003799e+00
4.279999999978173832e+02 -1.868586909169806631e+00
4.284999999978494429e+02 -1.696050430537731968e+00
4.289999999978814458e+02 -1.441520385872550714e+00
4.294999999979135055e+02 -1.975820320365854199e+00
4.299999999979455083e+02 -1.696239525232932088e+00
4.304999999979775680e+02 -1.514347249002876872e+00
4.309999999980095708e+02 -1.668576890099341181e+00
4.314999999980416305e+02 -1.752124104429304552e+00
4.319999999980736902e+02 -1.307336950880086723e+00
4.324999999981056931e+02 -1.845765701397480418e+00
4.329999999981377528e+02 -1.532966131133301602e+00
4.334999999981697556e+02 -1.344151390793520751e+00
4.339999999982018153e+02 -1.751270437954650649e+00
4.344999999982338181e+02 -2.024219513718327867e+00
4.349999999982658778e+02 -1.573854009412344102e+00
4.354999999982978807e+02 -1.438058808702703306e+00
4.359999999983299404e+02 -2.129611058359458298e+00
4.364999999983619432e+02 -1.604662196877253422e+00
4.369999999983940029e+02 -1.833549761086108454e+00
4.374999999984260057e+02 -1.884749682370630675e+00
4.379999999984580654e+02 -1.779365642741328024e+00
4.384999999984900683e+02 -1.450919619690705931e+00
4.389999999985221280e+02 -1.316860127814225123e+00
4.394999999985541308e+02 -1.720318766934206822e+00
4.399999999985861905e+02 -1.830469595314978770e+00
4.404999999986182502e+02 -1.260188639053134496e+00
4.409999999986502530e+02 -1.675035620246426937e+00
4.414999999986823127e+02 -1.362843049221975411e+00
4.419999999987143156e+02 -1.814339056235411585e+00
4.424999999987463752e+02 -1.605641241343610970e+00
4.429999999987783781e+02 -1.406312242516739364e+00
4.434999999988104378e+02 -1.389412556055087844e+00
4.439999999988424406e+02 -1.957144148712318010e+00
4.444999999988745003e+02 -1.257292027151145852e+00
4.449999999989065032e+02 -1.605033326577864683e+00
4.454999999989385628e+02 -1.486601047949631216e+00
4.459999999989705657e+02 -1.589451346570187384e+00
4.464999999990026254e+02 -1.494988596430545380e+00
4.469999999990346282e+02 -1.728137770025317099e+00
4.474999999990666879e+02 -1.632427753094650713e+00
4.479999999990986908e+02 -1.626817182412065410e+00
4.484999999991307504e+02 -1.182338156751939540e+00
4.489999999991627533e+02 -1.672485466193513792e+00
4.494999999991948130e+02 -1.452327712065439647e+00
4.499999999992268727e+02 -1.366833466118654972e+00
4.504999999992588755e+02 -1.862988371014596467e+00
4.509999999992909352e+02 -1.643325754325137833e+00
4.514999999993229380e+02 -2.285662730039399904e+00
4.519999999993549977e+02 -1.686912344948653386e+00
4.524999999993870006e+02 -1.733499166298814176e+00
4.529999999994190603e+02 -2.004813774751475819e+00
4.534999999994510631e+02 -1.859892811718793171e+00
4.539999999994831228e+02 -1.340278984372302418e+00
4.544999999995151256e+02 -1.552997805842159629e+00
4.549999999995471853e+02 -1.685805212755608240e+00
4.554999999995791882e+02 -1.559104090814858568e+00
4.559999999996112479e+02 -1.682686277607638781e+00
4.564999999996432507e+02 -1.792954659195078682e+00
4.569999999996753104e+02 -1.792815711926055267e+00
4.574999999997073132e+02 -1.552133088390689419e+00
4.579999999997393729e+02 -1.696542667833827123e+00
4.584999999997714326e+02 -1.503062925081905865e+00
4.589999999998034355e+02 -1.926135734878747119e+00
4.594999999998354951e+02 -1.548837718826728604e+00
4.599999999998674980e+02 -1.483662580762292516e+00
4.604999999998995577e+02 -1.854808539120448074e+00
4.609999999999315605e+02 -1.494867228726918684e+00
4.614999999999636202e+02 -1.581845033350646634e+00
4.619999999999956231e+02 -1.917493186616201051e+00
4.625000000000276827e+02 -1.383742665878167077e+00
4.630000000000596856e+02 -1.611641288798465688e+00
4.635000000000917453e+02 -1.540068512340421636e+00
4.640000000001237481e+02 -1.466150298779548944e+00
4.645000000001558078e+02 -1.532862124804726944e+00
4.650000000001878107e+02 -1.714121263035366161e+00
4.655000000002198703e+02 -1.591905337098374451e+00
4.660000000002518732e+02 -1.374671230260686050e+00
4.665000000002839329e+02 -1.496974722582007145e+00
4.670000000003159357e+02 -1.922326894107516004e+00
4.675000000003479954e+02 -1.674971084763507978e+00
4.680000000003800551e+02 -1.452187161066963439e+00
4.685000000004120579e+02 -1.963741356208347666e+00
4.690000000004441176e+02 -1.356179107093499203e+00
4.695000000004761205e+02 -1.704228048770124460e+00
4.700000000005081802e+02 -1.413894898020465751e+00
4.705000000005401830e+02 -1.594061447907601181e+00
4.710000000005722427e+02 -1.974187725146383965e+00
4.715000000006042455e+02 -1.718051504314484390e+00
4.720000000006363052e+02 -1.792284086647890851e+00
4.725000000006683081e+02 -1.940402266658539876e+00
4.730000000007003678e+02 -1.664421783341652805e+00
4.735000000007323706e+02 -2.409160371762164132e+00
4.740000000007644303e+02 -1.294622723584981427e+00
4.745000000007964331e+02 -1.950028527678121071e+00
4.750000000008284928e+02 -1.523220525557276606e+00
4.755000000008604957e+02 -1.795499778776115107e+00
4.760000000008925554e+02 -1.950573015228179719e+00
4.765000000009246151e+02 -2.013138746589140826e+00
4.770000000009566179e+02 -1.711371551488873211e+00
4.775000000009886776e+02 -1.781828337378731364e+00
4.780000000010206804e+02 -1.409105159415398933e+00
4.785000000010527401e+02 -1.864261351013707158e+00
4.790000000010847430e+02 -1.913453754019474040e+00
4.795000000011168027e+02 -1.372602162575314644e+00
4.800000000011488055e+02 -1.342912470759279220e+00
4.805000000011808652e+02 -1.715341722414156944e+00
4.810000000012128680e+02 -1.544894846176684933e+00
4.815000000012449277e+02 -1.588289201789278016e+00
4.820000000012769306e+02 -1.636790556247564199e+00
4.825000000013089902e+02 -1.495327939731716960e+00
4.830000000013409931e+02 -1.611307195414914739e+00
4.835000000013730528e+02 -1.274190427551028515e+00
4.840000000014050556e+02 -1.910061046522164796e+00
4.845000000014371153e+02 -2.084203972985231967e+00
4.850000000014691750e+02 -1.550105976779575068e+00
4.855000000015011778e+02 -1.482225996287261927e+00
4.860000000015332375e+02 -1.644831775545397168e+00
4.865000000015652404e+02 -1.498067712226301973e+00
4.870000000015973001e+02 -2.086871227981081489e+00
4.875000000016293029e+02 -1.976693920947743210e+00
4.880000000016613626e+02 -1.720842346159506375e+00
4.885000000016933654e+02 -1.561754263163186662e+00
4.890000000017254251e+02 -1.464288109475425204e+00
4.895000000017574280e+02 -1.927407889170530186e+00
4.900000000017894877e+02 -1.565450252293333788e+00
4.905000000018214905e+02 -1.588158030273984389e+00
4.910000000018535502e+02 -1.526408298464562829e+00
4.915000000018855530e+02 -1.723406920882681881e+00
4.920000000019176127e+02 -1.517400877798423586e+00
4.925000000019496156e+02 -1.506367330404484672e+00
4.930000000019816753e+02 -1.959761988584642234e+00
4.935000000020136781e+02 -1.615058553619463044e+00
4.940000000020457378e+02 -1.605714671145789696e+00
4.945000000020777975e+02 -1.320002649910237968e+00
4.950000000021098003e+02 -1.878376787075501930e+00
4.955000000021418600e+02 -1.260198089457459369e+00
4.960000000021738629e+02 -1.595614234380275498e+00
4.965000000022059226e+02 -1.505383015720217488e+00
4.970000000022379254e+02 -1.898176598576049035e+00
4.975000000022699851e+02 -1.775313274658823159e+00
4.980000000023019879e+02 -2.184552945719350436e+00
4.985000000023340476e+02 -1.756540057835993762e+00
4.990000000023660505e+02 -1.265554831585632201e+00
4.995000000023981102e+02 -1.576328921281999529e+00
5.000000000024301130e+02 -1.289089768844905226e+00
5.005000000024621727e+02 -2.098469852597375951e+00
5.010000000024941755e+02 -1.688934099589114668e+00
5.015000000025262352e+02 -1.717985102035152867e+00
5.020000000025582381e+02 -1.730637072126411713e+00
5.025000000025902978e+02 -1.824920671698316843e+00
5.030000000026223574e+02 -1.554582600647727686e+00
5.035000000026543603e+02 -1.936732542712914729e+00
5.040000000026864200e+02 -1.657701740608820584e+00
5.045000000027184228e+02 -1.461048751043308336e+00
5.050000000027504825e+02 -1.068124381661034406e+00
5.055000000027824854e+02 -1.718604666998708730e+00
5.060000000028145450e+02 -1.543138475501754980e+00
5.065000000028465479e+02 -1.525961357653652817e+00
5.070000000028786076e+02 -1.386667656624162692e+00
5.075000000029106104e+02 -1.718629257514669773e+00
5.080000000029426701e+02 -1.663691469350342400e+00
5.085000000029746730e+02 -1.873232337534635361e+00
5.090000000030067326e+02 -1.186058821730349822e+00
5.095000000030387355e+02 -1.536618414365900964e+00
5.100000000030707952e+02 -1.925265429652090354e+00
5.105000000031027980e+02 -1.513624866988719342e+00
5.110000000031348577e+02 -1.748563274198255968e+00
5.115000000031668606e+02 -1.504170833167710830e+00
5.120000000031989202e+02 -1.434492306773251347e+00
5.125000000032309799e+02 -2.088698428630949788e+00
5.130000000032630396e+02 -1.693827016672617924e+00
5.135000000032949856e+02 -1.920172744887557625e+00
5.140000000033270453e+02 -1.308623347523684366e+00
5.145000000033591050e+02 -1.265729715563537416e+00
5.150000000033911647e+02 -1.800994959239653914e+00
5.155000000034231107e+02 -1.691582216335531852e+00
5.160000000034551704e+02 -2.362391898216623431e+00
5.165000000034872301e+02 -1.615415500965646567e+00
5.170000000035192897e+02 -1.879437003538136697e+00
5.175000000035512357e+02 -1.264880348507187113e+00
5.180000000035832954e+02 -1.714246466943710301e+00
5.185000000036153551e+02 -1.624328157977879217e+00
5.190000000036474148e+02 -1.261254152324180478e+00
5.195000000036793608e+02 -1.386389888943978965e+00
5.200000000037114205e+02 -1.758063567665110849e+00
5.205000000037434802e+02 -1.231354562129550523e+00
5.210000000037755399e+02 -1.805206489644852974e+00
5.215000000038075996e+02 -2.015268392946460985e+00
5.220000000038395456e+02 -1.655551447114831376e+00
5.225000000038716053e+02 -1.317900969937858768e+00
5.230000000039036649e+02 -1.525218369563288823e+00
5.235000000039357246e+02 -1.509871682597771159e+00
5.240000000039676706e+02 -1.880437285358521615e+00
5.245000000039997303e+02 -1.714358137275447280e+00
5.250000000040317900e+02 -1.373147949287249370e+00
5.255000000040638497e+02 -1.395038373238427942e+00
5.260000000040957957e+02 -1.669015754744016311e+00
5.265000000041278554e+02 -1.433145493474282661e+00
5.270000000041599151e+02 -1.804912336000549011e+00
5.275000000041919748e+02 -1.785974368389705358e+00
5.280000000042239208e+02 -1.369835803550569331e+00
5.285000000042559805e+02 -1.562898447682410596e+00
5.290000000042880401e+02 -1.925364882065741412e+00
5.295000000043200998e+02 -1.596923860890065328e+00
5.300000000043521595e+02 -1.552407064975113382e+00
5.305000000043841055e+02 -1.474718327481236102e+00
5.310000000044161652e+02 -1.706307714672398390e+00
5.315000000044482249e+02 -1.569471422254516968e+00
5.320000000044802846e+02 -1.858502698310764423e+00
5.325000000045122306e+02 -1.835597707777996135e+00
5.330000000045442903e+02 -1.897328003386170581e+00
5.335000000045763500e+02 -1.672083487562843862e+00
5.340000000046084097e+02 -2.023754118213250575e+00
5.345000000046403557e+02 -1.550103256369227411e+00
5.350000000046724153e+02 -1.159466993220778397e+00
5.355000000047044750e+02 -1.330088723585723276e+00
5.360000000047365347e+02 -1.347397633845341725e+00
5.365000000047684807e+02 -2.221233295659839069e+00
5.370000000048005404e+02 -1.623075792688133401e+00
5.375000000048326001e+02 -1.564832861531895603e+00
5.380000000048646598e+02 -1.854439538899359308e+00
5.385000000048967195e+02 -1.774552279323358350e+00
5.390000000049286655e+02 -1.589142972790722919e+00
5.395000000049607252e+02 -1.679785801527617917e+00
5.400000000049927849e+02 -1.391149368662731423e+00
5.405000000050248445e+02 -1.928570974956823170e+00
5.410000000050567905e+02 -1.135924043843339781e+00
5.415000000050888502e+02 -1.643242764540917333e+00
5.420000000051209099e+02 -1.732661732706103797e+00
5.425000000051529696e+02 -1.734615270437649848e+00
5.430000000051849156e+02 -1.640707895184874365e+00
5.435000000052169753e+02 -1.655395348577065162e+00
5.440000000052490350e+02 -1.604430973771339364e+00
5.445000000052810947e+02 -1.459198120988155267e+00
5.450000000053130407e+02 -1.410576367123995700e+00
5.455000000053451004e+02 -1.589189512098625690e+00
5.460000000053771601e+02 -2.119686914893173402e+00
5.465000000054092197e+02 -1.938433282471796026e+00
5.470000000054411657e+02 -1.301178984182330023e+00
5.475000000054732254e+02 -1.815118608337790151e+00
5.480000000055052851e+02 -1.731102790400203650e+00
5.485000000055373448e+02 -1.556704336326560467e+00
5.490000000055694045e+02 -1.532900138739055285e+00
5.495000000056013505e+02 -1.623984233463220850e+00
5.500000000056334102e+02 -1.994848742714290468e+00
5.505000000056654699e+02 -1.260303011754958513e+00
5.510000000056975296e+02 -2.109565104314587991e+00
5.515000000057294756e+02 -1.317973508749626044e+00
5.520000000057615352e+02 -1.421466724428679163e+00
5.525000000057935949e+02 -2.128057335394348382e+00
5.530000000058256546e+02 -1.222581015709542474e+00
5.535000000058576006e+02 -1.660863617290269989e+00
5.540000000058896603e+02 -1.727487734526822916e+00
5.545000000059217200e+02 -1.049591831194151670e+00
5.550000000059537797e+02 -1.773210925565234186e+00
5.555000000059857257e+02 -1.557862187067493354e+00
5.560000000060177854e+02 -1.664722415840005354e+00
5.565000000060498451e+02 -1.370321368254090455e+00
5.570000000060819048e+02 -1.890807239360346559e+00
5.575000000061139644e+02 -1.589907506372716828e+00
5.580000000061459104e+02 -1.523699150180394479e+00
5.585000000061779701e+02 -1.573274260894888643e+00
5.590000000062100298e+02 -1.790228826771885107e+00
5.595000000062420895e+02 -1.554804661580684089e+00
5.600000000062740355e+02 -1.758860302384649632e+00
5.605000000063060952e+02 -1.601876455156123757e+00
5.610000000063381549e+02 -1.521698478544476041e+00
5.615000000063702146e+02 -1.396362568086078948e+00
5.620000000064021606e+02 -2.095548275821911943e+00
5.625000000064342203e+02 -2.075043582960887090e+00
5.630000000064662800e+02 -1.630535559091217834e+00
5.635000000064983396e+02 -1.635482262848396262e+00
5.640000000065302856e+02 -1.480737889601091206e+00
5.645000000065623453e+02 -1.681719534123756077e+00
5.650000000065944050e+02 -1.466545484457003168e+00
5.655000000066264647e+02 -1.710771030517091562e+00
5.660000000066585244e+02 -1.965721918850349859e+00
5.665000000066904704e+02 -1.327752185075641078e+00
5.670000000067225301e+02 -1.386337588892346817e+00
5.675000000067545898e+02 -1.693145207098364802e+00
5.680000000067866495e+02 -1.662359437243508431e+00
5.685000000068185955e+02 -1.542493187238077601e+00
5.690000000068506552e+02 -1.487779582359781472e+00
5.695000000068827148e+02 -1.566403439553281984e+00
5.700000000069147745e+02 -1.528437357872519664e+00
5.705000000069467205e+02 -1.726913150549734599e+00
5.710000000069787802e+02 -1.594107304435051553e+00
5.715000000070108399e+02 -1.940005538015804776e+00
5.720000000070428996e+02 -2.079531191913166488e+00
5.725000000070748456e+02 -1.513105242259658034e+00
5.730000000071069053e+02 -1.295980272308641990e+00
5.735000000071389650e+02 -1.763589498421400226e+00
5.740000000071710247e+02 -1.591517343273583851e+00
5.745000000072030844e+02 -2.027442886077847284e+00
5.750000000072350304e+02 -1.684510144387695529e+00
5.755000000072670900e+02 -1.366274829047297024e+00
5.760000000072991497e+02 -1.509646403660253045e+00
5.765000000073312094e+02 -1.960728717651161634e+00
5.770000000073631554e+02 -1.678161746396663601e+00
5.775000000073952151e+02 -1.956740183242762221e+00
5.780000000074272748e+02 -1.372481874740282271e+00
5.785000000074593345e+02 -1.554856827731759150e+00
5.790000000074912805e+02 -1.264625631970127673e+00
5.795000000075233402e+02 -1.431560156471211043e+00
5.800000000075553999e+02 -1.548393769408365817e+00
5.805000000075874595e+02 -1.765916107413146863e+00
5.810000000076194056e+02 -1.791315015072589834e+00
5.815000000076514652e+02 -1.967617734284720088e+00
5.820000000076835249e+02 -1.643480021680777448e+00
5.825000000077155846e+02 -1.649923868169056673e+00
5.830000000077476443e+02 -1.589418456968781923e+00
5.835000000077795903e+02 -1.841539184082159997e+00
5.840000000078116500e+02 -1.629841813080314283e+00
5.845000000078437097e+02 -1.937558736045509766e+00
5.850000000078757694e+02 -1.537911758428600395e+00
5.855000000079077154e+02 -1.763361929444670295e+00
5.860000000079397751e+02 -1.814563048790986732e+00
5.865000000079718347e+02 -1.666301930239945772e+00
5.870000000080038944e+02 -1.270487688691848138e+00
5.875000000080358404e+02 -1.564673842052894059e+00
5.880000000080679001e+02 -1.916138374017673618e+00
5.885000000080999598e+02 -1.407892685902361274e+00
5.890000000081320195e+02 -2.212210954663771378e+00
5.895000000081639655e+02 -1.442899962538777281e+00
5.900000000081960252e+02 -1.600997970526399916e+00
5.905000000082280849e+02 -1.908753917316610815e+00
5.910000000082601446e+02 -1.326011141390123438e+00
5.915000000082920906e+02 -1.861101868436151552e+00
5.920000000083241503e+02 -1.305716025307211092e+00
5.925000000083562099e+02 -1.963831623738231169e+00
5.930000000083882696e+02 -1.591597898222910201e+00
5.935000000084203293e+02 -1.666012135673000660e+00
5.940000000084522753e+02 -1.639893772810322670e+00
5.945000000084843350e+02 -1.788856293366557715e+00
5.950000000085163947e+02 -1.604196203870626558e+00
5.955000000085484544e+02 -1.440098002037422109e+00
5.960000000085804004e+02 -1.648488124911173580e+00
5.965000000086124601e+02 -1.823833704387658683e+00
5.970000000086445198e+02 -1.564017133189382402e+00
5.975000000086765795e+02 -7.240932658044708647e-01
5.980000000087085255e+02 -1.805163222732297790e+00
5.985000000087405851e+02 -1.541394422135828002e+00
5.990000000087726448e+02 -1.851669699302497252e+00
5.995000000088047045e+02 -1.979327538462418046e+00
6.000000000088366505e+02 -1.919065452435504859e+00
6.005000000088687102e+02 -1.676375819342966089e+00
6.010000000089007699e+02 -1.321863499601989567e+00
6.015000000089328296e+02 -1.415297010223273366e+00
6.020000000089648893e+02 -1.691771406647029741e+00
6.025000000089968353e+02 -1.403445064660621355e+00
6.030000000090288950e+02 -1.957043479282105647e+00
6.035000000090609547e+02 -1.396946620892298707e+00
6.040000000090930143e+02 -1.787089477543727822e+00
6.045000000091249603e+02 -1.494616991390256056e+00
6.050000000091570200e+02 -1.871215797807441072e+00
6.055000000091890797e+02 -1.746605674875830960e+00
6.060000000092211394e+02 -1.500200025643832147e+00
6.065000000092530854e+02 -1.533019585233460935e+00
6.070000000092851451e+02 -1.592128107333109055e+00
6.075000000093172048e+02 -1.839298820672051527e+00
6.080000000093492645e+02 -1.478621388604852926e+00
6.085000000093812105e+02 -1.447084458777758487e+00
6.090000000094132702e+02 -1.558877265199873685e+00
6.095000000094453299e+02 -1.507066824473779931e+00
6.100000000094773895e+02 -1.557038651925933159e+00
6.105000000095094492e+02 -1.507018024327040351e+00
6.110000000095413952e+02 -1.781451602205921692e+00
6.115000000095734549e+02 -1.388149881376659289e+00
6.120000000096055146e+02 -1.547017743171137827e+00
6.125000000096375743e+02 -1.004219739092643060e+00
6.130000000096695203e+02 -1.578662185304120724e+00
6.135000000097015800e+02 -1.869666032565075575e+00
6.140000000097336397e+02 -1.559034837321975342e+00
6.145000000097656994e+02 -1.502938146613976844e+00
6.150000000097976454e+02 -1.533910292808216891e+00
6.155000000098297050e+02 -1.644705454050724880e+00
6.160000000098617647e+02 -2.030665817582194332e+00
6.165000000098938244e+02 -1.829155193587882033e+00
6.170000000099257704e+02 -1.604774668989100705e+00
6.175000000099578301e+02 -1.448306658546123948e+00
6.180000000099898898e+02 -1.843635070302928947e+00
6.185000000100219495e+02 -1.775980065453767853e+00
6.190000000100540092e+02 -1.910871182941468183e+00
6.195000000100859552e+02 -1.490820688233273072e+00
6.200000000101180149e+02 -2.083485817034336218e+00
6.205000000101500746e+02 -1.961023949093149366e+00
6.210000000101821342e+02 -1.621977067694580166e+00
6.215000000102140802e+02 -1.436400899636777639e+00
6.220000000102461399e+02 -1.776827869274858029e+00
6.225000000102781996e+02 -2.032205921335326959e+00
6.230000000103102593e+02 -1.374881854600174647e+00
6.235000000103422053e+02 -1.808496044787991419e+00
6.240000000103742650e+02 -1.835389414554342125e+00
6.245000000104063247e+02 -1.379071189265685948e+00
6.250000000104383844e+02 -1.987342998284557405e+00
6.255000000104703304e+02 -1.672438204288193120e+00
6.260000000105023901e+02 -1.744034210754159542e+00
6.265000000105344498e+02 -1.396948687160381120e+00
6.270000000105665094e+02 -1.245061166194095126e+00
6.275000000105985691e+02 -1.486516686013193311e+00
6.280000000106305151e+02 -1.260261669422532593e+00
6.285000000106625748e+02 -2.206069184947415884e+00
6.290000000106946345e+02 -1.586481046578644749e+00
6.295000000107266942e+02 -1.644595940590207972e+00
6.300000000107586402e+02 -1.363348152198009533e+00
6.305000000107906999e+02 -1.303359881794479591e+00
6.310000000108227596e+02 -1.876419338437686157e+00
6.315000000108548193e+02 -2.155257910820733702e+00
6.320000000108867653e+02 -1.577731571575085479e+00
6.325000000109188250e+02 -1.864189146962460297e+00
6.330000000109508846e+02 -1.683650211367330618e+00
6.335000000109829443e+02 -1.467734387337178870e+00
6.340000000110148903e+02 -1.529109302553681271e+00
6.345000000110469500e+02 -1.676663085819318333e+00
6.350000000110790097e+02 -1.914065857775536950e+00
6.355000000111110694e+02 -1.586734631751888669e+00
6.360000000111430154e+02 -1.733176145417328229e+00
6.365000000111750751e+02 -1.913985484860015074e+00
6.370000000112071348e+02 -1.790053699171514801e+00
6.375000000112391945e+02 -1.636879556215455001e+00
6.380000000112712542e+02 -2.062190302963118338e+00
6.385000000113032002e+02 -1.569416766801743801e+00
6.390000000113352598e+02 -1.934633391543226555e+00
6.395000000113673195e+02 -1.777908736009497837e+00
6.400000000113993792e+02 -1.267241505433703841e+00
6.405000000114313252e+02 -1.169461969945709612e+00
6.410000000114633849e+02 -1.851256297644459980e+00
6.415000000114954446e+02 -1.803199206547189126e+00
6.420000000115275043e+02 -1.527836040658892447e+00
6.425000000115594503e+02 -1.693265624733011121e+00
6.430000000115915100e+02 -1.759572442347345556e+00
6.435000000116235697e+02 -1.489122249527800479e+00
6.440000000116556294e+02 -2.243912214706811348e+00
6.445000000116875754e+02 -1.811333088406126501e+00
6.450000000117196350e+02 -1.355585243357144698e+00
6.455000000117516947e+02 -1.784872699846632660e+00
6.460000000117837544e+02 -1.888276162382125589e+00
6.465000000118158141e+02 -1.468099653379547620e+00
6.470000000118477601e+02 -1.323162781464733762e+00
6.475000000118798198e+02 -1.444455456244333913e+00
6.480000000119118795e+02 -1.769445083754415338e+00
6.485000000119439392e+02 -1.938658577342290856e+00
6.490000000119758852e+02 -1.517490197613106773e+00
6.495000000120079449e+02 -1.605380572436843734e+00
6.500000000120400045e+02 -1.935129098938418446e+00
6.505000000120720642e+02 -1.414377336847184807e+00
6.510000000121040102e+02 -1.508734161593942025e+00
6.515000000121360699e+02 -1.387028216512211420e+00
6.520000000121681296e+02 -1.973053454889898362e+00
6.525000000122001893e+02 -1.533152245514474377e+00
6.530000000122321353e+02 -1.903719876473324746e+00
6.535000000122641950e+02 -1.436115464957907539e+00
6.540000000122962547e+02 -1.222988703515249131e+00
6.545000000123283144e+02 -1.341855900907781285e+00
6.550000000123603741e+02 -1.774401753853432240e+00
6.555000000123923201e+02 -1.544729711706500863e+00
6.560000000124243797e+02 -1.505200244384185870e+00
6.565000000124564394e+02 -1.788831369414077166e+00
6.570000000124884991e+02 -1.612470207419864687e+00
6.575000000125204451e+02 -1.480841884158660138e+00
6.580000000125525048e+02 -1.383814820364450693e+00
6.585000000125845645e+02 -1.811787787600005029e+00
6.590000000126166242e+02 -1.240098195130003855e+00
6.595000000126485702e+02 -1.609399964942495709e+00
6.600000000126806299e+02 -1.363110692619925679e+00
6.605000000127126896e+02 -1.589073636631871844e+00
6.610000000127447493e+02 -1.793004719445199013e+00
6.615000000127766953e+02 -2.043170850457645127e+00
6.620000000128087549e+02 -1.492951591699282154e+00
6.625000000128408146e+02 -2.088236970775086299e+00
6.630000000128728743e+02 -1.555217111704300992e+00
6.635000000129049340e+02 -1.553226476415037416e+00
6.640000000129368800e+02 -1.784896263631233770e+00
6.645000000129689397e+02 -2.018765357250210890e+00
6.650000000130009994e+02 -1.792040114494820591e+00
6.655000000130330591e+02 -1.663730096220758181e+00
6.660000000130650051e+02 -1.458800906738338510e+00
6.665000000130970648e+02 -1.672311271193073212e+00
6.670000000131291245e+02 -1.977634051899770817e+00
6.675000000131611841e+02 -1.805918557926159629e+00
6.680000000131931301e+02 -1.170413316557178618e+00
6.685000000132251898e+02 -1.644621659587192752e+00
6.690000000132572495e+02 -2.097938399018387301e+00
6.695000000132893092e+02 -1.372288507102007227e+00
6.700000000133212552e+02 -1.860918570597469568e+00
6.705000000133533149e+02 -2.028093930105988374e+00
6.710000000133853746e+02 -1.640611002733910251e+00
6.715000000134174343e+02 -1.722719253848348675e+00
6.720000000134494940e+02 -1.532461200494313447e+00
6.725000000134814400e+02 -1.441364287762593399e+00
6.730000000135134997e+02 -1.546499476633006243e+00
6.735000000135455593e+02 -1.727361963391625732e+00
6.740000000135776190e+02 -1.958324807702022552e+00
6.745000000136095650e+02 -1.391143219770305750e+00
6.750000000136416247e+02 -2.048042116022143588e+00
6.755000000136736844e+02 -1.520839307709846322e+00
6.760000000137057441e+02 -1.416680246741075067e+00
6.765000000137376901e+02 -1.630128773072129222e+00
6.770000000137697498e+02 -1.747926451064834241e+00
6.775000000138018095e+02 -2.060120004779992353e+00
6.780000000138338692e+02 -1.478799802491313597e+00
6.785000000138658152e+02 -2.073448947664464193e+00
6.790000000138978749e+02 -1.593647262899476891e+00
6.795000000139299345e+02 -1.942399487429333105e+00
6.800000000139619942e+02 -1.978144062600930786e+00
6.805000000139939402e+02 -1.250158709981182392e+00
6.810000000140259999e+02 -1.993268376873282621e+00
6.815000000140580596e+02 -1.479355881917560733e+00
6.820000000140901193e+02 -1.753658951156132906e+00
6.825000000141221790e+02 -1.819374194240650722e+00
6.830000000141541250e+02 -1.702377543812744198e+00
6.835000000141861847e+02 -1.443160998322352784e+00
6.840000000142182444e+02 -1.672984436852333223e+00
6.845000000142503040e+02 -1.438171988784865851e+00
6.850000000142822500e+02 -1.302153002457608011e+00
6.855000000143143097e+02 -1.539451985340368090e+00
6.860000000143463694e+02 -1.690209722917542789e+00
6.865000000143784291e+02 -1.627045201511466033e+00
6.870000000144103751e+02 -1.662153741486935177e+00
6.875000000144424348e+02 -1.923736305398938251e+00
6.880000000144744945e+02 -1.674956652222532760e+00
6.885000000145065542e+02 -1.398395162095863231e+00
6.890000000145385002e+02 -1.772948732623462087e+00
6.895000000145705599e+02 -1.492980095016802178e+00
6.900000000146026196e+02 -1.832359745811109608e+00
6.905000000146346792e+02 -1.574183143824314124e+00
6.910000000146667389e+02 -1.917390813834468632e+00
6.915000000146986849e+02 -2.004387930486368319e+00
6.920000000147307446e+02 -1.763385955618091083e+00
6.925000000147628043e+02 -1.868305899932600322e+00
6.930000000147948640e+02 -1.336990674628156128e+00
6.935000000148268100e+02 -1.950672155217783255e+00
6.940000000148588697e+02 -1.991270357630781973e+00
6.945000000148909294e+02 -1.632232427930822016e+00
6.950000000149229891e+02 -1.761388981337094428e+00
6.955000000149549351e+02 -1.651880893900235847e+00
6.960000000149869948e+02 -1.374908304669189452e+00
6.965000000150190544e+02 -1.515405788751436278e+00
6.970000000150511141e+02 -1.713588959153997227e+00
6.975000000150830601e+02 -1.667262299299805406e+00
6.980000000151151198e+02 -1.651654816025441841e+00
6.985000000151471795e+02 -1.645052311752794427e+00
6.990000000151792392e+02 -1.481177741705677509e+00
6.995000000152112989e+02 -1.354278557046912024e+00
7.000000000152432449e+02 -1.468955255112046165e+00
7.005000000152753046e+02 -1.359424179323834192e+00
7.010000000153073643e+02 -1.433615302588896689e+00
7.015000000153394240e+02 -1.491072457339639001e+00
7.020000000153713700e+02 -1.469065019899916003e+00
7.025000000154034296e+02 -1.348085525229133719e+00
7.030000000154354893e+02 -1.670835331280352110e+00
7.035000000154675490e+02 -1.717543701557510794e+00
7.040000000154994950e+02 -1.381896551651618843e+00
7.045000000155315547e+02 -1.209907632637605035e+00
7.050000000155636144e+02 -1.745919056072689823e+00
7.055000000155956741e+02 -1.693739950422273655e+00
7.060000000156276201e+02 -1.782506721063732202e+00
7.065000000156596798e+02 -1.427373012090757065e+00
7.070000000156917395e+02 -1.668698002227644972e+00
7.075000000157237992e+02 -1.686085833807623002e+00
7.080000000157558588e+02 -1.620217801785850398e+00
7.085000000157878048e+02 -1.621425017222682508e+00
7.090000000158198645e+02 -1.588525594084495562e+00
7.095000000158519242e+02 -1.675609057525729195e+00
7.100000000158839839e+02 -1.825842698723651791e+00
7.105000000159159299e+02 -1.203554147693633558e+00
7.110000000159479896e+02 -1.781746248793157239e+00
7.115000000159800493e+02 -2.114658940478658433e+00
7.120000000160121090e+02 -1.518879797720807501e+00
7.125000000160440550e+02 -1.347468975456211915e+00
7.130000000160761147e+02 -1.393337873243184699e+00
7.135000000161081743e+02 -1.240440539840019785e+00
7.140000000161402340e+02 -1.357005818471666903e+00
7.145000000161721800e+02 -2.017648731384487970e+00
7.150000000162042397e+02 -2.082286668070846947e+00
7.155000000162362994e+02 -9.865977136294826755e-01
7.160000000162683591e+02 -1.289233691720088615e+00
7.165000000163003051e+02 -1.733075874070560518e+00
7.170000000163323648e+02 -1.624014162879873435e+00
7.175000000163644245e+02 -1.713007477218046359e+00
7.180000000163964842e+02 -1.527113894588846499e+00
7.185000000164285439e+02 -1.913537691455949652e+00
7.190000000164604899e+02 -1.660769807172651991e+00
7.195000000164925495e+02 -1.539470791522617565e+00
7.200000000165246092e+02 -1.761410926551072675e+00
7.205000000165566689e+02 -1.618273875302369325e+00
7.210000000165886149e+02 -2.164388329135621181e+00
7.215000000166206746e+02 -1.563879030135215453e+00
7.220000000166527343e+02 -2.023013289101643686e+00
7.225000000166847940e+02 -1.296958983240960039e+00
7.230000000167167400e+02 -1.411916359222672668e+00
7.235000000167487997e+02 -1.878228382743333480e+00
7.240000000167808594e+02 -1.782803760117340763e+00
7.245000000168129191e+02 -1.358123701133375771e+00
7.250000000168448651e+02 -1.642794996398120544e+00
7.255000000168769247e+02 -1.817758441671651903e+00
7.260000000169089844e+02 -1.645150720874259731e+00
7.265000000169410441e+02 -1.254900058203545665e+00
7.270000000169731038e+02 -1.329894996763221426e+00
7.275000000170050498e+02 -1.954662631352339197e+00
7.280000000170371095e+02 -1.879571287961970372e+00
7.285000000170691692e+02 -1.730214115364156147e+00
7.290000000171012289e+02 -2.191746594339708309e+00
7.295000000171331749e+02 -1.820054051407034912e+00
7.300000000171652346e+02 -1.258938539749383301e+00
7.305000000171972943e+02 -1.528675939106872939e+00
7.310000000172293539e+02 -1.571246420611353223e+00
7.315000000172612999e+02 -1.831546974716625309e+00
7.320000000172933596e+02 -1.373544307829438260e+00
7.325000000173254193e+02 -1.800647026976914811e+00
7.330000000173574790e+02 -1.520747658845937433e+00
7.335000000173894250e+02 -1.772163376780093724e+00
7.340000000174214847e+02 -1.268233666792063730e+00
7.345000000174535444e+02 -2.072065002771378506e+00
7.350000000174856041e+02 -1.981549593600603565e+00
7.355000000175176638e+02 -1.512206995701892653e+00
7.360000000175496098e+02 -1.958293946633411942e+00
7.365000000175816695e+02 -1.499109479056238037e+00
7.370000000176137291e+02 -1.280858339664235235e+00
7.375000000176457888e+02 -1.848952491627866790e+00
7.380000000176777348e+02 -1.767646716819866182e+00
7.385000000177097945e+02 -1.585435706365470709e+00
7.390000000177418542e+02 -1.141839218340315654e+00
7.395000000177739139e+02 -1.476038677542631294e+00
7.400000000178058599e+02 -1.992972912973351773e+00
7.405000000178379196e+02 -1.665285964629945381e+00
7.410000000178699793e+02 -1.683379399343994276e+00
7.415000000179020390e+02 -1.659433755992164583e+00
7.420000000179339850e+02 -1.311050442368067115e+00
7.425000000179660447e+02 -1.711495913679579761e+00
7.430000000179981043e+02 -1.421384326273757326e+00
7.435000000180301640e+02 -2.150498660776634097e+00
7.440000000180622237e+02 -1.694605582348265527e+00
7.445000000180941697e+02 -1.534285267133206565e+00
7.450000000181262294e+02 -1.720942986959120180e+00
7.455000000181582891e+02 -1.721331085812233486e+00
7.460000000181903488e+02 -1.815402048145786429e+00
7.465000000182222948e+02 -1.234858522643112355e+00
7.470000000182543545e+02 -1.786910244012548832e+00
7.475000000182864142e+02 -1.672314227585046886e+00
7.480000000183184738e+02 -1.483048035563308220e+00
7.485000000183504199e+02 -1.785525359153569136e+00
7.490000000183824795e+02 -1.796091508021952832e+00
7.495000000184145392e+02 -1.598918823068927741e+00
7.500000000184465989e+02 -1.569577422582680182e+00
7.505000000184785449e+02 -1.787417184314031848e+00
7.510000000185106046e+02 -1.690817135830044782e+00
7.515000000185426643e+02 -1.848101452272260525e+00
7.520000000185747240e+02 -1.761138537740731813e+00
7.525000000186067837e+02 -1.950290196874849613e+00
7.530000000186387297e+02 -1.540128558198163189e+00
7.535000000186707894e+02 -1.635869292139007003e+00
7.540000000187028490e+02 -1.596516075295681514e+00
7.545000000187349087e+02 -1.678903208810613723e+00
7.550000000187668547e+02 -1.577550619712668745e+00
7.555000000187989144e+02 -2.061091902343943350e+00
7.560000000188309741e+02 -1.679625290747303934e+00
7.565000000188630338e+02 -1.654824550936315752e+00
7.570000000188949798e+02 -1.636516825972398337e+00
7.575000000189270395e+02 -1.527494687137782359e+00
7.580000000189590992e+02 -1.408419765310928717e+00
7.585000000189911589e+02 -1.332001861301017387e+00
7.590000000190231049e+02 -1.827315169622653279e+00
7.595000000190551646e+02 -1.632555992440285042e+00
7.600000000190872242e+02 -1.800491710361640907e+00
7.605000000191192839e+02 -1.805530092108159179e+00
7.610000000191512299e+02 -1.985449437543268081e+00
7.615000000191832896e+02 -1.380089487478860732e+00
7.620000000192153493e+02 -1.432226091690644632e+00
7.625000000192474090e+02 -1.412705846684808808e+00
7.630000000192794687e+02 -1.685585455258677312e+00
7.635000000193114147e+02 -1.748380361121872228e+00
7.640000000193434744e+02 -1.191160383584790150e+00
7.645000000193755341e+02 -1.671657435126209013e+00
7.650000000194075938e+02 -1.716712748825657497e+00
7.655000000194395398e+02 -1.711015184400841438e+00
7.660000000194715994e+02 -1.453274055035890244e+00
7.665000000195036591e+02 -1.419067846507013675e+00
7.670000000195357188e+02 -1.356036396509809006e+00
7.675000000195676648e+02 -1.425630816822622160e+00
7.680000000195997245e+02 -1.516588611513180584e+00
7.685000000196317842e+02 -1.661135269030822981e+00
7.690000000196638439e+02 -1.215876928894823461e+00
7.695000000196957899e+02 -1.595778066137836682e+00
7.700000000197278496e+02 -1.406386583937876633e+00
7.705000000197599093e+02 -1.250592500512764937e+00
7.710000000197919690e+02 -1.806657571824773489e+00
7.715000000198240286e+02 -1.774217479662320684e+00
7.720000000198559746e+02 -1.386762871439256140e+00
7.725000000198880343e+02 -1.908029185130676986e+00
7.730000000199200940e+02 -1.561500973250475210e+00
7.735000000199521537e+02 -1.817062335726296496e+00
7.740000000199840997e+02 -1.678207333231816367e+00
7.745000000200161594e+02 -1.651770435884118093e+00
7.750000000200482191e+02 -1.810861849298150528e+00
7.755000000200802788e+02 -1.371270323527543855e+00
7.760000000201122248e+02 -1.679678320951734749e+00
7.765000000201442845e+02 -1.773668232297448633e+00
7.770000000201763442e+02 -1.700640112606143894e+00
7.775000000202084038e+02 -1.781477782877282312e+00
7.780000000202403498e+02 -1.496740920187785040e+00
7.785000000202724095e+02 -1.829351460935365825e+00
7.790000000203044692e+02 -1.884834955162680403e+00
7.795000000203365289e+02 -1.592901478978742569e+00
7.800000000203685886e+02 -1.699128654020132467e+00
7.805000000204005346e+02 -1.704783349671556092e+00
7.810000000204325943e+02 -1.927981984687172856e+00
7.815000000204646540e+02 -2.029373516354202156e+00
7.820000000204967137e+02 -1.344534276759397295e+00
7.825000000205286597e+02 -1.832617034563640335e+00
7.830000000205607193e+02 -2.011640779405652779e+00
7.835000000205927790e+02 -1.890665718859564803e+00
7.840000000206248387e+02 -1.805597797706935737e+00
7.845000000206567847e+02 -1.688792329523169045e+00
7.850000000206888444e+02 -1.447389593730595614e+00
7.855000000207209041e+02 -1.924874613717968197e+00
7.860000000207529638e+02 -1.837391133794322284e+00
7.865000000207849098e+02 -1.950019274671817460e+00
7.870000000208169695e+02 -2.008540029873211452e+00
7.875000000208490292e+02 -1.772783353817847463e+00
7.880000000208810889e+02 -1.757575889733017149e+00
7.885000000209131485e+02 -1.780838370994405118e+00
7.890000000209450945e+02 -1.672102908870744420e+00
7.895000000209771542e+02 -1.806039775015098048e+00
7.900000000210092139e+02 -1.523101768098301667e+00
7.905000000210412736e+02 -1.416361207360057550e+00
7.910000000210732196e+02 -1.757892388616461243e+00
7.915000000211052793e+02 -1.638967131610738370e+00
7.920000000211373390e+02 -1.535597118499008928e+00
7.925000000211693987e+02 -1.483407566479332695e+00
7.930000000212013447e+02 -1.755483288778403539e+00
7.935000000212334044e+02 -1.798387662594898240e+00
7.940000000212654641e+02 -1.747152535885362790e+00
7.945000000212975237e+02 -1.838415966139006485e+00
7.950000000213294697e+02 -1.738227070181486145e+00
7.955000000213615294e+02 -2.106094512008364728e+00
7.960000000213935891e+02 -1.339683926925449686e+00
7.965000000214256488e+02 -1.972205498698086590e+00
7.970000000214577085e+02 -1.486753220614759563e+00
7.975000000214896545e+02 -1.191160225523586025e+00
7.980000000215217142e+02 -1.689389596147141681e+00
7.985000000215537739e+02 -1.391090953010102327e+00
7.990000000215858336e+02 -1.656913536598196623e+00
7.995000000216177796e+02 -1.926992544893737724e+00
8.000000000216498393e+02 -1.889570327029880037e+00
8.005000000216818989e+02 -1.304213692367582444e+00
8.010000000217139586e+02 -1.910723047328505508e+00
8.015000000217459046e+02 -1.399010223803123232e+00
8.020000000217779643e+02 -7.835833234455260587e-01
8.025000000218100240e+02 -1.906468401184474804e+00
8.030000000218420837e+02 -1.775471757661196248e+00
8.035000000218740297e+02 -1.936100363704038152e+00
8.040000000219060894e+02 -1.663276734251536215e+00
8.045000000219381491e+02 -1.700410458055872098e+00
8.050000000219702088e+02 -1.594507817831412266e+00
8.055000000220021548e+02 -1.280070547144606330e+00
8.060000000220342145e+02 -1.695418280677602807e+00
8.065000000220662741e+02 -1.655600515445045495e+00
8.070000000220983338e+02 -1.832504738548631718e+00
8.075000000221303935e+02 -1.636380885538504693e+00
8.080000000221623395e+02 -1.504535399823311081e+00
8.085000000221943992e+02 -2.337904454551071876e+00
8.090000000222264589e+02 -1.065030493061755790e+00
8.095000000222585186e+02 -2.560678191464923259e+00
8.100000000222904646e+02 -1.977760369529981688e+00
8.105000000223225243e+02 -1.533086997248967576e+00
8.110000000223545840e+02 -1.571868065204472531e+00
8.115000000223866436e+02 -1.871760877516285282e+00
8.120000000224185897e+02 -1.369651083678205206e+00
8.125000000224506493e+02 -1.572693116389044299e+00
8.130000000224827090e+02 -1.675956398649600221e+00
8.135000000225147687e+02 -1.569281389664894721e+00
8.140000000225467147e+02 -1.820560730592700960e+00
8.145000000225787744e+02 -2.119996068596115446e+00
8.150000000226108341e+02 -1.430636345135992471e+00
8.155000000226428938e+02 -2.229913864953687597e+00
8.160000000226749535e+02 -1.585766432941197346e+00
8.165000000227068995e+02 -1.647481951460329386e+00
8.170000000227389592e+02 -1.730542636985748617e+00
8.175000000227710188e+02 -2.123571342829807307e+00
8.180000000228030785e+02 -1.491660676573066446e+00
8.185000000228350245e+02 -2.000583391560403879e+00
8.190000000228670842e+02 -1.421329635863333607e+00
8.195000000228991439e+02 -1.805352352888677236e+00
8.200000000229312036e+02 -1.762294780776500813e+00
8.205000000229631496e+02 -1.762931987742871742e+00
8.210000000229952093e+02 -1.574040204108782870e+00
8.215000000230272690e+02 -1.586568704698166465e+00
8.220000000230593287e+02 -1.811435999231987504e+00
8.225000000230912747e+02 -1.271856031253617791e+00
8.230000000231233344e+02 -1.590861717169409939e+00
8.235000000231553940e+02 -1.699186922336273220e+00
8.240000000231874537e+02 -1.562894008926631439e+00
8.245000000232195134e+02 -1.828938977065666105e+00
8.250000000232514594e+02 -1.525667500288690581e+00
8.255000000232835191e+02 -1.706696141101752495e+00
8.260000000233155788e+02 -1.573609341365192371e+00
8.265000000233476385e+02 -1.774916514924764988e+00
8.270000000233795845e+02 -1.926207885990623536e+00
8.275000000234116442e+02 -1.861072683264618499e+00
8.280000000234437039e+02 -1.171707239365154640e+00
8.285000000234757636e+02 -1.795115472650246513e+00
8.290000000235077096e+02 -1.518636539440436639e+00
8.295000000235397692e+02 -1.767280593063195626e+00
8.300000000235718289e+02 -1.622978661632693775e+00
8.305000000236038886e+02 -1.500316253179551529e+00
8.310000000236358346e+02 -1.935364733635979384e+00
8.315000000236678943e+02 -1.545888056616060879e+00
8.320000000236999540e+02 -1.773324629725012258e+00
8.325000000237320137e+02 -1.430360581222124061e+00
8.330000000237640734e+02 -1.340725534235782668e+00
8.335000000237960194e+02 -1.822072981361616550e+00
8.340000000238280791e+02 -1.401673415315847215e+00
8.345000000238601388e+02 -1.365939192292857429e+00
8.350000000238921984e+02 -1.773173238052315970e+00
8.355000000239241444e+02 -1.923976345941095012e+00
8.360000000239562041e+02 -1.445696718582492935e+00
8.365000000239882638e+02 -1.492845495832082481e+00
8.370000000240203235e+02 -1.476803831774397224e+00
8.375000000240522695e+02 -1.148539549114569347e+00
8.380000000240843292e+02 -1.369837476098982654e+00
8.385000000241163889e+02 -1.601315110355888693e+00
8.390000000241484486e+02 -2.018777573084678423e+00
8.395000000241803946e+02 -1.678116466208961377e+00
8.400000000242124543e+02 -1.646241210936095767e+00
8.405000000242445140e+02 -1.810727239962923285e+00
8.410000000242765736e+02 -1.535720758869418612e+00
8.415000000243086333e+02 -1.642782294887463967e+00
8.420000000243405793e+02 -1.754634503233488019e+00
8.425000000243726390e+02 -1.810093477460982037e+00
8.430000000244046987e+02 -1.477193874737609658e+00
8.435000000244367584e+02 -2.018327510525946611e+00
8.440000000244687044e+02 -1.980960380725937497e+00
8.445000000245007641e+02 -1.186023092674725721e+00
8.450000000245328238e+02 -1.598091300750074994e+00
8.455000000245648835e+02 -1.387207979049302597e+00
8.460000000245968295e+02 -1.332553527072049437e+00
8.465000000246288892e+02 -1.311421511974701026e+00
8.470000000246609488e+02 -1.748890377838397736e+00
8.475000000246930085e+02 -1.900646654662961010e+00
8.480000000247249545e+02 -1.766600843025179390e+00
8.485000000247570142e+02 -1.704674117531862265e+00
8.490000000247890739e+02 -2.257794704521528306e+00
8.495000000248211336e+02 -1.548372406875661467e+00
8.500000000248530796e+02 -1.321351521405532692e+00
8.505000000248851393e+02 -1.736184695787505561e+00
8.510000000249171990e+02 -1.593098571018238152e+00
8.515000000249492587e+02 -1.627824939762098078e+00
8.520000000249813183e+02 -1.572300297760394372e+00
8.525000000250132643e+02 -1.730149873934468063e+00
8.530000000250453240e+02 -1.870276891720084045e+00
8.535000000250773837e+02 -1.555237977665267834e+00
8.540000000251094434e+02 -1.311428919349036937e+00
8.545000000251413894e+02 -1.331890430255362912e+00
8.550000000251734491e+02 -2.110865043616072967e+00
8.555000000252055088e+02 -1.713390839646758312e+00
8.560000000252375685e+02 -1.424533699167761736e+00
8.565000000252695145e+02 -1.831282407127869938e+00
8.570000000253015742e+02 -1.477035025433623749e+00
8.575000000253336339e+02 -1.473853288979445564e+00
8.580000000253656935e+02 -1.898121336017490002e+00
8.585000000253976395e+02 -1.332630755853740245e+00
8.590000000254296992e+02 -1.555596564531004589e+00
8.595000000254617589e+02 -1.566939714384766313e+00
8.600000000254938186e+02 -1.974725978589717323e+00
8.605000000255258783e+02 -1.654517829445906640e+00
8.610000000255578243e+02 -1.754374988640116539e+00
8.615000000255898840e+02 -1.840079383693180803e+00
8.620000000256219437e+02 -1.965356741052243894e+00
8.625000000256540034e+02 -1.266935245634210672e+00
8.630000000256859494e+02 -1.604104943892359803e+00
8.635000000257180091e+02 -1.925977342574077156e+00
8.640000000257500687e+02 -1.586038871404694461e+00
8.645000000257821284e+02 -1.792674468216661765e+00
8.650000000258140744e+02 -1.593490301859658453e+00
8.655000000258461341e+02 -1.783138481666980635e+00
8.660000000258781938e+02 -1.498013816421708055e+00
8.665000000259102535e+02 -1.876648349259904647e+00
8.670000000259421995e+02 -1.687006300662370784e+00
8.675000000259742592e+02 -1.396459214511538649e+00
8.680000000260063189e+02 -1.470847628486789294e+00
8.685000000260383786e+02 -1.441612761686893229e+00
8.690000000260704383e+02 -1.880403824162599991e+00
8.695000000261023843e+02 -1.372870102421793526e+00
8.700000000261344439e+02 -1.677317156808912246e+00
8.705000000261665036e+02 -1.590669042334383887e+00
8.710000000261985633e+02 -1.380903029254838987e+00
8.715000000262305093e+02 -1.579811163875319613e+00
8.720000000262625690e+02 -1.762850894662608914e+00
8.725000000262946287e+02 -1.194243756270423562e+00
8.730000000263266884e+02 -1.827495274771515632e+00
8.735000000263586344e+02 -1.604363095409957696e+00
8.740000000263906941e+02 -1.863802456051660617e+00
8.745000000264227538e+02 -1.763872763127074750e+00
8.750000000264548135e+02 -1.683324523777695481e+00
8.755000000264867595e+02 -1.535771298796277051e+00
8.760000000265188191e+02 -1.565033663694569865e+00
8.765000000265508788e+02 -1.587637547108061042e+00
8.770000000265829385e+02 -2.161562879385119817e+00
8.775000000266149982e+02 -1.501617625655500277e+00
8.780000000266469442e+02 -1.724896038275536947e+00
8.785000000266790039e+02 -1.577730803337933141e+00
8.790000000267110636e+02 -1.303230640243841387e+00
8.795000000267431233e+02 -1.846582598970207822e+00
8.800000000267750693e+02 -1.568915240330850391e+00
8.805000000268071290e+02 -1.661164144404816412e+00
8.810000000268391886e+02 -1.896098939356545499e+00
8.815000000268712483e+02 -1.716933441756212986e+00
8.820000000269031943e+02 -1.816753183277674211e+00
8.825000000269352540e+02 -1.448795627268262498e+00
8.830000000269673137e+02 -1.683644881589664299e+00
8.835000000269993734e+02 -1.517738378015579981e+00
8.840000000270313194e+02 -1.491218545069500578e+00
8.845000000270633791e+02 -1.896436664946527628e+00
8.850000000270954388e+02 -1.623365428176009484e+00
8.855000000271274985e+02 -1.270810617070083914e+00
8.860000000271595582e+02 -1.748392466700222636e+00
8.865000000271915042e+02 -1.750843657001660114e+00
8.870000000272235638e+02 -1.555927532088787313e+00
8.875000000272556235e+02 -1.691644500084343417e+00
8.880000000272876832e+02 -1.406164634757788967e+00
8.885000000273196292e+02 -1.659688900933742772e+00
8.890000000273516889e+02 -1.384254100595976311e+00
8.895000000273837486e+02 -1.897702979310954330e+00
8.900000000274158083e+02 -1.760621216534786537e+00
8.905000000274477543e+02 -1.793383882219021119e+00
8.910000000274798140e+02 -1.440092754782193785e+00
8.915000000275118737e+02 -1.610320800451626955e+00
8.920000000275439334e+02 -1.854946303804553498e+00
8.925000000275758794e+02 -1.718269263344767595e+00
8.930000000276079390e+02 -1.527468215818452046e+00
8.935000000276399987e+02 -1.821726775369036266e+00
8.940000000276720584e+02 -1.441015934859757541e+00
8.945000000277040044e+02 -1.830161483686565393e+00
8.950000000277360641e+02 -1.122611740985567597e+00
8.955000000277681238e+02 -1.768107762804964622e+00
8.960000000278001835e+02 -1.551218511149241142e+00
8.965000000278322432e+02 -1.679008800474355523e+00
8.970000000278641892e+02 -1.565904258277712513e+00
8.975000000278962489e+02 -1.611268050497180582e+00
8.980000000279283086e+02 -1.803378516796828368e+00
8.985000000279603682e+02 -2.042647990822025861e+00
8.990000000279923142e+02 -1.817220180442867594e+00
8.995000000280243739e+02 -1.545359200669425226e+00
9.000000000280564336e+02 -2.074638632540415806e+00
9.005000000280884933e+02 -1.692556916146698009e+00
9.010000000281204393e+02 -1.792954225585772443e+00
9.015000000281524990e+02 -1.580011576295259568e+00
9.020000000281845587e+02 -1.800196918489688214e+00
9.025000000282166184e+02 -2.251625887863144104e+00
9.030000000282485644e+02 -1.195377199282565472e+00
9.035000000282806241e+02 -1.791149615490706282e+00
9.040000000283126838e+02 -1.879065043424415604e+00
9.045000000283447434e+02 -1.451342821293096330e+00
9.050000000283768031e+02 -1.620496249244213205e+00
9.055000000284087491e+02 -1.693175251706153572e+00
9.060000000284408088e+02 -1.703780476127098709e+00
9.065000000284728685e+02 -1.343692402000593589e+00
9.070000000285049282e+02 -1.951875558195835580e+00
9.075000000285368742e+02 -1.431357406572783875e+00
9.080000000285689339e+02 -1.143609841279342509e+00
9.085000000286009936e+02 -1.877214852462294692e+00
9.090000000286330533e+02 -1.520071038886070980e+00
9.095000000286649993e+02 -2.123540240532152623e+00
9.100000000286970590e+02 -1.819036308787318923e+00
9.105000000287291186e+02 -1.848255753793520029e+00
9.110000000287611783e+02 -1.521306632244554757e+00
9.115000000287931243e+02 -1.530825834367810279e+00
9.120000000288251840e+02 -1.474493288738857100e+00
9.125000000288572437e+02 -1.669885939203090697e+00
9.130000000288893034e+02 -1.503170103890052678e+00
9.135000000289213631e+02 -1.625739932659918230e+00
9.140000000289533091e+02 -1.705424241003678842e+00
9.145000000289853688e+02 -1.445604312090713162e+00
9.150000000290174285e+02 -1.521266071826654409e+00
9.155000000290494881e+02 -1.656627872762070908e+00
9.160000000290814341e+02 -1.884666676782313033e+00
9.165000000291134938e+02 -1.834106433341150311e+00
9.170000000291455535e+02 -1.640579357305545383e+00
9.175000000291776132e+02 -1.603466353074845863e+00
9.180000000292095592e+02 -1.771883757816095972e+00
9.185000000292416189e+02 -1.537175745273191785e+00
9.190000000292736786e+02 -1.671688120595236304e+00
9.195000000293057383e+02 -1.247251159608650184e+00
9.200000000293376843e+02 -1.858718328847183798e+00
9.205000000293697440e+02 -1.702310079415340294e+00
9.210000000294018037e+02 -1.155659163105104303e+00
9.215000000294338633e+02 -1.647988964035782988e+00
9.220000000294659230e+02 -1.699055367466704158e+00
9.225000000294978690e+02 -1.381145705977613547e+00
9.230000000295299287e+02 -1.735284678996317220e+00
9.235000000295619884e+02 -1.500164194541484530e+00
9.240000000295940481e+02 -1.558865400389519706e+00
9.245000000296259941e+02 -1.992259856148349328e+00
9.250000000296580538e+02 -1.378053808247134748e+00
9.255000000296901135e+02 -1.392198346231494188e+00
9.260000000297221732e+02 -1.862917292329169694e+00
9.265000000297541192e+02 -1.347007901210778069e+00
9.270000000297861789e+02 -1.742877527466640375e+00
9.275000000298182385e+02 -1.540761100152431951e+00
9.280000000298502982e+02 -1.441772530438614863e+00
9.285000000298822442e+02 -1.457765169520338855e+00
9.290000000299143039e+02 -1.819155169052799836e+00
9.295000000299463636e+02 -1.699425573485018548e+00
9.300000000299784233e+02 -1.680267455722859182e+00
9.305000000300104830e+02 -1.766701118843552631e+00
9.310000000300424290e+02 -1.704131916515169376e+00
9.315000000300744887e+02 -1.719328212320107019e+00
9.320000000301065484e+02 -2.146530924628838655e+00
9.325000000301386081e+02 -1.408046606754260743e+00
9.330000000301705541e+02 -1.756477493493289854e+00
9.335000000302026137e+02 -1.986872494210935702e+00
9.340000000302346734e+02 -1.487532743084968079e+00
9.345000000302667331e+02 -1.493739384893288724e+00
9.350000000302986791e+02 -1.649812733830095191e+00
9.355000000303307388e+02 -1.571292543904026395e+00
9.360000000303627985e+02 -1.728558536531134671e+00
9.365000000303948582e+02 -1.586873906200477524e+00
9.370000000304268042e+02 -1.473868671298917521e+00
9.375000000304588639e+02 -1.785845479762805832e+00
9.380000000304909236e+02 -1.666103994020980528e+00
9.385000000305229833e+02 -1.485203392477934425e+00
9.390000000305549293e+02 -1.642075212245742932e+00
9.395000000305869889e+02 -1.549180898467877876e+00
9.400000000306190486e+02 -1.885666123935623606e+00
9.405000000306511083e+02 -1.920410985117889435e+00
9.410000000306831680e+02 -1.359600184458296335e+00
9.415000000307151140e+02 -1.942573762608912791e+00
9.420000000307471737e+02 -1.494761158536566326e+00
9.425000000307792334e+02 -1.643404670262910816e+00
9.430000000308112931e+02 -1.594813079873922401e+00
9.435000000308432391e+02 -1.855081643988429008e+00
9.440000000308752988e+02 -1.550228684412100488e+00
9.445000000309073585e+02 -1.637702441228298555e+00
9.450000000309394181e+02 -1.604660113260860665e+00
9.455000000309713641e+02 -1.711536036124863491e+00
9.460000000310034238e+02 -1.767235066938962262e+00
9.465000000310354835e+02 -1.633440938074466997e+00
9.470000000310675432e+02 -1.832495700870236277e+00
9.475000000310994892e+02 -1.195764037641524613e+00
9.480000000311315489e+02 -1.543636667447143340e+00
9.485000000311636086e+02 -1.767375116276529212e+00
9.490000000311956683e+02 -1.471589801929421570e+00
9.495000000312277280e+02 -1.734839909861252361e+00
9.500000000312596740e+02 -1.493322265498740364e+00
9.505000000312917336e+02 -1.440316809714408119e+00
9.510000000313237933e+02 -1.951093874311779164e+00
9.515000000313558530e+02 -1.562326566233202430e+00
9.520000000313877990e+02 -1.778334220468221316e+00
9.525000000314198587e+02 -1.915729745277718221e+00
9.530000000314519184e+02 -1.186222321721443151e+00
9.535000000314839781e+02 -2.092580244657717081e+00
9.540000000315159241e+02 -1.371192202787476111e+00
9.545000000315479838e+02 -1.463102358668930680e+00
9.550000000315800435e+02 -1.879453381977273851e+00
9.555000000316121032e+02 -1.648553479259981636e+00
9.560000000316440492e+02 -1.953018161231152794e+00
9.565000000316761088e+02 -2.050787284999702642e+00
9.570000000317081685e+02 -1.979435828589655832e+00
9.575000000317402282e+02 -1.649897867677255103e+00
9.580000000317722879e+02 -1.558724854011761973e+00
9.585000000318042339e+02 -1.854067444210128590e+00
9.590000000318362936e+02 -1.766126499010599149e+00
9.595000000318683533e+02 -1.511142460257743458e+00
9.600000000319004130e+02 -1.943868347381208839e+00
9.605000000319323590e+02 -1.130392583740098988e+00
9.610000000319644187e+02 -1.787876506476549610e+00
9.615000000319964784e+02 -1.745638151682943562e+00
9.620000000320285380e+02 -1.622434933288875003e+00
9.625000000320604840e+02 -1.538926367129964223e+00
9.630000000320925437e+02 -1.896220877495229384e+00
9.635000000321246034e+02 -1.366335226175553696e+00
9.640000000321566631e+02 -1.863026398197271449e+00
9.645000000321886091e+02 -1.504795062255472438e+00
9.650000000322206688e+02 -1.346360162938192495e+00
9.655000000322527285e+02 -1.637320942212178609e+00
9.660000000322847882e+02 -1.149738276623021527e+00
9.665000000323168479e+02 -1.180854659119667360e+00
9.670000000323487939e+02 -1.601589249801273374e+00
9.675000000323808536e+02 -1.264068322320253568e+00
9.680000000324129132e+02 -1.433045555615953148e+00
9.685000000324449729e+02 -1.580567857352023875e+00
9.690000000324769189e+02 -1.912219426535603173e+00
9.695000000325089786e+02 -1.168930236767618647e+00
9.700000000325410383e+02 -1.964692065407869226e+00
9.705000000325730980e+02 -1.767261962491998739e+00
9.710000000326050440e+02 -1.325055527009548095e+00
9.715000000326371037e+02 -1.507485057365197889e+00
9.720000000326691634e+02 -1.477328432702779137e+00
9.725000000327012231e+02 -1.996712176841213493e+00
9.730000000327331691e+02 -1.517413103914074579e+00
9.735000000327652288e+02 -1.432250899245897990e+00
9.740000000327972884e+02 -2.010852471817933473e+00
9.745000000328293481e+02 -1.453360938401195623e+00
9.750000000328614078e+02 -1.982270890396790719e+00
9.755000000328933538e+02 -1.398135548869468670e+00
9.760000000329254135e+02 -1.324679643519952599e+00
9.765000000329574732e+02 -1.543040994081503525e+00
9.770000000329895329e+02 -1.826652067357050768e+00
9.775000000330214789e+02 -1.447843792363804116e+00
9.780000000330535386e+02 -1.871284917189760089e+00
9.785000000330855983e+02 -1.774102167697419574e+00
9.790000000331176579e+02 -1.236214012112569316e+00
9.795000000331496040e+02 -1.572001613659166575e+00
9.800000000331816636e+02 -1.492086443611344126e+00
9.805000000332137233e+02 -1.487274239265354403e+00
9.810000000332457830e+02 -1.400125528800193253e+00
9.815000000332777290e+02 -1.555711747895576647e+00
9.820000000333097887e+02 -1.713817347799776014e+00
9.825000000333418484e+02 -1.495502932760591541e+00
9.830000000333739081e+02 -1.259733225560318859e+00
9.835000000334058541e+02 -1.659352460100755655e+00
9.840000000334379138e+02 -1.495942973289152711e+00
9.845000000334699735e+02 -1.515634189343770144e+00
9.850000000335020331e+02 -2.010881301177311453e+00
9.855000000335340928e+02 -1.960556410954906958e+00
9.860000000335660388e+02 -1.530700045989821012e+00
9.865000000335980985e+02 -2.101352464962344957e+00
9.870000000336301582e+02 -1.502869959201994732e+00
9.875000000336622179e+02 -1.638539828245374030e+00
9.880000000336941639e+02 -2.006238288723420027e+00
9.885000000337262236e+02 -1.802865382588742404e+00
9.890000000337582833e+02 -1.497783786291769559e+00
9.895000000337903430e+02 -1.572231034352454593e+00
9.900000000338222890e+02 -1.573588776688764179e+00
9.905000000338543487e+02 -1.561894601307619812e+00
9.910000000338864083e+02 -1.562293905923928916e+00
9.915000000339184680e+02 -1.163113150318586309e+00
9.920000000339504140e+02 -1.924282787222101332e+00
9.925000000339824737e+02 -1.338688711396504916e+00
9.930000000340145334e+02 -1.346256103690895323e+00
9.935000000340465931e+02 -1.791107201058838250e+00
9.940000000340786528e+02 -1.875094352634240735e+00
9.945000000341105988e+02 -1.807933625462646354e+00
9.950000000341426585e+02 -1.489109772299610279e+00
9.955000000341747182e+02 -1.880200360300386064e+00
9.960000000342067779e+02 -1.981917481713869611e+00
9.965000000342387239e+02 -2.118780110239601555e+00
9.970000000342707835e+02 -1.374971333690414577e+00
9.975000000343028432e+02 -1.848421116061679914e+00
9.980000000343349029e+02 -1.387479902296621104e+00
9.985000000343668489e+02 -1.669960446746951321e+00
9.990000000343989086e+02 -2.151404441515272215e+00
9.995000000344309683e+02 -1.551957123321328069e+00
1.000000000034463028e+03 -1.787152247891538037e+00
