# Time (ps)	CV (angstrom)
9.999999999975766229e+01 -7.455214432662170765e+00
1.004999999997559001e+02 -7.334263699015656890e+00
1.009999999997541380e+02 -7.947538940836254895e+00
1.014999999997533990e+02 -7.424878773858195835e+00
1.019999999997629061e+02 -7.415733975191555416e+00
1.024999999997724132e+02 -7.708299919751437024e+00
1.029999999997819060e+02 -8.124717066066255100e+00
1.034999999997914131e+02 -7.510265064870383256e+00
1.039999999998009201e+02 -7.750031946336555677e+00
1.044999999998104272e+02 -7.696804970058331641e+00
1.049999999998199343e+02 -7.586912176250339535e+00
1.054999999998294413e+02 -7.602172148466020296e+00
1.059999999998389484e+02 -7.068093109619626446e+00
1.064999999998484554e+02 -7.642047878688671858e+00
1.069999999998579483e+02 -7.900748507021580380e+00
1.074999999998674554e+02 -7.595996977635504521e+00
1.079999999998769624e+02 -7.723608287817418372e+00
1.084999999998864695e+02 -7.306521713036173260e+00
1.089999999998959765e+02 -7.619171450685493951e+00
1.094999999999054836e+02 -7.785167476316490642e+00
1.099999999999149907e+02 -7.544426474550848027e+00
1.104999999999244977e+02 -8.017457530511382657e+00
1.109999999999339906e+02 -7.628891417083853987e+00
1.114999999999434976e+02 -7.633558937141293299e+00
1.119999999999530047e+02 -7.783922805391681798e+00
1.124999999999625118e+02 -7.642740585845897883e+00
1.129999999999720188e+02 -7.092163026944284354e+00
1.134999999999815259e+02 -7.035299503652627351e+00
1.139999999999910330e+02 -7.275069346450608876e+00
1.145000000000005400e+02 -7.804751634370613367e+00
1.150000000000100329e+02 -7.981487244031910677e+00
1.155000000000195399e+02 -7.670194331877022265e+00
1.160000000000290470e+02 -7.802086566318544136e+00
1.165000000000385540e+02 -7.376919594440713546e+00
1.170000000000480611e+02 -7.285374373963503736e+00
1.175000000000575682e+02 -6.909318632339545019e+00
1.180000000000670752e+02 -7.344071087350972249e+00
1.185000000000765823e+02 -7.241805319895601833e+00
1.190000000000860751e+02 -7.648251342114696705e+00
1.195000000000955822e+02 -7.725537108130421160e+00
1.200000000001050893e+02 -7.955294340504753592e+00
1.205000000001145963e+02 -7.895004699770880485e+00
1.210000000001241034e+02 -7.955263331404692551e+00
1.215000000001336105e+02 -7.098992250070910615e+00
1.220000000001431175e+02 -7.812463937944442272e+00
1.225000000001526246e+02 -7.778182454969799764e+00
1.230000000001621174e+02 -8.194859793479420063e+00
1.235000000001716245e+02 -7.917045720706681777e+00
1.240000000001811316e+02 -7.569155654332901051e+00
1.245000000001906386e+02 -7.861892866721178486e+00
1.250000000002001457e+02 -7.786658158521852613e+00
1.255000000002096527e+02 -7.494183420645087246e+00
1.260000000002191598e+02 -7.401061211105787407e+00
1.265000000002286527e+02 -7.474573202354702239e+00
1.270000000002381597e+02 -7.833080198037604802e+00
1.275000000002476668e+02 -7.622812622946708139e+00
1.280000000002571880e+02 -7.478194563396820094e+00
1.285000000002666809e+02 -7.479139405024676002e+00
1.290000000002761738e+02 -7.755851041050561889e+00
1.295000000002856950e+02 -8.221300849679110456e+00
1.300000000002951879e+02 -7.440366787195693554e+00
1.305000000003047091e+02 -7.571614509282849070e+00
1.310000000003142020e+02 -7.958986019464509454e+00
1.315000000003237233e+02 -7.412110281574207704e+00
1.320000000003332161e+02 -7.173353453012209613e+00
1.325000000003427090e+02 -7.038170120355841775e+00
1.330000000003522302e+02 -7.724232706683440419e+00
1.335000000003617231e+02 -7.386692295530073338e+00
1.340000000003712444e+02 -7.157990700976115228e+00
1.345000000003807372e+02 -7.678273391357589794e+00
1.350000000003902585e+02 -7.162275656679187641e+00
1.355000000003997513e+02 -7.693203897961491400e+00
1.360000000004092726e+02 -7.986188009755511352e+00
1.365000000004187655e+02 -7.628231378705841337e+00
1.370000000004282583e+02 -7.230458694459342972e+00
1.375000000004377796e+02 -7.951810680212649807e+00
1.380000000004472724e+02 -7.543056906866115519e+00
1.385000000004567937e+02 -7.525067807173407175e+00
1.390000000004662866e+02 -7.484115243199294554e+00
1.395000000004758078e+02 -7.848481122722969161e+00
1.400000000004853007e+02 -7.815715930838088354e+00
1.405000000004947935e+02 -7.695933538155928844e+00
1.410000000005043148e+02 -7.591617224316171253e+00
1.415000000005138077e+02 -7.507769267298191274e+00
1.420000000005233289e+02 -8.145641697057582675e+00
1.425000000005328218e+02 -7.725966173208606236e+00
1.430000000005423431e+02 -7.994886528526967240e+00
1.435000000005518359e+02 -8.132032113312314792e+00
1.440000000005613572e+02 -7.467260310676723023e+00
1.445000000005708500e+02 -7.658152627919164956e+00
1.450000000005803429e+02 -7.656064639813286554e+00
1.455000000005898642e+02 -7.974842055443303934e+00
1.460000000005993570e+02 -7.410869251597766549e+00
1.465000000006088783e+02 -7.776540664070150655e+00
1.470000000006183711e+02 -7.503887794601972416e+00
1.475000000006278924e+02 -7.458117509520315380e+00
1.480000000006373853e+02 -7.792260615285537817e+00
1.485000000006468781e+02 -7.975597961617996390e+00
1.490000000006563994e+02 -8.124746675672627205e+00
1.495000000006658922e+02 -7.767173952207648391e+00
1.500000000006754135e+02 -7.256568324354125465e+00
1.505000000006849064e+02 -7.418021741523817880e+00
1.510000000006944276e+02 -7.337969121688831642e+00
1.515000000007039205e+02 -7.959358138794540238e+00
1.520000000007134133e+02 -7.497590519017119703e+00
1.525000000007229346e+02 -7.655771989788187959e+00
1.530000000007324275e+02 -7.469136844729951541e+00
1.535000000007419487e+02 -7.499904337021079392e+00
1.540000000007514416e+02 -7.691507794093003447e+00
1.545000000007609628e+02 -7.813062266519431809e+00
1.550000000007704557e+02 -7.550729847723405719e+00
1.555000000007799770e+02 -7.596426769056432882e+00
1.560000000007894698e+02 -7.528270789122777806e+00
1.565000000007989627e+02 -7.285498357975861872e+00
1.570000000008084839e+02 -7.823437492945200411e+00
1.575000000008179768e+02 -7.347586504147731290e+00
1.580000000008274981e+02 -7.777342935097233401e+00
1.585000000008369909e+02 -8.306765943872637337e+00
1.590000000008465122e+02 -7.422297821171364163e+00
1.595000000008560050e+02 -7.533581927501624698e+00
1.600000000008654979e+02 -8.080006090989526157e+00
1.605000000008750192e+02 -7.448207591664125715e+00
1.610000000008845120e+02 -7.644687713268686124e+00
1.615000000008940333e+02 -7.833687524958128812e+00
1.620000000009035261e+02 -7.172186250685513187e+00
1.625000000009130474e+02 -7.798491560654895238e+00
1.630000000009225403e+02 -7.923120611244975464e+00
1.635000000009320615e+02 -7.233912357132139981e+00
1.640000000009415544e+02 -7.367493027067936850e+00
1.645000000009510472e+02 -7.764961757323701974e+00
1.650000000009605685e+02 -7.812215785360710818e+00
1.655000000009700614e+02 -7.671418884913784098e+00
1.660000000009795826e+02 -7.893303007244004910e+00
1.665000000009890755e+02 -8.129017862061930444e+00
1.670000000009985968e+02 -7.640417539256668888e+00
1.675000000010080896e+02 -7.646288013742464251e+00
1.680000000010175825e+02 -8.086832142222334596e+00
1.685000000010271037e+02 -7.465954437671313393e+00
1.690000000010365966e+02 -7.513073741479963097e+00
1.695000000010461179e+02 -7.551887840098361337e+00
1.700000000010556107e+02 -7.940918802230727103e+00
1.705000000010651320e+02 -7.851700178900349769e+00
1.710000000010746248e+02 -8.147020490679480531e+00
1.715000000010841177e+02 -7.842921084279578459e+00
1.720000000010936390e+02 -7.814350678518175997e+00
1.725000000011031318e+02 -7.759721641705611184e+00
1.730000000011126531e+02 -7.723364202047222626e+00
1.735000000011221459e+02 -7.291282062136262176e+00
1.740000000011316672e+02 -7.703418535395814004e+00
1.745000000011411601e+02 -7.423606014092014149e+00
1.750000000011506813e+02 -7.423812257474355469e+00
1.755000000011601742e+02 -7.819579418600155485e+00
1.760000000011696670e+02 -7.540390657058614998e+00
1.765000000011791883e+02 -7.389239507761137915e+00
1.770000000011886812e+02 -7.489565533073142767e+00
1.775000000011982024e+02 -7.828597668763950246e+00
1.780000000012076953e+02 -7.718266992563723505e+00
1.785000000012172165e+02 -6.634198659411767451e+00
1.790000000012267094e+02 -6.869891067163664822e+00
1.795000000012362023e+02 -7.149151342812086973e+00
1.800000000012457235e+02 -7.398733875521553927e+00
1.805000000012552164e+02 -7.721355522833301066e+00
1.810000000012647376e+02 -7.862316033815528904e+00
1.815000000012742305e+02 -7.503478373493646103e+00
1.820000000012837518e+02 -7.782894522500043877e+00
1.825000000012932446e+02 -7.754362444283044553e+00
1.830000000013027659e+02 -7.840489939418651133e+00
1.835000000013122587e+02 -7.483934077432762955e+00
1.840000000013217516e+02 -7.021734311605783319e+00
1.845000000013312729e+02 -7.793615670368523318e+00
1.850000000013407657e+02 -7.290829799941019651e+00
1.855000000013502870e+02 -7.145511588615980791e+00
1.860000000013597798e+02 -7.744337715604210359e+00
1.865000000013693011e+02 -7.476103798822069102e+00
1.870000000013787940e+02 -7.883640039597175964e+00
1.875000000013882868e+02 -7.671348016941410108e+00
1.880000000013978081e+02 -7.683710398598670999e+00
1.885000000014073009e+02 -7.580856335761014364e+00
1.890000000014168222e+02 -7.765798269725896041e+00
1.895000000014263151e+02 -7.901458068799296797e+00
1.900000000014358363e+02 -7.741729733099803390e+00
1.905000000014453292e+02 -7.573440586884881753e+00
1.910000000014548220e+02 -8.048450489279563413e+00
1.915000000014643433e+02 -7.685995451198455619e+00
1.920000000014738362e+02 -7.658388611386284239e+00
1.925000000014833574e+02 -7.716598231901819815e+00
1.930000000014928503e+02 -7.603796161935403752e+00
1.935000000015023716e+02 -8.026017489182667219e+00
1.940000000015118644e+02 -7.962900357410729768e+00
1.945000000015213857e+02 -7.375646357143348375e+00
1.950000000015308785e+02 -7.813888997752256316e+00
1.955000000015403714e+02 -7.800855812986620563e+00
1.960000000015498927e+02 -7.499673821609472490e+00
1.965000000015593855e+02 -7.494276582475963622e+00
1.970000000015689068e+02 -7.219438490295382316e+00
1.975000000015783996e+02 -6.975425470519206250e+00
1.980000000015879209e+02 -7.552027097994200133e+00
1.985000000015974138e+02 -8.536048257109191795e+00
1.990000000016069066e+02 -7.621834346235671021e+00
1.995000000016164279e+02 -8.188149421019861762e+00
2.000000000016259207e+02 -8.482459309674414527e+00
2.005000000016354420e+02 -7.582913062556563055e+00
2.010000000016449349e+02 -8.074802364328025561e+00
2.015000000016544561e+02 -8.245190937709956813e+00
2.020000000016639490e+02 -7.905210068963890002e+00
2.025000000016734703e+02 -7.880984658450018721e+00
2.030000000016789556e+02 -8.038194414790583053e+00
2.035000000016659385e+02 -7.152022569698362808e+00
2.040000000016529214e+02 -7.696328870224128593e+00
2.045000000016398758e+02 -7.925665231537524669e+00
2.050000000016268586e+02 -7.722372439362953145e+00
2.055000000016138415e+02 -8.227508394968168659e+00
2.060000000016008244e+02 -7.537548670599341527e+00
2.065000000015878072e+02 -7.428375086923574955e+00
2.070000000015747617e+02 -8.143515721787915496e+00
2.075000000015617445e+02 -8.032707774470983608e+00
2.080000000015487274e+02 -7.563856103692069510e+00
2.085000000015357102e+02 -7.683767377088567940e+00
2.090000000015226931e+02 -7.958075752511607703e+00
2.095000000015096475e+02 -7.635607464229974717e+00
2.100000000014966304e+02 -8.024632049243335175e+00
2.105000000014836132e+02 -7.751502011175518625e+00
2.110000000014705961e+02 -7.211485221804927903e+00
2.115000000014575789e+02 -8.138554072258683547e+00
2.120000000014445618e+02 -7.528653094444647031e+00
2.125000000014315162e+02 -7.522952781701930824e+00
2.130000000014184991e+02 -7.923539609931054883e+00
2.135000000014054820e+02 -7.872290960737999832e+00
2.140000000013924648e+02 -7.821725692789040174e+00
2.145000000013794477e+02 -8.185731278273109979e+00
2.150000000013664021e+02 -7.827712792314305723e+00
2.155000000013533850e+02 -8.195880845893467992e+00
2.160000000013403678e+02 -7.707056711138199567e+00
2.165000000013273507e+02 -7.883094665906549281e+00
2.170000000013143335e+02 -7.952719628883256675e+00
2.175000000013013164e+02 -8.035497687050265014e+00
2.180000000012882708e+02 -7.732281198610950312e+00
2.185000000012752537e+02 -6.924652997116939268e+00
2.190000000012622365e+02 -7.571724164649864974e+00
2.195000000012492194e+02 -7.738582143837334115e+00
2.200000000012362023e+02 -7.504395543457738071e+00
2.205000000012231567e+02 -7.940799276143776453e+00
2.210000000012101395e+02 -7.086876536965331930e+00
2.215000000011971224e+02 -7.803823180610982568e+00
2.220000000011841053e+02 -7.835690443795996885e+00
2.225000000011710881e+02 -7.473383296885174332e+00
2.230000000011580710e+02 -7.621036626046341134e+00
2.235000000011450254e+02 -6.916197369395288064e+00
2.240000000011320083e+02 -7.748465260067709970e+00
2.245000000011189911e+02 -7.154437103725884484e+00
2.250000000011059740e+02 -8.297693665783961947e+00
2.255000000010929568e+02 -7.567428404295458044e+00
2.260000000010799113e+02 -7.627979719050917318e+00
2.265000000010668941e+02 -7.595292668295953398e+00
2.270000000010538770e+02 -7.681090985956988249e+00
2.275000000010408598e+02 -7.648643071902572643e+00
2.280000000010278427e+02 -7.375204033283906391e+00
2.285000000010148256e+02 -7.587388893345419660e+00
2.290000000010017800e+02 -6.979985534473989617e+00
2.295000000009887628e+02 -8.614903819191482626e+00
2.300000000009757457e+02 -6.969671104889411772e+00
2.305000000009627286e+02 -7.568074552240735997e+00
2.310000000009497114e+02 -7.988099171746097404e+00
2.315000000009366659e+02 -7.943591489828644825e+00
2.320000000009236487e+02 -7.882462738697331162e+00
2.325000000009106316e+02 -7.824579933376562657e+00
2.330000000008976144e+02 -7.528480671330322060e+00
2.335000000008845973e+02 -7.540486289672742259e+00
2.340000000008715517e+02 -7.586471062878545446e+00
2.345000000008585346e+02 -7.717494495182012137e+00
2.350000000008455174e+02 -7.215233008538429971e+00
2.355000000008325003e+02 -7.643939736608838409e+00
2.360000000008194831e+02 -7.960242314250905338e+00
2.365000000008064660e+02 -7.710172313232577679e+00
2.370000000007934204e+02 -7.664601473116504415e+00
2.375000000007804033e+02 -6.975372205112637225e+00
2.380000000007673862e+02 -6.936696864740465429e+00
2.385000000007543690e+02 -7.690254102012508142e+00
2.390000000007413519e+02 -7.392635722612222793e+00
2.395000000007283063e+02 -7.419668029866626213e+00
2.400000000007152892e+02 -7.705105595757232528e+00
2.405000000007022720e+02 -7.632268345061171466e+00
2.410000000006892549e+02 -8.015879591628877421e+00
2.415000000006762377e+02 -8.094557097422935499e+00
2.420000000006632206e+02 -8.002763850606504192e+00
2.425000000006501750e+02 -7.872246906255012000e+00
2.430000000006371579e+02 -7.965162461582303344e+00
2.435000000006241407e+02 -7.783543163484580418e+00
2.440000000006111236e+02 -7.405355969775889946e+00
2.445000000005981065e+02 -7.829728757626221558e+00
2.450000000005850609e+02 -8.048573890581188550e+00
2.455000000005720437e+02 -7.631341281984539648e+00
2.460000000005590266e+02 -7.679433664089774680e+00
2.465000000005460095e+02 -7.762302045536388029e+00
2.470000000005329923e+02 -7.685573255755092426e+00
2.475000000005199752e+02 -8.109033751350239072e+00
2.480000000005069296e+02 -7.591278074706810486e+00
2.485000000004939125e+02 -8.076745525991608332e+00
2.490000000004808953e+02 -7.824775735818358946e+00
2.495000000004678782e+02 -7.822578268159039006e+00
2.500000000004548610e+02 -8.064941763327160729e+00
2.505000000004418155e+02 -7.847097173562396222e+00
2.510000000004287983e+02 -7.450104432104716956e+00
2.515000000004157812e+02 -7.619692683804355937e+00
2.520000000004027640e+02 -7.757649587559624749e+00
2.525000000003897469e+02 -7.884433846243245725e+00
2.530000000003767013e+02 -7.621044232184889466e+00
2.535000000003636842e+02 -8.147666242519377988e+00
2.540000000003506671e+02 -7.905952870869342952e+00
2.545000000003376499e+02 -8.140417086117752277e+00
2.550000000003246328e+02 -7.641377288042334293e+00
2.555000000003116156e+02 -7.983582731491616791e+00
2.560000000002985985e+02 -8.082597646726538798e+00
2.565000000002855813e+02 -7.497899739555982102e+00
2.570000000002725642e+02 -7.418524814591196836e+00
2.575000000002594902e+02 -7.308780994671646880e+00
2.580000000002464731e+02 -7.498582280442904313e+00
2.585000000002334559e+02 -6.957558196513665472e+00
2.590000000002204388e+02 -7.858196616727310513e+00
2.595000000002074216e+02 -7.338596558631727440e+00
2.600000000001944045e+02 -7.643422246838286860e+00
2.605000000001813873e+02 -7.172132893289924205e+00
2.610000000001683702e+02 -7.245190913274652367e+00
2.615000000001553531e+02 -7.676930851558751101e+00
2.620000000001423359e+02 -8.003175465863867188e+00
2.625000000001292619e+02 -7.762591393561891095e+00
2.630000000001162448e+02 -8.058958144493374220e+00
2.635000000001032276e+02 -7.629711483110198422e+00
2.640000000000902105e+02 -7.746832046918255443e+00
2.645000000000771934e+02 -7.621797360603395965e+00
2.650000000000641762e+02 -7.171459520167823953e+00
2.655000000000511591e+02 -7.862464110657737315e+00
2.660000000000381419e+02 -7.980875241466750758e+00
2.665000000000251248e+02 -7.719253866155630917e+00
2.670000000000121076e+02 -7.725930847438029936e+00
2.674999999999990905e+02 -7.782686740305782003e+00
2.679999999999860165e+02 -7.321430441430337055e+00
2.684999999999729994e+02 -7.808624829824917235e+00
2.689999999999599822e+02 -7.794766472800381152e+00
2.694999999999469651e+02 -7.596218345352186319e+00
2.699999999999339479e+02 -7.345976870744268084e+00
2.704999999999209308e+02 -7.208773287620664938e+00
2.709999999999079137e+02 -7.298777489129753882e+00
2.714999999998948965e+02 -7.148062034605310977e+00
2.719999999998818794e+02 -7.175132296506101071e+00
2.724999999998688622e+02 -7.741594039169837238e+00
2.729999999998558451e+02 -7.421689561455153239e+00
2.734999999998427711e+02 -7.393601802498093178e+00
2.739999999998297540e+02 -7.846312244553825366e+00
2.744999999998167368e+02 -7.158168713138373107e+00
2.749999999998037197e+02 -7.857228617052218311e+00
2.754999999997907025e+02 -7.459056766226795254e+00
2.759999999997776854e+02 -7.340605291240557939e+00
2.764999999997646682e+02 -7.926599641768868665e+00
2.769999999997516511e+02 -7.968509906466806569e+00
2.774999999997386340e+02 -7.267824640710601969e+00
2.779999999997256168e+02 -7.673872484229961266e+00
2.784999999997125997e+02 -7.394741353476673495e+00
2.789999999996995257e+02 -7.725188095928063881e+00
2.794999999996865085e+02 -7.771276524178457379e+00
2.799999999996734914e+02 -7.518124433149091068e+00
2.804999999996604743e+02 -7.149281928657493346e+00
2.809999999996474571e+02 -7.955986119699071324e+00
2.814999999996344400e+02 -7.735305442286356303e+00
2.819999999996214228e+02 -7.817627257728910983e+00
2.824999999996084057e+02 -7.648792129268699114e+00
2.829999999995953885e+02 -7.749499913511900928e+00
2.834999999995823714e+02 -7.821186575736192026e+00
2.839999999995693543e+02 -6.949893059475631851e+00
2.844999999995562803e+02 -7.374936304457041736e+00
2.849999999995432631e+02 -7.435236067978841845e+00
2.854999999995302460e+02 -7.883525297458342074e+00
2.859999999995172288e+02 -7.005209276067444257e+00
2.864999999995042117e+02 -7.215281930008206501e+00
2.869999999994911946e+02 -7.002112822835676376e+00
2.874999999994781774e+02 -7.459975934090166128e+00
2.879999999994651603e+02 -7.839028495754186032e+00
2.884999999994521431e+02 -8.006089696311750714e+00
2.889999999994391260e+02 -7.554438434871880048e+00
2.894999999994261088e+02 -7.806204647130085661e+00
2.899999999994130349e+02 -7.789526450327421081e+00
2.904999999994000177e+02 -7.996997979223929853e+00
2.909999999993870006e+02 -7.802218418132638611e+00
2.914999999993739834e+02 -7.781360531752000043e+00
2.919999999993609663e+02 -7.755235809465906627e+00
2.924999999993479491e+02 -7.791703470294642386e+00
2.929999999993349320e+02 -7.772642470737300968e+00
2.934999999993219149e+02 -7.386224231169552290e+00
2.939999999993088977e+02 -7.284504235687933260e+00
2.944999999992958806e+02 -8.115626503392110891e+00
2.949999999992828634e+02 -7.394642515240169800e+00
2.954999999992697894e+02 -7.795031666853485142e+00
2.959999999992567723e+02 -7.609134282014828443e+00
2.964999999992437552e+02 -7.220898124428840603e+00
2.969999999992307380e+02 -8.079232580529618346e+00
2.974999999992177209e+02 -7.450582412533194088e+00
2.979999999992047037e+02 -7.730978585280852577e+00
2.984999999991916866e+02 -7.820046837743232615e+00
2.989999999991786694e+02 -7.347866007283887946e+00
2.994999999991656523e+02 -7.702913863081173318e+00
2.999999999991526352e+02 -7.473786365572127721e+00
3.004999999991396180e+02 -7.870788755871786613e+00
3.009999999991265440e+02 -7.785232791611591985e+00
3.014999999991135269e+02 -8.365096873262164223e+00
3.019999999991005097e+02 -7.640032436567659957e+00
3.024999999990874926e+02 -7.070136963140441821e+00
3.029999999990744755e+02 -8.147823269640390720e+00
3.034999999990614583e+02 -7.843024851685052923e+00
3.039999999990484412e+02 -7.933070236095811190e+00
3.044999999990354240e+02 -7.634251443556804517e+00
3.049999999990224069e+02 -7.569119565093779478e+00
3.054999999990093897e+02 -7.448909809411029315e+00
3.059999999989963158e+02 -7.989498329879804572e+00
3.064999999989832986e+02 -7.523608727746841751e+00
3.069999999989702815e+02 -8.079650642230442159e+00
3.074999999989572643e+02 -7.848900673415865725e+00
3.079999999989442472e+02 -7.782476649956256765e+00
3.084999999989312300e+02 -7.536457985730257825e+00
3.089999999989182129e+02 -7.565845083637194435e+00
3.094999999989051958e+02 -7.974826962450391576e+00
3.099999999988921786e+02 -7.683279736723707565e+00
3.104999999988791615e+02 -8.194112018425538935e+00
3.109999999988661443e+02 -7.624238357631639929e+00
3.114999999988530703e+02 -7.488171297472456800e+00
3.119999999988400532e+02 -7.633109424297351175e+00
3.124999999988270361e+02 -7.866328258984243149e+00
3.129999999988140189e+02 -7.852951299564509213e+00
3.134999999988010018e+02 -7.102665606931573450e+00
3.139999999987879846e+02 -8.198247241451831258e+00
3.144999999987749675e+02 -7.694045507116785920e+00
3.149999999987619503e+02 -8.383037255869783877e+00
3.154999999987489332e+02 -7.779489193540545244e+00
3.159999999987359161e+02 -8.457518830128808673e+00
3.164999999987228989e+02 -7.495268004371512305e+00
3.169999999987098249e+02 -7.992973371176127273e+00
3.174999999986968078e+02 -7.094151310865935756e+00
3.179999999986837906e+02 -7.557063907599832930e+00
3.184999999986707735e+02 -8.350241024491799280e+00
3.189999999986577564e+02 -7.456395988768241168e+00
3.194999999986447392e+02 -7.914423688334698781e+00
3.199999999986317221e+02 -7.525218686731636630e+00
3.204999999986187049e+02 -7.629703753644323960e+00
3.209999999986056878e+02 -7.927009115169373565e+00
3.214999999985926706e+02 -7.517699532888669545e+00
3.219999999985796535e+02 -7.383033339278288310e+00
3.224999999985665795e+02 -7.688228087631014951e+00
3.229999999985535624e+02 -7.401627475336349349e+00
3.234999999985405452e+02 -7.554973744556103377e+00
3.239999999985275281e+02 -7.081421638487973347e+00
3.244999999985145109e+02 -7.327497437677783054e+00
3.249999999985014938e+02 -7.734884736851984854e+00
3.254999999984884766e+02 -7.735204058726578680e+00
3.259999999984754595e+02 -8.027240066523685158e+00
3.264999999984624424e+02 -7.149721784363165966e+00
3.269999999984494252e+02 -7.694343800587096105e+00
3.274999999984364081e+02 -7.678311028300205621e+00
3.279999999984233341e+02 -7.514215756607792507e+00
3.284999999984103169e+02 -7.531131523309451126e+00
3.289999999983972998e+02 -7.196123449319385301e+00
3.294999999983842827e+02 -7.335762582950319022e+00
3.299999999983712655e+02 -7.783069270855578203e+00
3.304999999983582484e+02 -7.774958518017196951e+00
3.309999999983452312e+02 -6.842285311589997754e+00
3.314999999983322141e+02 -7.508104798489733334e+00
3.319999999983191969e+02 -7.349701832420196368e+00
3.324999999983061798e+02 -7.959746582284147998e+00
3.329999999982931627e+02 -7.671819569865850674e+00
3.334999999982800887e+02 -8.156213243829297355e+00
3.339999999982670715e+02 -7.103509157745687475e+00
3.344999999982540544e+02 -7.708285093946604327e+00
3.349999999982410372e+02 -7.847550759384447794e+00
3.354999999982280201e+02 -7.528206496322652264e+00
3.359999999982150030e+02 -7.934843162280068363e+00
3.364999999982019858e+02 -8.122930135503729332e+00
3.369999999981889687e+02 -6.998857846047832787e+00
3.374999999981759515e+02 -7.591859853279786741e+00
3.379999999981629344e+02 -7.433387891196797881e+00
3.384999999981499172e+02 -7.513065809124386263e+00
3.389999999981368433e+02 -7.526548199709327314e+00
3.394999999981238261e+02 -7.721937380956595653e+00
3.399999999981108090e+02 -7.434739004434676168e+00
3.404999999980977918e+02 -7.645848266895058920e+00
3.409999999980847747e+02 -7.713855866257302019e+00
3.414999999980717575e+02 -7.510234731194743496e+00
3.419999999980587404e+02 -7.477797623042322428e+00
3.424999999980457233e+02 -7.222506270281984442e+00
3.429999999980327061e+02 -7.474570880825750940e+00
3.434999999980196890e+02 -7.948787604074291302e+00
3.439999999980066718e+02 -7.980183751113290924e+00
3.444999999979935978e+02 -7.675416869544028131e+00
3.449999999979805807e+02 -7.920279054807001451e+00
3.454999999979675636e+02 -7.945778867534011525e+00
3.459999999979545464e+02 -7.709298636467698529e+00
3.464999999979415293e+02 -7.760410169784925927e+00
3.469999999979285121e+02 -7.545189621366919397e+00
3.474999999979154950e+02 -8.222700536062241383e+00
3.479999999979024778e+02 -7.601084336926461127e+00
3.484999999978894607e+02 -7.095061056994945936e+00
3.489999999978764436e+02 -7.334972731922221989e+00
3.494999999978633696e+02 -7.734284482972065611e+00
3.499999999978503524e+02 -8.372603216440319684e+00
3.504999999978373353e+02 -7.729860590472857673e+00
3.509999999978243181e+02 -7.830679695871361368e+00
3.514999999978113010e+02 -7.346423717051112412e+00
3.519999999977982839e+02 -7.389432113951574621e+00
3.524999999977852667e+02 -7.434907747379514653e+00
3.529999999977722496e+02 -7.538889298073321754e+00
3.534999999977592324e+02 -7.196515418043103907e+00
3.539999999977462153e+02 -7.488929126396950409e+00
3.544999999977331981e+02 -6.954212828032158455e+00
3.549999999977201242e+02 -7.489972843044566453e+00
3.554999999977071070e+02 -7.268590245494896962e+00
3.559999999976940899e+02 -7.556938203638251750e+00
3.564999999976810727e+02 -7.952910307265717016e+00
3.569999999976680556e+02 -7.838880314326221566e+00
3.574999999976550384e+02 -7.997019599115114730e+00
3.579999999976420213e+02 -7.505630200321758316e+00
3.584999999976290042e+02 -7.686036527783130623e+00
3.589999999976159870e+02 -8.212570731398466606e+00
3.594999999976029699e+02 -7.931233292486078668e+00
3.599999999975899527e+02 -7.588877319808461586e+00
3.604999999975768787e+02 -8.021718133876468926e+00
3.609999999975638616e+02 -7.356249196405896029e+00
3.614999999975508445e+02 -7.300654191043469687e+00
3.619999999975378273e+02 -7.587785354602844201e+00
3.624999999975248102e+02 -7.103135581374178997e+00
3.629999999975117930e+02 -7.256166516090746477e+00
3.634999999974987759e+02 -7.132692915721244198e+00
3.639999999974857587e+02 -7.536010784283663000e+00
3.644999999974727416e+02 -6.908122656736808587e+00
3.649999999974597245e+02 -7.054757675924764548e+00
3.654999999974467073e+02 -8.353930290489014254e+00
3.659999999974336333e+02 -7.455960173640115762e+00
3.664999999974206162e+02 -8.092713295963276821e+00
3.669999999974075990e+02 -7.752725659435258265e+00
3.674999999973945819e+02 -7.846175448600863689e+00
3.679999999973815648e+02 -7.630216988972478021e+00
3.684999999973685476e+02 -7.831592164377294552e+00
3.689999999973555305e+02 -7.614297172675871472e+00
3.694999999973425133e+02 -7.890029447514499417e+00
3.699999999973294962e+02 -7.571021629177142387e+00
3.704999999973164790e+02 -7.236053964664213467e+00
3.709999999973034619e+02 -7.198340991099714259e+00
3.714999999972903879e+02 -7.765642074602799205e+00
3.719999999972773708e+02 -7.801303819479746160e+00
3.724999999972643536e+02 -7.891037976277102572e+00
3.729999999972513365e+02 -7.812018816279469924e+00
3.734999999972383193e+02 -7.587805891110394718e+00
3.739999999972253022e+02 -7.661539995301554384e+00
3.744999999972122851e+02 -7.675936464299760509e+00
3.749999999971992679e+02 -7.469726982517308045e+00
3.754999999971862508e+02 -7.622221763788104454e+00
3.759999999971732336e+02 -8.113044400132784162e+00
3.764999999971602165e+02 -7.607415067193789682e+00
3.769999999971471425e+02 -7.845227639663469255e+00
3.774999999971341254e+02 -7.942120355081732086e+00
3.779999999971211082e+02 -7.606502602660456525e+00
3.784999999971080911e+02 -7.750134971879671930e+00
3.789999999970950739e+02 -7.500445484365454440e+00
3.794999999970820568e+02 -8.037144457950661902e+00
3.799999999970690396e+02 -6.900168229920551788e+00
3.804999999970560225e+02 -7.665591156170454390e+00
3.809999999970430054e+02 -7.865337215799040216e+00
3.814999999970299882e+02 -7.459479554974717708e+00
3.819999999970169711e+02 -7.969416844188138782e+00
3.824999999970038971e+02 -7.594019324765663548e+00
3.829999999969908799e+02 -7.117867464875418548e+00
3.834999999969778628e+02 -7.754473000823514539e+00
3.839999999969648456e+02 -7.813799257190832570e+00
3.844999999969518285e+02 -7.362110054193532704e+00
3.849999999969388114e+02 -7.574039063846305098e+00
3.854999999969257942e+02 -7.578811794165772220e+00
3.859999999969127771e+02 -7.985013894065226658e+00
3.864999999968997599e+02 -7.574975411627033139e+00
3.869999999968867428e+02 -6.824795021513601512e+00
3.874999999968737256e+02 -7.482993766052302931e+00
3.879999999968606517e+02 -7.014791381004361170e+00
3.884999999968476345e+02 -7.708280399297908758e+00
3.889999999968346174e+02 -7.449174053708077281e+00
3.894999999968216002e+02 -7.472356817419036901e+00
3.899999999968085831e+02 -7.865365161160283947e+00
3.904999999967955659e+02 -7.212137519640343442e+00
3.909999999967825488e+02 -7.364399388039118755e+00
3.914999999967695317e+02 -7.703564587388076035e+00
3.919999999967565145e+02 -7.522857721502063555e+00
3.924999999967434974e+02 -7.399937237451769789e+00
3.929999999967304234e+02 -7.677625937645091270e+00
3.934999999967174062e+02 -7.791696863581680788e+00
3.939999999967043891e+02 -7.189266657564176377e+00
3.944999999966913720e+02 -7.288629472057670533e+00
3.949999999966783548e+02 -7.837439570679087808e+00
3.954999999966653377e+02 -8.077223605901576065e+00
3.959999999966523205e+02 -8.070180245162481114e+00
3.964999999966393034e+02 -7.640908918253131787e+00
3.969999999966262862e+02 -8.133659665108881498e+00
3.974999999966132691e+02 -8.015828119372743643e+00
3.979999999966002520e+02 -7.493295107150765411e+00
3.984999999965871780e+02 -8.574589204434790446e+00
3.989999999965741608e+02 -7.479357546087701536e+00
3.994999999965611437e+02 -7.633790869718835914e+00
3.999999999965481265e+02 -8.027187579232855086e+00
4.004999999965351094e+02 -7.787270560868358338e+00
4.009999999965220923e+02 -7.959210132278843552e+00
4.014999999965090751e+02 -7.744033020336654083e+00
4.019999999964960580e+02 -7.855702864778753458e+00
4.024999999964830408e+02 -7.993444007832243514e+00
4.029999999964700237e+02 -7.937607265162997194e+00
4.034999999964570065e+02 -8.069771484503144521e+00
4.039999999964439326e+02 -7.303550280973296616e+00
4.044999999964309154e+02 -7.238761398334785824e+00
4.049999999964178983e+02 -7.147450845659880869e+00
4.054999999964048811e+02 -7.965782498460910688e+00
4.059999999964079507e+02 -7.967691483881368164e+00
4.064999999964400104e+02 -7.664947483687050145e+00
4.069999999964720132e+02 -7.569221096015590788e+00
4.074999999965040729e+02 -7.882573775663209936e+00
4.079999999965360757e+02 -7.180964177152536543e+00
4.084999999965681354e+02 -7.737430100445968684e+00
4.089999999966001383e+02 -8.064358965603286578e+00
4.094999999966321980e+02 -7.797467429918283344e+00
4.099999999966642008e+02 -7.368003750494425574e+00
4.104999999966962605e+02 -7.722959648771211327e+00
4.109999999967282633e+02 -7.578946945090418552e+00
4.114999999967603230e+02 -8.276873127173065114e+00
4.119999999967923259e+02 -6.968810490431401661e+00
4.124999999968243856e+02 -7.689039493805038816e+00
4.129999999968563884e+02 -7.945420438458488555e+00
4.134999999968884481e+02 -7.640823958186905962e+00
4.139999999969205078e+02 -8.002487537212923385e+00
4.144999999969525106e+02 -8.135137930803711726e+00
4.149999999969845703e+02 -7.473345062214740153e+00
4.154999999970165732e+02 -7.753142323322528284e+00
4.159999999970486328e+02 -7.766383589290869693e+00
4.164999999970806357e+02 -8.266057528034714608e+00
4.169999999971126954e+02 -7.683440043058718416e+00
4.174999999971446982e+02 -7.426162189242177192e+00
4.179999999971767579e+02 -7.730648306613853826e+00
4.184999999972087608e+02 -7.812333884031525955e+00
4.189999999972408204e+02 -7.636023207596830176e+00
4.194999999972728233e+02 -7.305931993561249449e+00
4.199999999973048830e+02 -8.029829584604060599e+00
4.204999999973368858e+02 -7.836668403784607051e+00
4.209999999973689455e+02 -7.718527843924640308e+00
4.214999999974009484e+02 -7.285892683414642690e+00
4.219999999974330080e+02 -7.392726320452791100e+00
4.224999999974650109e+02 -7.335375203435869018e+00
4.229999999974970706e+02 -7.666953370131827761e+00
4.234999999975291303e+02 -7.921222606303690128e+00
4.239999999975611331e+02 -7.462619743721472965e+00
4.244999999975931928e+02 -7.328489688847038330e+00
4.249999999976251956e+02 -7.410043313166017498e+00
4.254999999976572553e+02 -7.749479074594307626e+00
4.259999999976892582e+02 -7.520170443369710966e+00
4.264999999977213179e+02 -8.075609164964468789e+00
4.269999999977533207e+02 -7.762147459143580619e+00
4.274999999977853804e+02 -7.596177904052962226e+00
4.279999999978173832e+02 -7.978433335639767421e+00
4.284999999978494429e+02 -7.463531961147241489e+00
4.289999999978814458e+02 -7.680561293080288898e+00
4.294999999979135055e+02 -7.341624510966146211e+00
4.299999999979455083e+02 -7.977967970642186657e+00
4.304999999979775680e+02 -7.796480383593080710e+00
4.309999999980095708e+02 -7.500482033634813916e+00
4.314999999980416305e+02 -8.002131738471540245e+00
4.319999999980736902e+02 -7.639674047259297218e+00
4.324999999981056931e+02 -8.226320255281642346e+00
4.329999999981377528e+02 -8.226613301531829237e+00
4.334999999981697556e+02 -7.708135165721277104e+00
4.339999999982018153e+02 -8.032476530018351824e+00
4.344999999982338181e+02 -7.650252303263450848e+00
4.349999999982658778e+02 -8.089842714631288345e+00
4.354999999982978807e+02 -7.572809380531928092e+00
4.359999999983299404e+02 -7.248910595399334689e+00
4.364999999983619432e+02 -7.990956051248812031e+00
4.369999999983940029e+02 -8.212633055304406682e+00
4.374999999984260057e+02 -7.847561561769205163e+00
4.379999999984580654e+02 -7.727270390783089304e+00
4.384999999984900683e+02 -7.669990614777019822e+00
4.389999999985221280e+02 -7.441915548051342810e+00
4.394999999985541308e+02 -7.195848004228985850e+00
4.399999999985861905e+02 -7.705928340684444322e+00
4.404999999986182502e+02 -7.177990162115474249e+00
4.409999999986502530e+02 -7.650809861800166978e+00
4.414999999986823127e+02 -8.053406231363652523e+00
4.419999999987143156e+02 -7.694219547709838736e+00
4.424999999987463752e+02 -7.568244297813699895e+00
4.429999999987783781e+02 -8.156218147690692533e+00
4.434999999988104378e+02 -7.001637164129745905e+00
4.439999999988424406e+02 -7.483269717443175928e+00
4.444999999988745003e+02 -7.600284094175139948e+00
4.449999999989065032e+02 -8.246063589955669570e+00
4.454999999989385628e+02 -7.640395861957196111e+00
4.459999999989705657e+02 -8.097540568340935607e+00
4.464999999990026254e+02 -7.487872828031481909e+00
4.469999999990346282e+02 -7.555819650194285586e+00
4.474999999990666879e+02 -7.539746803739237890e+00
4.479999999990986908e+02 -7.631675037286320240e+00
4.484999999991307504e+02 -7.542207298727944931e+00
4.489999999991627533e+02 -7.552643242776317933e+00
4.494999999991948130e+02 -7.706156552897750700e+00
4.499999999992268727e+02 -7.642671015197914031e+00
4.504999999992588755e+02 -8.011857190817448071e+00
4.509999999992909352e+02 -8.063385346524794883e+00
4.514999999993229380e+02 -7.614351311583342330e+00
4.519999999993549977e+02 -7.957483554533576253e+00
4.524999999993870006e+02 -7.989155407211803173e+00
4.529999999994190603e+02 -7.818039711884892995e+00
4.534999999994510631e+02 -7.910693884477447035e+00
4.539999999994831228e+02 -7.908172903413260180e+00
4.544999999995151256e+02 -7.258048592929507770e+00
4.549999999995471853e+02 -7.677249370354114255e+00
4.554999999995791882e+02 -8.092704395227579894e+00
4.559999999996112479e+02 -7.496575417176066125e+00
4.564999999996432507e+02 -7.845841798532986466e+00
4.569999999996753104e+02 -7.397951960338724930e+00
4.574999999997073132e+02 -7.073670377209156257e+00
4.579999999997393729e+02 -7.563561861190104096e+00
4.584999999997714326e+02 -7.651269765524882693e+00
4.589999999998034355e+02 -7.490909515961276632e+00
4.594999999998354951e+02 -7.508738113561451932e+00
4.599999999998674980e+02 -7.246644068500731173e+00
4.604999999998995577e+02 -7.769579271319076774e+00
4.609999999999315605e+02 -7.567475265032391540e+00
4.614999999999636202e+02 -7.684886783188447978e+00
4.619999999999956231e+02 -7.653762014493212362e+00
4.625000000000276827e+02 -7.462758377450846581e+00
4.630000000000596856e+02 -7.660808638984164531e+00
4.635000000000917453e+02 -7.805655185931656526e+00
4.640000000001237481e+02 -7.410292012997273581e+00
4.645000000001558078e+02 -7.766445509007541048e+00
4.650000000001878107e+02 -7.984045000894294475e+00
4.655000000002198703e+02 -8.022140695567806290e+00
4.660000000002518732e+02 -7.474742097763464876e+00
4.665000000002839329e+02 -7.814880810952954171e+00
4.670000000003159357e+02 -7.620734179697294053e+00
4.675000000003479954e+02 -8.017151217518765804e+00
4.680000000003800551e+02 -7.434441132595499546e+00
4.685000000004120579e+02 -7.988752656258044205e+00
4.690000000004441176e+02 -7.456829029765657424e+00
4.695000000004761205e+02 -7.544282449163554283e+00
4.700000000005081802e+02 -7.924922067893136024e+00
4.705000000005401830e+02 -7.641938975370112352e+00
4.710000000005722427e+02 -7.226237643980379488e+00
4.715000000006042455e+02 -7.463499951562217127e+00
4.720000000006363052e+02 -7.757074761712786426e+00
4.725000000006683081e+02 -7.148470692143661154e+00
4.730000000007003678e+02 -7.662854087903204992e+00
4.735000000007323706e+02 -7.493518586618280075e+00
4.740000000007644303e+02 -7.786174774655980180e+00
4.745000000007964331e+02 -7.723190343815073078e+00
4.750000000008284928e+02 -7.244898704201419015e+00
4.755000000008604957e+02 -7.344666733970957040e+00
4.760000000008925554e+02 -7.740343319053279991e+00
4.765000000009246151e+02 -7.709715300914809610e+00
4.770000000009566179e+02 -7.320516971536545014e+00
4.775000000009886776e+02 -7.548936887418849828e+00
4.780000000010206804e+02 -7.368958786889517221e+00
4.785000000010527401e+02 -7.718079190565358516e+00
4.790000000010847430e+02 -7.494660176769349036e+00
4.795000000011168027e+02 -7.659732171074207230e+00
4.800000000011488055e+02 -7.756567326636238491e+00
4.805000000011808652e+02 -7.336525097800510764e+00
4.810000000012128680e+02 -7.557729840816171496e+00
4.815000000012449277e+02 -7.636974593669619615e+00
4.820000000012769306e+02 -7.712917090523290220e+00
4.825000000013089902e+02 -7.711439787047815742e+00
4.830000000013409931e+02 -7.559735254306705343e+00
4.835000000013730528e+02 -6.806425866338837949e+00
4.840000000014050556e+02 -7.568196029066104558e+00
4.845000000014371153e+02 -8.150122788384164707e+00
4.850000000014691750e+02 -7.459857999406180440e+00
4.855000000015011778e+02 -7.712383533030489957e+00
4.860000000015332375e+02 -7.755467757086311309e+00
4.865000000015652404e+02 -7.006378085005255052e+00
4.870000000015973001e+02 -7.877812029261395566e+00
4.875000000016293029e+02 -7.819368493406765097e+00
4.880000000016613626e+02 -7.548460341034070709e+00
4.885000000016933654e+02 -7.606315061801196542e+00
4.890000000017254251e+02 -7.325408543283371543e+00
4.895000000017574280e+02 -7.815299835204069900e+00
4.900000000017894877e+02 -7.838028854131080081e+00
4.905000000018214905e+02 -7.243503387547967520e+00
4.910000000018535502e+02 -7.981420130741676999e+00
4.915000000018855530e+02 -7.807999657641131463e+00
4.920000000019176127e+02 -7.819129784613264356e+00
4.925000000019496156e+02 -6.750431728739835435e+00
4.930000000019816753e+02 -7.966522301744689116e+00
4.935000000020136781e+02 -8.182038963039556023e+00
4.940000000020457378e+02 -7.693260782000997722e+00
4.945000000020777975e+02 -7.290078468954827251e+00
4.950000000021098003e+02 -7.479736800140377007e+00
4.955000000021418600e+02 -8.093276490357052211e+00
4.960000000021738629e+02 -7.709873328150288252e+00
4.965000000022059226e+02 -7.627662329688265963e+00
4.970000000022379254e+02 -7.478756714766724656e+00
4.975000000022699851e+02 -7.465963911585961732e+00
4.980000000023019879e+02 -7.073879981276418150e+00
4.985000000023340476e+02 -7.697387218588541025e+00
4.990000000023660505e+02 -7.651039184941707205e+00
4.995000000023981102e+02 -6.947147559069200007e+00
5.000000000024301130e+02 -7.430552554748393490e+00
5.005000000024621727e+02 -7.224645298777244484e+00
5.010000000024941755e+02 -7.347183249911330094e+00
5.015000000025262352e+02 -6.980164374811705486e+00
5.020000000025582381e+02 -7.628601222412504157e+00
5.025000000025902978e+02 -7.423991876237940879e+00
5.030000000026223574e+02 -7.675451371770801501e+00
5.035000000026543603e+02 -7.376341854421709421e+00
5.040000000026864200e+02 -7.296512426413990227e+00
5.045000000027184228e+02 -7.452428346209602594e+00
5.050000000027504825e+02 -7.440994734984050396e+00
5.055000000027824854e+02 -7.691437598036479528e+00
5.060000000028145450e+02 -7.539282149215514650e+00
5.065000000028465479e+02 -7.359205709589123678e+00
5.070000000028786076e+02 -7.805323890706101331e+00
5.075000000029106104e+02 -7.784765726471054137e+00
5.080000000029426701e+02 -7.672199430971883949e+00
5.085000000029746730e+02 -7.504945211037556518e+00
5.090000000030067326e+02 -8.130998192886895737e+00
5.095000000030387355e+02 -7.144749220865938000e+00
5.100000000030707952e+02 -7.625693610204422157e+00
5.105000000031027980e+02 -7.751503632388143217e+00
5.110000000031348577e+02 -7.822308076949349598e+00
5.115000000031668606e+02 -7.821177148316887262e+00
5.120000000031989202e+02 -7.826851993465107071e+00
5.125000000032309799e+02 -7.563073990760604381e+00
5.130000000032630396e+02 -6.777348569572385628e+00
5.135000000032949856e+02 -7.604795814483316541e+00
5.140000000033270453e+02 -7.776294052559310721e+00
5.145000000033591050e+02 -7.499485094745438118e+00
5.150000000033911647e+02 -7.943438010591537868e+00
5.155000000034231107e+02 -7.968436937736727899e+00
5.160000000034551704e+02 -7.456216843898789470e+00
5.165000000034872301e+02 -7.787100851619181086e+00
5.170000000035192897e+02 -7.946816395295638102e+00
5.175000000035512357e+02 -7.987772452706338733e+00
5.180000000035832954e+02 -7.982091056778567228e+00
5.185000000036153551e+02 -8.216002038776123229e+00
5.190000000036474148e+02 -7.806658077597968592e+00
5.195000000036793608e+02 -8.064397267520824641e+00
5.200000000037114205e+02 -8.195480371987279966e+00
5.205000000037434802e+02 -7.615268351895877252e+00
5.210000000037755399e+02 -7.651198987559379994e+00
5.215000000038075996e+02 -7.819337759251622444e+00
5.220000000038395456e+02 -7.617329566805633334e+00
5.225000000038716053e+02 -8.296663018130612244e+00
5.230000000039036649e+02 -8.043914783031917537e+00
5.235000000039357246e+02 -7.707256318316180632e+00
5.240000000039676706e+02 -7.935123152041971828e+00
5.245000000039997303e+02 -7.538715848352405935e+00
5.250000000040317900e+02 -7.884043800175377648e+00
5.255000000040638497e+02 -7.924623139969914298e+00
5.260000000040957957e+02 -7.783496761091122984e+00
5.265000000041278554e+02 -7.484563099366758898e+00
5.270000000041599151e+02 -8.283269731918032619e+00
5.275000000041919748e+02 -7.571305411139933383e+00
5.280000000042239208e+02 -7.691724395721742269e+00
5.285000000042559805e+02 -7.378605299755966129e+00
5.290000000042880401e+02 -8.161945247132429415e+00
5.295000000043200998e+02 -7.444866525445048566e+00
5.300000000043521595e+02 -7.677270177747181457e+00
5.305000000043841055e+02 -7.746412208621730855e+00
5.310000000044161652e+02 -7.657495159676090957e+00
5.315000000044482249e+02 -7.500076951415707072e+00
5.320000000044802846e+02 -7.196311678212319762e+00
5.325000000045122306e+02 -7.432355174541859455e+00
5.330000000045442903e+02 -7.663837699624387767e+00
5.335000000045763500e+02 -7.722274663730646971e+00
5.340000000046084097e+02 -7.539949333518332963e+00
5.345000000046403557e+02 -7.589224906704441942e+00
5.350000000046724153e+02 -7.842303347915748013e+00
5.355000000047044750e+02 -7.505762355800781549e+00
5.360000000047365347e+02 -7.706792994260138308e+00
5.365000000047684807e+02 -7.758510951932835020e+00
5.370000000048005404e+02 -7.635108492311399431e+00
5.375000000048326001e+02 -7.094287437342452485e+00
5.380000000048646598e+02 -7.737230600766483946e+00
5.385000000048967195e+02 -7.357342723349225899e+00
5.390000000049286655e+02 -7.313516993709670011e+00
5.395000000049607252e+02 -7.594758494250969605e+00
5.400000000049927849e+02 -7.541632657916114368e+00
5.405000000050248445e+02 -7.116304756995257996e+00
5.410000000050567905e+02 -8.081587911814269276e+00
5.415000000050888502e+02 -7.110146121260895846e+00
5.420000000051209099e+02 -7.755626235481996922e+00
5.425000000051529696e+02 -7.705073821841942561e+00
5.430000000051849156e+02 -6.994115899923269986e+00
5.435000000052169753e+02 -7.760134827744987973e+00
5.440000000052490350e+02 -7.457381204011356068e+00
5.445000000052810947e+02 -7.812270839098358621e+00
5.450000000053130407e+02 -7.338810873427787485e+00
5.455000000053451004e+02 -7.274926595387539052e+00
5.460000000053771601e+02 -7.879585381930462873e+00
5.465000000054092197e+02 -7.155084963982359270e+00
5.470000000054411657e+02 -7.545520504740362178e+00
5.475000000054732254e+02 -7.309856059178689414e+00
5.480000000055052851e+02 -7.878909523586526298e+00
5.485000000055373448e+02 -7.721716531663749272e+00
5.490000000055694045e+02 -7.658970681398290736e+00
5.495000000056013505e+02 -7.435728755532623246e+00
5.500000000056334102e+02 -7.407606155088567235e+00
5.505000000056654699e+02 -7.408964300998325037e+00
5.510000000056975296e+02 -7.626703286327021658e+00
5.515000000057294756e+02 -7.537482420808384376e+00
5.520000000057615352e+02 -7.724007322216898785e+00
5.525000000057935949e+02 -7.119926865127124138e+00
5.530000000058256546e+02 -7.771574867927450114e+00
5.535000000058576006e+02 -7.737805243143275113e+00
5.540000000058896603e+02 -8.275401114191200946e+00
5.545000000059217200e+02 -7.794162610902307442e+00
5.550000000059537797e+02 -7.858760617856689557e+00
5.555000000059857257e+02 -7.145306412419683006e+00
5.560000000060177854e+02 -7.892952410940025310e+00
5.565000000060498451e+02 -7.676250766303959416e+00
5.570000000060819048e+02 -8.183712252843513113e+00
5.575000000061139644e+02 -7.751004238841769478e+00
5.580000000061459104e+02 -7.519152699055442035e+00
5.585000000061779701e+02 -8.090307516957516043e+00
5.590000000062100298e+02 -8.069315511626426130e+00
5.595000000062420895e+02 -7.956399850972295518e+00
5.600000000062740355e+02 -7.711785340001735989e+00
5.605000000063060952e+02 -7.585680214098079688e+00
5.610000000063381549e+02 -7.948337448539589012e+00
5.615000000063702146e+02 -7.539535155131646960e+00
5.620000000064021606e+02 -7.393005855013639049e+00
5.625000000064342203e+02 -7.376285564447037757e+00
5.630000000064662800e+02 -7.858459974753935207e+00
5.635000000064983396e+02 -7.481137434553633447e+00
5.640000000065302856e+02 -8.012361173782394985e+00
5.645000000065623453e+02 -7.489662370402814240e+00
5.650000000065944050e+02 -7.657678420132882025e+00
5.655000000066264647e+02 -7.465749941563334602e+00
5.660000000066585244e+02 -7.374497900584208843e+00
5.665000000066904704e+02 -7.785468745314627625e+00
5.670000000067225301e+02 -8.202096778664325072e+00
5.675000000067545898e+02 -7.529895730581631419e+00
5.680000000067866495e+02 -8.456151281736595138e+00
5.685000000068185955e+02 -7.306401205891480899e+00
5.690000000068506552e+02 -7.714513786157663588e+00
5.695000000068827148e+02 -7.264560917023578313e+00
5.700000000069147745e+02 -7.774301724195094465e+00
5.705000000069467205e+02 -7.723529150725738646e+00
5.710000000069787802e+02 -7.028356020584496378e+00
5.715000000070108399e+02 -7.160335051414885577e+00
5.720000000070428996e+02 -7.474638544570629151e+00
5.725000000070748456e+02 -7.290089205178180265e+00
5.730000000071069053e+02 -7.965132573662333293e+00
5.735000000071389650e+02 -7.831614602466506092e+00
5.740000000071710247e+02 -7.214900252303901418e+00
5.745000000072030844e+02 -7.693689115956479085e+00
5.750000000072350304e+02 -7.661204862550073713e+00
5.755000000072670900e+02 -7.829439471002883622e+00
5.760000000072991497e+02 -7.889742178679090223e+00
5.765000000073312094e+02 -7.561766908080307381e+00
5.770000000073631554e+02 -8.202424254862206610e+00
5.775000000073952151e+02 -7.960527386206440958e+00
5.780000000074272748e+02 -7.832580374357895892e+00
5.785000000074593345e+02 -7.784152496917511321e+00
5.790000000074912805e+02 -7.898721443806828724e+00
5.795000000075233402e+02 -7.624290319888296530e+00
5.800000000075553999e+02 -7.506488282606622597e+00
5.805000000075874595e+02 -8.092021281696148094e+00
5.810000000076194056e+02 -7.940487449900965444e+00
5.815000000076514652e+02 -7.956554423985185309e+00
5.820000000076835249e+02 -7.697474738184542531e+00
5.825000000077155846e+02 -7.710009667184782423e+00
5.830000000077476443e+02 -7.359854531677119560e+00
5.835000000077795903e+02 -7.817345911662357594e+00
5.840000000078116500e+02 -7.873893544368105069e+00
5.845000000078437097e+02 -7.763834298351373953e+00
5.850000000078757694e+02 -7.691809263094703475e+00
5.855000000079077154e+02 -7.809818982940737619e+00
5.860000000079397751e+02 -7.809220043595998639e+00
5.865000000079718347e+02 -7.140590929347098381e+00
5.870000000080038944e+02 -7.803531110778522795e+00
5.875000000080358404e+02 -7.208483059784898117e+00
5.880000000080679001e+02 -7.113369832871248022e+00
5.885000000080999598e+02 -7.165678453378327539e+00
5.890000000081320195e+02 -7.115740965564550713e+00
5.895000000081639655e+02 -6.981066674372402581e+00
5.900000000081960252e+02 -7.487425145692311546e+00
5.905000000082280849e+02 -7.645765808116213869e+00
5.910000000082601446e+02 -7.924892080516773518e+00
5.915000000082920906e+02 -7.865685076667833897e+00
5.920000000083241503e+02 -7.355619502241379948e+00
5.925000000083562099e+02 -7.525789726587738038e+00
5.930000000083882696e+02 -8.051021574901279010e+00
5.935000000084203293e+02 -7.539932269172291868e+00
5.940000000084522753e+02 -8.095017025549861245e+00
5.945000000084843350e+02 -7.799518006733680231e+00
5.950000000085163947e+02 -8.032538761104159875e+00
5.955000000085484544e+02 -8.133145638987350878e+00
5.960000000085804004e+02 -8.001046782211730601e+00
5.965000000086124601e+02 -8.009904330776352666e+00
5.970000000086445198e+02 -7.617264202978265786e+00
5.975000000086765795e+02 -7.748378007863700567e+00
5.980000000087085255e+02 -7.532751144080103600e+00
5.985000000087405851e+02 -7.958897907394494986e+00
5.990000000087726448e+02 -7.314623403218230457e+00
5.995000000088047045e+02 -7.912517215372306012e+00
6.000000000088366505e+02 -8.029971846561918980e+00
6.005000000088687102e+02 -7.494686307750345833e+00
6.010000000089007699e+02 -7.631673444224953862e+00
6.015000000089328296e+02 -7.966283627115620547e+00
6.020000000089648893e+02 -7.674665173547184693e+00
6.025000000089968353e+02 -8.060571934528951488e+00
6.030000000090288950e+02 -7.440823753001643226e+00
6.035000000090609547e+02 -7.961302517823927616e+00
6.040000000090930143e+02 -7.638737840011846636e+00
6.045000000091249603e+02 -7.774041517126611289e+00
6.050000000091570200e+02 -7.469670625440866019e+00
6.055000000091890797e+02 -8.000388473779747045e+00
6.060000000092211394e+02 -7.895984349101511590e+00
6.065000000092530854e+02 -6.982186990674903448e+00
6.070000000092851451e+02 -7.414199598289931359e+00
6.075000000093172048e+02 -8.036004180712398082e+00
6.080000000093492645e+02 -7.839846910022995274e+00
6.085000000093812105e+02 -7.591673193624832727e+00
6.090000000094132702e+02 -7.364077745022375332e+00
6.095000000094453299e+02 -7.474057026745387411e+00
6.100000000094773895e+02 -7.500978379079245251e+00
6.105000000095094492e+02 -7.368493383652196194e+00
6.110000000095413952e+02 -7.804357001416962092e+00
6.115000000095734549e+02 -7.978184957403707145e+00
6.120000000096055146e+02 -7.303393671753822147e+00
6.125000000096375743e+02 -8.048358039566757327e+00
6.130000000096695203e+02 -7.242848815548689423e+00
6.135000000097015800e+02 -7.084332131254328146e+00
6.140000000097336397e+02 -7.404304513871380777e+00
6.145000000097656994e+02 -8.002187844578520171e+00
6.150000000097976454e+02 -7.134153923448264045e+00
6.155000000098297050e+02 -7.981103572447403316e+00
6.160000000098617647e+02 -7.918113886319397388e+00
6.165000000098938244e+02 -7.824513053328267631e+00
6.170000000099257704e+02 -7.477018516579357232e+00
6.175000000099578301e+02 -7.041855404933134999e+00
6.180000000099898898e+02 -7.118791757209936399e+00
6.185000000100219495e+02 -7.191034181792455904e+00
6.190000000100540092e+02 -8.097506997541733753e+00
6.195000000100859552e+02 -8.124474475554338326e+00
6.200000000101180149e+02 -7.615313750781359303e+00
6.205000000101500746e+02 -8.242122349558625771e+00
6.210000000101821342e+02 -7.434254319220324092e+00
6.215000000102140802e+02 -7.851738473274415320e+00
6.220000000102461399e+02 -7.457976747428773479e+00
6.225000000102781996e+02 -7.764700632037148331e+00
6.230000000103102593e+02 -7.889216385275429566e+00
6.235000000103422053e+02 -7.565505457784556853e+00
6.240000000103742650e+02 -7.543094322464411583e+00
6.245000000104063247e+02 -7.637845822653002159e+00
6.250000000104383844e+02 -7.416357512896177617e+00
6.255000000104703304e+02 -7.615263398073936152e+00
6.260000000105023901e+02 -7.910994587104230646e+00
6.265000000105344498e+02 -7.947958165654450013e+00
6.270000000105665094e+02 -8.263081948828034484e+00
6.275000000105985691e+02 -7.817538961174714807e+00
6.280000000106305151e+02 -8.165071549044164101e+00
6.285000000106625748e+02 -7.532867788346384152e+00
6.290000000106946345e+02 -8.297765664290256638e+00
6.295000000107266942e+02 -7.605551118257242393e+00
6.300000000107586402e+02 -8.662381591246532508e+00
6.305000000107906999e+02 -7.715081884074852958e+00
6.310000000108227596e+02 -8.100432624983080032e+00
6.315000000108548193e+02 -7.746742345744779712e+00
6.320000000108867653e+02 -7.929498544469336885e+00
6.325000000109188250e+02 -7.837084995815390975e+00
6.330000000109508846e+02 -8.053422761639595251e+00
6.335000000109829443e+02 -7.108468593287583737e+00
6.340000000110148903e+02 -7.520405068247536740e+00
6.345000000110469500e+02 -7.761031714439673657e+00
6.350000000110790097e+02 -8.293775696184217949e+00
6.355000000111110694e+02 -7.627638021054138129e+00
6.360000000111430154e+02 -7.632704150599152193e+00
6.365000000111750751e+02 -7.844535446588040806e+00
6.370000000112071348e+02 -7.205852658293244062e+00
6.375000000112391945e+02 -7.756165959198214388e+00
6.380000000112712542e+02 -7.577988486161811643e+00
6.385000000113032002e+02 -7.436362332442487677e+00
6.390000000113352598e+02 -7.471136900590240160e+00
6.395000000113673195e+02 -7.573090101644764260e+00
6.400000000113993792e+02 -7.570033934113970631e+00
6.405000000114313252e+02 -7.963522817981873558e+00
6.410000000114633849e+02 -7.313841776611616829e+00
6.415000000114954446e+02 -7.382200176382361256e+00
6.420000000115275043e+02 -7.625352425085500485e+00
6.425000000115594503e+02 -7.474828472372617050e+00
6.430000000115915100e+02 -7.742371109399572404e+00
6.435000000116235697e+02 -7.151388589185257771e+00
6.440000000116556294e+02 -7.161146963754261741e+00
6.445000000116875754e+02 -7.379102752429324674e+00
6.450000000117196350e+02 -7.606801961853474126e+00
6.455000000117516947e+02 -7.793551227999802933e+00
6.460000000117837544e+02 -7.500448616304790761e+00
6.465000000118158141e+02 -7.338965349445341957e+00
6.470000000118477601e+02 -7.624142731744573354e+00
6.475000000118798198e+02 -7.947965500399667427e+00
6.480000000119118795e+02 -7.740810850202229254e+00
6.485000000119439392e+02 -7.547542750107548493e+00
6.490000000119758852e+02 -8.120830376896694958e+00
6.495000000120079449e+02 -7.626104335363009135e+00
6.500000000120400045e+02 -7.580294705905744834e+00
6.505000000120720642e+02 -7.648263495601003825e+00
6.510000000121040102e+02 -7.132128505549207631e+00
6.515000000121360699e+02 -7.897645947694716284e+00
6.520000000121681296e+02 -7.282741556034650010e+00
6.525000000122001893e+02 -7.357176950837730267e+00
6.530000000122321353e+02 -7.949793304572882136e+00
6.535000000122641950e+02 -7.625040532084873313e+00
6.540000000122962547e+02 -7.411712155612583786e+00
6.545000000123283144e+02 -7.377571788860958435e+00
6.550000000123603741e+02 -7.790656675289419297e+00
6.555000000123923201e+02 -7.660252581782945214e+00
6.560000000124243797e+02 -7.924010518815120641e+00
6.565000000124564394e+02 -7.317545951742031818e+00
6.570000000124884991e+02 -7.911410059817116647e+00
6.575000000125204451e+02 -7.389487087198927107e+00
6.580000000125525048e+02 -7.855570225154044905e+00
6.585000000125845645e+02 -7.434331749649008891e+00
6.590000000126166242e+02 -7.900999210130575712e+00
6.595000000126485702e+02 -7.151024544890861812e+00
6.600000000126806299e+02 -7.354749580628912931e+00
6.605000000127126896e+02 -8.151795068103757202e+00
6.610000000127447493e+02 -8.061757300315781194e+00
6.615000000127766953e+02 -7.918279003281317507e+00
6.620000000128087549e+02 -7.589621081688246562e+00
6.625000000128408146e+02 -7.756886047342887558e+00
6.630000000128728743e+02 -7.365170667708587970e+00
6.635000000129049340e+02 -7.819848355436755050e+00
6.640000000129368800e+02 -7.240187751781318681e+00
6.645000000129689397e+02 -8.235237936924072244e+00
6.650000000130009994e+02 -7.177556727910106460e+00
6.655000000130330591e+02 -6.773810773038256627e+00
6.660000000130650051e+02 -7.618845347997229567e+00
6.665000000130970648e+02 -8.168457332360224754e+00
6.670000000131291245e+02 -7.855389917649206133e+00
6.675000000131611841e+02 -7.844496000102000544e+00
6.680000000131931301e+02 -7.599852704842046336e+00
6.685000000132251898e+02 -7.439263811303447049e+00
6.690000000132572495e+02 -7.255576951248026596e+00
6.695000000132893092e+02 -7.715305030236633499e+00
6.700000000133212552e+02 -7.588096845874217067e+00
6.705000000133533149e+02 -7.334491755874400276e+00
6.710000000133853746e+02 -7.751242102854606131e+00
6.715000000134174343e+02 -7.428879133638621290e+00
6.720000000134494940e+02 -7.494413469990708343e+00
6.725000000134814400e+02 -8.037392382820765846e+00
6.730000000135134997e+02 -7.682581009871732647e+00
6.735000000135455593e+02 -7.667025053132079826e+00
6.740000000135776190e+02 -7.731812818310944913e+00
6.745000000136095650e+02 -7.827790970985774699e+00
6.750000000136416247e+02 -7.580697308679263280e+00
6.755000000136736844e+02 -7.444474758189858932e+00
6.760000000137057441e+02 -7.275086560754646214e+00
6.765000000137376901e+02 -7.427083061099363448e+00
6.770000000137697498e+02 -7.505655369811881528e+00
6.775000000138018095e+02 -7.611383547566971330e+00
6.780000000138338692e+02 -7.290221065225637176e+00
6.785000000138658152e+02 -8.082823090936205546e+00
6.790000000138978749e+02 -7.635236647309213254e+00
6.795000000139299345e+02 -7.556493295762478191e+00
6.800000000139619942e+02 -7.596572316498479083e+00
6.805000000139939402e+02 -7.819267041991155409e+00
6.810000000140259999e+02 -7.270469237159352893e+00
6.815000000140580596e+02 -8.342259349682334957e+00
6.820000000140901193e+02 -7.770644613361743502e+00
6.825000000141221790e+02 -7.683150776892095024e+00
6.830000000141541250e+02 -7.759291907979563696e+00
6.835000000141861847e+02 -7.655581659941558037e+00
6.840000000142182444e+02 -7.580270445227110798e+00
6.845000000142503040e+02 -6.910785884277193425e+00
6.850000000142822500e+02 -7.758987683623191245e+00
6.855000000143143097e+02 -7.866449899787463451e+00
6.860000000143463694e+02 -7.612280470801191079e+00
6.865000000143784291e+02 -7.662734717323228750e+00
6.870000000144103751e+02 -8.134138727159466953e+00
6.875000000144424348e+02 -8.053706186945159828e+00
6.880000000144744945e+02 -7.877645078031113357e+00
6.885000000145065542e+02 -7.396431533947303016e+00
6.890000000145385002e+02 -7.664991264598456588e+00
6.895000000145705599e+02 -7.761977410083477302e+00
6.900000000146026196e+02 -7.236287282674203958e+00
6.905000000146346792e+02 -8.072350838094555669e+00
6.910000000146667389e+02 -7.275615133652780564e+00
6.915000000146986849e+02 -7.834432648107822139e+00
6.920000000147307446e+02 -7.656770530940417707e+00
6.925000000147628043e+02 -7.621220664079497276e+00
6.930000000147948640e+02 -7.937086058426743307e+00
6.935000000148268100e+02 -6.949978654247241039e+00
6.940000000148588697e+02 -7.820132875942703343e+00
6.945000000148909294e+02 -7.832600931797655264e+00
6.950000000149229891e+02 -7.329865264193490937e+00
6.955000000149549351e+02 -8.072880271682238984e+00
6.960000000149869948e+02 -7.362622469102496403e+00
6.965000000150190544e+02 -7.596427634373303484e+00
6.970000000150511141e+02 -7.404365921555980279e+00
6.975000000150830601e+02 -7.655605727823687978e+00
6.980000000151151198e+02 -7.247551722291911247e+00
6.985000000151471795e+02 -7.241969234323749838e+00
6.990000000151792392e+02 -6.846009229848451838e+00
6.995000000152112989e+02 -7.267048913405619537e+00
7.000000000152432449e+02 -7.197682956861807035e+00
7.005000000152753046e+02 -7.326934104597988551e+00
7.010000000153073643e+02 -7.782939241614137416e+00
7.015000000153394240e+02 -7.530111635200936071e+00
7.020000000153713700e+02 -7.431127855286947081e+00
7.025000000154034296e+02 -7.150372515081604874e+00
7.030000000154354893e+02 -7.473946820482040287e+00
7.035000000154675490e+02 -7.653294852161375950e+00
7.040000000154994950e+02 -7.771465838507551460e+00
7.045000000155315547e+02 -7.952741137349554457e+00
7.050000000155636144e+02 -7.377986724815280617e+00
7.055000000155956741e+02 -7.689151916399745268e+00
7.060000000156276201e+02 -7.513096259755092987e+00
7.065000000156596798e+02 -7.479269388876331526e+00
7.070000000156917395e+02 -7.993854560626225236e+00
7.075000000157237992e+02 -7.334017615810685342e+00
7.080000000157558588e+02 -7.776687117852513431e+00
7.085000000157878048e+02 -7.870731403681707761e+00
7.090000000158198645e+02 -7.818020478361510150e+00
7.095000000158519242e+02 -7.745402520823342130e+00
7.100000000158839839e+02 -7.483780755371871152e+00
7.105000000159159299e+02 -7.171774861897175057e+00
7.110000000159479896e+02 -8.031378686727810745e+00
7.115000000159800493e+02 -6.985610246751763341e+00
7.120000000160121090e+02 -7.768060392464519737e+00
7.125000000160440550e+02 -7.667307711373466894e+00
7.130000000160761147e+02 -7.786943073703677776e+00
7.135000000161081743e+02 -7.905867496136049333e+00
7.140000000161402340e+02 -8.077378563068249306e+00
7.145000000161721800e+02 -7.570252291297989267e+00
7.150000000162042397e+02 -6.898773651607740476e+00
7.155000000162362994e+02 -7.471891979932209438e+00
7.160000000162683591e+02 -7.374781540464216079e+00
7.165000000163003051e+02 -7.699490811001603596e+00
7.170000000163323648e+02 -7.530308083664061236e+00
7.175000000163644245e+02 -8.278483748721429336e+00
7.180000000163964842e+02 -7.654474322994366808e+00
7.185000000164285439e+02 -7.425811615409391386e+00
7.190000000164604899e+02 -7.503649614528483447e+00
7.195000000164925495e+02 -7.895173935238771534e+00
7.200000000165246092e+02 -7.624770603607768038e+00
7.205000000165566689e+02 -6.913932693598107804e+00
7.210000000165886149e+02 -7.224074731073206301e+00
7.215000000166206746e+02 -7.738168897345055086e+00
7.220000000166527343e+02 -7.948666373765337134e+00
7.225000000166847940e+02 -7.645692659110767231e+00
7.230000000167167400e+02 -7.742583096441167712e+00
7.235000000167487997e+02 -7.957825083746842054e+00
7.240000000167808594e+02 -7.406305514817653979e+00
7.245000000168129191e+02 -7.916667065553222749e+00
7.250000000168448651e+02 -7.344145421816066666e+00
7.255000000168769247e+02 -8.035226408469601012e+00
7.260000000169089844e+02 -7.012009544647685111e+00
7.265000000169410441e+02 -7.737972790639190634e+00
7.270000000169731038e+02 -7.915313047879776853e+00
7.275000000170050498e+02 -7.433619828301305077e+00
7.280000000170371095e+02 -8.091739329348039078e+00
7.285000000170691692e+02 -7.550617086846781234e+00
7.290000000171012289e+02 -7.937829889041959852e+00
7.295000000171331749e+02 -7.525462115330356916e+00
7.300000000171652346e+02 -7.817541897323285305e+00
7.305000000171972943e+02 -7.879895610313123022e+00
7.310000000172293539e+02 -8.424637622171232465e+00
7.315000000172612999e+02 -7.734898543511177671e+00
7.320000000172933596e+02 -7.483118960716205414e+00
7.325000000173254193e+02 -7.851087830890283392e+00
7.330000000173574790e+02 -7.553188668510432358e+00
7.335000000173894250e+02 -7.929638351034554056e+00
7.340000000174214847e+02 -7.548492810789539043e+00
7.345000000174535444e+02 -7.276675129929444985e+00
7.350000000174856041e+02 -7.757407104500678052e+00
7.355000000175176638e+02 -8.032358174296314601e+00
7.360000000175496098e+02 -7.647091735003477275e+00
7.365000000175816695e+02 -7.562598553597187134e+00
7.370000000176137291e+02 -7.686244590129534870e+00
7.375000000176457888e+02 -7.631052961625648834e+00
7.380000000176777348e+02 -8.010230401750765949e+00
7.385000000177097945e+02 -8.027450764325990917e+00
7.390000000177418542e+02 -7.605596962286290008e+00
7.395000000177739139e+02 -7.975532901740213454e+00
7.400000000178058599e+02 -7.804756257028365951e+00
7.405000000178379196e+02 -7.877945372778811794e+00
7.410000000178699793e+02 -8.210588104711854740e+00
7.415000000179020390e+02 -7.841333454170150041e+00
7.420000000179339850e+02 -8.120085977524963639e+00
7.425000000179660447e+02 -7.852481968275109914e+00
7.430000000179981043e+02 -8.083103275789659037e+00
7.435000000180301640e+02 -7.987367510176268226e+00
7.440000000180622237e+02 -8.229480488459193666e+00
7.445000000180941697e+02 -8.116018739785920033e+00
7.450000000181262294e+02 -8.165504040669208763e+00
7.455000000181582891e+02 -7.783210004426541317e+00
7.460000000181903488e+02 -8.097501210168791985e+00
7.465000000182222948e+02 -8.064695553056123956e+00
7.470000000182543545e+02 -8.230836714189850412e+00
7.475000000182864142e+02 -7.976016176453780027e+00
7.480000000183184738e+02 -7.867566288732946056e+00
7.485000000183504199e+02 -7.659671653746943143e+00
7.490000000183824795e+02 -7.627906921417920039e+00
7.495000000184145392e+02 -7.563461608974286321e+00
7.500000000184465989e+02 -7.237452817653728054e+00
7.505000000184785449e+02 -7.540902091389340534e+00
7.510000000185106046e+02 -7.536573233528395477e+00
7.515000000185426643e+02 -7.476516988072805070e+00
7.520000000185747240e+02 -7.938552951893807830e+00
7.525000000186067837e+02 -6.850721206646037231e+00
7.530000000186387297e+02 -7.555070903970680263e+00
7.535000000186707894e+02 -7.799643051960992501e+00
7.540000000187028490e+02 -7.135628313258047584e+00
7.545000000187349087e+02 -8.220410894330793639e+00
7.550000000187668547e+02 -7.730127952484309617e+00
7.555000000187989144e+02 -7.903440767916352527e+00
7.560000000188309741e+02 -7.962199801926986176e+00
7.565000000188630338e+02 -7.553576957389275037e+00
7.570000000188949798e+02 -7.970595999902293727e+00
7.575000000189270395e+02 -7.754960611327449627e+00
7.580000000189590992e+02 -7.997417646130914548e+00
7.585000000189911589e+02 -7.665208367495426778e+00
7.590000000190231049e+02 -7.958049178159393833e+00
7.595000000190551646e+02 -7.976384034474048867e+00
7.600000000190872242e+02 -7.895558281851348781e+00
7.605000000191192839e+02 -8.003962367254869648e+00
7.610000000191512299e+02 -7.945833913027734674e+00
7.615000000191832896e+02 -7.701094982631325081e+00
7.620000000192153493e+02 -7.564422486568974868e+00
7.625000000192474090e+02 -7.512406119416964678e+00
7.630000000192794687e+02 -7.234332254201506274e+00
7.635000000193114147e+02 -7.956827793016326034e+00
7.640000000193434744e+02 -7.088650417978305640e+00
7.645000000193755341e+02 -7.920612085343079478e+00
7.650000000194075938e+02 -7.474688963244298989e+00
7.655000000194395398e+02 -7.721830384012914550e+00
7.660000000194715994e+02 -7.530647550044040628e+00
7.665000000195036591e+02 -7.664684462428998479e+00
7.670000000195357188e+02 -7.618233951639770574e+00
7.675000000195676648e+02 -8.028569300716492663e+00
7.680000000195997245e+02 -7.519775739122204428e+00
7.685000000196317842e+02 -7.302672174586761322e+00
7.690000000196638439e+02 -7.435835213664930166e+00
7.695000000196957899e+02 -7.887636192510777633e+00
7.700000000197278496e+02 -7.536917574907185724e+00
7.705000000197599093e+02 -8.003023139863826074e+00
7.710000000197919690e+02 -7.524820604957680459e+00
7.715000000198240286e+02 -7.933210405735572124e+00
7.720000000198559746e+02 -7.493261368459060101e+00
7.725000000198880343e+02 -7.919151493886888105e+00
7.730000000199200940e+02 -7.296965415405379574e+00
7.735000000199521537e+02 -7.663381058011490055e+00
7.740000000199840997e+02 -7.784557134530071032e+00
7.745000000200161594e+02 -7.358497859275195729e+00
7.750000000200482191e+02 -7.397162819766429642e+00
7.755000000200802788e+02 -7.678693909348903723e+00
7.760000000201122248e+02 -7.383463106776136264e+00
7.765000000201442845e+02 -7.559516799904629991e+00
7.770000000201763442e+02 -7.907052077627041875e+00
7.775000000202084038e+02 -7.342930656300691084e+00
7.780000000202403498e+02 -7.337666434272000160e+00
7.785000000202724095e+02 -7.223429977246728306e+00
7.790000000203044692e+02 -7.216903716070392605e+00
7.795000000203365289e+02 -7.170368378712269397e+00
7.800000000203685886e+02 -7.229450542284912906e+00
7.805000000204005346e+02 -7.102159500570452977e+00
7.810000000204325943e+02 -7.597024114547825668e+00
7.815000000204646540e+02 -7.676290577409952576e+00
7.820000000204967137e+02 -7.867099476575384109e+00
7.825000000205286597e+02 -7.619165068225251858e+00
7.830000000205607193e+02 -7.704696026375674300e+00
7.835000000205927790e+02 -8.268768082611876125e+00
7.840000000206248387e+02 -7.795007788566794993e+00
7.845000000206567847e+02 -7.357545638927772913e+00
7.850000000206888444e+02 -7.342553373863607291e+00
7.855000000207209041e+02 -7.670332411564709574e+00
7.860000000207529638e+02 -7.393977067354884802e+00
7.865000000207849098e+02 -7.612072970567392183e+00
7.870000000208169695e+02 -7.817458838913487362e+00
7.875000000208490292e+02 -7.149831120209056756e+00
7.880000000208810889e+02 -7.544430271730724336e+00
7.885000000209131485e+02 -6.913324407360360802e+00
7.890000000209450945e+02 -6.944202163038267095e+00
7.895000000209771542e+02 -7.355452725573463191e+00
7.900000000210092139e+02 -6.689651603338242936e+00
7.905000000210412736e+02 -7.242091680331383508e+00
7.910000000210732196e+02 -7.438959389491876628e+00
7.915000000211052793e+02 -7.308733089700733210e+00
7.920000000211373390e+02 -7.133392539454965764e+00
7.925000000211693987e+02 -7.218863080340811145e+00
7.930000000212013447e+02 -8.142529045061598580e+00
7.935000000212334044e+02 -7.379467085097696000e+00
7.940000000212654641e+02 -8.171323020971032136e+00
7.945000000212975237e+02 -7.486710094547948557e+00
7.950000000213294697e+02 -7.278441585097067623e+00
7.955000000213615294e+02 -8.058244461252202839e+00
7.960000000213935891e+02 -7.891929671991484874e+00
7.965000000214256488e+02 -8.110366144723496262e+00
7.970000000214577085e+02 -7.338187600734553229e+00
7.975000000214896545e+02 -7.558245851307627383e+00
7.980000000215217142e+02 -7.864817467995628419e+00
7.985000000215537739e+02 -8.260785873209362862e+00
7.990000000215858336e+02 -7.467028771539916399e+00
7.995000000216177796e+02 -7.635199148430897864e+00
8.000000000216498393e+02 -7.577399808635084000e+00
8.005000000216818989e+02 -8.006164975158972297e+00
8.010000000217139586e+02 -7.760278648974294313e+00
8.015000000217459046e+02 -7.829244822868813181e+00
8.020000000217779643e+02 -7.845377034776765512e+00
8.025000000218100240e+02 -7.759048823515776405e+00
8.030000000218420837e+02 -8.353335674444450021e+00
8.035000000218740297e+02 -8.451018164031543378e+00
8.040000000219060894e+02 -8.049139346356348312e+00
8.045000000219381491e+02 -7.998199218733596183e+00
8.050000000219702088e+02 -7.395458169630214407e+00
8.055000000220021548e+02 -7.447288954665800098e+00
8.060000000220342145e+02 -7.660601160990171188e+00
8.065000000220662741e+02 -8.015594746789743041e+00
8.070000000220983338e+02 -7.950643578866245065e+00
8.075000000221303935e+02 -7.405420549445716816e+00
8.080000000221623395e+02 -7.186013909117780152e+00
8.085000000221943992e+02 -7.977297402830447304e+00
8.090000000222264589e+02 -7.502786816235682110e+00
8.095000000222585186e+02 -7.912578684730353196e+00
8.100000000222904646e+02 -7.853265062764098303e+00
8.105000000223225243e+02 -7.368155601970512336e+00
8.110000000223545840e+02 -7.378002679624495741e+00
8.115000000223866436e+02 -7.560920500815885070e+00
8.120000000224185897e+02 -7.546093614105322089e+00
8.125000000224506493e+02 -7.892545552969908229e+00
8.130000000224827090e+02 -7.631290157772032678e+00
8.135000000225147687e+02 -7.894921933766583244e+00
8.140000000225467147e+02 -7.400224886706546101e+00
8.145000000225787744e+02 -7.155800224011355404e+00
8.150000000226108341e+02 -6.848913065309246484e+00
8.155000000226428938e+02 -7.270303768671372069e+00
8.160000000226749535e+02 -7.670056488030463804e+00
8.165000000227068995e+02 -7.737651597647295709e+00
8.170000000227389592e+02 -7.359003072108193599e+00
8.175000000227710188e+02 -7.734131834369811997e+00
8.180000000228030785e+02 -8.085715664119170754e+00
8.185000000228350245e+02 -7.665429874356606277e+00
8.190000000228670842e+02 -8.269971770091553154e+00
8.195000000228991439e+02 -8.057356595177797232e+00
8.200000000229312036e+02 -7.391003188697637505e+00
8.205000000229631496e+02 -7.742978489033511380e+00
8.210000000229952093e+02 -7.422218919544016025e+00
8.215000000230272690e+02 -7.413738951425319357e+00
8.220000000230593287e+02 -8.096226915228875498e+00
8.225000000230912747e+02 -7.974666758907677178e+00
8.230000000231233344e+02 -7.616514795252678383e+00
8.235000000231553940e+02 -8.017127196021064606e+00
8.240000000231874537e+02 -7.466892724655639135e+00
8.245000000232195134e+02 -7.677042766044126942e+00
8.250000000232514594e+02 -7.294756426174613395e+00
8.255000000232835191e+02 -8.016861629997809047e+00
8.260000000233155788e+02 -7.807357049656033610e+00
8.265000000233476385e+02 -7.746289177627389222e+00
8.270000000233795845e+02 -7.686477397266997080e+00
8.275000000234116442e+02 -7.633642873853166755e+00
8.280000000234437039e+02 -7.579577483926253301e+00
8.285000000234757636e+02 -7.942153553143615596e+00
8.290000000235077096e+02 -8.101279794042438809e+00
8.295000000235397692e+02 -7.855781361397145446e+00
8.300000000235718289e+02 -7.988652226316822258e+00
8.305000000236038886e+02 -7.593832332011432484e+00
8.310000000236358346e+02 -7.666280111440769929e+00
8.315000000236678943e+02 -7.366552553520002711e+00
8.320000000236999540e+02 -7.379425673696752064e+00
8.325000000237320137e+02 -8.104902301817567434e+00
8.330000000237640734e+02 -7.927539656465635076e+00
8.335000000237960194e+02 -7.522676123434650641e+00
8.340000000238280791e+02 -7.454509512665179471e+00
8.345000000238601388e+02 -7.898325791718651345e+00
8.350000000238921984e+02 -7.782486400664852866e+00
8.355000000239241444e+02 -8.048450389148499085e+00
8.360000000239562041e+02 -7.141643381282951175e+00
8.365000000239882638e+02 -7.551926650955294917e+00
8.370000000240203235e+02 -7.457245120908526204e+00
8.375000000240522695e+02 -7.968033160305602713e+00
8.380000000240843292e+02 -8.228900772072165637e+00
8.385000000241163889e+02 -7.644686837087343534e+00
8.390000000241484486e+02 -7.479921517743912673e+00
8.395000000241803946e+02 -7.414390496389030361e+00
8.400000000242124543e+02 -8.115600819757879947e+00
8.405000000242445140e+02 -7.903723173750179853e+00
8.410000000242765736e+02 -7.767717933831628230e+00
8.415000000243086333e+02 -7.529810653618746130e+00
8.420000000243405793e+02 -6.786074148141607587e+00
8.425000000243726390e+02 -7.886766584470247921e+00
8.430000000244046987e+02 -7.600881469092620968e+00
8.435000000244367584e+02 -7.587939883945073127e+00
8.440000000244687044e+02 -7.853096080559463843e+00
8.445000000245007641e+02 -7.337475680486941876e+00
8.450000000245328238e+02 -7.858794942415583407e+00
8.455000000245648835e+02 -8.122603240503481814e+00
8.460000000245968295e+02 -7.570523343747258771e+00
8.465000000246288892e+02 -7.660517588953938528e+00
8.470000000246609488e+02 -7.646418388033577429e+00
8.475000000246930085e+02 -7.851416517574774545e+00
8.480000000247249545e+02 -7.987303911889645391e+00
8.485000000247570142e+02 -7.805119183544834804e+00
8.490000000247890739e+02 -7.763407840650708991e+00
8.495000000248211336e+02 -7.749212647533349596e+00
8.500000000248530796e+02 -7.525596674250741636e+00
8.505000000248851393e+02 -7.810962080658427453e+00
8.510000000249171990e+02 -7.761142521546332773e+00
8.515000000249492587e+02 -7.496151298106947358e+00
8.520000000249813183e+02 -8.367697026385485515e+00
8.525000000250132643e+02 -7.695768707122773833e+00
8.530000000250453240e+02 -7.876796270894204532e+00
8.535000000250773837e+02 -7.658714453308295589e+00
8.540000000251094434e+02 -7.625442545625381818e+00
8.545000000251413894e+02 -7.705467852025623898e+00
8.550000000251734491e+02 -7.711047016938247900e+00
8.555000000252055088e+02 -7.283464903066493079e+00
8.560000000252375685e+02 -7.767593305455527286e+00
8.565000000252695145e+02 -7.891346166017931374e+00
8.570000000253015742e+02 -7.751062239783323982e+00
8.575000000253336339e+02 -7.564870765539961184e+00
8.580000000253656935e+02 -7.522157420491859980e+00
8.585000000253976395e+02 -7.824405129209753618e+00
8.590000000254296992e+02 -7.963220417354984093e+00
8.595000000254617589e+02 -7.941424223266802862e+00
8.600000000254938186e+02 -7.071697537606001838e+00
8.605000000255258783e+02 -7.919892118062600517e+00
8.610000000255578243e+02 -7.843418723377102886e+00
8.615000000255898840e+02 -7.712826390165854029e+00
8.620000000256219437e+02 -7.525024714956735750e+00
8.625000000256540034e+02 -6.981690677090245600e+00
8.630000000256859494e+02 -7.661903008645385427e+00
8.635000000257180091e+02 -7.249832454280531024e+00
8.640000000257500687e+02 -7.878705835603445173e+00
8.645000000257821284e+02 -7.990119513236844107e+00
8.650000000258140744e+02 -7.562594959480271939e+00
8.655000000258461341e+02 -7.777140517111031492e+00
8.660000000258781938e+02 -7.568632741831177846e+00
8.665000000259102535e+02 -7.719002334610310712e+00
8.670000000259421995e+02 -7.446310287894939428e+00
8.675000000259742592e+02 -8.099299923821417835e+00
8.680000000260063189e+02 -7.664761391467108886e+00
8.685000000260383786e+02 -7.521876930580416953e+00
8.690000000260704383e+02 -7.720521146529451428e+00
8.695000000261023843e+02 -7.547485906534125988e+00
8.700000000261344439e+02 -7.559452174518841439e+00
8.705000000261665036e+02 -7.023705960293793460e+00
8.710000000261985633e+02 -7.796104289500395801e+00
8.715000000262305093e+02 -6.928888912585975390e+00
8.720000000262625690e+02 -7.515407569762588835e+00
8.725000000262946287e+02 -7.775197606202187472e+00
8.730000000263266884e+02 -7.490759329920255283e+00
8.735000000263586344e+02 -7.651335443893150234e+00
8.740000000263906941e+02 -7.472824895025934389e+00
8.745000000264227538e+02 -7.396061579367080085e+00
8.750000000264548135e+02 -7.822807684817091989e+00
8.755000000264867595e+02 -7.012846634569412707e+00
8.760000000265188191e+02 -8.314337374792957647e+00
8.765000000265508788e+02 -7.805880296754164505e+00
8.770000000265829385e+02 -8.043893359753127470e+00
8.775000000266149982e+02 -7.855856663232160919e+00
8.780000000266469442e+02 -7.740111585651002102e+00
8.785000000266790039e+02 -7.767966367585335874e+00
8.790000000267110636e+02 -8.022126810678241071e+00
8.795000000267431233e+02 -7.951129498622153235e+00
8.800000000267750693e+02 -8.361640525785066558e+00
8.805000000268071290e+02 -8.020270851308264781e+00
8.810000000268391886e+02 -7.616623367562913138e+00
8.815000000268712483e+02 -7.284567639259897476e+00
8.820000000269031943e+02 -7.831885969767272471e+00
8.825000000269352540e+02 -7.422781837037526032e+00
8.830000000269673137e+02 -7.755831692692590096e+00
8.835000000269993734e+02 -7.521167007887345157e+00
8.840000000270313194e+02 -7.285794346135136657e+00
8.845000000270633791e+02 -7.868072152009453646e+00
8.850000000270954388e+02 -7.756490473659883200e+00
8.855000000271274985e+02 -8.014044375435526391e+00
8.860000000271595582e+02 -7.911536669913746600e+00
8.865000000271915042e+02 -7.362938416234082517e+00
8.870000000272235638e+02 -7.266013930223662598e+00
8.875000000272556235e+02 -8.009955304963284561e+00
8.880000000272876832e+02 -7.907419851233761676e+00
8.885000000273196292e+02 -7.878365195972508950e+00
8.890000000273516889e+02 -7.202120410701548181e+00
8.895000000273837486e+02 -7.682413902537512662e+00
8.900000000274158083e+02 -8.124103657545488133e+00
8.905000000274477543e+02 -7.343277601000854027e+00
8.910000000274798140e+02 -7.924101741107258512e+00
8.915000000275118737e+02 -7.712986434404355940e+00
8.920000000275439334e+02 -7.764397580813192867e+00
8.925000000275758794e+02 -7.384037518807549993e+00
8.930000000276079390e+02 -8.131928888937794753e+00
8.935000000276399987e+02 -7.907292642654756953e+00
8.940000000276720584e+02 -7.478350878766339527e+00
8.945000000277040044e+02 -8.012356636522390829e+00
8.950000000277360641e+02 -8.182619951703019368e+00
8.955000000277681238e+02 -7.468521557287711943e+00
8.960000000278001835e+02 -7.582220731215765674e+00
8.965000000278322432e+02 -7.916180785792001018e+00
8.970000000278641892e+02 -7.728259699181466047e+00
8.975000000278962489e+02 -7.342142064532259482e+00
8.980000000279283086e+02 -7.249134038260737434e+00
8.985000000279603682e+02 -7.987618211205493424e+00
8.990000000279923142e+02 -7.776240068612135126e+00
8.995000000280243739e+02 -7.407625583186048246e+00
9.000000000280564336e+02 -7.804903631287332999e+00
9.005000000280884933e+02 -8.244052072985246227e+00
9.010000000281204393e+02 -7.390942796005246507e+00
9.015000000281524990e+02 -7.762725250539301847e+00
9.020000000281845587e+02 -7.472997335377949746e+00
9.025000000282166184e+02 -7.460477580853100754e+00
9.030000000282485644e+02 -7.709468500641129651e+00
9.035000000282806241e+02 -7.464137857855299707e+00
9.040000000283126838e+02 -7.723231759695189602e+00
9.045000000283447434e+02 -7.263792382226285760e+00
9.050000000283768031e+02 -7.675918595571064706e+00
9.055000000284087491e+02 -7.387904166470752543e+00
9.060000000284408088e+02 -7.263009219938600047e+00
9.065000000284728685e+02 -7.334726825276147721e+00
9.070000000285049282e+02 -7.225071293209635037e+00
9.075000000285368742e+02 -7.853211623676306985e+00
9.080000000285689339e+02 -8.223334772395970660e+00
9.085000000286009936e+02 -7.372860935107602209e+00
9.090000000286330533e+02 -6.872971203057712586e+00
9.095000000286649993e+02 -7.111906641146152452e+00
9.100000000286970590e+02 -7.600222041636572001e+00
9.105000000287291186e+02 -7.511281319146049462e+00
9.110000000287611783e+02 -7.986501717643566423e+00
9.115000000287931243e+02 -7.550518644447025807e+00
9.120000000288251840e+02 -7.620911851402344617e+00
9.125000000288572437e+02 -7.832108020886328070e+00
9.130000000288893034e+02 -7.904468795464302922e+00
9.135000000289213631e+02 -7.971373659245187149e+00
9.140000000289533091e+02 -7.339819123143295876e+00
9.145000000289853688e+02 -7.308337435461860210e+00
9.150000000290174285e+02 -7.620808256095124023e+00
9.155000000290494881e+02 -7.348910369036627088e+00
9.160000000290814341e+02 -6.873491201851504862e+00
9.165000000291134938e+02 -7.270274763028056420e+00
9.170000000291455535e+02 -7.094721716110610643e+00
9.175000000291776132e+02 -7.256369886600176677e+00
9.180000000292095592e+02 -7.697127523931753146e+00
9.185000000292416189e+02 -7.891085802793462278e+00
9.190000000292736786e+02 -7.566684852487020052e+00
9.195000000293057383e+02 -7.644919618119776494e+00
9.200000000293376843e+02 -7.583676486488238666e+00
9.205000000293697440e+02 -7.794885106981855216e+00
9.210000000294018037e+02 -7.827750601363280936e+00
9.215000000294338633e+02 -7.427891248564172599e+00
9.220000000294659230e+02 -8.105788600156785151e+00
9.225000000294978690e+02 -7.362701702649204094e+00
9.230000000295299287e+02 -8.146486063966831281e+00
9.235000000295619884e+02 -7.873922767301363201e+00
9.240000000295940481e+02 -8.017933498782797486e+00
9.245000000296259941e+02 -6.974176846475153901e+00
9.250000000296580538e+02 -7.750331654702993234e+00
9.255000000296901135e+02 -8.195051143713836694e+00
9.260000000297221732e+02 -7.244532017375973965e+00
9.265000000297541192e+02 -7.891001974601557833e+00
9.270000000297861789e+02 -7.809525802909974779e+00
9.275000000298182385e+02 -7.533577920271634198e+00
9.280000000298502982e+02 -7.754149692082691558e+00
9.285000000298822442e+02 -7.388711080687050625e+00
9.290000000299143039e+02 -7.838900075796921385e+00
9.295000000299463636e+02 -7.321042076618817340e+00
9.300000000299784233e+02 -7.426070809061480205e+00
9.305000000300104830e+02 -7.339121657751093153e+00
9.310000000300424290e+02 -7.361858202748786439e+00
9.315000000300744887e+02 -7.915567457909909344e+00
9.320000000301065484e+02 -7.431139200142546031e+00
9.325000000301386081e+02 -7.924165243291275473e+00
9.330000000301705541e+02 -7.657353087826056282e+00
9.335000000302026137e+02 -7.423518159112748371e+00
9.340000000302346734e+02 -7.779658206909306095e+00
9.345000000302667331e+02 -7.895328292363621436e+00
9.350000000302986791e+02 -7.089117045931177863e+00
9.355000000303307388e+02 -6.909549708045940264e+00
9.360000000303627985e+02 -7.707689703892380173e+00
9.365000000303948582e+02 -7.510293925394430303e+00
9.370000000304268042e+02 -7.835692925347545135e+00
9.375000000304588639e+02 -7.654161576540794876e+00
9.380000000304909236e+02 -7.333049364648631219e+00
9.385000000305229833e+02 -7.616724488165047546e+00
9.390000000305549293e+02 -7.484786465827018453e+00
9.395000000305869889e+02 -7.535780761185153942e+00
9.400000000306190486e+02 -7.719607605925697058e+00
9.405000000306511083e+02 -7.431331438035294390e+00
9.410000000306831680e+02 -7.446393050001253400e+00
9.415000000307151140e+02 -7.624677221367083924e+00
9.420000000307471737e+02 -7.635128619830429564e+00
9.425000000307792334e+02 -7.378143214491958979e+00
9.430000000308112931e+02 -7.873738634581238571e+00
9.435000000308432391e+02 -7.725217500312573371e+00
9.440000000308752988e+02 -7.433412364636263980e+00
9.445000000309073585e+02 -7.597564553242404983e+00
9.450000000309394181e+02 -7.761620756902489759e+00
9.455000000309713641e+02 -7.596096439490376717e+00
9.460000000310034238e+02 -7.869481616598652529e+00
9.465000000310354835e+02 -7.453940486855215930e+00
9.470000000310675432e+02 -7.612750830037937178e+00
9.475000000310994892e+02 -7.391170600870769825e+00
9.480000000311315489e+02 -7.487389745453498335e+00
9.485000000311636086e+02 -7.456834306509150245e+00
9.490000000311956683e+02 -7.409932702988365705e+00
9.495000000312277280e+02 -7.700315889058939156e+00
9.500000000312596740e+02 -7.420324480547250801e+00
9.505000000312917336e+02 -7.693853131790524991e+00
9.510000000313237933e+02 -7.298495287882008853e+00
9.515000000313558530e+02 -6.989013406931522177e+00
9.520000000313877990e+02 -7.879202388706644911e+00
9.525000000314198587e+02 -7.750486689857070566e+00
9.530000000314519184e+02 -7.586409940164902110e+00
9.535000000314839781e+02 -7.783947062440277342e+00
9.540000000315159241e+02 -7.442833909091040923e+00
9.545000000315479838e+02 -6.902521606349579564e+00
9.550000000315800435e+02 -7.641683276152194892e+00
9.555000000316121032e+02 -8.340956090998622230e+00
9.560000000316440492e+02 -7.499246655137843831e+00
9.565000000316761088e+02 -7.489844064672509738e+00
9.570000000317081685e+02 -7.958128156007753695e+00
9.575000000317402282e+02 -8.218896147060196000e+00
9.580000000317722879e+02 -8.137184282439513083e+00
9.585000000318042339e+02 -8.187248595847179899e+00
9.590000000318362936e+02 -7.709795407442298298e+00
9.595000000318683533e+02 -7.855448962270328295e+00
9.600000000319004130e+02 -8.005015713922606579e+00
9.605000000319323590e+02 -8.200076135994962101e+00
9.610000000319644187e+02 -8.185566443618460752e+00
9.615000000319964784e+02 -7.926192195710476618e+00
9.620000000320285380e+02 -7.235233586106945225e+00
9.625000000320604840e+02 -7.802096659953869029e+00
9.630000000320925437e+02 -8.060980352937841431e+00
9.635000000321246034e+02 -7.211446147224957137e+00
9.640000000321566631e+02 -7.706660951316560038e+00
9.645000000321886091e+02 -7.856859140106045913e+00
9.650000000322206688e+02 -7.156518440402749981e+00
9.655000000322527285e+02 -8.172343115205856989e+00
9.660000000322847882e+02 -7.810109343054695508e+00
9.665000000323168479e+02 -8.157318918179299772e+00
9.670000000323487939e+02 -7.646920970892732150e+00
9.675000000323808536e+02 -7.425863525409684307e+00
9.680000000324129132e+02 -7.488549159942998301e+00
9.685000000324449729e+02 -7.024581732859857652e+00
9.690000000324769189e+02 -8.107031969915603042e+00
9.695000000325089786e+02 -6.956085300287010220e+00
9.700000000325410383e+02 -7.481192970989446245e+00
9.705000000325730980e+02 -7.130724444457801958e+00
9.710000000326050440e+02 -7.039505428187796454e+00
9.715000000326371037e+02 -8.091738164247175291e+00
9.720000000326691634e+02 -7.418209830437324293e+00
9.725000000327012231e+02 -7.413164811751569161e+00
9.730000000327331691e+02 -7.305049534856725479e+00
9.735000000327652288e+02 -7.298010445973145188e+00
9.740000000327972884e+02 -7.104838026165875675e+00
9.745000000328293481e+02 -7.635702623202629269e+00
9.750000000328614078e+02 -7.624014782222499065e+00
9.755000000328933538e+02 -7.774348790456900637e+00
9.760000000329254135e+02 -6.939272733507308999e+00
9.765000000329574732e+02 -8.156195355655638579e+00
9.770000000329895329e+02 -7.514748030802584466e+00
9.775000000330214789e+02 -7.984244971307330907e+00
9.780000000330535386e+02 -7.240564029343635077e+00
9.785000000330855983e+02 -7.000745586593199121e+00
9.790000000331176579e+02 -7.598796716443091626e+00
9.795000000331496040e+02 -7.279789848231914107e+00
9.800000000331816636e+02 -8.157487968527656008e+00
9.805000000332137233e+02 -7.951251867227933978e+00
9.810000000332457830e+02 -7.572255823685350329e+00
9.815000000332777290e+02 -8.234633617784796300e+00
9.820000000333097887e+02 -7.877927743637093805e+00
9.825000000333418484e+02 -8.080491849356048917e+00
9.830000000333739081e+02 -8.048780802427197401e+00
9.835000000334058541e+02 -8.156716729892259821e+00
9.840000000334379138e+02 -7.094228418545269754e+00
9.845000000334699735e+02 -7.805205453715100106e+00
9.850000000335020331e+02 -7.889599055398071492e+00
9.855000000335340928e+02 -7.463148049068558443e+00
9.860000000335660388e+02 -7.715321612554356001e+00
9.865000000335980985e+02 -7.993369947310060120e+00
9.870000000336301582e+02 -7.396400216130877503e+00
9.875000000336622179e+02 -7.949732059483127777e+00
9.880000000336941639e+02 -7.685461067000767699e+00
9.885000000337262236e+02 -7.386250349935107096e+00
9.890000000337582833e+02 -7.769555787658412704e+00
9.895000000337903430e+02 -7.217058695287462911e+00
9.900000000338222890e+02 -7.861698827060335404e+00
9.905000000338543487e+02 -7.803919274371613035e+00
9.910000000338864083e+02 -7.657518495225450472e+00
9.915000000339184680e+02 -7.601357291871036814e+00
9.920000000339504140e+02 -7.586869322520326975e+00
9.925000000339824737e+02 -7.884768841452984844e+00
9.930000000340145334e+02 -7.954684674950140533e+00
9.935000000340465931e+02 -7.975166695133806272e+00
9.940000000340786528e+02 -7.837666894709775178e+00
9.945000000341105988e+02 -7.684585234287204081e+00
9.950000000341426585e+02 -7.994758661738885053e+00
9.955000000341747182e+02 -7.932037736395475491e+00
9.960000000342067779e+02 -8.125035135586339052e+00
9.965000000342387239e+02 -7.943176980387182340e+00
9.970000000342707835e+02 -8.014033901885525779e+00
9.975000000343028432e+02 -7.640807651938536615e+00
9.980000000343349029e+02 -7.970499517648122811e+00
9.985000000343668489e+02 -7.721086174828618809e+00
9.990000000343989086e+02 -8.020060496818189222e+00
9.995000000344309683e+02 -7.735373671176419386e+00
1.000000000034463028e+03 -7.813224504992256847e+00
