# Time (ps)	CV (angstrom)
9.999999999975766229e+01 -2.493621896083640710e+00
1.004999999997559001e+02 -2.161404463857774072e+00
1.009999999997541380e+02 -2.217678035474086595e+00
1.014999999997533990e+02 -2.482354225994725549e+00
1.019999999997629061e+02 -2.450754486857974701e+00
1.024999999997724132e+02 -2.271924975440668959e+00
1.029999999997819060e+02 -2.304691525498362203e+00
1.034999999997914131e+02 -2.445237265048863851e+00
1.039999999998009201e+02 -2.206709537031897206e+00
1.044999999998104272e+02 -2.636829852624482218e+00
1.049999999998199343e+02 -2.430600156364459252e+00
1.054999999998294413e+02 -2.398393558049199736e+00
1.059999999998389484e+02 -2.214156477104862297e+00
1.064999999998484554e+02 -2.336533712228655357e+00
1.069999999998579483e+02 -2.567248921833248154e+00
1.074999999998674554e+02 -2.188722924487045418e+00
1.079999999998769624e+02 -2.031171237107330718e+00
1.084999999998864695e+02 -2.309486474249038412e+00
1.089999999998959765e+02 -2.591283967079331951e+00
1.094999999999054836e+02 -2.435779957351045688e+00
1.099999999999149907e+02 -2.322583771587667822e+00
1.104999999999244977e+02 -2.447952597316082279e+00
1.109999999999339906e+02 -2.460345547556498147e+00
1.114999999999434976e+02 -2.099521867091783900e+00
1.119999999999530047e+02 -2.396442971549746837e+00
1.124999999999625118e+02 -2.378474565609055791e+00
1.129999999999720188e+02 -2.403402290996672797e+00
1.134999999999815259e+02 -2.662823388939489888e+00
1.139999999999910330e+02 -2.227341156776912801e+00
1.145000000000005400e+02 -1.973674973371433383e+00
1.150000000000100329e+02 -2.436774617049407343e+00
1.155000000000195399e+02 -2.421222307673509100e+00
1.160000000000290470e+02 -2.453758400677885199e+00
1.165000000000385540e+02 -2.254501990317617999e+00
1.170000000000480611e+02 -2.300889417114541757e+00
1.175000000000575682e+02 -2.300595033515598686e+00
1.180000000000670752e+02 -2.696503768647701360e+00
1.185000000000765823e+02 -2.523234836140678006e+00
1.190000000000860751e+02 -2.507891347789962033e+00
1.195000000000955822e+02 -2.198674384783827485e+00
1.200000000001050893e+02 -2.366935835357832474e+00
1.205000000001145963e+02 -2.398620118217227315e+00
1.210000000001241034e+02 -2.323417663455936477e+00
1.215000000001336105e+02 -2.487344704546162077e+00
1.220000000001431175e+02 -2.211094262392395038e+00
1.225000000001526246e+02 -2.300359877031965983e+00
1.230000000001621174e+02 -2.323860478149830211e+00
1.235000000001716245e+02 -2.377901088078893110e+00
1.240000000001811316e+02 -2.612858810576061952e+00
1.245000000001906386e+02 -2.395543005896316746e+00
1.250000000002001457e+02 -2.320894577920429747e+00
1.255000000002096527e+02 -2.586809598562010315e+00
1.260000000002191598e+02 -2.215646773507691680e+00
1.265000000002286527e+02 -2.239839980860283131e+00
1.270000000002381597e+02 -2.254685982218965545e+00
1.275000000002476668e+02 -2.161705676732519787e+00
1.280000000002571880e+02 -2.426487548262375782e+00
1.285000000002666809e+02 -2.704240589443630771e+00
1.290000000002761738e+02 -2.324983881076137848e+00
1.295000000002856950e+02 -2.133674209186187110e+00
1.300000000002951879e+02 -2.341420005763898526e+00
1.305000000003047091e+02 -2.231562513552705962e+00
1.310000000003142020e+02 -2.527255963444527964e+00
1.315000000003237233e+02 -2.148739415539709707e+00
1.320000000003332161e+02 -2.348203190027004617e+00
1.325000000003427090e+02 -2.274708475680936370e+00
1.330000000003522302e+02 -2.483094927602274904e+00
1.335000000003617231e+02 -2.349639120813054483e+00
1.340000000003712444e+02 -2.236726981919249013e+00
1.345000000003807372e+02 -2.576890901461880823e+00
1.350000000003902585e+02 -2.372960976176551107e+00
1.355000000003997513e+02 -2.472158626081947475e+00
1.360000000004092726e+02 -2.288599369080754897e+00
1.365000000004187655e+02 -2.119825043184510260e+00
1.370000000004282583e+02 -2.072662829831273257e+00
1.375000000004377796e+02 -2.449488953449381334e+00
1.380000000004472724e+02 -2.338679418023961176e+00
1.385000000004567937e+02 -2.450132653163272334e+00
1.390000000004662866e+02 -2.064953273351064045e+00
1.395000000004758078e+02 -2.393692658034709098e+00
1.400000000004853007e+02 -1.992814417024369567e+00
1.405000000004947935e+02 -2.417959564734310618e+00
1.410000000005043148e+02 -2.306259425892653425e+00
1.415000000005138077e+02 -2.310795138608546129e+00
1.420000000005233289e+02 -1.979935786815872900e+00
1.425000000005328218e+02 -2.543103959350169863e+00
1.430000000005423431e+02 -2.506077612508942565e+00
1.435000000005518359e+02 -2.513902058367156744e+00
1.440000000005613572e+02 -2.399906139804926841e+00
1.445000000005708500e+02 -2.308079425095469261e+00
1.450000000005803429e+02 -2.132862709835595894e+00
1.455000000005898642e+02 -2.310856142738515917e+00
1.460000000005993570e+02 -2.574040885552316915e+00
1.465000000006088783e+02 -2.260825236850065423e+00
1.470000000006183711e+02 -2.304254438113874315e+00
1.475000000006278924e+02 -2.198458115816254832e+00
1.480000000006373853e+02 -2.490269865225338553e+00
1.485000000006468781e+02 -2.406543604550698490e+00
1.490000000006563994e+02 -2.438724603563293236e+00
1.495000000006658922e+02 -2.225406190380059268e+00
1.500000000006754135e+02 -2.288538863710768201e+00
1.505000000006849064e+02 -2.165896126707904656e+00
1.510000000006944276e+02 -2.512714976800953792e+00
1.515000000007039205e+02 -2.501522097865906069e+00
1.520000000007134133e+02 -2.518438418648361043e+00
1.525000000007229346e+02 -2.225858298525963619e+00
1.530000000007324275e+02 -2.554545666131610826e+00
1.535000000007419487e+02 -2.199113959105533755e+00
1.540000000007514416e+02 -2.326042577780627063e+00
1.545000000007609628e+02 -2.448198928790002782e+00
1.550000000007704557e+02 -2.240866898674423346e+00
1.555000000007799770e+02 -2.339337359304876074e+00
1.560000000007894698e+02 -2.494386622733506975e+00
1.565000000007989627e+02 -2.592728716564722369e+00
1.570000000008084839e+02 -2.583187748634734771e+00
1.575000000008179768e+02 -2.094904063867483401e+00
1.580000000008274981e+02 -2.241369152707363366e+00
1.585000000008369909e+02 -2.319310565009982117e+00
1.590000000008465122e+02 -2.285203314815097642e+00
1.595000000008560050e+02 -2.615645737572481089e+00
1.600000000008654979e+02 -2.446892813006501743e+00
1.605000000008750192e+02 -2.513083306692271091e+00
1.610000000008845120e+02 -2.264690193913845295e+00
1.615000000008940333e+02 -1.818788766704566351e+00
1.620000000009035261e+02 -2.557243946405655333e+00
1.625000000009130474e+02 -2.252014481353254549e+00
1.630000000009225403e+02 -2.346518310507318184e+00
1.635000000009320615e+02 -2.458949039828007166e+00
1.640000000009415544e+02 -2.401682454993490978e+00
1.645000000009510472e+02 -2.380815391292444794e+00
1.650000000009605685e+02 -2.093998736784341563e+00
1.655000000009700614e+02 -2.408573964473537110e+00
1.660000000009795826e+02 -2.601719602979517987e+00
1.665000000009890755e+02 -2.558279904288646378e+00
1.670000000009985968e+02 -2.442806199356195140e+00
1.675000000010080896e+02 -2.467117058317666700e+00
1.680000000010175825e+02 -2.343973112964373051e+00
1.685000000010271037e+02 -2.214862141899544667e+00
1.690000000010365966e+02 -2.143420393877381702e+00
1.695000000010461179e+02 -2.471348046299234102e+00
1.700000000010556107e+02 -2.484712297062896980e+00
1.705000000010651320e+02 -2.566497905289780501e+00
1.710000000010746248e+02 -2.648415878600590911e+00
1.715000000010841177e+02 -2.401188200212502899e+00
1.720000000010936390e+02 -2.423429306938782446e+00
1.725000000011031318e+02 -2.557074809622052580e+00
1.730000000011126531e+02 -2.177298824206348016e+00
1.735000000011221459e+02 -2.373252931451815151e+00
1.740000000011316672e+02 -2.612581801596142395e+00
1.745000000011411601e+02 -2.367351328573040981e+00
1.750000000011506813e+02 -2.294447975754911884e+00
1.755000000011601742e+02 -2.773286052314202887e+00
1.760000000011696670e+02 -2.430011066656315055e+00
1.765000000011791883e+02 -2.354940704257689532e+00
1.770000000011886812e+02 -2.228240645602821868e+00
1.775000000011982024e+02 -2.288186440949458778e+00
1.780000000012076953e+02 -2.327729769018071604e+00
1.785000000012172165e+02 -2.420368512417011786e+00
1.790000000012267094e+02 -2.397835654515040105e+00
1.795000000012362023e+02 -2.293294935842968840e+00
1.800000000012457235e+02 -2.326457483607968779e+00
1.805000000012552164e+02 -2.485914544704926676e+00
1.810000000012647376e+02 -2.306694977943880787e+00
1.815000000012742305e+02 -2.123923035185921293e+00
1.820000000012837518e+02 -2.118707487033261838e+00
1.825000000012932446e+02 -2.308466429001049924e+00
1.830000000013027659e+02 -2.404891215235762214e+00
1.835000000013122587e+02 -2.579653436586995863e+00
1.840000000013217516e+02 -2.575186849957797453e+00
1.845000000013312729e+02 -2.106240476262699168e+00
1.850000000013407657e+02 -2.571304358050384931e+00
1.855000000013502870e+02 -2.473047186226240424e+00
1.860000000013597798e+02 -2.610500474998336706e+00
1.865000000013693011e+02 -2.268110183379351774e+00
1.870000000013787940e+02 -2.607246291730433985e+00
1.875000000013882868e+02 -2.383213928208213872e+00
1.880000000013978081e+02 -2.593379668077032907e+00
1.885000000014073009e+02 -2.089084865664909696e+00
1.890000000014168222e+02 -2.130798199760516543e+00
1.895000000014263151e+02 -2.512397956528841458e+00
1.900000000014358363e+02 -2.043188358806040661e+00
1.905000000014453292e+02 -2.534889103268576971e+00
1.910000000014548220e+02 -2.429369266813650174e+00
1.915000000014643433e+02 -2.687080849503810320e+00
1.920000000014738362e+02 -2.287917247342157179e+00
1.925000000014833574e+02 -2.156764541870225038e+00
1.930000000014928503e+02 -2.533138113703570227e+00
1.935000000015023716e+02 -2.240561984400311069e+00
1.940000000015118644e+02 -2.432398371445882113e+00
1.945000000015213857e+02 -2.323011867988059365e+00
1.950000000015308785e+02 -2.582252186041254394e+00
1.955000000015403714e+02 -2.292426414664270773e+00
1.960000000015498927e+02 -2.560711825503425576e+00
1.965000000015593855e+02 -2.355957662290760979e+00
1.970000000015689068e+02 -2.170743648270974102e+00
1.975000000015783996e+02 -2.535747501382573876e+00
1.980000000015879209e+02 -2.430649473496258040e+00
1.985000000015974138e+02 -2.344561688991079418e+00
1.990000000016069066e+02 -2.268406230679386404e+00
1.995000000016164279e+02 -2.457919880809460000e+00
2.000000000016259207e+02 -2.529223785989332729e+00
2.005000000016354420e+02 -2.336770685849020257e+00
2.010000000016449349e+02 -2.379218454868035515e+00
2.015000000016544561e+02 -2.236442828072590316e+00
2.020000000016639490e+02 -2.264511675195596041e+00
2.025000000016734703e+02 -2.466367989403457806e+00
2.030000000016789556e+02 -2.560288740519191197e+00
2.035000000016659385e+02 -2.219770789054246851e+00
2.040000000016529214e+02 -2.419511784612963012e+00
2.045000000016398758e+02 -2.175180277010476448e+00
2.050000000016268586e+02 -2.686437000927545782e+00
2.055000000016138415e+02 -2.507278039357617949e+00
2.060000000016008244e+02 -2.550791912354901214e+00
2.065000000015878072e+02 -2.383089499300210523e+00
2.070000000015747617e+02 -2.329381302211491978e+00
2.075000000015617445e+02 -2.333600205622265111e+00
2.080000000015487274e+02 -2.424620506413391219e+00
2.085000000015357102e+02 -2.341627316836419670e+00
2.090000000015226931e+02 -2.323437097753481950e+00
2.095000000015096475e+02 -2.538336870561762382e+00
2.100000000014966304e+02 -2.257124948396364239e+00
2.105000000014836132e+02 -2.394416184290145910e+00
2.110000000014705961e+02 -2.469591737340796733e+00
2.115000000014575789e+02 -2.348852018679827847e+00
2.120000000014445618e+02 -2.220600574680887451e+00
2.125000000014315162e+02 -2.243674231512449158e+00
2.130000000014184991e+02 -2.264598982133133376e+00
2.135000000014054820e+02 -2.813679718909134486e+00
2.140000000013924648e+02 -2.598259442009620113e+00
2.145000000013794477e+02 -2.275202667773811527e+00
2.150000000013664021e+02 -2.283366432447002659e+00
2.155000000013533850e+02 -2.300691618922073189e+00
2.160000000013403678e+02 -2.190140722316357369e+00
2.165000000013273507e+02 -2.120022788370425459e+00
2.170000000013143335e+02 -1.929632584948250962e+00
2.175000000013013164e+02 -2.296439124364877848e+00
2.180000000012882708e+02 -2.327989314790657627e+00
2.185000000012752537e+02 -2.240646819205823981e+00
2.190000000012622365e+02 -2.690233671474538735e+00
2.195000000012492194e+02 -2.299992118717227640e+00
2.200000000012362023e+02 -2.270949309105206648e+00
2.205000000012231567e+02 -2.160337653166020111e+00
2.210000000012101395e+02 -2.139665687108065040e+00
2.215000000011971224e+02 -2.102846756714371601e+00
2.220000000011841053e+02 -2.612928141851698083e+00
2.225000000011710881e+02 -2.484763135519912680e+00
2.230000000011580710e+02 -1.837866265139030064e+00
2.235000000011450254e+02 -2.248935269151246086e+00
2.240000000011320083e+02 -2.125443277059422709e+00
2.245000000011189911e+02 -2.206079490389190934e+00
2.250000000011059740e+02 -2.350971183616595184e+00
2.255000000010929568e+02 -2.270529144012471967e+00
2.260000000010799113e+02 -2.254186566097370559e+00
2.265000000010668941e+02 -2.294966112136615610e+00
2.270000000010538770e+02 -2.057665949174280584e+00
2.275000000010408598e+02 -2.071435791897848322e+00
2.280000000010278427e+02 -2.585892607606266935e+00
2.285000000010148256e+02 -2.348568342636116135e+00
2.290000000010017800e+02 -2.589620906304230363e+00
2.295000000009887628e+02 -2.425090601973207693e+00
2.300000000009757457e+02 -2.030116119196217817e+00
2.305000000009627286e+02 -2.326256611303654243e+00
2.310000000009497114e+02 -2.260398047229451368e+00
2.315000000009366659e+02 -2.083496983795921853e+00
2.320000000009236487e+02 -2.406099784503342054e+00
2.325000000009106316e+02 -2.529302207741826791e+00
2.330000000008976144e+02 -2.526648604497776507e+00
2.335000000008845973e+02 -2.301744690851753372e+00
2.340000000008715517e+02 -2.344640421088485915e+00
2.345000000008585346e+02 -2.045144970818921770e+00
2.350000000008455174e+02 -2.463884835970892251e+00
2.355000000008325003e+02 -2.353995675757336148e+00
2.360000000008194831e+02 -2.450063198199463166e+00
2.365000000008064660e+02 -2.467913737691520559e+00
2.370000000007934204e+02 -2.463281519020704913e+00
2.375000000007804033e+02 -2.098058393133360067e+00
2.380000000007673862e+02 -2.534797733033542944e+00
2.385000000007543690e+02 -2.267583985225789078e+00
2.390000000007413519e+02 -2.478918477612276572e+00
2.395000000007283063e+02 -2.512156287851123881e+00
2.400000000007152892e+02 -2.362295570178527981e+00
2.405000000007022720e+02 -2.218050026162968091e+00
2.410000000006892549e+02 -2.588051147312879774e+00
2.415000000006762377e+02 -2.409952318740180566e+00
2.420000000006632206e+02 -2.205807367853130696e+00
2.425000000006501750e+02 -2.572986564373120011e+00
2.430000000006371579e+02 -2.162159079292923725e+00
2.435000000006241407e+02 -2.418914297980729877e+00
2.440000000006111236e+02 -2.240829976302979976e+00
2.445000000005981065e+02 -1.973992378076341980e+00
2.450000000005850609e+02 -2.195909835528651044e+00
2.455000000005720437e+02 -2.519618492458705727e+00
2.460000000005590266e+02 -2.445764254299666263e+00
2.465000000005460095e+02 -2.268674314056113861e+00
2.470000000005329923e+02 -2.323292459290748013e+00
2.475000000005199752e+02 -2.456705812732662864e+00
2.480000000005069296e+02 -2.276391797045571597e+00
2.485000000004939125e+02 -2.435395809802431089e+00
2.490000000004808953e+02 -2.269125550670615610e+00
2.495000000004678782e+02 -2.482843242587635668e+00
2.500000000004548610e+02 -2.643903260315893622e+00
2.505000000004418155e+02 -2.480561646275786014e+00
2.510000000004287983e+02 -2.367013752329183429e+00
2.515000000004157812e+02 -2.398782053972641659e+00
2.520000000004027640e+02 -2.203115648324165843e+00
2.525000000003897469e+02 -2.169458006573556030e+00
2.530000000003767013e+02 -2.314300939733190177e+00
2.535000000003636842e+02 -2.375892335911281794e+00
2.540000000003506671e+02 -2.413897380972537032e+00
2.545000000003376499e+02 -2.342786764514548814e+00
2.550000000003246328e+02 -2.368867098505762936e+00
2.555000000003116156e+02 -2.179779312301771466e+00
2.560000000002985985e+02 -2.581417725995736490e+00
2.565000000002855813e+02 -2.218929674971211075e+00
2.570000000002725642e+02 -2.474766635904446233e+00
2.575000000002594902e+02 -2.263415726404707229e+00
2.580000000002464731e+02 -2.554865070036062669e+00
2.585000000002334559e+02 -2.622673965756921799e+00
2.590000000002204388e+02 -2.314786547610344414e+00
2.595000000002074216e+02 -2.626382178804734568e+00
2.600000000001944045e+02 -2.331366206226805016e+00
2.605000000001813873e+02 -2.242101734378246558e+00
2.610000000001683702e+02 -2.275495545480063164e+00
2.615000000001553531e+02 -2.530476349708250527e+00
2.620000000001423359e+02 -2.394410913224810589e+00
2.625000000001292619e+02 -2.760567107583384416e+00
2.630000000001162448e+02 -2.410118659080650261e+00
2.635000000001032276e+02 -2.282929129620110853e+00
2.640000000000902105e+02 -2.522534296697398926e+00
2.645000000000771934e+02 -2.132857557332457077e+00
2.650000000000641762e+02 -2.094524653661765434e+00
2.655000000000511591e+02 -2.497874202263922427e+00
2.660000000000381419e+02 -2.649040689877927512e+00
2.665000000000251248e+02 -2.212015600424296569e+00
2.670000000000121076e+02 -2.224651158549495022e+00
2.674999999999990905e+02 -2.138674980652942814e+00
2.679999999999860165e+02 -2.298304395574637837e+00
2.684999999999729994e+02 -2.337723381328471017e+00
2.689999999999599822e+02 -2.401994551670099565e+00
2.694999999999469651e+02 -2.345261264391994338e+00
2.699999999999339479e+02 -2.731316244834487428e+00
2.704999999999209308e+02 -2.355472684867459865e+00
2.709999999999079137e+02 -2.094852049895933988e+00
2.714999999998948965e+02 -2.028494231686202465e+00
2.719999999998818794e+02 -2.290037671220500393e+00
2.724999999998688622e+02 -2.448820758470460213e+00
2.729999999998558451e+02 -2.355859672168298058e+00
2.734999999998427711e+02 -2.252651049430100194e+00
2.739999999998297540e+02 -2.563254643580127556e+00
2.744999999998167368e+02 -2.103365482379893514e+00
2.749999999998037197e+02 -2.389147925985557475e+00
2.754999999997907025e+02 -2.222903549437532877e+00
2.759999999997776854e+02 -2.037826575782343053e+00
2.764999999997646682e+02 -2.438710669496462202e+00
2.769999999997516511e+02 -2.203935986637209687e+00
2.774999999997386340e+02 -2.198223794509211348e+00
2.779999999997256168e+02 -2.361993889834965721e+00
2.784999999997125997e+02 -2.076440129688390090e+00
2.789999999996995257e+02 -2.494641341616643526e+00
2.794999999996865085e+02 -2.423302536114120720e+00
2.799999999996734914e+02 -2.039627287159630153e+00
2.804999999996604743e+02 -2.656644890069669529e+00
2.809999999996474571e+02 -2.363740056812071888e+00
2.814999999996344400e+02 -2.067649432090473027e+00
2.819999999996214228e+02 -2.289635638288919139e+00
2.824999999996084057e+02 -2.212121224847857004e+00
2.829999999995953885e+02 -2.305833229670100515e+00
2.834999999995823714e+02 -2.090636878601003890e+00
2.839999999995693543e+02 -2.495249524857512835e+00
2.844999999995562803e+02 -2.418974007809244320e+00
2.849999999995432631e+02 -2.277200442040362649e+00
2.854999999995302460e+02 -2.161245989870849815e+00
2.859999999995172288e+02 -2.367795345506713556e+00
2.864999999995042117e+02 -2.554843633896603183e+00
2.869999999994911946e+02 -2.313173266329024091e+00
2.874999999994781774e+02 -2.221671434630166697e+00
2.879999999994651603e+02 -2.304931123826465811e+00
2.884999999994521431e+02 -2.394143346346396584e+00
2.889999999994391260e+02 -2.313232820666728085e+00
2.894999999994261088e+02 -2.670158376457153704e+00
2.899999999994130349e+02 -2.253447622455129640e+00
2.904999999994000177e+02 -2.241429268349455217e+00
2.909999999993870006e+02 -2.318524395473868349e+00
2.914999999993739834e+02 -2.539718915086303763e+00
2.919999999993609663e+02 -2.508121426848895830e+00
2.924999999993479491e+02 -2.177751527285690880e+00
2.929999999993349320e+02 -2.179000115867678833e+00
2.934999999993219149e+02 -2.366788514626364748e+00
2.939999999993088977e+02 -2.541964896339672375e+00
2.944999999992958806e+02 -2.555209202497733312e+00
2.949999999992828634e+02 -2.512431061793543918e+00
2.954999999992697894e+02 -2.045942184891651472e+00
2.959999999992567723e+02 -2.348600261304945480e+00
2.964999999992437552e+02 -2.245963281367996167e+00
2.969999999992307380e+02 -2.318049567086090779e+00
2.974999999992177209e+02 -2.027888945214566085e+00
2.979999999992047037e+02 -2.281959774149097342e+00
2.984999999991916866e+02 -2.492458297842522708e+00
2.989999999991786694e+02 -2.722313673475837081e+00
2.994999999991656523e+02 -2.236149480194118855e+00
2.999999999991526352e+02 -2.104862549297937147e+00
3.004999999991396180e+02 -2.447433983190969720e+00
3.009999999991265440e+02 -2.453154281227541311e+00
3.014999999991135269e+02 -2.422664249548712956e+00
3.019999999991005097e+02 -2.263687010328983007e+00
3.024999999990874926e+02 -2.216721061642704882e+00
3.029999999990744755e+02 -2.064842945054536028e+00
3.034999999990614583e+02 -2.230850490724324509e+00
3.039999999990484412e+02 -2.210522811268699872e+00
3.044999999990354240e+02 -2.383448300310652357e+00
3.049999999990224069e+02 -2.371119182896103350e+00
3.054999999990093897e+02 -2.279961513415430296e+00
3.059999999989963158e+02 -2.372552462793118266e+00
3.064999999989832986e+02 -2.090988445438672905e+00
3.069999999989702815e+02 -2.287607170052440964e+00
3.074999999989572643e+02 -2.483761900544454004e+00
3.079999999989442472e+02 -2.217800690081374260e+00
3.084999999989312300e+02 -2.536366922375328681e+00
3.089999999989182129e+02 -2.552576503887122872e+00
3.094999999989051958e+02 -2.298412028827728992e+00
3.099999999988921786e+02 -2.505672046576858936e+00
3.104999999988791615e+02 -2.322609195658299708e+00
3.109999999988661443e+02 -2.413322959784814259e+00
3.114999999988530703e+02 -2.138166509736433074e+00
3.119999999988400532e+02 -2.658479570970171846e+00
3.124999999988270361e+02 -2.318989874992440914e+00
3.129999999988140189e+02 -2.362416786336052343e+00
3.134999999988010018e+02 -2.432128088883044548e+00
3.139999999987879846e+02 -2.488079401940802349e+00
3.144999999987749675e+02 -2.344735098149244301e+00
3.149999999987619503e+02 -2.329213884959209668e+00
3.154999999987489332e+02 -2.408441965824129394e+00
3.159999999987359161e+02 -2.539679795065242995e+00
3.164999999987228989e+02 -2.336927959324277548e+00
3.169999999987098249e+02 -2.228919883498568399e+00
3.174999999986968078e+02 -2.515832171657948368e+00
3.179999999986837906e+02 -2.330372366471661127e+00
3.184999999986707735e+02 -2.560483135588083492e+00
3.189999999986577564e+02 -2.201673073717184792e+00
3.194999999986447392e+02 -2.499389852724814620e+00
3.199999999986317221e+02 -2.258913167236561215e+00
3.204999999986187049e+02 -2.180046856970805358e+00
3.209999999986056878e+02 -2.423075537389513645e+00
3.214999999985926706e+02 -2.413727251440281218e+00
3.219999999985796535e+02 -2.276020242086906009e+00
3.224999999985665795e+02 -2.311782909081439019e+00
3.229999999985535624e+02 -2.577709102968283261e+00
3.234999999985405452e+02 -2.411098467083435448e+00
3.239999999985275281e+02 -2.311126996224939223e+00
3.244999999985145109e+02 -2.456098004047361449e+00
3.249999999985014938e+02 -2.774600537911532605e+00
3.254999999984884766e+02 -2.449721372522404739e+00
3.259999999984754595e+02 -2.098976690077495544e+00
3.264999999984624424e+02 -2.389670215176998180e+00
3.269999999984494252e+02 -1.993860989713849730e+00
3.274999999984364081e+02 -2.407754320266023651e+00
3.279999999984233341e+02 -2.179227469173269593e+00
3.284999999984103169e+02 -2.427328869237261433e+00
3.289999999983972998e+02 -2.052577392175394699e+00
3.294999999983842827e+02 -2.366007414004548615e+00
3.299999999983712655e+02 -2.401276051664355204e+00
3.304999999983582484e+02 -2.358174580304062129e+00
3.309999999983452312e+02 -2.397149321779804332e+00
3.314999999983322141e+02 -2.352168925570804703e+00
3.319999999983191969e+02 -2.461010520664308032e+00
3.324999999983061798e+02 -2.117505688939849140e+00
3.329999999982931627e+02 -2.545880252844630487e+00
3.334999999982800887e+02 -2.497844457775655336e+00
3.339999999982670715e+02 -2.465041830924888266e+00
3.344999999982540544e+02 -2.438373562505380843e+00
3.349999999982410372e+02 -2.224625838590787108e+00
3.354999999982280201e+02 -2.389362684652171609e+00
3.359999999982150030e+02 -2.403847563152345046e+00
3.364999999982019858e+02 -2.169593313884865093e+00
3.369999999981889687e+02 -2.075192222181120982e+00
3.374999999981759515e+02 -2.501228076711931703e+00
3.379999999981629344e+02 -2.463209624774126194e+00
3.384999999981499172e+02 -2.721850392033577926e+00
3.389999999981368433e+02 -2.294419236800706585e+00
3.394999999981238261e+02 -1.894799550293214230e+00
3.399999999981108090e+02 -2.192212722601546204e+00
3.404999999980977918e+02 -2.312314265840738958e+00
3.409999999980847747e+02 -2.123484436589635926e+00
3.414999999980717575e+02 -2.524420396238767239e+00
3.419999999980587404e+02 -2.532663160327238927e+00
3.424999999980457233e+02 -2.325922579416092262e+00
3.429999999980327061e+02 -2.348538771585239715e+00
3.434999999980196890e+02 -2.144775304333637056e+00
3.439999999980066718e+02 -2.181513730737191459e+00
3.444999999979935978e+02 -2.394063757308993790e+00
3.449999999979805807e+02 -2.404350022076645388e+00
3.454999999979675636e+02 -2.129273776543024965e+00
3.459999999979545464e+02 -2.145793473299867138e+00
3.464999999979415293e+02 -2.373962376165168475e+00
3.469999999979285121e+02 -2.514515848831638145e+00
3.474999999979154950e+02 -2.335052936783716504e+00
3.479999999979024778e+02 -2.368071880592727663e+00
3.484999999978894607e+02 -2.250638533324625268e+00
3.489999999978764436e+02 -2.176537579623525342e+00
3.494999999978633696e+02 -2.118600290099450500e+00
3.499999999978503524e+02 -2.470871711808987126e+00
3.504999999978373353e+02 -2.042359621241017109e+00
3.509999999978243181e+02 -2.402071686121373784e+00
3.514999999978113010e+02 -2.635059805862684623e+00
3.519999999977982839e+02 -2.379009075011872643e+00
3.524999999977852667e+02 -2.277963484721772680e+00
3.529999999977722496e+02 -2.590255698829466713e+00
3.534999999977592324e+02 -2.104284080905669541e+00
3.539999999977462153e+02 -2.729307191131018495e+00
3.544999999977331981e+02 -2.286303605843278852e+00
3.549999999977201242e+02 -2.265394836915554322e+00
3.554999999977071070e+02 -2.461267045692976385e+00
3.559999999976940899e+02 -2.159408160657201314e+00
3.564999999976810727e+02 -2.319606258005307620e+00
3.569999999976680556e+02 -2.519061422460744382e+00
3.574999999976550384e+02 -2.426744088668801425e+00
3.579999999976420213e+02 -2.268290241048670719e+00
3.584999999976290042e+02 -2.524811220417888524e+00
3.589999999976159870e+02 -2.179787234797315509e+00
3.594999999976029699e+02 -2.479241344186469576e+00
3.599999999975899527e+02 -2.298655613361431982e+00
3.604999999975768787e+02 -2.387290683882663966e+00
3.609999999975638616e+02 -2.411510179488901340e+00
3.614999999975508445e+02 -2.273933136726033588e+00
3.619999999975378273e+02 -2.564154168904401843e+00
3.624999999975248102e+02 -2.474074833409928509e+00
3.629999999975117930e+02 -2.371583441094580191e+00
3.634999999974987759e+02 -2.407850643163647497e+00
3.639999999974857587e+02 -2.266941841022674708e+00
3.644999999974727416e+02 -2.559756482079266426e+00
3.649999999974597245e+02 -2.526643448088890409e+00
3.654999999974467073e+02 -2.177506217767525509e+00
3.659999999974336333e+02 -2.393106012165980179e+00
3.664999999974206162e+02 -1.823620081723433595e+00
3.669999999974075990e+02 -2.381367068590381830e+00
3.674999999973945819e+02 -2.062854201161506307e+00
3.679999999973815648e+02 -2.468259269063626249e+00
3.684999999973685476e+02 -2.660337478827616842e+00
3.689999999973555305e+02 -2.370355505409695862e+00
3.694999999973425133e+02 -2.594283109443552338e+00
3.699999999973294962e+02 -2.429243444577358080e+00
3.704999999973164790e+02 -2.366415097219798813e+00
3.709999999973034619e+02 -2.062303775485876400e+00
3.714999999972903879e+02 -2.557290158738052988e+00
3.719999999972773708e+02 -2.535223891479004621e+00
3.724999999972643536e+02 -2.100359327796275544e+00
3.729999999972513365e+02 -2.241949680907472597e+00
3.734999999972383193e+02 -2.323343895013438853e+00
3.739999999972253022e+02 -2.560212379821298345e+00
3.744999999972122851e+02 -2.301656939924207723e+00
3.749999999971992679e+02 -2.329964148690164993e+00
3.754999999971862508e+02 -2.719591354157865126e+00
3.759999999971732336e+02 -1.972519664580537402e+00
3.764999999971602165e+02 -2.380774026280682687e+00
3.769999999971471425e+02 -2.245226002102555185e+00
3.774999999971341254e+02 -2.149290584530136439e+00
3.779999999971211082e+02 -2.398298925157342332e+00
3.784999999971080911e+02 -2.176900294946432446e+00
3.789999999970950739e+02 -2.435050194123203227e+00
3.794999999970820568e+02 -2.511386130306075604e+00
3.799999999970690396e+02 -2.284999459045043313e+00
3.804999999970560225e+02 -2.081952944771184200e+00
3.809999999970430054e+02 -2.364074334585509085e+00
3.814999999970299882e+02 -2.064882133498066263e+00
3.819999999970169711e+02 -2.144251146973072064e+00
3.824999999970038971e+02 -2.342799285890079464e+00
3.829999999969908799e+02 -2.424726548354398492e+00
3.834999999969778628e+02 -2.231985770652808121e+00
3.839999999969648456e+02 -2.112824255591556177e+00
3.844999999969518285e+02 -2.233758996125010388e+00
3.849999999969388114e+02 -2.475766833317435633e+00
3.854999999969257942e+02 -2.473308615030235025e+00
3.859999999969127771e+02 -2.666774553505326217e+00
3.864999999968997599e+02 -2.360478727458092951e+00
3.869999999968867428e+02 -2.274942118196306318e+00
3.874999999968737256e+02 -2.438293315003210449e+00
3.879999999968606517e+02 -2.455978572153810546e+00
3.884999999968476345e+02 -2.029930870999454573e+00
3.889999999968346174e+02 -2.579996588265157875e+00
3.894999999968216002e+02 -2.393890471026178357e+00
3.899999999968085831e+02 -2.525137227517817440e+00
3.904999999967955659e+02 -2.466246516062041483e+00
3.909999999967825488e+02 -2.266043900417483048e+00
3.914999999967695317e+02 -2.500252389927660968e+00
3.919999999967565145e+02 -2.394870122977092564e+00
3.924999999967434974e+02 -1.973424051814829605e+00
3.929999999967304234e+02 -2.421053769646308584e+00
3.934999999967174062e+02 -2.305501627353627292e+00
3.939999999967043891e+02 -2.441365031474355796e+00
3.944999999966913720e+02 -2.529581236088401575e+00
3.949999999966783548e+02 -2.403542189057556122e+00
3.954999999966653377e+02 -2.342978527589493876e+00
3.959999999966523205e+02 -2.482501862763048184e+00
3.964999999966393034e+02 -2.419627062992855127e+00
3.969999999966262862e+02 -2.258128076781934279e+00
3.974999999966132691e+02 -2.419619936349916234e+00
3.979999999966002520e+02 -2.506733983063937021e+00
3.984999999965871780e+02 -2.262360591863527226e+00
3.989999999965741608e+02 -2.171481270942963615e+00
3.994999999965611437e+02 -2.111289181584798946e+00
3.999999999965481265e+02 -2.519097963363910786e+00
4.004999999965351094e+02 -2.312872141088602174e+00
4.009999999965220923e+02 -2.549791354553150313e+00
4.014999999965090751e+02 -2.269812634871984702e+00
4.019999999964960580e+02 -2.274470014230888459e+00
4.024999999964830408e+02 -2.553566418964286822e+00
4.029999999964700237e+02 -2.565807859619961828e+00
4.034999999964570065e+02 -2.218967225600953164e+00
4.039999999964439326e+02 -2.595544411799002749e+00
4.044999999964309154e+02 -2.471007816552651448e+00
4.049999999964178983e+02 -2.620044862180208156e+00
4.054999999964048811e+02 -2.336085473557778958e+00
4.059999999964079507e+02 -2.199786169409915004e+00
4.064999999964400104e+02 -2.317456044383785940e+00
4.069999999964720132e+02 -2.760617075219681027e+00
4.074999999965040729e+02 -2.276873038019628925e+00
4.079999999965360757e+02 -2.240816794570801296e+00
4.084999999965681354e+02 -2.404069583798503551e+00
4.089999999966001383e+02 -2.289133473104340677e+00
4.094999999966321980e+02 -2.217049744559076441e+00
4.099999999966642008e+02 -2.178202902113382411e+00
4.104999999966962605e+02 -2.524295127666790428e+00
4.109999999967282633e+02 -2.361108810820271575e+00
4.114999999967603230e+02 -2.336573680660755326e+00
4.119999999967923259e+02 -2.118715532812478930e+00
4.124999999968243856e+02 -2.171027713208347087e+00
4.129999999968563884e+02 -2.090810597563957707e+00
4.134999999968884481e+02 -2.363946740173064498e+00
4.139999999969205078e+02 -2.232179335137055354e+00
4.144999999969525106e+02 -2.150555801589300042e+00
4.149999999969845703e+02 -2.391742470297850254e+00
4.154999999970165732e+02 -2.217261635934377750e+00
4.159999999970486328e+02 -2.302148825556011857e+00
4.164999999970806357e+02 -2.647884288002412934e+00
4.169999999971126954e+02 -2.357837027462523327e+00
4.174999999971446982e+02 -2.343868800850145373e+00
4.179999999971767579e+02 -2.707001499547614820e+00
4.184999999972087608e+02 -2.341173156774956521e+00
4.189999999972408204e+02 -2.062567418449347212e+00
4.194999999972728233e+02 -2.249837683174894742e+00
4.199999999973048830e+02 -2.522949857423901765e+00
4.204999999973368858e+02 -2.769773161527192773e+00
4.209999999973689455e+02 -2.247207915265152067e+00
4.214999999974009484e+02 -2.365928541753924641e+00
4.219999999974330080e+02 -2.417877223402229436e+00
4.224999999974650109e+02 -2.274631759940240361e+00
4.229999999974970706e+02 -2.402516605686516815e+00
4.234999999975291303e+02 -2.479245019230295277e+00
4.239999999975611331e+02 -2.706436336912098728e+00
4.244999999975931928e+02 -2.731643051758585017e+00
4.249999999976251956e+02 -2.320946505213543620e+00
4.254999999976572553e+02 -2.832712685206930203e+00
4.259999999976892582e+02 -2.186675216711417846e+00
4.264999999977213179e+02 -2.250186719091638476e+00
4.269999999977533207e+02 -2.453083333841888258e+00
4.274999999977853804e+02 -2.433051122783855380e+00
4.279999999978173832e+02 -2.416900847086933535e+00
4.284999999978494429e+02 -2.483324597466535000e+00
4.289999999978814458e+02 -2.219696739570669042e+00
4.294999999979135055e+02 -2.327422893400235893e+00
4.299999999979455083e+02 -2.393301673265185503e+00
4.304999999979775680e+02 -2.440398439090143423e+00
4.309999999980095708e+02 -2.104499963981306010e+00
4.314999999980416305e+02 -2.291068703167161935e+00
4.319999999980736902e+02 -2.153117272555076678e+00
4.324999999981056931e+02 -2.425981841668588768e+00
4.329999999981377528e+02 -2.328765191261710221e+00
4.334999999981697556e+02 -1.928255609261694481e+00
4.339999999982018153e+02 -2.436133719865607894e+00
4.344999999982338181e+02 -2.701118679766535635e+00
4.349999999982658778e+02 -2.584517322021884222e+00
4.354999999982978807e+02 -2.229798362112753729e+00
4.359999999983299404e+02 -2.406486877415794812e+00
4.364999999983619432e+02 -2.410805517948764187e+00
4.369999999983940029e+02 -2.125432591867801868e+00
4.374999999984260057e+02 -2.471318952192401497e+00
4.379999999984580654e+02 -2.075300665183887450e+00
4.384999999984900683e+02 -2.361720490420822216e+00
4.389999999985221280e+02 -2.371896847270522635e+00
4.394999999985541308e+02 -2.590600562527237027e+00
4.399999999985861905e+02 -2.162708814230300369e+00
4.404999999986182502e+02 -2.459602611730572264e+00
4.409999999986502530e+02 -2.512686695333375742e+00
4.414999999986823127e+02 -2.398332694519151875e+00
4.419999999987143156e+02 -2.467670380812633457e+00
4.424999999987463752e+02 -2.487949974960610877e+00
4.429999999987783781e+02 -2.164662326513376200e+00
4.434999999988104378e+02 -2.358321152485615801e+00
4.439999999988424406e+02 -2.529830264535739559e+00
4.444999999988745003e+02 -2.840236123082586772e+00
4.449999999989065032e+02 -1.997608713029137117e+00
4.454999999989385628e+02 -2.289023774281659929e+00
4.459999999989705657e+02 -2.585391813926171789e+00
4.464999999990026254e+02 -2.348427553789499189e+00
4.469999999990346282e+02 -2.554539038589636935e+00
4.474999999990666879e+02 -2.265179331792580353e+00
4.479999999990986908e+02 -2.368332645901629618e+00
4.484999999991307504e+02 -2.487574355019414263e+00
4.489999999991627533e+02 -2.332318485756629478e+00
4.494999999991948130e+02 -2.165193493863472707e+00
4.499999999992268727e+02 -2.346933163236764042e+00
4.504999999992588755e+02 -2.299867374123239383e+00
4.509999999992909352e+02 -2.316680818206852344e+00
4.514999999993229380e+02 -2.201635741923198442e+00
4.519999999993549977e+02 -2.304666384714727734e+00
4.524999999993870006e+02 -2.631407610710578826e+00
4.529999999994190603e+02 -2.450772742582983721e+00
4.534999999994510631e+02 -2.326591105342223909e+00
4.539999999994831228e+02 -2.362814511302435694e+00
4.544999999995151256e+02 -2.615735222528424053e+00
4.549999999995471853e+02 -2.483618103864522197e+00
4.554999999995791882e+02 -2.188902228001567973e+00
4.559999999996112479e+02 -2.490427481095107254e+00
4.564999999996432507e+02 -2.305062837603619741e+00
4.569999999996753104e+02 -2.466875045347553641e+00
4.574999999997073132e+02 -2.196197080008684743e+00
4.579999999997393729e+02 -2.322048988622721133e+00
4.584999999997714326e+02 -2.278810974243897558e+00
4.589999999998034355e+02 -2.467193286182030487e+00
4.594999999998354951e+02 -2.374773433018470215e+00
4.599999999998674980e+02 -2.612617124256256584e+00
4.604999999998995577e+02 -1.948239082329222160e+00
4.609999999999315605e+02 -2.341113859518398677e+00
4.614999999999636202e+02 -2.221203736990970956e+00
4.619999999999956231e+02 -2.561551929465522015e+00
4.625000000000276827e+02 -2.514230061507999991e+00
4.630000000000596856e+02 -2.274800805062447306e+00
4.635000000000917453e+02 -2.219486613968833844e+00
4.640000000001237481e+02 -2.465522145073634874e+00
4.645000000001558078e+02 -2.401024881533334820e+00
4.650000000001878107e+02 -2.394027257422089328e+00
4.655000000002198703e+02 -2.648515241743985893e+00
4.660000000002518732e+02 -2.058906590375116696e+00
4.665000000002839329e+02 -2.411619906959005188e+00
4.670000000003159357e+02 -2.133201744574036773e+00
4.675000000003479954e+02 -2.344330951799350693e+00
4.680000000003800551e+02 -2.183399929742026568e+00
4.685000000004120579e+02 -2.228068535157141206e+00
4.690000000004441176e+02 -2.386104736241680957e+00
4.695000000004761205e+02 -2.370948310552484894e+00
4.700000000005081802e+02 -2.424661779405257622e+00
4.705000000005401830e+02 -2.345664249453873751e+00
4.710000000005722427e+02 -2.361890948749986396e+00
4.715000000006042455e+02 -2.300625092898960222e+00
4.720000000006363052e+02 -2.396546700987519429e+00
4.725000000006683081e+02 -2.121751351102840299e+00
4.730000000007003678e+02 -2.361024233605760525e+00
4.735000000007323706e+02 -2.311737949556699867e+00
4.740000000007644303e+02 -2.222844172804541163e+00
4.745000000007964331e+02 -2.235224866154697843e+00
4.750000000008284928e+02 -2.408568722360833636e+00
4.755000000008604957e+02 -2.570685824677870102e+00
4.760000000008925554e+02 -2.291429379215038864e+00
4.765000000009246151e+02 -2.367639272693709884e+00
4.770000000009566179e+02 -2.004303496208492241e+00
4.775000000009886776e+02 -2.447890908427248657e+00
4.780000000010206804e+02 -2.217979866372139064e+00
4.785000000010527401e+02 -2.411435597865267955e+00
4.790000000010847430e+02 -2.273812795323664204e+00
4.795000000011168027e+02 -2.300638932661473124e+00
4.800000000011488055e+02 -2.409816504048484465e+00
4.805000000011808652e+02 -2.410512999897141739e+00
4.810000000012128680e+02 -2.365816047143486145e+00
4.815000000012449277e+02 -2.319564374089242875e+00
4.820000000012769306e+02 -2.037368603527101918e+00
4.825000000013089902e+02 -2.576032101674540442e+00
4.830000000013409931e+02 -2.659619292427006343e+00
4.835000000013730528e+02 -2.288926172571805751e+00
4.840000000014050556e+02 -2.263290187202979808e+00
4.845000000014371153e+02 -2.409810900878509354e+00
4.850000000014691750e+02 -2.310699333533043021e+00
4.855000000015011778e+02 -2.181082848120661666e+00
4.860000000015332375e+02 -1.971682097593379313e+00
4.865000000015652404e+02 -2.282952586882038393e+00
4.870000000015973001e+02 -2.414350401357219678e+00
4.875000000016293029e+02 -2.687640914879721343e+00
4.880000000016613626e+02 -2.504296433671993949e+00
4.885000000016933654e+02 -2.605723943640651630e+00
4.890000000017254251e+02 -2.559540239584762400e+00
4.895000000017574280e+02 -2.019538009709174187e+00
4.900000000017894877e+02 -2.263413820542782506e+00
4.905000000018214905e+02 -2.289948935507222227e+00
4.910000000018535502e+02 -2.080970836474778096e+00
4.915000000018855530e+02 -2.292300864759182488e+00
4.920000000019176127e+02 -2.220846031794216469e+00
4.925000000019496156e+02 -2.635622085703452466e+00
4.930000000019816753e+02 -1.871802596187608136e+00
4.935000000020136781e+02 -2.223349318753281789e+00
4.940000000020457378e+02 -2.450078498559926210e+00
4.945000000020777975e+02 -2.125415453248335140e+00
4.950000000021098003e+02 -2.409439431715215019e+00
4.955000000021418600e+02 -2.392853046811217688e+00
4.960000000021738629e+02 -2.256686581036452921e+00
4.965000000022059226e+02 -2.494259480135637030e+00
4.970000000022379254e+02 -2.369194742547876320e+00
4.975000000022699851e+02 -2.214069540011161852e+00
4.980000000023019879e+02 -2.306162882638735478e+00
4.985000000023340476e+02 -2.206512383309403802e+00
4.990000000023660505e+02 -2.722367327010864368e+00
4.995000000023981102e+02 -2.135169449884347870e+00
5.000000000024301130e+02 -2.494470097925526098e+00
5.005000000024621727e+02 -2.443166765547649444e+00
5.010000000024941755e+02 -2.635218647126131852e+00
5.015000000025262352e+02 -2.263164594229146953e+00
5.020000000025582381e+02 -2.344736022685411037e+00
5.025000000025902978e+02 -2.301178530168338732e+00
5.030000000026223574e+02 -2.414037133434246307e+00
5.035000000026543603e+02 -2.379922803023348798e+00
5.040000000026864200e+02 -2.569873526717359802e+00
5.045000000027184228e+02 -2.398258760540637358e+00
5.050000000027504825e+02 -2.407141998990627751e+00
5.055000000027824854e+02 -2.281238701266484536e+00
5.060000000028145450e+02 -2.214947943970299704e+00
5.065000000028465479e+02 -2.263969413693879940e+00
5.070000000028786076e+02 -2.265402715402834666e+00
5.075000000029106104e+02 -2.254789874529125715e+00
5.080000000029426701e+02 -2.365366939136494651e+00
5.085000000029746730e+02 -2.233774915146561568e+00
5.090000000030067326e+02 -2.569483244593205651e+00
5.095000000030387355e+02 -2.310667329940907067e+00
5.100000000030707952e+02 -2.515817541970743143e+00
5.105000000031027980e+02 -2.460097215463919351e+00
5.110000000031348577e+02 -2.611055216160624859e+00
5.115000000031668606e+02 -2.473157100346289106e+00
5.120000000031989202e+02 -2.461804710373510563e+00
5.125000000032309799e+02 -2.279401384863650293e+00
5.130000000032630396e+02 -2.317499949878905952e+00
5.135000000032949856e+02 -2.381149603026060380e+00
5.140000000033270453e+02 -2.318533242282781348e+00
5.145000000033591050e+02 -2.199544864417055656e+00
5.150000000033911647e+02 -2.340518662187477616e+00
5.155000000034231107e+02 -2.329028968259017951e+00
5.160000000034551704e+02 -2.492960097010486376e+00
5.165000000034872301e+02 -2.256107220628029264e+00
5.170000000035192897e+02 -2.437517998828931720e+00
5.175000000035512357e+02 -2.308166218232158506e+00
5.180000000035832954e+02 -2.389504173411078014e+00
5.185000000036153551e+02 -2.102628002102343352e+00
5.190000000036474148e+02 -2.501602359812542975e+00
5.195000000036793608e+02 -2.280277401152452033e+00
5.200000000037114205e+02 -2.718849113180242139e+00
5.205000000037434802e+02 -2.406176165551169532e+00
5.210000000037755399e+02 -2.518357580992382161e+00
5.215000000038075996e+02 -2.215908100504623945e+00
5.220000000038395456e+02 -2.335531657889318158e+00
5.225000000038716053e+02 -2.475993775661173846e+00
5.230000000039036649e+02 -2.489024443760948557e+00
5.235000000039357246e+02 -2.350430534067295518e+00
5.240000000039676706e+02 -2.018716831028920744e+00
5.245000000039997303e+02 -2.337643357539619604e+00
5.250000000040317900e+02 -2.703749814693868991e+00
5.255000000040638497e+02 -2.174432590236490270e+00
5.260000000040957957e+02 -2.298110304836518569e+00
5.265000000041278554e+02 -2.526639339678932394e+00
5.270000000041599151e+02 -2.158286812572100644e+00
5.275000000041919748e+02 -2.250372207427012938e+00
5.280000000042239208e+02 -2.522670492108216145e+00
5.285000000042559805e+02 -2.665821989031922801e+00
5.290000000042880401e+02 -2.176794482022141874e+00
5.295000000043200998e+02 -2.560109344146649146e+00
5.300000000043521595e+02 -2.279677452311628549e+00
5.305000000043841055e+02 -2.644600352916249619e+00
5.310000000044161652e+02 -2.208426163534622511e+00
5.315000000044482249e+02 -2.537087685918725022e+00
5.320000000044802846e+02 -2.460873281317105477e+00
5.325000000045122306e+02 -2.128411383957059755e+00
5.330000000045442903e+02 -2.453688804714273974e+00
5.335000000045763500e+02 -2.385483844473328841e+00
5.340000000046084097e+02 -2.282773200725142004e+00
5.345000000046403557e+02 -2.243884602274045736e+00
5.350000000046724153e+02 -2.147420934592191522e+00
5.355000000047044750e+02 -2.302118360938388619e+00
5.360000000047365347e+02 -2.383936232813870681e+00
5.365000000047684807e+02 -2.455250687791838970e+00
5.370000000048005404e+02 -2.310596335981706329e+00
5.375000000048326001e+02 -2.410336357995934708e+00
5.380000000048646598e+02 -2.479863788954072668e+00
5.385000000048967195e+02 -2.268235576118317276e+00
5.390000000049286655e+02 -2.381074690085789758e+00
5.395000000049607252e+02 -2.354979293186416189e+00
5.400000000049927849e+02 -2.248057563294541872e+00
5.405000000050248445e+02 -2.115097779465107575e+00
5.410000000050567905e+02 -2.444754891562024746e+00
5.415000000050888502e+02 -2.419242375146815061e+00
5.420000000051209099e+02 -2.535977317656279872e+00
5.425000000051529696e+02 -2.078171377149641064e+00
5.430000000051849156e+02 -2.196900982774780076e+00
5.435000000052169753e+02 -2.316918233174989350e+00
5.440000000052490350e+02 -2.619238250524950296e+00
5.445000000052810947e+02 -2.418015148861055508e+00
5.450000000053130407e+02 -2.292854715300849389e+00
5.455000000053451004e+02 -2.325937941640445317e+00
5.460000000053771601e+02 -2.206511873936659374e+00
5.465000000054092197e+02 -2.294126922088158160e+00
5.470000000054411657e+02 -1.915605146919256541e+00
5.475000000054732254e+02 -2.373517513754630048e+00
5.480000000055052851e+02 -2.584090277180992157e+00
5.485000000055373448e+02 -2.378245481222407864e+00
5.490000000055694045e+02 -2.429290797596415530e+00
5.495000000056013505e+02 -2.035462619583597199e+00
5.500000000056334102e+02 -2.354907710318165037e+00
5.505000000056654699e+02 -2.135846869808972759e+00
5.510000000056975296e+02 -2.156570080519979893e+00
5.515000000057294756e+02 -2.532797267573549060e+00
5.520000000057615352e+02 -2.546058922035828509e+00
5.525000000057935949e+02 -2.387646088759465712e+00
5.530000000058256546e+02 -2.324216204134442965e+00
5.535000000058576006e+02 -2.826348396985324474e+00
5.540000000058896603e+02 -2.687204562234101424e+00
5.545000000059217200e+02 -2.486133731982477890e+00
5.550000000059537797e+02 -2.265985675943655853e+00
5.555000000059857257e+02 -2.159699756111046476e+00
5.560000000060177854e+02 -2.300296896427819870e+00
5.565000000060498451e+02 -2.287904064283066141e+00
5.570000000060819048e+02 -2.517846215901959894e+00
5.575000000061139644e+02 -2.363160291612282471e+00
5.580000000061459104e+02 -2.271458091501525889e+00
5.585000000061779701e+02 -2.577764839181449386e+00
5.590000000062100298e+02 -2.522523933962653953e+00
5.595000000062420895e+02 -2.182852410202084759e+00
5.600000000062740355e+02 -2.426311589504235311e+00
5.605000000063060952e+02 -2.230169761441565868e+00
5.610000000063381549e+02 -2.416053354959670330e+00
5.615000000063702146e+02 -2.389557418626077734e+00
5.620000000064021606e+02 -2.519111882497834021e+00
5.625000000064342203e+02 -2.427155569661009427e+00
5.630000000064662800e+02 -2.279076242098371008e+00
5.635000000064983396e+02 -2.478815717432201193e+00
5.640000000065302856e+02 -2.626228379977590954e+00
5.645000000065623453e+02 -2.321322660293779094e+00
5.650000000065944050e+02 -2.493914641631544526e+00
5.655000000066264647e+02 -2.315731430402529600e+00
5.660000000066585244e+02 -2.381046553858738424e+00
5.665000000066904704e+02 -2.442541341656284892e+00
5.670000000067225301e+02 -2.711872449267719087e+00
5.675000000067545898e+02 -2.349522120962552307e+00
5.680000000067866495e+02 -2.614172566976776135e+00
5.685000000068185955e+02 -1.878434914814958168e+00
5.690000000068506552e+02 -2.381458420010694965e+00
5.695000000068827148e+02 -2.583942093337689094e+00
5.700000000069147745e+02 -2.486944138292834339e+00
5.705000000069467205e+02 -2.411591987988308095e+00
5.710000000069787802e+02 -2.171652437325777729e+00
5.715000000070108399e+02 -2.752138180553100444e+00
5.720000000070428996e+02 -2.765899200828088045e+00
5.725000000070748456e+02 -2.310829233828831875e+00
5.730000000071069053e+02 -2.672981890266124427e+00
5.735000000071389650e+02 -2.301731459134993329e+00
5.740000000071710247e+02 -2.416145733114342775e+00
5.745000000072030844e+02 -2.515757550956529087e+00
5.750000000072350304e+02 -2.704236975577340107e+00
5.755000000072670900e+02 -2.382084507378842808e+00
5.760000000072991497e+02 -1.990150182267624634e+00
5.765000000073312094e+02 -2.269800130437144237e+00
5.770000000073631554e+02 -2.566099989569360140e+00
5.775000000073952151e+02 -1.781877483843615773e+00
5.780000000074272748e+02 -2.444709474454183074e+00
5.785000000074593345e+02 -2.737751817430120749e+00
5.790000000074912805e+02 -2.039859704033473609e+00
5.795000000075233402e+02 -2.447597710196468768e+00
5.800000000075553999e+02 -2.546131395271485243e+00
5.805000000075874595e+02 -2.420609003650374014e+00
5.810000000076194056e+02 -2.048362337957204016e+00
5.815000000076514652e+02 -2.700165229254658517e+00
5.820000000076835249e+02 -2.385022038697752311e+00
5.825000000077155846e+02 -1.913139055258705312e+00
5.830000000077476443e+02 -2.568936570845676393e+00
5.835000000077795903e+02 -2.274738695005113165e+00
5.840000000078116500e+02 -2.393420924890906409e+00
5.845000000078437097e+02 -2.491028777871880262e+00
5.850000000078757694e+02 -2.277999039009637183e+00
5.855000000079077154e+02 -2.460265663993974172e+00
5.860000000079397751e+02 -2.465898717971053422e+00
5.865000000079718347e+02 -2.461900555991947570e+00
5.870000000080038944e+02 -2.147446905235527392e+00
5.875000000080358404e+02 -2.206337745785340143e+00
5.880000000080679001e+02 -2.604863348891591990e+00
5.885000000080999598e+02 -2.446459914912304523e+00
5.890000000081320195e+02 -2.459625097805579585e+00
5.895000000081639655e+02 -2.340953692999004687e+00
5.900000000081960252e+02 -2.219568815357604308e+00
5.905000000082280849e+02 -2.512893619541640255e+00
5.910000000082601446e+02 -2.247734601202421079e+00
5.915000000082920906e+02 -2.394162910646350895e+00
5.920000000083241503e+02 -2.519305229211912245e+00
5.925000000083562099e+02 -2.443441035275369710e+00
5.930000000083882696e+02 -2.152670732352315763e+00
5.935000000084203293e+02 -2.375152660550555961e+00
5.940000000084522753e+02 -2.717821499561844600e+00
5.945000000084843350e+02 -2.187587875315749386e+00
5.950000000085163947e+02 -2.237059517014134080e+00
5.955000000085484544e+02 -2.398862108777889635e+00
5.960000000085804004e+02 -2.703600334033175123e+00
5.965000000086124601e+02 -2.443034768747095686e+00
5.970000000086445198e+02 -2.158308882436731579e+00
5.975000000086765795e+02 -2.345542314508205717e+00
5.980000000087085255e+02 -2.447304569343941694e+00
5.985000000087405851e+02 -2.486121251542691812e+00
5.990000000087726448e+02 -2.306497090914321202e+00
5.995000000088047045e+02 -2.188323479290413154e+00
6.000000000088366505e+02 -2.372282530785365662e+00
6.005000000088687102e+02 -2.584913673261998390e+00
6.010000000089007699e+02 -2.340651342063408080e+00
6.015000000089328296e+02 -2.247238139949484736e+00
6.020000000089648893e+02 -2.725905678432104295e+00
6.025000000089968353e+02 -2.675505605432890288e+00
6.030000000090288950e+02 -2.276502061057900317e+00
6.035000000090609547e+02 -2.416719536106716859e+00
6.040000000090930143e+02 -2.264369474213814737e+00
6.045000000091249603e+02 -2.260579063910462594e+00
6.050000000091570200e+02 -2.560730857855122888e+00
6.055000000091890797e+02 -2.312802247331860794e+00
6.060000000092211394e+02 -2.176736927967644064e+00
6.065000000092530854e+02 -2.583769659155116916e+00
6.070000000092851451e+02 -2.406342139519338730e+00
6.075000000093172048e+02 -2.462946965572720082e+00
6.080000000093492645e+02 -2.308093142201771641e+00
6.085000000093812105e+02 -2.268806930390127707e+00
6.090000000094132702e+02 -2.245367903269136711e+00
6.095000000094453299e+02 -2.383536669159934007e+00
6.100000000094773895e+02 -2.303047447083783172e+00
6.105000000095094492e+02 -2.343066241694092167e+00
6.110000000095413952e+02 -2.363136684800076104e+00
6.115000000095734549e+02 -2.292926828351926627e+00
6.120000000096055146e+02 -2.392697712182077829e+00
6.125000000096375743e+02 -2.082942228361284620e+00
6.130000000096695203e+02 -2.388568860965758489e+00
6.135000000097015800e+02 -2.541812375716711259e+00
6.140000000097336397e+02 -2.457680205982711641e+00
6.145000000097656994e+02 -2.192074008195268320e+00
6.150000000097976454e+02 -2.050889910870842936e+00
6.155000000098297050e+02 -2.195965301949009962e+00
6.160000000098617647e+02 -2.434893186408315646e+00
6.165000000098938244e+02 -2.510768160817833383e+00
6.170000000099257704e+02 -2.370073628148199330e+00
6.175000000099578301e+02 -2.312465318484894450e+00
6.180000000099898898e+02 -2.320920038088417403e+00
6.185000000100219495e+02 -2.413623430832422923e+00
6.190000000100540092e+02 -2.423487808404721999e+00
6.195000000100859552e+02 -2.065788921531292566e+00
6.200000000101180149e+02 -2.493983719833538615e+00
6.205000000101500746e+02 -2.124670808542818978e+00
6.210000000101821342e+02 -2.480315478185419753e+00
6.215000000102140802e+02 -2.504316006030887110e+00
6.220000000102461399e+02 -2.104389100744325614e+00
6.225000000102781996e+02 -2.230492416422765523e+00
6.230000000103102593e+02 -2.209248422562384295e+00
6.235000000103422053e+02 -2.611183589169168595e+00
6.240000000103742650e+02 -2.618854109899290350e+00
6.245000000104063247e+02 -2.340818402480945970e+00
6.250000000104383844e+02 -2.213607276032003135e+00
6.255000000104703304e+02 -2.171552159787247582e+00
6.260000000105023901e+02 -2.344714816689421610e+00
6.265000000105344498e+02 -2.023395107670217463e+00
6.270000000105665094e+02 -2.410794825644389405e+00
6.275000000105985691e+02 -2.192063274097292513e+00
6.280000000106305151e+02 -2.658314629306720800e+00
6.285000000106625748e+02 -2.425563827165570174e+00
6.290000000106946345e+02 -2.481411365814747860e+00
6.295000000107266942e+02 -2.371416445934590111e+00
6.300000000107586402e+02 -2.140780249120913137e+00
6.305000000107906999e+02 -2.389418029513717734e+00
6.310000000108227596e+02 -2.414804707930464645e+00
6.315000000108548193e+02 -2.331288483611476448e+00
6.320000000108867653e+02 -2.412110654712421365e+00
6.325000000109188250e+02 -2.327611313044259944e+00
6.330000000109508846e+02 -2.280303676307203986e+00
6.335000000109829443e+02 -2.255525255040069954e+00
6.340000000110148903e+02 -2.272843987414628231e+00
6.345000000110469500e+02 -2.192761072083596385e+00
6.350000000110790097e+02 -2.400522098810419003e+00
6.355000000111110694e+02 -2.517942231244037377e+00
6.360000000111430154e+02 -2.347048835571160286e+00
6.365000000111750751e+02 -2.024241163003430710e+00
6.370000000112071348e+02 -2.481994098611792321e+00
6.375000000112391945e+02 -2.517344573735349478e+00
6.380000000112712542e+02 -2.346542358256698879e+00
6.385000000113032002e+02 -2.360318949826848645e+00
6.390000000113352598e+02 -2.069395348429805104e+00
6.395000000113673195e+02 -2.495371734588820445e+00
6.400000000113993792e+02 -2.528080742129934944e+00
6.405000000114313252e+02 -2.375933897426437014e+00
6.410000000114633849e+02 -2.321523196488890495e+00
6.415000000114954446e+02 -2.326180954766013276e+00
6.420000000115275043e+02 -2.253629516443386382e+00
6.425000000115594503e+02 -2.266385920127523157e+00
6.430000000115915100e+02 -2.319996871352881129e+00
6.435000000116235697e+02 -2.238152219275237886e+00
6.440000000116556294e+02 -2.053910916517594831e+00
6.445000000116875754e+02 -2.524092475352677667e+00
6.450000000117196350e+02 -2.248861874566960406e+00
6.455000000117516947e+02 -2.446887010751199298e+00
6.460000000117837544e+02 -2.545759465993942428e+00
6.465000000118158141e+02 -2.243967453701433357e+00
6.470000000118477601e+02 -2.445352016422667418e+00
6.475000000118798198e+02 -2.715015357931969575e+00
6.480000000119118795e+02 -2.351855173939612520e+00
6.485000000119439392e+02 -2.160881105482528763e+00
6.490000000119758852e+02 -2.291250949639653811e+00
6.495000000120079449e+02 -2.317391218961744492e+00
6.500000000120400045e+02 -2.343472599428935599e+00
6.505000000120720642e+02 -2.462731246349124437e+00
6.510000000121040102e+02 -2.400053678094637100e+00
6.515000000121360699e+02 -2.176759283923205945e+00
6.520000000121681296e+02 -2.593137956273647404e+00
6.525000000122001893e+02 -2.621839238527624349e+00
6.530000000122321353e+02 -1.972328422675061477e+00
6.535000000122641950e+02 -2.525114095868418840e+00
6.540000000122962547e+02 -2.196800905504030066e+00
6.545000000123283144e+02 -2.338800068860825920e+00
6.550000000123603741e+02 -2.549997562111079308e+00
6.555000000123923201e+02 -2.643665197660644672e+00
6.560000000124243797e+02 -2.542861279872516533e+00
6.565000000124564394e+02 -2.349447389117055973e+00
6.570000000124884991e+02 -2.479774601256866440e+00
6.575000000125204451e+02 -2.525862260339881704e+00
6.580000000125525048e+02 -2.396052696274621585e+00
6.585000000125845645e+02 -2.377290025245932359e+00
6.590000000126166242e+02 -2.384521390695971022e+00
6.595000000126485702e+02 -2.607035263755114407e+00
6.600000000126806299e+02 -2.050554708020187356e+00
6.605000000127126896e+02 -2.134009803936049110e+00
6.610000000127447493e+02 -2.339189289845652997e+00
6.615000000127766953e+02 -2.674339924285294767e+00
6.620000000128087549e+02 -2.239950177796042219e+00
6.625000000128408146e+02 -2.374562900565049706e+00
6.630000000128728743e+02 -2.234235473949234940e+00
6.635000000129049340e+02 -2.522121447213416801e+00
6.640000000129368800e+02 -2.061982326190883175e+00
6.645000000129689397e+02 -2.507339657778554276e+00
6.650000000130009994e+02 -2.480490016360299421e+00
6.655000000130330591e+02 -1.807599169322164689e+00
6.660000000130650051e+02 -2.445591698183087637e+00
6.665000000130970648e+02 -2.311118928329395139e+00
6.670000000131291245e+02 -2.304454147528813834e+00
6.675000000131611841e+02 -2.406631309066918689e+00
6.680000000131931301e+02 -2.222347856912527231e+00
6.685000000132251898e+02 -2.487095485912296233e+00
6.690000000132572495e+02 -2.116269582389730175e+00
6.695000000132893092e+02 -2.454024671976769323e+00
6.700000000133212552e+02 -2.707326264024547680e+00
6.705000000133533149e+02 -2.368677847143604964e+00
6.710000000133853746e+02 -2.404273945518054401e+00
6.715000000134174343e+02 -2.625408945419787088e+00
6.720000000134494940e+02 -2.303538196261928128e+00
6.725000000134814400e+02 -2.496550473431492723e+00
6.730000000135134997e+02 -2.345297203243161377e+00
6.735000000135455593e+02 -2.373094803073254599e+00
6.740000000135776190e+02 -2.387473379110089500e+00
6.745000000136095650e+02 -2.614554059431839494e+00
6.750000000136416247e+02 -2.328527478632411718e+00
6.755000000136736844e+02 -2.538574597057546178e+00
6.760000000137057441e+02 -1.673165390795135599e+00
6.765000000137376901e+02 -2.800183603488575201e+00
6.770000000137697498e+02 -2.384635437535162161e+00
6.775000000138018095e+02 -2.339393190685495227e+00
6.780000000138338692e+02 -1.949185371104183107e+00
6.785000000138658152e+02 -2.285478477389614405e+00
6.790000000138978749e+02 -2.569510470376242139e+00
6.795000000139299345e+02 -2.045505945364118450e+00
6.800000000139619942e+02 -2.303742409327876217e+00
6.805000000139939402e+02 -2.266163400976646702e+00
6.810000000140259999e+02 -2.601765737956324820e+00
6.815000000140580596e+02 -2.537542003399853474e+00
6.820000000140901193e+02 -2.074754165239339088e+00
6.825000000141221790e+02 -2.105115461474581728e+00
6.830000000141541250e+02 -2.420498981253973003e+00
6.835000000141861847e+02 -2.367187365699047419e+00
6.840000000142182444e+02 -2.296208367947865536e+00
6.845000000142503040e+02 -2.572383057898886438e+00
6.850000000142822500e+02 -2.443589960396145511e+00
6.855000000143143097e+02 -2.632155855658758981e+00
6.860000000143463694e+02 -2.278816495041878554e+00
6.865000000143784291e+02 -2.855458853734106128e+00
6.870000000144103751e+02 -2.078202882887548064e+00
6.875000000144424348e+02 -2.150964687422677102e+00
6.880000000144744945e+02 -2.544057732033733199e+00
6.885000000145065542e+02 -2.453930995682083172e+00
6.890000000145385002e+02 -2.692081449772882884e+00
6.895000000145705599e+02 -2.216437860296993634e+00
6.900000000146026196e+02 -2.967974807751295518e+00
6.905000000146346792e+02 -2.109252329031616302e+00
6.910000000146667389e+02 -2.353740211635541701e+00
6.915000000146986849e+02 -2.353431510811300864e+00
6.920000000147307446e+02 -2.477315272801829948e+00
6.925000000147628043e+02 -2.494916422332755790e+00
6.930000000147948640e+02 -2.409102099178015433e+00
6.935000000148268100e+02 -2.326686691538181417e+00
6.940000000148588697e+02 -2.755180404071539524e+00
6.945000000148909294e+02 -2.587966413073983230e+00
6.950000000149229891e+02 -2.248711632738845889e+00
6.955000000149549351e+02 -2.057249642801472600e+00
6.960000000149869948e+02 -2.188879891725722615e+00
6.965000000150190544e+02 -2.486606540879055416e+00
6.970000000150511141e+02 -2.674528419798049228e+00
6.975000000150830601e+02 -2.367772507467476029e+00
6.980000000151151198e+02 -2.582713785333056844e+00
6.985000000151471795e+02 -2.324046304961222997e+00
6.990000000151792392e+02 -2.347404227607049698e+00
6.995000000152112989e+02 -2.326010694364388787e+00
7.000000000152432449e+02 -2.198460421506923446e+00
7.005000000152753046e+02 -2.710896186311309908e+00
7.010000000153073643e+02 -2.121693872142497383e+00
7.015000000153394240e+02 -2.603215226495354084e+00
7.020000000153713700e+02 -2.661405069304990434e+00
7.025000000154034296e+02 -2.224777177294699815e+00
7.030000000154354893e+02 -2.683915549404398249e+00
7.035000000154675490e+02 -2.426998552512655838e+00
7.040000000154994950e+02 -2.142735265814029955e+00
7.045000000155315547e+02 -2.367861732091761429e+00
7.050000000155636144e+02 -2.350493532018595566e+00
7.055000000155956741e+02 -2.350914132104785281e+00
7.060000000156276201e+02 -2.168733497349259576e+00
7.065000000156596798e+02 -2.498536030449965306e+00
7.070000000156917395e+02 -2.390033388632710309e+00
7.075000000157237992e+02 -2.240756354873473910e+00
7.080000000157558588e+02 -2.244192154164082798e+00
7.085000000157878048e+02 -2.221246655107551149e+00
7.090000000158198645e+02 -2.175350918528856425e+00
7.095000000158519242e+02 -2.641667605164629062e+00
7.100000000158839839e+02 -2.492185108047126896e+00
7.105000000159159299e+02 -2.350516393384851632e+00
7.110000000159479896e+02 -2.542386664882950953e+00
7.115000000159800493e+02 -2.456370715504915037e+00
7.120000000160121090e+02 -2.507847296063510534e+00
7.125000000160440550e+02 -2.287644817794313834e+00
7.130000000160761147e+02 -2.375820100250723765e+00
7.135000000161081743e+02 -2.007789274543227975e+00
7.140000000161402340e+02 -2.130897536322969632e+00
7.145000000161721800e+02 -2.292323257573382733e+00
7.150000000162042397e+02 -2.192601859799846231e+00
7.155000000162362994e+02 -2.295562946810586258e+00
7.160000000162683591e+02 -2.870547508668528369e+00
7.165000000163003051e+02 -2.556644057835151695e+00
7.170000000163323648e+02 -2.340935518580232966e+00
7.175000000163644245e+02 -2.300029349524021605e+00
7.180000000163964842e+02 -2.373681934737679189e+00
7.185000000164285439e+02 -2.302905340674782142e+00
7.190000000164604899e+02 -2.241383932240043730e+00
7.195000000164925495e+02 -2.464734633759254390e+00
7.200000000165246092e+02 -2.709375139595086246e+00
7.205000000165566689e+02 -2.334304642631949811e+00
7.210000000165886149e+02 -2.351043309789579094e+00
7.215000000166206746e+02 -2.846960712032027274e+00
7.220000000166527343e+02 -2.079370692021178968e+00
7.225000000166847940e+02 -2.536996514076769405e+00
7.230000000167167400e+02 -2.360725142349455297e+00
7.235000000167487997e+02 -2.328820127095375891e+00
7.240000000167808594e+02 -2.465451301900300596e+00
7.245000000168129191e+02 -2.376054161830083888e+00
7.250000000168448651e+02 -2.322483796752317531e+00
7.255000000168769247e+02 -2.258676764394397019e+00
7.260000000169089844e+02 -2.410054666136514978e+00
7.265000000169410441e+02 -2.359437558930643331e+00
7.270000000169731038e+02 -2.414363594977971594e+00
7.275000000170050498e+02 -2.350705974719613955e+00
7.280000000170371095e+02 -2.720000814606871486e+00
7.285000000170691692e+02 -2.409523602330696068e+00
7.290000000171012289e+02 -2.297544957897482032e+00
7.295000000171331749e+02 -2.718982340802162057e+00
7.300000000171652346e+02 -2.487478292299851734e+00
7.305000000171972943e+02 -2.497392182340268718e+00
7.310000000172293539e+02 -2.181408250076358080e+00
7.315000000172612999e+02 -2.479946383088130091e+00
7.320000000172933596e+02 -2.255872225589973024e+00
7.325000000173254193e+02 -2.408767569821830268e+00
7.330000000173574790e+02 -2.529077021355702559e+00
7.335000000173894250e+02 -2.207035144598965992e+00
7.340000000174214847e+02 -2.223597966190649089e+00
7.345000000174535444e+02 -2.484547810305712812e+00
7.350000000174856041e+02 -2.198544770416915650e+00
7.355000000175176638e+02 -2.489846100271027485e+00
7.360000000175496098e+02 -2.625302639757762790e+00
7.365000000175816695e+02 -2.519773977979659296e+00
7.370000000176137291e+02 -2.435416884176430763e+00
7.375000000176457888e+02 -2.286958341518598559e+00
7.380000000176777348e+02 -2.453118015887857606e+00
7.385000000177097945e+02 -2.027489767042772506e+00
7.390000000177418542e+02 -2.200390229694181077e+00
7.395000000177739139e+02 -2.269233344439833822e+00
7.400000000178058599e+02 -2.232481232615195932e+00
7.405000000178379196e+02 -2.303402537344214185e+00
7.410000000178699793e+02 -2.680879181221935248e+00
7.415000000179020390e+02 -2.235203904626079652e+00
7.420000000179339850e+02 -2.339974991582737918e+00
7.425000000179660447e+02 -2.594836936426698770e+00
7.430000000179981043e+02 -2.187685044186638894e+00
7.435000000180301640e+02 -2.262930914185695475e+00
7.440000000180622237e+02 -2.490908373092121320e+00
7.445000000180941697e+02 -2.234685463735765598e+00
7.450000000181262294e+02 -2.511942297572190785e+00
7.455000000181582891e+02 -2.671272667419364311e+00
7.460000000181903488e+02 -2.324812194166209878e+00
7.465000000182222948e+02 -2.473500686018740957e+00
7.470000000182543545e+02 -2.504999387556509749e+00
7.475000000182864142e+02 -2.329399149443406092e+00
7.480000000183184738e+02 -2.555401905656334183e+00
7.485000000183504199e+02 -2.551542977126094680e+00
7.490000000183824795e+02 -2.912419428488141282e+00
7.495000000184145392e+02 -1.686733123044810378e+00
7.500000000184465989e+02 -2.401450586797563957e+00
7.505000000184785449e+02 -2.510528074040745850e+00
7.510000000185106046e+02 -2.396602944754012920e+00
7.515000000185426643e+02 -2.388560222347284157e+00
7.520000000185747240e+02 -2.428152529600680953e+00
7.525000000186067837e+02 -2.505016772319621055e+00
7.530000000186387297e+02 -2.449256362412565835e+00
7.535000000186707894e+02 -1.971581700220059741e+00
7.540000000187028490e+02 -2.215610665717099970e+00
7.545000000187349087e+02 -2.367589990211151019e+00
7.550000000187668547e+02 -1.875415528500768980e+00
7.555000000187989144e+02 -1.969591227452633708e+00
7.560000000188309741e+02 -2.454080668553599853e+00
7.565000000188630338e+02 -2.072746759436569608e+00
7.570000000188949798e+02 -2.394814642500702195e+00
7.575000000189270395e+02 -2.314607073684959104e+00
7.580000000189590992e+02 -2.125107340083272955e+00
7.585000000189911589e+02 -2.449150935981249333e+00
7.590000000190231049e+02 -2.162293217412408985e+00
7.595000000190551646e+02 -2.105112901669462300e+00
7.600000000190872242e+02 -2.268865436218574505e+00
7.605000000191192839e+02 -1.959407497941158205e+00
7.610000000191512299e+02 -2.461636219483020138e+00
7.615000000191832896e+02 -2.449485210793176382e+00
7.620000000192153493e+02 -2.158264036054747148e+00
7.625000000192474090e+02 -2.301594133584529356e+00
7.630000000192794687e+02 -2.359627766815565408e+00
7.635000000193114147e+02 -2.498725195945926902e+00
7.640000000193434744e+02 -2.475446192916718413e+00
7.645000000193755341e+02 -2.405868023171575221e+00
7.650000000194075938e+02 -2.097242155051660450e+00
7.655000000194395398e+02 -2.632054232164412255e+00
7.660000000194715994e+02 -2.348049645348861514e+00
7.665000000195036591e+02 -2.576611431376215400e+00
7.670000000195357188e+02 -2.314007925071915217e+00
7.675000000195676648e+02 -2.202713335106952552e+00
7.680000000195997245e+02 -2.405206111503678912e+00
7.685000000196317842e+02 -2.512578748964640063e+00
7.690000000196638439e+02 -2.235877549715715951e+00
7.695000000196957899e+02 -2.473214350415796847e+00
7.700000000197278496e+02 -2.600435381652118405e+00
7.705000000197599093e+02 -2.501363412142712406e+00
7.710000000197919690e+02 -2.597661649914378312e+00
7.715000000198240286e+02 -2.617079525607092449e+00
7.720000000198559746e+02 -2.460934433823599665e+00
7.725000000198880343e+02 -2.341088278551723967e+00
7.730000000199200940e+02 -2.437705867044493324e+00
7.735000000199521537e+02 -2.287862792950773549e+00
7.740000000199840997e+02 -2.444060479902726346e+00
7.745000000200161594e+02 -2.256557233819810548e+00
7.750000000200482191e+02 -2.463577001975867375e+00
7.755000000200802788e+02 -2.297883539884173931e+00
7.760000000201122248e+02 -2.126384636927872052e+00
7.765000000201442845e+02 -2.515932869179099196e+00
7.770000000201763442e+02 -2.256077150891378391e+00
7.775000000202084038e+02 -1.983731375571122113e+00
7.780000000202403498e+02 -2.390474754360028875e+00
7.785000000202724095e+02 -2.415486951950228001e+00
7.790000000203044692e+02 -2.421670729628816687e+00
7.795000000203365289e+02 -2.264274542198256857e+00
7.800000000203685886e+02 -2.448837041762168987e+00
7.805000000204005346e+02 -2.462298589197954968e+00
7.810000000204325943e+02 -2.451641060652274273e+00
7.815000000204646540e+02 -2.634231701761261313e+00
7.820000000204967137e+02 -2.103700236452431760e+00
7.825000000205286597e+02 -2.204257089460641694e+00
7.830000000205607193e+02 -2.199627718053947856e+00
7.835000000205927790e+02 -2.613091060183017511e+00
7.840000000206248387e+02 -2.478582679177861792e+00
7.845000000206567847e+02 -2.296153215464811215e+00
7.850000000206888444e+02 -2.510997888150301449e+00
7.855000000207209041e+02 -2.159456723012084911e+00
7.860000000207529638e+02 -2.675325304649513569e+00
7.865000000207849098e+02 -2.340190655560758781e+00
7.870000000208169695e+02 -2.340963705160400643e+00
7.875000000208490292e+02 -2.068687821948907768e+00
7.880000000208810889e+02 -2.562567482564713117e+00
7.885000000209131485e+02 -2.211196173604773829e+00
7.890000000209450945e+02 -2.042408552471346894e+00
7.895000000209771542e+02 -2.257646130330510648e+00
7.900000000210092139e+02 -2.649761566110250044e+00
7.905000000210412736e+02 -2.544778634667973272e+00
7.910000000210732196e+02 -2.500002724170089063e+00
7.915000000211052793e+02 -2.139129248112661585e+00
7.920000000211373390e+02 -2.505218594886012173e+00
7.925000000211693987e+02 -2.523495235346147059e+00
7.930000000212013447e+02 -2.460094288785762195e+00
7.935000000212334044e+02 -2.307301156215001647e+00
7.940000000212654641e+02 -2.342033366828335073e+00
7.945000000212975237e+02 -2.190210739034752940e+00
7.950000000213294697e+02 -2.231734929637565035e+00
7.955000000213615294e+02 -2.289182885006967094e+00
7.960000000213935891e+02 -2.418082116603970988e+00
7.965000000214256488e+02 -2.387714873289342954e+00
7.970000000214577085e+02 -2.351468459949737078e+00
7.975000000214896545e+02 -2.571233167757906557e+00
7.980000000215217142e+02 -2.110046189013434770e+00
7.985000000215537739e+02 -2.475840386262517789e+00
7.990000000215858336e+02 -2.184722015659942063e+00
7.995000000216177796e+02 -2.381235147352372739e+00
8.000000000216498393e+02 -2.336073775027812882e+00
8.005000000216818989e+02 -2.407696313907866426e+00
8.010000000217139586e+02 -2.379443073470870473e+00
8.015000000217459046e+02 -2.778397523079414899e+00
8.020000000217779643e+02 -2.510529227273640362e+00
8.025000000218100240e+02 -2.190482848834592655e+00
8.030000000218420837e+02 -2.520920804425855533e+00
8.035000000218740297e+02 -2.308558930349006832e+00
8.040000000219060894e+02 -2.415813284268091277e+00
8.045000000219381491e+02 -2.482005003704010448e+00
8.050000000219702088e+02 -2.180272279787020206e+00
8.055000000220021548e+02 -2.315432004920015441e+00
8.060000000220342145e+02 -2.123046091459559914e+00
8.065000000220662741e+02 -2.235888720987265987e+00
8.070000000220983338e+02 -2.279510924133268723e+00
8.075000000221303935e+02 -2.307014435954538367e+00
8.080000000221623395e+02 -2.086045527265699473e+00
8.085000000221943992e+02 -2.419628640612816906e+00
8.090000000222264589e+02 -2.554652534697703370e+00
8.095000000222585186e+02 -2.528794777686790507e+00
8.100000000222904646e+02 -2.101819549854493818e+00
8.105000000223225243e+02 -2.446710397788833813e+00
8.110000000223545840e+02 -2.448202432703342257e+00
8.115000000223866436e+02 -2.141774550184888604e+00
8.120000000224185897e+02 -2.259747912326901087e+00
8.125000000224506493e+02 -2.303790327030412310e+00
8.130000000224827090e+02 -2.367817571188021386e+00
8.135000000225147687e+02 -2.467166701231885639e+00
8.140000000225467147e+02 -2.379323359216657607e+00
8.145000000225787744e+02 -2.263027357433726738e+00
8.150000000226108341e+02 -2.499531949934174602e+00
8.155000000226428938e+02 -2.457601325758321131e+00
8.160000000226749535e+02 -2.228236941369317492e+00
8.165000000227068995e+02 -2.507589605939506860e+00
8.170000000227389592e+02 -2.482374258135790601e+00
8.175000000227710188e+02 -2.223730976558262018e+00
8.180000000228030785e+02 -2.392618357102065829e+00
8.185000000228350245e+02 -2.313416460628540339e+00
8.190000000228670842e+02 -2.391366963164452297e+00
8.195000000228991439e+02 -2.121479967273518952e+00
8.200000000229312036e+02 -2.238563753911471110e+00
8.205000000229631496e+02 -2.442866050100496622e+00
8.210000000229952093e+02 -2.038277058259053032e+00
8.215000000230272690e+02 -2.327530012419829042e+00
8.220000000230593287e+02 -2.417210140075238822e+00
8.225000000230912747e+02 -1.895809638089022586e+00
8.230000000231233344e+02 -2.725457858177451786e+00
8.235000000231553940e+02 -2.217965904335507332e+00
8.240000000231874537e+02 -2.287645865765095099e+00
8.245000000232195134e+02 -2.477280576557905789e+00
8.250000000232514594e+02 -2.223420967613207733e+00
8.255000000232835191e+02 -2.424913325489105542e+00
8.260000000233155788e+02 -2.474050196313114736e+00
8.265000000233476385e+02 -2.418449002998412034e+00
8.270000000233795845e+02 -2.440369012699693752e+00
8.275000000234116442e+02 -2.523494978360456997e+00
8.280000000234437039e+02 -2.279395051923436277e+00
8.285000000234757636e+02 -2.468696211275509977e+00
8.290000000235077096e+02 -2.263758779524800424e+00
8.295000000235397692e+02 -2.218767036292729422e+00
8.300000000235718289e+02 -2.219585545764008572e+00
8.305000000236038886e+02 -2.493558560301979199e+00
8.310000000236358346e+02 -2.284752005877976888e+00
8.315000000236678943e+02 -2.264150729248973981e+00
8.320000000236999540e+02 -2.046519977216628483e+00
8.325000000237320137e+02 -2.421313648396104412e+00
8.330000000237640734e+02 -2.232746532051545163e+00
8.335000000237960194e+02 -2.426309421209838835e+00
8.340000000238280791e+02 -2.577820983224908158e+00
8.345000000238601388e+02 -2.370991962573187006e+00
8.350000000238921984e+02 -2.767448112492545853e+00
8.355000000239241444e+02 -2.069664181080992815e+00
8.360000000239562041e+02 -2.300777820727895495e+00
8.365000000239882638e+02 -2.495273467709540505e+00
8.370000000240203235e+02 -2.577733823705651961e+00
8.375000000240522695e+02 -2.114275219652387960e+00
8.380000000240843292e+02 -2.297163092611579138e+00
8.385000000241163889e+02 -2.480165019103650614e+00
8.390000000241484486e+02 -2.752022537720124618e+00
8.395000000241803946e+02 -2.611505106600741311e+00
8.400000000242124543e+02 -2.541080846555449302e+00
8.405000000242445140e+02 -2.363370486717969676e+00
8.410000000242765736e+02 -2.425088284092713931e+00
8.415000000243086333e+02 -2.334197712278578862e+00
8.420000000243405793e+02 -2.376139239092130317e+00
8.425000000243726390e+02 -2.397050850353553031e+00
8.430000000244046987e+02 -2.207871188755805569e+00
8.435000000244367584e+02 -2.301572689248280401e+00
8.440000000244687044e+02 -2.364029037786530729e+00
8.445000000245007641e+02 -2.351274368402110682e+00
8.450000000245328238e+02 -2.632693732405332998e+00
8.455000000245648835e+02 -2.477224609811687461e+00
8.460000000245968295e+02 -2.177503777030507237e+00
8.465000000246288892e+02 -2.540349339136463769e+00
8.470000000246609488e+02 -2.289880941572712381e+00
8.475000000246930085e+02 -2.531652695322408775e+00
8.480000000247249545e+02 -2.210367018308197373e+00
8.485000000247570142e+02 -2.467669888527205924e+00
8.490000000247890739e+02 -2.330082145444655417e+00
8.495000000248211336e+02 -2.068548867869059116e+00
8.500000000248530796e+02 -2.623096858033746592e+00
8.505000000248851393e+02 -2.622946818097955823e+00
8.510000000249171990e+02 -2.567229754253444352e+00
8.515000000249492587e+02 -2.214019807081796909e+00
8.520000000249813183e+02 -2.358594751524017319e+00
8.525000000250132643e+02 -2.601999730481219686e+00
8.530000000250453240e+02 -2.390888757800523567e+00
8.535000000250773837e+02 -2.235617211839076468e+00
8.540000000251094434e+02 -2.601640647042796850e+00
8.545000000251413894e+02 -2.184710931413485380e+00
8.550000000251734491e+02 -2.355363146569705801e+00
8.555000000252055088e+02 -2.170933892219407468e+00
8.560000000252375685e+02 -2.341804115623603799e+00
8.565000000252695145e+02 -2.239973497655500800e+00
8.570000000253015742e+02 -2.559016524913124258e+00
8.575000000253336339e+02 -2.322072454238133687e+00
8.580000000253656935e+02 -2.283257895303313578e+00
8.585000000253976395e+02 -2.329879598596384493e+00
8.590000000254296992e+02 -2.102342696335297134e+00
8.595000000254617589e+02 -2.259638923388397558e+00
8.600000000254938186e+02 -2.658078973555038527e+00
8.605000000255258783e+02 -2.356925158520630337e+00
8.610000000255578243e+02 -1.849705224634968115e+00
8.615000000255898840e+02 -2.682487801394710214e+00
8.620000000256219437e+02 -1.913422979132033630e+00
8.625000000256540034e+02 -2.532202905174448127e+00
8.630000000256859494e+02 -2.360905953126679613e+00
8.635000000257180091e+02 -2.409421400698698257e+00
8.640000000257500687e+02 -2.558908520612624748e+00
8.645000000257821284e+02 -2.302984519755294279e+00
8.650000000258140744e+02 -2.359725452117301003e+00
8.655000000258461341e+02 -2.330153388980694906e+00
8.660000000258781938e+02 -2.600429745469482690e+00
8.665000000259102535e+02 -2.395906950973341054e+00
8.670000000259421995e+02 -2.409743725670633108e+00
8.675000000259742592e+02 -2.294066379094815922e+00
8.680000000260063189e+02 -2.386050567646159415e+00
8.685000000260383786e+02 -2.202965185353120692e+00
8.690000000260704383e+02 -2.393953204035379478e+00
8.695000000261023843e+02 -2.737529242056283341e+00
8.700000000261344439e+02 -2.432760835550687784e+00
8.705000000261665036e+02 -2.397332274565332710e+00
8.710000000261985633e+02 -2.344058022996803992e+00
8.715000000262305093e+02 -2.510985906277808155e+00
8.720000000262625690e+02 -2.465696951181834962e+00
8.725000000262946287e+02 -2.517649340163774507e+00
8.730000000263266884e+02 -2.223334196205451363e+00
8.735000000263586344e+02 -2.571686320666214609e+00
8.740000000263906941e+02 -2.349787948124820947e+00
8.745000000264227538e+02 -2.259750570770832301e+00
8.750000000264548135e+02 -2.411306013105011470e+00
8.755000000264867595e+02 -2.118675312379109332e+00
8.760000000265188191e+02 -2.258769347590585230e+00
8.765000000265508788e+02 -2.809141215267624947e+00
8.770000000265829385e+02 -2.254788066856229456e+00
8.775000000266149982e+02 -2.461124224136332916e+00
8.780000000266469442e+02 -2.711139273542491068e+00
8.785000000266790039e+02 -2.196426267775482888e+00
8.790000000267110636e+02 -2.556395096125896771e+00
8.795000000267431233e+02 -2.382086704825773449e+00
8.800000000267750693e+02 -2.052012714393754766e+00
8.805000000268071290e+02 -2.063291379749493171e+00
8.810000000268391886e+02 -2.433870821686635377e+00
8.815000000268712483e+02 -2.310583483847132413e+00
8.820000000269031943e+02 -2.306253595268289658e+00
8.825000000269352540e+02 -2.608390601730588454e+00
8.830000000269673137e+02 -2.317059645841587301e+00
8.835000000269993734e+02 -2.392099202814145453e+00
8.840000000270313194e+02 -2.178732253933043150e+00
8.845000000270633791e+02 -2.261430716377391015e+00
8.850000000270954388e+02 -2.350226091233521775e+00
8.855000000271274985e+02 -2.449994142820008936e+00
8.860000000271595582e+02 -2.527853534026047289e+00
8.865000000271915042e+02 -2.433868269971215526e+00
8.870000000272235638e+02 -2.082752815657165080e+00
8.875000000272556235e+02 -2.414906132670388672e+00
8.880000000272876832e+02 -2.157898271285233704e+00
8.885000000273196292e+02 -2.502780561668790593e+00
8.890000000273516889e+02 -2.288063017927602694e+00
8.895000000273837486e+02 -2.211895016571714390e+00
8.900000000274158083e+02 -2.371375185807341524e+00
8.905000000274477543e+02 -2.133737129015063960e+00
8.910000000274798140e+02 -2.581283789550552488e+00
8.915000000275118737e+02 -2.034642293197685081e+00
8.920000000275439334e+02 -2.286200020416580880e+00
8.925000000275758794e+02 -2.160107516568949393e+00
8.930000000276079390e+02 -2.301018828639689762e+00
8.935000000276399987e+02 -2.589307180759060856e+00
8.940000000276720584e+02 -2.405579984864441023e+00
8.945000000277040044e+02 -2.628397215909016538e+00
8.950000000277360641e+02 -2.499923702723791497e+00
8.955000000277681238e+02 -2.132662865846474798e+00
8.960000000278001835e+02 -1.668171398196644839e+00
8.965000000278322432e+02 -2.289612042896702615e+00
8.970000000278641892e+02 -2.216416329479112157e+00
8.975000000278962489e+02 -2.494737798915344751e+00
8.980000000279283086e+02 -2.052741496792715115e+00
8.985000000279603682e+02 -2.519252542804675699e+00
8.990000000279923142e+02 -2.242788001294504063e+00
8.995000000280243739e+02 -2.496076336003373974e+00
9.000000000280564336e+02 -2.189282835131943994e+00
9.005000000280884933e+02 -2.367242642219571813e+00
9.010000000281204393e+02 -2.371910784549007722e+00
9.015000000281524990e+02 -2.271110929352493812e+00
9.020000000281845587e+02 -2.177285976310733506e+00
9.025000000282166184e+02 -2.572928763763132842e+00
9.030000000282485644e+02 -2.348335502486629700e+00
9.035000000282806241e+02 -2.308672329656675348e+00
9.040000000283126838e+02 -2.035168639329143492e+00
9.045000000283447434e+02 -2.405015707140635506e+00
9.050000000283768031e+02 -2.290562927790573244e+00
9.055000000284087491e+02 -2.253273519076893550e+00
9.060000000284408088e+02 -2.525737027991695083e+00
9.065000000284728685e+02 -2.271259380618166013e+00
9.070000000285049282e+02 -2.165253521530578151e+00
9.075000000285368742e+02 -2.400255402452745379e+00
9.080000000285689339e+02 -2.320349104020583031e+00
9.085000000286009936e+02 -2.339906540243389621e+00
9.090000000286330533e+02 -2.617269007053125041e+00
9.095000000286649993e+02 -2.053418762395178732e+00
9.100000000286970590e+02 -2.696769676835510499e+00
9.105000000287291186e+02 -2.241626158518051248e+00
9.110000000287611783e+02 -2.615133267624064839e+00
9.115000000287931243e+02 -2.624966724694927311e+00
9.120000000288251840e+02 -2.196384124813179461e+00
9.125000000288572437e+02 -2.468202150422167396e+00
9.130000000288893034e+02 -2.417008707907527754e+00
9.135000000289213631e+02 -2.316226435208672108e+00
9.140000000289533091e+02 -2.755669261609408949e+00
9.145000000289853688e+02 -2.054316352053183969e+00
9.150000000290174285e+02 -2.421914510267283216e+00
9.155000000290494881e+02 -2.072906119124976243e+00
9.160000000290814341e+02 -2.235514371025381752e+00
9.165000000291134938e+02 -2.231278305828483077e+00
9.170000000291455535e+02 -2.349708197279751332e+00
9.175000000291776132e+02 -2.152588158871953983e+00
9.180000000292095592e+02 -2.369190869868421867e+00
9.185000000292416189e+02 -2.290008963632809813e+00
9.190000000292736786e+02 -2.352750129309544747e+00
9.195000000293057383e+02 -1.986598516346632648e+00
9.200000000293376843e+02 -2.571941127178591024e+00
9.205000000293697440e+02 -2.332508903402958911e+00
9.210000000294018037e+02 -2.611499625644617684e+00
9.215000000294338633e+02 -2.293218752315527631e+00
9.220000000294659230e+02 -2.361878620900653036e+00
9.225000000294978690e+02 -2.454790758449074239e+00
9.230000000295299287e+02 -1.960410606571497683e+00
9.235000000295619884e+02 -2.422651808609596280e+00
9.240000000295940481e+02 -2.400219412706119382e+00
9.245000000296259941e+02 -2.085123967240771758e+00
9.250000000296580538e+02 -2.496249434029048420e+00
9.255000000296901135e+02 -2.091573912523280843e+00
9.260000000297221732e+02 -1.978662567058539157e+00
9.265000000297541192e+02 -2.344228043762509373e+00
9.270000000297861789e+02 -2.487581786172067044e+00
9.275000000298182385e+02 -2.434098002084654322e+00
9.280000000298502982e+02 -2.285871279032344994e+00
9.285000000298822442e+02 -2.575914001768833117e+00
9.290000000299143039e+02 -2.336255158204529447e+00
9.295000000299463636e+02 -2.206102663115730333e+00
9.300000000299784233e+02 -2.487273788819597264e+00
9.305000000300104830e+02 -2.171339402426380349e+00
9.310000000300424290e+02 -2.494402636799893269e+00
9.315000000300744887e+02 -2.105730679787523041e+00
9.320000000301065484e+02 -2.404366765237673231e+00
9.325000000301386081e+02 -2.481925515410712269e+00
9.330000000301705541e+02 -1.990289602461586149e+00
9.335000000302026137e+02 -2.431002772584639704e+00
9.340000000302346734e+02 -2.288833728912386345e+00
9.345000000302667331e+02 -2.043910688275172305e+00
9.350000000302986791e+02 -2.227119856363251049e+00
9.355000000303307388e+02 -2.593981569286690991e+00
9.360000000303627985e+02 -2.456645951761125435e+00
9.365000000303948582e+02 -2.536527478461134688e+00
9.370000000304268042e+02 -2.345926586175644424e+00
9.375000000304588639e+02 -2.567142256089229857e+00
9.380000000304909236e+02 -2.335425815846175368e+00
9.385000000305229833e+02 -2.622661554839435638e+00
9.390000000305549293e+02 -2.049464831914661556e+00
9.395000000305869889e+02 -2.318480387698162559e+00
9.400000000306190486e+02 -2.583174418224992053e+00
9.405000000306511083e+02 -2.511589527865704774e+00
9.410000000306831680e+02 -2.208790006312747689e+00
9.415000000307151140e+02 -2.103806110272568919e+00
9.420000000307471737e+02 -2.188430062724368685e+00
9.425000000307792334e+02 -1.663859220618171708e+00
9.430000000308112931e+02 -2.696647770194321669e+00
9.435000000308432391e+02 -2.352398359273382589e+00
9.440000000308752988e+02 -2.253640430206149681e+00
9.445000000309073585e+02 -2.474720138405932079e+00
9.450000000309394181e+02 -2.313120952642817141e+00
9.455000000309713641e+02 -2.272461863701376039e+00
9.460000000310034238e+02 -2.247984937018800977e+00
9.465000000310354835e+02 -2.330987949266371650e+00
9.470000000310675432e+02 -2.211759600070885678e+00
9.475000000310994892e+02 -2.239102667251412271e+00
9.480000000311315489e+02 -2.681307967360310407e+00
9.485000000311636086e+02 -2.291707275940057631e+00
9.490000000311956683e+02 -2.641371395736258787e+00
9.495000000312277280e+02 -2.409526165204363135e+00
9.500000000312596740e+02 -2.151015896539562711e+00
9.505000000312917336e+02 -2.153506883225539958e+00
9.510000000313237933e+02 -2.393269849454794596e+00
9.515000000313558530e+02 -2.574579092773560784e+00
9.520000000313877990e+02 -2.367572595601913577e+00
9.525000000314198587e+02 -2.289661303818440352e+00
9.530000000314519184e+02 -2.498571045319273320e+00
9.535000000314839781e+02 -2.321705331939958317e+00
9.540000000315159241e+02 -2.556162262216082226e+00
9.545000000315479838e+02 -2.199131549453529733e+00
9.550000000315800435e+02 -2.379284488837080325e+00
9.555000000316121032e+02 -2.284094203543819201e+00
9.560000000316440492e+02 -2.169503437479110897e+00
9.565000000316761088e+02 -2.627087636080367883e+00
9.570000000317081685e+02 -2.352286797335517043e+00
9.575000000317402282e+02 -2.315910795927025312e+00
9.580000000317722879e+02 -2.291964292958875937e+00
9.585000000318042339e+02 -2.340960101064034404e+00
9.590000000318362936e+02 -2.153752027577551242e+00
9.595000000318683533e+02 -2.319213391263334589e+00
9.600000000319004130e+02 -2.304931334382960273e+00
9.605000000319323590e+02 -2.757382618772433069e+00
9.610000000319644187e+02 -2.639488236653695363e+00
9.615000000319964784e+02 -2.390930051600017148e+00
9.620000000320285380e+02 -2.786046499576075419e+00
9.625000000320604840e+02 -2.391260129961446435e+00
9.630000000320925437e+02 -2.170564657788473184e+00
9.635000000321246034e+02 -2.311342309292146791e+00
9.640000000321566631e+02 -2.369499634434355517e+00
9.645000000321886091e+02 -2.433231699671925430e+00
9.650000000322206688e+02 -2.418767885786998750e+00
9.655000000322527285e+02 -2.234776867953236490e+00
9.660000000322847882e+02 -2.238466510324515379e+00
9.665000000323168479e+02 -2.282511435645010245e+00
9.670000000323487939e+02 -2.619667374099443613e+00
9.675000000323808536e+02 -2.386852247777537350e+00
9.680000000324129132e+02 -2.126904802118654292e+00
9.685000000324449729e+02 -2.143065444900664751e+00
9.690000000324769189e+02 -2.455654647303463722e+00
9.695000000325089786e+02 -2.400897576570191205e+00
9.700000000325410383e+02 -2.228117781929793928e+00
9.705000000325730980e+02 -2.173934627591119995e+00
9.710000000326050440e+02 -2.553544686051455237e+00
9.715000000326371037e+02 -2.335739964890809706e+00
9.720000000326691634e+02 -2.419369722932108058e+00
9.725000000327012231e+02 -2.366600747481630407e+00
9.730000000327331691e+02 -2.366587512107012348e+00
9.735000000327652288e+02 -2.260628785433945520e+00
9.740000000327972884e+02 -2.491966993662381835e+00
9.745000000328293481e+02 -2.764181567157044661e+00
9.750000000328614078e+02 -2.136815610477682981e+00
9.755000000328933538e+02 -2.283716929686502528e+00
9.760000000329254135e+02 -2.321201380193266939e+00
9.765000000329574732e+02 -2.333408528458985831e+00
9.770000000329895329e+02 -2.224584793624285073e+00
9.775000000330214789e+02 -2.292468330433000467e+00
9.780000000330535386e+02 -2.777712534318891979e+00
9.785000000330855983e+02 -2.407821567726491807e+00
9.790000000331176579e+02 -2.599426790453855496e+00
9.795000000331496040e+02 -2.408484642468893711e+00
9.800000000331816636e+02 -2.492208090921586905e+00
9.805000000332137233e+02 -2.353664608363915001e+00
9.810000000332457830e+02 -2.247584274954592232e+00
9.815000000332777290e+02 -2.375986911507638855e+00
9.820000000333097887e+02 -1.950086991085838939e+00
9.825000000333418484e+02 -2.338655633657936495e+00
9.830000000333739081e+02 -2.318117526840560938e+00
9.835000000334058541e+02 -2.175030456264992029e+00
9.840000000334379138e+02 -2.484787938972940591e+00
9.845000000334699735e+02 -2.519923522985685338e+00
9.850000000335020331e+02 -2.222136084097450670e+00
9.855000000335340928e+02 -2.477701619816138567e+00
9.860000000335660388e+02 -2.536009479429221170e+00
9.865000000335980985e+02 -2.415850752133587243e+00
9.870000000336301582e+02 -1.961183482420148838e+00
9.875000000336622179e+02 -2.162041996588393022e+00
9.880000000336941639e+02 -2.407120888800491354e+00
9.885000000337262236e+02 -2.183075854118250003e+00
9.890000000337582833e+02 -2.441457714979756055e+00
9.895000000337903430e+02 -2.507716492349970405e+00
9.900000000338222890e+02 -2.365090114481624095e+00
9.905000000338543487e+02 -2.188724950379568046e+00
9.910000000338864083e+02 -2.429010335167674839e+00
9.915000000339184680e+02 -2.482026889719710638e+00
9.920000000339504140e+02 -2.423479854110995646e+00
9.925000000339824737e+02 -2.627148945148266801e+00
9.930000000340145334e+02 -2.471580070490815295e+00
9.935000000340465931e+02 -2.594434556150036375e+00
9.940000000340786528e+02 -2.443386562125792416e+00
9.945000000341105988e+02 -2.359253632033914361e+00
9.950000000341426585e+02 -2.370976383526061326e+00
9.955000000341747182e+02 -2.395766200412029701e+00
9.960000000342067779e+02 -2.290748234813521744e+00
9.965000000342387239e+02 -2.411527291072122381e+00
9.970000000342707835e+02 -2.370616048348391125e+00
9.975000000343028432e+02 -2.388124219562158146e+00
9.980000000343349029e+02 -2.243072821227279690e+00
9.985000000343668489e+02 -2.458182349090165086e+00
9.990000000343989086e+02 -2.699265095880432952e+00
9.995000000344309683e+02 -2.215764078952104033e+00
1.000000000034463028e+03 -2.344618446269474354e+00
