# Time (ps)	CV (angstrom)
9.999999999975766229e+01 -2.543435416282854522e+00
1.004999999997559001e+02 -2.600081812294996464e+00
1.009999999997541380e+02 -2.712096489528049048e+00
1.014999999997533990e+02 -2.743202213046673332e+00
1.019999999997629061e+02 -2.680763034221666175e+00
1.024999999997724132e+02 -2.748840496728608862e+00
1.029999999997819060e+02 -2.513790707336379437e+00
1.034999999997914131e+02 -2.870554429996750478e+00
1.039999999998009201e+02 -2.736096526659900885e+00
1.044999999998104272e+02 -2.644418113095925893e+00
1.049999999998199343e+02 -2.764678959015847592e+00
1.054999999998294413e+02 -2.748012569980772923e+00
1.059999999998389484e+02 -2.681328568907585641e+00
1.064999999998484554e+02 -2.473516535900159408e+00
1.069999999998579483e+02 -2.693718972019638169e+00
1.074999999998674554e+02 -2.711391819370852829e+00
1.079999999998769624e+02 -2.682177093738922213e+00
1.084999999998864695e+02 -2.605090334475495428e+00
1.089999999998959765e+02 -2.774791931964614822e+00
1.094999999999054836e+02 -2.752122790647085537e+00
1.099999999999149907e+02 -2.393089461061867596e+00
1.104999999999244977e+02 -2.513871586985363837e+00
1.109999999999339906e+02 -2.714684455450501854e+00
1.114999999999434976e+02 -2.703173422722858543e+00
1.119999999999530047e+02 -2.560556924727454664e+00
1.124999999999625118e+02 -2.755012642509581333e+00
1.129999999999720188e+02 -2.702720657116554293e+00
1.134999999999815259e+02 -2.558040178907019069e+00
1.139999999999910330e+02 -2.564323741289675329e+00
1.145000000000005400e+02 -2.543394708951734806e+00
1.150000000000100329e+02 -2.650553270241406523e+00
1.155000000000195399e+02 -2.809232133748307270e+00
1.160000000000290470e+02 -2.595231463211780998e+00
1.165000000000385540e+02 -2.632858679227215504e+00
1.170000000000480611e+02 -2.499666422812873989e+00
1.175000000000575682e+02 -2.726631277886345295e+00
1.180000000000670752e+02 -2.595362900734337952e+00
1.185000000000765823e+02 -2.562649620129700878e+00
1.190000000000860751e+02 -2.719316954868437275e+00
1.195000000000955822e+02 -2.561365705844854457e+00
1.200000000001050893e+02 -2.670163194178948984e+00
1.205000000001145963e+02 -2.450975522162315734e+00
1.210000000001241034e+02 -2.635358427840753137e+00
1.215000000001336105e+02 -2.567397726963348337e+00
1.220000000001431175e+02 -2.703951903138150481e+00
1.225000000001526246e+02 -2.966435418008885438e+00
1.230000000001621174e+02 -2.773608388608705067e+00
1.235000000001716245e+02 -3.004976436343025359e+00
1.240000000001811316e+02 -2.748952380975419274e+00
1.245000000001906386e+02 -2.836394055056377095e+00
1.250000000002001457e+02 -2.726816060881613879e+00
1.255000000002096527e+02 -2.750819323084213952e+00
1.260000000002191598e+02 -2.730821985490097248e+00
1.265000000002286527e+02 -2.829726337818281756e+00
1.270000000002381597e+02 -2.747545526018972506e+00
1.275000000002476668e+02 -2.696976507856044147e+00
1.280000000002571880e+02 -2.772453230372881272e+00
1.285000000002666809e+02 -2.537073049127123170e+00
1.290000000002761738e+02 -2.653750089562600945e+00
1.295000000002856950e+02 -2.688088250682457492e+00
1.300000000002951879e+02 -2.406717994294048868e+00
1.305000000003047091e+02 -2.682411413369965469e+00
1.310000000003142020e+02 -2.479436194606985833e+00
1.315000000003237233e+02 -2.790010067106209135e+00
1.320000000003332161e+02 -2.687236966159417317e+00
1.325000000003427090e+02 -2.795607999165945490e+00
1.330000000003522302e+02 -2.843586851573433272e+00
1.335000000003617231e+02 -2.638038094757749530e+00
1.340000000003712444e+02 -2.609373332946729462e+00
1.345000000003807372e+02 -2.578265848291616535e+00
1.350000000003902585e+02 -2.414814883049577698e+00
1.355000000003997513e+02 -2.511914588347514243e+00
1.360000000004092726e+02 -2.443914132483492097e+00
1.365000000004187655e+02 -2.528397281177114042e+00
1.370000000004282583e+02 -2.648217996694808729e+00
1.375000000004377796e+02 -2.598084176043361282e+00
1.380000000004472724e+02 -2.732799414233614055e+00
1.385000000004567937e+02 -2.290562717747533394e+00
1.390000000004662866e+02 -2.252258294758750168e+00
1.395000000004758078e+02 -2.356408701763438973e+00
1.400000000004853007e+02 -2.545648697233060531e+00
1.405000000004947935e+02 -2.603930409487798414e+00
1.410000000005043148e+02 -2.822701195249120776e+00
1.415000000005138077e+02 -2.797661284962332573e+00
1.420000000005233289e+02 -2.657533676618036189e+00
1.425000000005328218e+02 -2.770987351693328993e+00
1.430000000005423431e+02 -2.760213913292768328e+00
1.435000000005518359e+02 -2.866247664907739967e+00
1.440000000005613572e+02 -2.640669073334724004e+00
1.445000000005708500e+02 -2.640966665446482509e+00
1.450000000005803429e+02 -2.584816585499577712e+00
1.455000000005898642e+02 -2.612989497257462990e+00
1.460000000005993570e+02 -2.363667351645543313e+00
1.465000000006088783e+02 -2.673133371796216906e+00
1.470000000006183711e+02 -2.709444247318482546e+00
1.475000000006278924e+02 -2.645459956359252907e+00
1.480000000006373853e+02 -2.628918727805298339e+00
1.485000000006468781e+02 -2.625143344149598601e+00
1.490000000006563994e+02 -2.758569158326337423e+00
1.495000000006658922e+02 -2.644477406538340958e+00
1.500000000006754135e+02 -2.564677122314622526e+00
1.505000000006849064e+02 -2.728798593013859630e+00
1.510000000006944276e+02 -2.728994549715835660e+00
1.515000000007039205e+02 -2.604678897968346618e+00
1.520000000007134133e+02 -2.859049468957350459e+00
1.525000000007229346e+02 -2.395072778256349899e+00
1.530000000007324275e+02 -2.620017705002233743e+00
1.535000000007419487e+02 -2.743686945316905490e+00
1.540000000007514416e+02 -2.708837789600589296e+00
1.545000000007609628e+02 -2.649037807710379333e+00
1.550000000007704557e+02 -2.565379483245006309e+00
1.555000000007799770e+02 -2.633463719891285582e+00
1.560000000007894698e+02 -2.639429540863813095e+00
1.565000000007989627e+02 -2.629972547926552995e+00
1.570000000008084839e+02 -2.661859804775322136e+00
1.575000000008179768e+02 -2.608984555800080152e+00
1.580000000008274981e+02 -2.631869184347725543e+00
1.585000000008369909e+02 -2.552065763701764300e+00
1.590000000008465122e+02 -2.651106675254562006e+00
1.595000000008560050e+02 -2.728275166887368375e+00
1.600000000008654979e+02 -2.832252747836536688e+00
1.605000000008750192e+02 -2.747446083495491465e+00
1.610000000008845120e+02 -2.862802444542368985e+00
1.615000000008940333e+02 -2.432123365703634743e+00
1.620000000009035261e+02 -2.457238104700435688e+00
1.625000000009130474e+02 -2.640665395509280700e+00
1.630000000009225403e+02 -2.603705584603573264e+00
1.635000000009320615e+02 -2.650931139902730216e+00
1.640000000009415544e+02 -2.665595933678728713e+00
1.645000000009510472e+02 -2.594136287916808392e+00
1.650000000009605685e+02 -2.598668693549128772e+00
1.655000000009700614e+02 -2.717554883370140395e+00
1.660000000009795826e+02 -2.743938365115919265e+00
1.665000000009890755e+02 -2.491481857009008483e+00
1.670000000009985968e+02 -2.631646612159535437e+00
1.675000000010080896e+02 -2.600761115844968607e+00
1.680000000010175825e+02 -2.778880835847080455e+00
1.685000000010271037e+02 -2.612697202999111568e+00
1.690000000010365966e+02 -2.694062225006588651e+00
1.695000000010461179e+02 -2.643330546985465102e+00
1.700000000010556107e+02 -2.672637757428127259e+00
1.705000000010651320e+02 -2.425076768029624130e+00
1.710000000010746248e+02 -2.405690848504628221e+00
1.715000000010841177e+02 -2.669549381002184862e+00
1.720000000010936390e+02 -2.574052402239801474e+00
1.725000000011031318e+02 -2.613616880469566972e+00
1.730000000011126531e+02 -2.573798655234427191e+00
1.735000000011221459e+02 -2.250833449688531829e+00
1.740000000011316672e+02 -2.579496233645332204e+00
1.745000000011411601e+02 -2.545824787408158763e+00
1.750000000011506813e+02 -2.446501481914470588e+00
1.755000000011601742e+02 -2.567616778436077496e+00
1.760000000011696670e+02 -2.758187850330017898e+00
1.765000000011791883e+02 -2.655538039304004450e+00
1.770000000011886812e+02 -2.394000306245671172e+00
1.775000000011982024e+02 -2.554216700713829891e+00
1.780000000012076953e+02 -2.599175702186294235e+00
1.785000000012172165e+02 -2.637950263195233624e+00
1.790000000012267094e+02 -2.827828150661136242e+00
1.795000000012362023e+02 -2.492889427925109924e+00
1.800000000012457235e+02 -2.642468840420819198e+00
1.805000000012552164e+02 -2.497754336898403871e+00
1.810000000012647376e+02 -2.680576807323398647e+00
1.815000000012742305e+02 -2.598430473721332845e+00
1.820000000012837518e+02 -2.525693639209931618e+00
1.825000000012932446e+02 -2.798740232173360987e+00
1.830000000013027659e+02 -2.630179178004294904e+00
1.835000000013122587e+02 -2.556903656660216573e+00
1.840000000013217516e+02 -2.535375846060377469e+00
1.845000000013312729e+02 -2.564312582773089932e+00
1.850000000013407657e+02 -2.532132091583010336e+00
1.855000000013502870e+02 -2.315461009053128461e+00
1.860000000013597798e+02 -2.459428800545070182e+00
1.865000000013693011e+02 -2.247183307992491219e+00
1.870000000013787940e+02 -2.492060895219365246e+00
1.875000000013882868e+02 -2.394295015054003439e+00
1.880000000013978081e+02 -2.432030855728890550e+00
1.885000000014073009e+02 -2.721415770832066539e+00
1.890000000014168222e+02 -2.452386865550437722e+00
1.895000000014263151e+02 -2.635569796552233779e+00
1.900000000014358363e+02 -2.794723978828516309e+00
1.905000000014453292e+02 -2.694731613631247136e+00
1.910000000014548220e+02 -2.407678374168625623e+00
1.915000000014643433e+02 -2.575525791024172229e+00
1.920000000014738362e+02 -2.458689565047344150e+00
1.925000000014833574e+02 -2.514079600710399820e+00
1.930000000014928503e+02 -2.678997439938617831e+00
1.935000000015023716e+02 -2.648386489886815465e+00
1.940000000015118644e+02 -2.626395203868920891e+00
1.945000000015213857e+02 -2.598718187195548257e+00
1.950000000015308785e+02 -2.693377600418827011e+00
1.955000000015403714e+02 -2.819143015026709165e+00
1.960000000015498927e+02 -2.576155734477891368e+00
1.965000000015593855e+02 -2.516260815150781927e+00
1.970000000015689068e+02 -2.752539858117237781e+00
1.975000000015783996e+02 -2.606907468032440889e+00
1.980000000015879209e+02 -2.738106300703662122e+00
1.985000000015974138e+02 -2.678874055027307577e+00
1.990000000016069066e+02 -2.446727291057704257e+00
1.995000000016164279e+02 -2.653312794455806589e+00
2.000000000016259207e+02 -2.494171292843127663e+00
2.005000000016354420e+02 -2.549805650212540797e+00
2.010000000016449349e+02 -2.659450079294408908e+00
2.015000000016544561e+02 -2.600274076981236249e+00
2.020000000016639490e+02 -2.516374317793591775e+00
2.025000000016734703e+02 -2.410467016415793751e+00
2.030000000016789556e+02 -2.623547263185044276e+00
2.035000000016659385e+02 -2.431986403082105674e+00
2.040000000016529214e+02 -2.675660676208037714e+00
2.045000000016398758e+02 -2.624839755279968490e+00
2.050000000016268586e+02 -2.686905536927399751e+00
2.055000000016138415e+02 -2.680234187260723377e+00
2.060000000016008244e+02 -2.459647468518740610e+00
2.065000000015878072e+02 -2.565347536491787483e+00
2.070000000015747617e+02 -2.465811578187643516e+00
2.075000000015617445e+02 -2.313014796240747906e+00
2.080000000015487274e+02 -2.604510280269464850e+00
2.085000000015357102e+02 -2.494162607193979309e+00
2.090000000015226931e+02 -2.549466193222319710e+00
2.095000000015096475e+02 -2.699168066956954437e+00
2.100000000014966304e+02 -2.739789715878955256e+00
2.105000000014836132e+02 -2.798473484575942916e+00
2.110000000014705961e+02 -2.876796535299002588e+00
2.115000000014575789e+02 -2.671609256264130483e+00
2.120000000014445618e+02 -2.656946912760990376e+00
2.125000000014315162e+02 -2.499992383194578061e+00
2.130000000014184991e+02 -2.635499344561408108e+00
2.135000000014054820e+02 -2.579818161743596239e+00
2.140000000013924648e+02 -2.888861762009122813e+00
2.145000000013794477e+02 -2.752061446988638416e+00
2.150000000013664021e+02 -2.552258722005913860e+00
2.155000000013533850e+02 -2.337946621242943834e+00
2.160000000013403678e+02 -2.431541799393198033e+00
2.165000000013273507e+02 -2.696220708528538346e+00
2.170000000013143335e+02 -2.634349890557134977e+00
2.175000000013013164e+02 -2.615290629341160855e+00
2.180000000012882708e+02 -2.635207979168832981e+00
2.185000000012752537e+02 -2.638794779534757495e+00
2.190000000012622365e+02 -2.639701762233930715e+00
2.195000000012492194e+02 -2.431209978902323599e+00
2.200000000012362023e+02 -2.479861020362623680e+00
2.205000000012231567e+02 -2.573563284237007753e+00
2.210000000012101395e+02 -2.684284229490573548e+00
2.215000000011971224e+02 -2.729853471412334365e+00
2.220000000011841053e+02 -2.697199307443362226e+00
2.225000000011710881e+02 -2.711947150883753377e+00
2.230000000011580710e+02 -2.589864579998374605e+00
2.235000000011450254e+02 -2.628117673711662050e+00
2.240000000011320083e+02 -2.580307751050401333e+00
2.245000000011189911e+02 -2.561004768409879340e+00
2.250000000011059740e+02 -2.456227487481094318e+00
2.255000000010929568e+02 -2.545753695286411045e+00
2.260000000010799113e+02 -2.904974078492282175e+00
2.265000000010668941e+02 -2.878201124593094296e+00
2.270000000010538770e+02 -2.840264992175776548e+00
2.275000000010408598e+02 -2.655060588916447806e+00
2.280000000010278427e+02 -2.532668353169756248e+00
2.285000000010148256e+02 -2.598802996497438400e+00
2.290000000010017800e+02 -2.797482348884797521e+00
2.295000000009887628e+02 -2.825122006023014443e+00
2.300000000009757457e+02 -2.682130593524059137e+00
2.305000000009627286e+02 -2.628476002155146318e+00
2.310000000009497114e+02 -2.597478381291362659e+00
2.315000000009366659e+02 -2.713598871095407539e+00
2.320000000009236487e+02 -2.662090535516913548e+00
2.325000000009106316e+02 -2.691904054872222396e+00
2.330000000008976144e+02 -2.720377516043552379e+00
2.335000000008845973e+02 -2.678195266854215717e+00
2.340000000008715517e+02 -2.513906782361540415e+00
2.345000000008585346e+02 -2.672500454368412992e+00
2.350000000008455174e+02 -2.501237988482863717e+00
2.355000000008325003e+02 -2.731608139770608901e+00
2.360000000008194831e+02 -2.470504726230029036e+00
2.365000000008064660e+02 -2.711056738882244854e+00
2.370000000007934204e+02 -2.672277670516341352e+00
2.375000000007804033e+02 -2.852594105379109735e+00
2.380000000007673862e+02 -2.606298121630845621e+00
2.385000000007543690e+02 -2.564395390701639688e+00
2.390000000007413519e+02 -2.594361874347193453e+00
2.395000000007283063e+02 -2.872486263628660108e+00
2.400000000007152892e+02 -2.567306982534369730e+00
2.405000000007022720e+02 -2.530905008483881780e+00
2.410000000006892549e+02 -2.733011410070217195e+00
2.415000000006762377e+02 -2.546161559914711159e+00
2.420000000006632206e+02 -2.634170859947614574e+00
2.425000000006501750e+02 -2.645338300955623279e+00
2.430000000006371579e+02 -2.528093818290872097e+00
2.435000000006241407e+02 -2.622538547948599863e+00
2.440000000006111236e+02 -2.518773698824427587e+00
2.445000000005981065e+02 -2.561744577404427403e+00
2.450000000005850609e+02 -2.687641946871814014e+00
2.455000000005720437e+02 -2.656398367508666869e+00
2.460000000005590266e+02 -2.510108840559004406e+00
2.465000000005460095e+02 -2.607963346786783099e+00
2.470000000005329923e+02 -2.477175179027297336e+00
2.475000000005199752e+02 -2.349372018871368706e+00
2.480000000005069296e+02 -2.399125881570914665e+00
2.485000000004939125e+02 -2.805613705238122702e+00
2.490000000004808953e+02 -2.692207693830529713e+00
2.495000000004678782e+02 -2.538371515138315271e+00
2.500000000004548610e+02 -2.590783760474228092e+00
2.505000000004418155e+02 -2.595455487630564217e+00
2.510000000004287983e+02 -2.483298469844594347e+00
2.515000000004157812e+02 -2.600402567345180493e+00
2.520000000004027640e+02 -2.616920806935764787e+00
2.525000000003897469e+02 -2.539150021418684844e+00
2.530000000003767013e+02 -2.395751822587500079e+00
2.535000000003636842e+02 -2.360330106503277570e+00
2.540000000003506671e+02 -2.486982368671509125e+00
2.545000000003376499e+02 -2.456031134748335898e+00
2.550000000003246328e+02 -2.635833237072704449e+00
2.555000000003116156e+02 -2.802171670106549772e+00
2.560000000002985985e+02 -2.824807311205126847e+00
2.565000000002855813e+02 -2.560228398438976871e+00
2.570000000002725642e+02 -2.675478168292367620e+00
2.575000000002594902e+02 -2.710786918010765767e+00
2.580000000002464731e+02 -2.498706688456213243e+00
2.585000000002334559e+02 -2.649119244809511997e+00
2.590000000002204388e+02 -2.659718168831495699e+00
2.595000000002074216e+02 -2.722645134495363273e+00
2.600000000001944045e+02 -2.408481924261064222e+00
2.605000000001813873e+02 -2.596363837153934817e+00
2.610000000001683702e+02 -2.734199422677271230e+00
2.615000000001553531e+02 -2.597344858462261818e+00
2.620000000001423359e+02 -2.471553765755162058e+00
2.625000000001292619e+02 -2.610895475508839159e+00
2.630000000001162448e+02 -2.738403563355516823e+00
2.635000000001032276e+02 -2.643320006151291146e+00
2.640000000000902105e+02 -3.028194161634720771e+00
2.645000000000771934e+02 -2.703024178519452203e+00
2.650000000000641762e+02 -2.645721141705321244e+00
2.655000000000511591e+02 -2.665990354791843320e+00
2.660000000000381419e+02 -2.612483356251688704e+00
2.665000000000251248e+02 -2.504548271654122971e+00
2.670000000000121076e+02 -2.741398554954787237e+00
2.674999999999990905e+02 -2.626873327325395024e+00
2.679999999999860165e+02 -2.642691804249819310e+00
2.684999999999729994e+02 -2.501088000876030115e+00
2.689999999999599822e+02 -2.562681042560357447e+00
2.694999999999469651e+02 -2.537116300713612826e+00
2.699999999999339479e+02 -2.497899299619973146e+00
2.704999999999209308e+02 -2.480978690302080736e+00
2.709999999999079137e+02 -2.565649269658889065e+00
2.714999999998948965e+02 -2.466382936327609077e+00
2.719999999998818794e+02 -2.590555307215039349e+00
2.724999999998688622e+02 -2.424852514799467063e+00
2.729999999998558451e+02 -2.614370734617482483e+00
2.734999999998427711e+02 -2.766819179098977788e+00
2.739999999998297540e+02 -2.752522164903573376e+00
2.744999999998167368e+02 -2.571088507442579552e+00
2.749999999998037197e+02 -2.673068069500926125e+00
2.754999999997907025e+02 -2.522718214866007003e+00
2.759999999997776854e+02 -2.622496559742879096e+00
2.764999999997646682e+02 -2.632262038462038767e+00
2.769999999997516511e+02 -2.533948372484453149e+00
2.774999999997386340e+02 -2.893188351992134422e+00
2.779999999997256168e+02 -2.877029022304906647e+00
2.784999999997125997e+02 -2.945493176351888120e+00
2.789999999996995257e+02 -2.685983958408271643e+00
2.794999999996865085e+02 -2.579460819968220520e+00
2.799999999996734914e+02 -2.726145086835369380e+00
2.804999999996604743e+02 -2.613690163046896053e+00
2.809999999996474571e+02 -2.785139761458653496e+00
2.814999999996344400e+02 -2.707917583301721276e+00
2.819999999996214228e+02 -2.818079058142105797e+00
2.824999999996084057e+02 -2.615990454082077310e+00
2.829999999995953885e+02 -2.478829532524577051e+00
2.834999999995823714e+02 -2.553817719078928850e+00
2.839999999995693543e+02 -2.616510839807759226e+00
2.844999999995562803e+02 -2.521314275909061209e+00
2.849999999995432631e+02 -2.776123524995739000e+00
2.854999999995302460e+02 -2.757817306159344284e+00
2.859999999995172288e+02 -2.593529195055596759e+00
2.864999999995042117e+02 -2.731708467118709294e+00
2.869999999994911946e+02 -2.634224610537545086e+00
2.874999999994781774e+02 -2.653130746068953716e+00
2.879999999994651603e+02 -2.557014517897189254e+00
2.884999999994521431e+02 -2.702360712209745941e+00
2.889999999994391260e+02 -2.596151149102023936e+00
2.894999999994261088e+02 -2.682057235970343623e+00
2.899999999994130349e+02 -2.739876300413206067e+00
2.904999999994000177e+02 -2.664194136836308235e+00
2.909999999993870006e+02 -2.735083742254812655e+00
2.914999999993739834e+02 -2.712064310335132955e+00
2.919999999993609663e+02 -2.680073877239475433e+00
2.924999999993479491e+02 -2.693551195686214150e+00
2.929999999993349320e+02 -2.698347162618686124e+00
2.934999999993219149e+02 -2.632057130431113112e+00
2.939999999993088977e+02 -2.582118014158247377e+00
2.944999999992958806e+02 -2.700342822369763418e+00
2.949999999992828634e+02 -2.438649403385433345e+00
2.954999999992697894e+02 -2.541619635227728935e+00
2.959999999992567723e+02 -2.528262074048516883e+00
2.964999999992437552e+02 -2.431921415272655373e+00
2.969999999992307380e+02 -2.577676486751750762e+00
2.974999999992177209e+02 -2.719606115444233030e+00
2.979999999992047037e+02 -2.608651540008100067e+00
2.984999999991916866e+02 -2.646170261850579131e+00
2.989999999991786694e+02 -2.645184341824968310e+00
2.994999999991656523e+02 -2.756340531932750082e+00
2.999999999991526352e+02 -2.681064896531779151e+00
3.004999999991396180e+02 -2.594379996928583232e+00
3.009999999991265440e+02 -2.816320291788807051e+00
3.014999999991135269e+02 -2.641626729480456959e+00
3.019999999991005097e+02 -2.698590985635008543e+00
3.024999999990874926e+02 -2.494185635160551140e+00
3.029999999990744755e+02 -2.629725543854716019e+00
3.034999999990614583e+02 -2.583902555981626659e+00
3.039999999990484412e+02 -2.622264770910126330e+00
3.044999999990354240e+02 -2.720900486289072440e+00
3.049999999990224069e+02 -2.710094154725434024e+00
3.054999999990093897e+02 -2.469591491715461107e+00
3.059999999989963158e+02 -2.544113355577088953e+00
3.064999999989832986e+02 -2.469319828752452040e+00
3.069999999989702815e+02 -2.584183184351452223e+00
3.074999999989572643e+02 -2.748092210465115759e+00
3.079999999989442472e+02 -2.676264867215757626e+00
3.084999999989312300e+02 -2.663163794594764600e+00
3.089999999989182129e+02 -2.587565538446331637e+00
3.094999999989051958e+02 -2.693460302663229999e+00
3.099999999988921786e+02 -2.714416963699685770e+00
3.104999999988791615e+02 -2.757622685397200790e+00
3.109999999988661443e+02 -2.646082835435248803e+00
3.114999999988530703e+02 -2.719623128732969519e+00
3.119999999988400532e+02 -2.631942792861983182e+00
3.124999999988270361e+02 -2.602007446388633571e+00
3.129999999988140189e+02 -2.875690751190890904e+00
3.134999999988010018e+02 -2.883242919207743782e+00
3.139999999987879846e+02 -2.662207219574229455e+00
3.144999999987749675e+02 -2.699781490735070566e+00
3.149999999987619503e+02 -2.741784999599127470e+00
3.154999999987489332e+02 -2.748799549490166694e+00
3.159999999987359161e+02 -2.553745334762916652e+00
3.164999999987228989e+02 -2.725073436422991602e+00
3.169999999987098249e+02 -2.535535550827563434e+00
3.174999999986968078e+02 -2.542894141980566403e+00
3.179999999986837906e+02 -2.650152624387883460e+00
3.184999999986707735e+02 -2.556396073123802015e+00
3.189999999986577564e+02 -2.684388511747183514e+00
3.194999999986447392e+02 -2.408361512887072564e+00
3.199999999986317221e+02 -2.799650881924488743e+00
3.204999999986187049e+02 -2.784933694941942761e+00
3.209999999986056878e+02 -2.828823988068478457e+00
3.214999999985926706e+02 -2.823153804911326503e+00
3.219999999985796535e+02 -2.617486581272137069e+00
3.224999999985665795e+02 -2.357521519137846244e+00
3.229999999985535624e+02 -2.199640263169341026e+00
3.234999999985405452e+02 -2.534377795483822027e+00
3.239999999985275281e+02 -2.601266526799522083e+00
3.244999999985145109e+02 -2.480247030367152217e+00
3.249999999985014938e+02 -2.488591161985562739e+00
3.254999999984884766e+02 -2.554515380469005503e+00
3.259999999984754595e+02 -2.548874769002436036e+00
3.264999999984624424e+02 -2.673399918536205622e+00
3.269999999984494252e+02 -2.482707716213875759e+00
3.274999999984364081e+02 -2.714137277153329642e+00
3.279999999984233341e+02 -2.622049357921250490e+00
3.284999999984103169e+02 -2.875655127365702945e+00
3.289999999983972998e+02 -2.706883506291949626e+00
3.294999999983842827e+02 -2.728715375784299901e+00
3.299999999983712655e+02 -2.784176533026281763e+00
3.304999999983582484e+02 -2.348177306606142878e+00
3.309999999983452312e+02 -2.609483159374809347e+00
3.314999999983322141e+02 -2.634033514156574718e+00
3.319999999983191969e+02 -2.806365189566834228e+00
3.324999999983061798e+02 -2.686546199787223532e+00
3.329999999982931627e+02 -2.741702608113296247e+00
3.334999999982800887e+02 -2.630211978577965404e+00
3.339999999982670715e+02 -2.519328249153085508e+00
3.344999999982540544e+02 -2.627024894116806841e+00
3.349999999982410372e+02 -2.540849878096590686e+00
3.354999999982280201e+02 -2.580774453869597806e+00
3.359999999982150030e+02 -2.594383436810567378e+00
3.364999999982019858e+02 -2.601275633010792898e+00
3.369999999981889687e+02 -2.461834087062258369e+00
3.374999999981759515e+02 -2.784777164910460456e+00
3.379999999981629344e+02 -2.762612675587476474e+00
3.384999999981499172e+02 -2.759853269947539545e+00
3.389999999981368433e+02 -2.739893732079445421e+00
3.394999999981238261e+02 -2.618633080267536606e+00
3.399999999981108090e+02 -2.711746948007352387e+00
3.404999999980977918e+02 -2.596871032708387261e+00
3.409999999980847747e+02 -2.558372267957160329e+00
3.414999999980717575e+02 -2.706509225096776383e+00
3.419999999980587404e+02 -2.678640623550307520e+00
3.424999999980457233e+02 -2.528222834462424906e+00
3.429999999980327061e+02 -2.617044001141907383e+00
3.434999999980196890e+02 -2.620532648456762370e+00
3.439999999980066718e+02 -2.797929552592953062e+00
3.444999999979935978e+02 -2.535406091740763035e+00
3.449999999979805807e+02 -2.305723895087501862e+00
3.454999999979675636e+02 -2.199438074271734767e+00
3.459999999979545464e+02 -2.274625169941054459e+00
3.464999999979415293e+02 -2.243103665633513266e+00
3.469999999979285121e+02 -2.506633523143250386e+00
3.474999999979154950e+02 -2.674994492552255743e+00
3.479999999979024778e+02 -2.712314774860821398e+00
3.484999999978894607e+02 -2.395106239289060746e+00
3.489999999978764436e+02 -2.364777528373967819e+00
3.494999999978633696e+02 -2.616396405148051940e+00
3.499999999978503524e+02 -2.562620921954601894e+00
3.504999999978373353e+02 -2.505447737911376649e+00
3.509999999978243181e+02 -2.601773353794940569e+00
3.514999999978113010e+02 -2.712650259317180179e+00
3.519999999977982839e+02 -2.553010195617953393e+00
3.524999999977852667e+02 -2.529666206774722870e+00
3.529999999977722496e+02 -2.450977843130283773e+00
3.534999999977592324e+02 -2.757369264879595772e+00
3.539999999977462153e+02 -2.787337551994573559e+00
3.544999999977331981e+02 -2.389066751630776420e+00
3.549999999977201242e+02 -2.543169171042427124e+00
3.554999999977071070e+02 -2.687668301962499839e+00
3.559999999976940899e+02 -2.590120307420288981e+00
3.564999999976810727e+02 -2.736358570350172936e+00
3.569999999976680556e+02 -2.694155098039267671e+00
3.574999999976550384e+02 -2.569585878517486321e+00
3.579999999976420213e+02 -2.650086431251910124e+00
3.584999999976290042e+02 -2.501262453256402285e+00
3.589999999976159870e+02 -2.623561494284962770e+00
3.594999999976029699e+02 -2.514125662380289228e+00
3.599999999975899527e+02 -2.637943902935696361e+00
3.604999999975768787e+02 -2.528457905258111538e+00
3.609999999975638616e+02 -2.545321311902871919e+00
3.614999999975508445e+02 -2.532578134443800089e+00
3.619999999975378273e+02 -2.607628558285336684e+00
3.624999999975248102e+02 -2.500747844141250731e+00
3.629999999975117930e+02 -2.534624173396375024e+00
3.634999999974987759e+02 -2.571816832800233321e+00
3.639999999974857587e+02 -2.359545708794318575e+00
3.644999999974727416e+02 -2.685918290424047061e+00
3.649999999974597245e+02 -2.608845162685917707e+00
3.654999999974467073e+02 -2.731439375426382821e+00
3.659999999974336333e+02 -2.862285327762376763e+00
3.664999999974206162e+02 -2.672979057901152089e+00
3.669999999974075990e+02 -2.840709100947677257e+00
3.674999999973945819e+02 -2.464150290871641946e+00
3.679999999973815648e+02 -2.634233585252734766e+00
3.684999999973685476e+02 -2.424220854832282779e+00
3.689999999973555305e+02 -2.809018318976388429e+00
3.694999999973425133e+02 -2.786440011309355480e+00
3.699999999973294962e+02 -2.664949201936108292e+00
3.704999999973164790e+02 -2.664263046199967455e+00
3.709999999973034619e+02 -2.600965915697962316e+00
3.714999999972903879e+02 -2.635987866582868211e+00
3.719999999972773708e+02 -2.626354516919701343e+00
3.724999999972643536e+02 -2.538399755015915193e+00
3.729999999972513365e+02 -2.476544653655606165e+00
3.734999999972383193e+02 -2.348666229566261698e+00
3.739999999972253022e+02 -2.378767694034253033e+00
3.744999999972122851e+02 -2.522789770488588434e+00
3.749999999971992679e+02 -2.586031087395414207e+00
3.754999999971862508e+02 -2.677832076042852449e+00
3.759999999971732336e+02 -2.685322877784416473e+00
3.764999999971602165e+02 -2.706715058925387218e+00
3.769999999971471425e+02 -2.421015758805248108e+00
3.774999999971341254e+02 -2.570944975010484690e+00
3.779999999971211082e+02 -2.669547716449318209e+00
3.784999999971080911e+02 -2.791905944024870134e+00
3.789999999970950739e+02 -2.869548019557963681e+00
3.794999999970820568e+02 -2.648542868802295835e+00
3.799999999970690396e+02 -2.611083422285870093e+00
3.804999999970560225e+02 -2.639756895436048190e+00
3.809999999970430054e+02 -2.679880685168457788e+00
3.814999999970299882e+02 -2.872985733402670050e+00
3.819999999970169711e+02 -2.486573259746063247e+00
3.824999999970038971e+02 -2.615792916612508900e+00
3.829999999969908799e+02 -2.588398442154942636e+00
3.834999999969778628e+02 -2.602099358290149933e+00
3.839999999969648456e+02 -2.774756581509487230e+00
3.844999999969518285e+02 -2.368213181024558800e+00
3.849999999969388114e+02 -2.447330649790818047e+00
3.854999999969257942e+02 -2.626395303770533651e+00
3.859999999969127771e+02 -2.345486719468129255e+00
3.864999999968997599e+02 -2.625468237029310092e+00
3.869999999968867428e+02 -2.641801765209748076e+00
3.874999999968737256e+02 -2.612838110146133097e+00
3.879999999968606517e+02 -2.625389894420649739e+00
3.884999999968476345e+02 -2.479395770164869894e+00
3.889999999968346174e+02 -2.546289709903509113e+00
3.894999999968216002e+02 -2.590879343282712188e+00
3.899999999968085831e+02 -2.629558265081056057e+00
3.904999999967955659e+02 -2.530301965063098457e+00
3.909999999967825488e+02 -2.534640557901240765e+00
3.914999999967695317e+02 -2.515483009030698547e+00
3.919999999967565145e+02 -2.679818851909098854e+00
3.924999999967434974e+02 -2.623311529999786451e+00
3.929999999967304234e+02 -2.583823933052590949e+00
3.934999999967174062e+02 -2.696409343930519231e+00
3.939999999967043891e+02 -2.831981793343576914e+00
3.944999999966913720e+02 -2.811562227514089685e+00
3.949999999966783548e+02 -2.798135160307213987e+00
3.954999999966653377e+02 -2.785289880453947209e+00
3.959999999966523205e+02 -2.693893786961196746e+00
3.964999999966393034e+02 -2.772010214246958704e+00
3.969999999966262862e+02 -2.664440033277503783e+00
3.974999999966132691e+02 -2.609572554246432308e+00
3.979999999966002520e+02 -2.671628767561364803e+00
3.984999999965871780e+02 -2.703519019095103726e+00
3.989999999965741608e+02 -2.780632291076465812e+00
3.994999999965611437e+02 -2.740985836747409365e+00
3.999999999965481265e+02 -2.764280597264798800e+00
4.004999999965351094e+02 -2.842050867403103975e+00
4.009999999965220923e+02 -2.707093437352351195e+00
4.014999999965090751e+02 -2.647141590668600220e+00
4.019999999964960580e+02 -2.691044727769308142e+00
4.024999999964830408e+02 -2.620928788708161594e+00
4.029999999964700237e+02 -2.590446807940205431e+00
4.034999999964570065e+02 -2.656631747820405565e+00
4.039999999964439326e+02 -2.493333212520541853e+00
4.044999999964309154e+02 -2.280796373456820181e+00
4.049999999964178983e+02 -2.531024729762710201e+00
4.054999999964048811e+02 -2.666808045984600639e+00
4.059999999964079507e+02 -2.509319845447362418e+00
4.064999999964400104e+02 -2.464607915556582540e+00
4.069999999964720132e+02 -2.707619356965476065e+00
4.074999999965040729e+02 -2.525208297853317241e+00
4.079999999965360757e+02 -2.787349047587008410e+00
4.084999999965681354e+02 -2.789329279236670178e+00
4.089999999966001383e+02 -2.683980202441645257e+00
4.094999999966321980e+02 -2.646180661165747683e+00
4.099999999966642008e+02 -2.490829710423963395e+00
4.104999999966962605e+02 -2.661176850245840608e+00
4.109999999967282633e+02 -2.649740472625067955e+00
4.114999999967603230e+02 -2.802208750305227092e+00
4.119999999967923259e+02 -2.573508622338191110e+00
4.124999999968243856e+02 -2.476430512599100187e+00
4.129999999968563884e+02 -2.530305960797889497e+00
4.134999999968884481e+02 -2.413197886666818892e+00
4.139999999969205078e+02 -2.555845302246351647e+00
4.144999999969525106e+02 -2.570433349114106036e+00
4.149999999969845703e+02 -2.521695919616605774e+00
4.154999999970165732e+02 -2.321281629404565283e+00
4.159999999970486328e+02 -2.663424959357969968e+00
4.164999999970806357e+02 -2.558712679064170992e+00
4.169999999971126954e+02 -2.827047896815506167e+00
4.174999999971446982e+02 -2.670720267383964064e+00
4.179999999971767579e+02 -2.756837759722762460e+00
4.184999999972087608e+02 -2.696810856289667768e+00
4.189999999972408204e+02 -2.926120650039695903e+00
4.194999999972728233e+02 -2.779666037664235478e+00
4.199999999973048830e+02 -2.558687670322655983e+00
4.204999999973368858e+02 -2.760052685704694753e+00
4.209999999973689455e+02 -2.831769601237205780e+00
4.214999999974009484e+02 -2.779432826511844201e+00
4.219999999974330080e+02 -2.684632596474134658e+00
4.224999999974650109e+02 -2.492636991688063741e+00
4.229999999974970706e+02 -2.485923711619883125e+00
4.234999999975291303e+02 -2.475285822424040827e+00
4.239999999975611331e+02 -2.511755149789497654e+00
4.244999999975931928e+02 -2.515390080689723362e+00
4.249999999976251956e+02 -2.553154902249590297e+00
4.254999999976572553e+02 -2.636731029879125998e+00
4.259999999976892582e+02 -2.699695554981760726e+00
4.264999999977213179e+02 -2.795918611370758367e+00
4.269999999977533207e+02 -2.495567809558946415e+00
4.274999999977853804e+02 -2.660187399393684426e+00
4.279999999978173832e+02 -2.547342696247874461e+00
4.284999999978494429e+02 -2.471347382601682963e+00
4.289999999978814458e+02 -2.518334732236350071e+00
4.294999999979135055e+02 -2.622843710956928476e+00
4.299999999979455083e+02 -2.556983151572926438e+00
4.304999999979775680e+02 -2.658625882520317063e+00
4.309999999980095708e+02 -2.561025887161113346e+00
4.314999999980416305e+02 -2.718343904953884671e+00
4.319999999980736902e+02 -2.587152123758313493e+00
4.324999999981056931e+02 -2.538741008276532707e+00
4.329999999981377528e+02 -2.541723697105266133e+00
4.334999999981697556e+02 -2.772446151504472489e+00
4.339999999982018153e+02 -2.602593459236103524e+00
4.344999999982338181e+02 -2.908365713135898201e+00
4.349999999982658778e+02 -2.682156527718330352e+00
4.354999999982978807e+02 -2.635345931308025413e+00
4.359999999983299404e+02 -2.742046029830255804e+00
4.364999999983619432e+02 -2.926660666941796496e+00
4.369999999983940029e+02 -2.849242178193331032e+00
4.374999999984260057e+02 -2.747560931362875714e+00
4.379999999984580654e+02 -2.539046107714669986e+00
4.384999999984900683e+02 -2.571476513757617877e+00
4.389999999985221280e+02 -2.618148810776388835e+00
4.394999999985541308e+02 -2.704218249935256946e+00
4.399999999985861905e+02 -2.535945184689549325e+00
4.404999999986182502e+02 -2.592510830877987615e+00
4.409999999986502530e+02 -2.436891608502181228e+00
4.414999999986823127e+02 -2.443129531435019430e+00
4.419999999987143156e+02 -2.532782977606936381e+00
4.424999999987463752e+02 -2.715599520730504146e+00
4.429999999987783781e+02 -2.503343548991851186e+00
4.434999999988104378e+02 -2.932396488630641507e+00
4.439999999988424406e+02 -2.737359825729154483e+00
4.444999999988745003e+02 -2.651887380707738107e+00
4.449999999989065032e+02 -2.697952116811302758e+00
4.454999999989385628e+02 -2.577966276590656136e+00
4.459999999989705657e+02 -2.637260220178215597e+00
4.464999999990026254e+02 -2.666497883931629787e+00
4.469999999990346282e+02 -2.709792488822142076e+00
4.474999999990666879e+02 -2.746630419316447025e+00
4.479999999990986908e+02 -2.714632130664258014e+00
4.484999999991307504e+02 -2.708814324692421227e+00
4.489999999991627533e+02 -2.847470082685482851e+00
4.494999999991948130e+02 -2.751724885193292724e+00
4.499999999992268727e+02 -2.508854916392148748e+00
4.504999999992588755e+02 -2.504447443045904276e+00
4.509999999992909352e+02 -2.584789210791054614e+00
4.514999999993229380e+02 -2.583468122036579384e+00
4.519999999993549977e+02 -2.677548499374148072e+00
4.524999999993870006e+02 -2.426940982860914531e+00
4.529999999994190603e+02 -2.695551670230695418e+00
4.534999999994510631e+02 -2.716931696080941094e+00
4.539999999994831228e+02 -2.743745782104114017e+00
4.544999999995151256e+02 -2.592899347745599492e+00
4.549999999995471853e+02 -2.747365194482294548e+00
4.554999999995791882e+02 -2.451871342831536182e+00
4.559999999996112479e+02 -2.638098465735644105e+00
4.564999999996432507e+02 -2.615237173453093700e+00
4.569999999996753104e+02 -2.689663105429962009e+00
4.574999999997073132e+02 -2.852471496686321384e+00
4.579999999997393729e+02 -2.806576066653148960e+00
4.584999999997714326e+02 -2.528412200916721364e+00
4.589999999998034355e+02 -2.683681345299755439e+00
4.594999999998354951e+02 -2.705395074850710291e+00
4.599999999998674980e+02 -2.694921352598387276e+00
4.604999999998995577e+02 -2.774151201951481571e+00
4.609999999999315605e+02 -2.677615914070283321e+00
4.614999999999636202e+02 -2.815629618915892696e+00
4.619999999999956231e+02 -2.775261604137615024e+00
4.625000000000276827e+02 -2.617977442974706470e+00
4.630000000000596856e+02 -2.478911163667957496e+00
4.635000000000917453e+02 -2.672617745179639570e+00
4.640000000001237481e+02 -2.531307352012032386e+00
4.645000000001558078e+02 -2.424282987759154295e+00
4.650000000001878107e+02 -2.543937151417194009e+00
4.655000000002198703e+02 -2.595955425034058628e+00
4.660000000002518732e+02 -2.680070573323937388e+00
4.665000000002839329e+02 -2.732111439128097174e+00
4.670000000003159357e+02 -2.813667031302908406e+00
4.675000000003479954e+02 -2.577079669228035996e+00
4.680000000003800551e+02 -2.466484300601162971e+00
4.685000000004120579e+02 -2.549516908096942203e+00
4.690000000004441176e+02 -2.486455325163737129e+00
4.695000000004761205e+02 -2.462256020906339327e+00
4.700000000005081802e+02 -2.598716781093975747e+00
4.705000000005401830e+02 -2.730702674963497500e+00
4.710000000005722427e+02 -2.713370092098863928e+00
4.715000000006042455e+02 -2.821092695635657677e+00
4.720000000006363052e+02 -3.016665813826072462e+00
4.725000000006683081e+02 -2.800290087088971092e+00
4.730000000007003678e+02 -2.710043405312360765e+00
4.735000000007323706e+02 -2.838139339185206111e+00
4.740000000007644303e+02 -2.529143754837193114e+00
4.745000000007964331e+02 -2.558236874556518714e+00
4.750000000008284928e+02 -2.574557371953889451e+00
4.755000000008604957e+02 -2.479728846749109650e+00
4.760000000008925554e+02 -2.794975448168375287e+00
4.765000000009246151e+02 -2.739600719727838030e+00
4.770000000009566179e+02 -2.511340911096806572e+00
4.775000000009886776e+02 -2.700815792791166903e+00
4.780000000010206804e+02 -2.678038664243452605e+00
4.785000000010527401e+02 -2.824828799503362742e+00
4.790000000010847430e+02 -2.821433154898709272e+00
4.795000000011168027e+02 -2.615783148559309268e+00
4.800000000011488055e+02 -2.597077221823635984e+00
4.805000000011808652e+02 -2.646210463192127715e+00
4.810000000012128680e+02 -2.723047976631182809e+00
4.815000000012449277e+02 -2.725855417930027169e+00
4.820000000012769306e+02 -2.528357882480440466e+00
4.825000000013089902e+02 -2.685932116954750093e+00
4.830000000013409931e+02 -2.719282259822684011e+00
4.835000000013730528e+02 -2.708246859230609704e+00
4.840000000014050556e+02 -2.621620356209548586e+00
4.845000000014371153e+02 -2.598634956129490803e+00
4.850000000014691750e+02 -2.785367747032847952e+00
4.855000000015011778e+02 -2.502421968722554180e+00
4.860000000015332375e+02 -2.459493204309769698e+00
4.865000000015652404e+02 -2.635944037758501057e+00
4.870000000015973001e+02 -2.592159399145988807e+00
4.875000000016293029e+02 -2.696622160862661488e+00
4.880000000016613626e+02 -2.778101074698074768e+00
4.885000000016933654e+02 -2.858816861742172311e+00
4.890000000017254251e+02 -2.730925809551148387e+00
4.895000000017574280e+02 -2.696145381056000545e+00
4.900000000017894877e+02 -2.735783995970960003e+00
4.905000000018214905e+02 -2.785433301314857335e+00
4.910000000018535502e+02 -2.904099944578695247e+00
4.915000000018855530e+02 -2.919218850453592307e+00
4.920000000019176127e+02 -2.772161011879870074e+00
4.925000000019496156e+02 -2.708040226042905729e+00
4.930000000019816753e+02 -2.692495971588928505e+00
4.935000000020136781e+02 -2.663797954411599722e+00
4.940000000020457378e+02 -2.783379441184073766e+00
4.945000000020777975e+02 -2.486974915403687536e+00
4.950000000021098003e+02 -2.631392754122549249e+00
4.955000000021418600e+02 -2.802554821434852350e+00
4.960000000021738629e+02 -2.769555627209976389e+00
4.965000000022059226e+02 -2.831525819878900840e+00
4.970000000022379254e+02 -2.736933834193119086e+00
4.975000000022699851e+02 -2.544557964233975955e+00
4.980000000023019879e+02 -2.271510026709106178e+00
4.985000000023340476e+02 -2.585338729760361165e+00
4.990000000023660505e+02 -2.610769549441354975e+00
4.995000000023981102e+02 -2.513812162836110531e+00
5.000000000024301130e+02 -2.548677190613768406e+00
5.005000000024621727e+02 -2.586185973745041888e+00
5.010000000024941755e+02 -2.548192857305318082e+00
5.015000000025262352e+02 -2.490718909041295781e+00
5.020000000025582381e+02 -2.509484692792239624e+00
5.025000000025902978e+02 -2.498874217404430720e+00
5.030000000026223574e+02 -2.381713320845528781e+00
5.035000000026543603e+02 -2.623991269773565005e+00
5.040000000026864200e+02 -2.238520060825102576e+00
5.045000000027184228e+02 -2.464585993315215884e+00
5.050000000027504825e+02 -2.525228077869098087e+00
5.055000000027824854e+02 -2.677583863012218846e+00
5.060000000028145450e+02 -2.816418193063555009e+00
5.065000000028465479e+02 -2.711890933853255969e+00
5.070000000028786076e+02 -2.779361169557570843e+00
5.075000000029106104e+02 -2.619622488022240514e+00
5.080000000029426701e+02 -2.604595972459398556e+00
5.085000000029746730e+02 -2.395703821972309910e+00
5.090000000030067326e+02 -2.658951516777584789e+00
5.095000000030387355e+02 -2.711254393319848521e+00
5.100000000030707952e+02 -2.613109252989379794e+00
5.105000000031027980e+02 -2.744042130596614726e+00
5.110000000031348577e+02 -2.667895718268026073e+00
5.115000000031668606e+02 -2.614375950341361943e+00
5.120000000031989202e+02 -2.518485313753461963e+00
5.125000000032309799e+02 -2.472098481567944095e+00
5.130000000032630396e+02 -2.544177625922288133e+00
5.135000000032949856e+02 -2.585831723788571068e+00
5.140000000033270453e+02 -2.700697862932063487e+00
5.145000000033591050e+02 -2.644846683368428319e+00
5.150000000033911647e+02 -2.699384296849257403e+00
5.155000000034231107e+02 -2.553645440836934011e+00
5.160000000034551704e+02 -2.447107649552691999e+00
5.165000000034872301e+02 -2.666135328646030089e+00
5.170000000035192897e+02 -2.325389496848464965e+00
5.175000000035512357e+02 -2.531973556977400897e+00
5.180000000035832954e+02 -2.460898728433837057e+00
5.185000000036153551e+02 -2.979151803137829457e+00
5.190000000036474148e+02 -2.726260446729500853e+00
5.195000000036793608e+02 -2.633865140077969791e+00
5.200000000037114205e+02 -2.619695142959065581e+00
5.205000000037434802e+02 -2.610373892294977516e+00
5.210000000037755399e+02 -2.627165212876204858e+00
5.215000000038075996e+02 -2.667661940505346774e+00
5.220000000038395456e+02 -2.489291494327539045e+00
5.225000000038716053e+02 -2.511955224947843401e+00
5.230000000039036649e+02 -2.611385361885609324e+00
5.235000000039357246e+02 -2.735033269728534222e+00
5.240000000039676706e+02 -2.692508652321130569e+00
5.245000000039997303e+02 -2.669819026036885479e+00
5.250000000040317900e+02 -2.697490304000341954e+00
5.255000000040638497e+02 -2.605473978833410698e+00
5.260000000040957957e+02 -2.633416131480808886e+00
5.265000000041278554e+02 -2.576334788599901504e+00
5.270000000041599151e+02 -2.775099947241587373e+00
5.275000000041919748e+02 -2.664098787345618113e+00
5.280000000042239208e+02 -2.725784767931999752e+00
5.285000000042559805e+02 -2.908132728618725515e+00
5.290000000042880401e+02 -2.509271468830519325e+00
5.295000000043200998e+02 -2.669369285542251280e+00
5.300000000043521595e+02 -2.579522159724441988e+00
5.305000000043841055e+02 -2.842551434199859894e+00
5.310000000044161652e+02 -2.674318859544864591e+00
5.315000000044482249e+02 -2.569552766426651313e+00
5.320000000044802846e+02 -2.800594821770872489e+00
5.325000000045122306e+02 -2.816523513139856938e+00
5.330000000045442903e+02 -2.665839274229555134e+00
5.335000000045763500e+02 -2.325202934255593767e+00
5.340000000046084097e+02 -2.632259293394456634e+00
5.345000000046403557e+02 -2.626021502983330258e+00
5.350000000046724153e+02 -2.506379625155136015e+00
5.355000000047044750e+02 -2.527212689389015221e+00
5.360000000047365347e+02 -2.478764341135236915e+00
5.365000000047684807e+02 -2.626773687930868295e+00
5.370000000048005404e+02 -2.569110930687493521e+00
5.375000000048326001e+02 -2.487172487892300499e+00
5.380000000048646598e+02 -2.526139807095749035e+00
5.385000000048967195e+02 -2.578288625001585288e+00
5.390000000049286655e+02 -2.543800935328623503e+00
5.395000000049607252e+02 -2.428040395454045708e+00
5.400000000049927849e+02 -2.638451717744253688e+00
5.405000000050248445e+02 -2.777628871712100711e+00
5.410000000050567905e+02 -2.706563553352920426e+00
5.415000000050888502e+02 -2.595596951850389189e+00
5.420000000051209099e+02 -2.609011749462230245e+00
5.425000000051529696e+02 -2.582088947501484100e+00
5.430000000051849156e+02 -2.666539610627465251e+00
5.435000000052169753e+02 -2.707013881040213121e+00
5.440000000052490350e+02 -2.581694992271404310e+00
5.445000000052810947e+02 -2.368843818786617650e+00
5.450000000053130407e+02 -2.496240275274921316e+00
5.455000000053451004e+02 -2.524937110968651144e+00
5.460000000053771601e+02 -2.654568756659684947e+00
5.465000000054092197e+02 -2.850904952709013784e+00
5.470000000054411657e+02 -3.011976306514322133e+00
5.475000000054732254e+02 -2.771460060689303173e+00
5.480000000055052851e+02 -2.771849955954567513e+00
5.485000000055373448e+02 -2.803982753726446564e+00
5.490000000055694045e+02 -2.903921242354243315e+00
5.495000000056013505e+02 -2.782303293156745294e+00
5.500000000056334102e+02 -2.706751266809661605e+00
5.505000000056654699e+02 -2.559289650407421401e+00
5.510000000056975296e+02 -2.564414567023750813e+00
5.515000000057294756e+02 -2.684523367017800588e+00
5.520000000057615352e+02 -2.660147457621500067e+00
5.525000000057935949e+02 -2.728686000213575991e+00
5.530000000058256546e+02 -2.670549155060360835e+00
5.535000000058576006e+02 -2.624373732884071053e+00
5.540000000058896603e+02 -2.532654770562857927e+00
5.545000000059217200e+02 -2.530902276547041030e+00
5.550000000059537797e+02 -2.717394183289574272e+00
5.555000000059857257e+02 -2.698169749199162748e+00
5.560000000060177854e+02 -2.591782366200622523e+00
5.565000000060498451e+02 -2.646402377716784216e+00
5.570000000060819048e+02 -2.629079060323354256e+00
5.575000000061139644e+02 -2.694909309997957969e+00
5.580000000061459104e+02 -2.750305296020791879e+00
5.585000000061779701e+02 -2.713491621755076189e+00
5.590000000062100298e+02 -2.671212902548203871e+00
5.595000000062420895e+02 -2.491412648420936016e+00
5.600000000062740355e+02 -2.434332458982606529e+00
5.605000000063060952e+02 -2.742822368494000518e+00
5.610000000063381549e+02 -2.876273652261733371e+00
5.615000000063702146e+02 -2.574743402838135076e+00
5.620000000064021606e+02 -2.674837055343983749e+00
5.625000000064342203e+02 -2.837529673851487022e+00
5.630000000064662800e+02 -2.966919229478796272e+00
5.635000000064983396e+02 -2.778134569510321672e+00
5.640000000065302856e+02 -2.794414585779767979e+00
5.645000000065623453e+02 -2.640432430261026919e+00
5.650000000065944050e+02 -2.830540253144721685e+00
5.655000000066264647e+02 -2.503061879934449063e+00
5.660000000066585244e+02 -2.814913413089832339e+00
5.665000000066904704e+02 -2.515161479499532948e+00
5.670000000067225301e+02 -2.422282524590611885e+00
5.675000000067545898e+02 -2.413313230664791309e+00
5.680000000067866495e+02 -2.479080871646550221e+00
5.685000000068185955e+02 -2.591883713617000318e+00
5.690000000068506552e+02 -2.875399872952687730e+00
5.695000000068827148e+02 -2.823769374659501619e+00
5.700000000069147745e+02 -2.651157955720829573e+00
5.705000000069467205e+02 -2.685561973103079758e+00
5.710000000069787802e+02 -2.608683672183409463e+00
5.715000000070108399e+02 -2.425825231181136132e+00
5.720000000070428996e+02 -2.649926181030290984e+00
5.725000000070748456e+02 -2.628432483597843650e+00
5.730000000071069053e+02 -2.749090188090200115e+00
5.735000000071389650e+02 -2.786203075009048735e+00
5.740000000071710247e+02 -2.800049578402156403e+00
5.745000000072030844e+02 -2.400757513089249784e+00
5.750000000072350304e+02 -2.735722427151813019e+00
5.755000000072670900e+02 -2.795380122081710272e+00
5.760000000072991497e+02 -2.626537942912749557e+00
5.765000000073312094e+02 -2.826152235531219414e+00
5.770000000073631554e+02 -2.676775846361222122e+00
5.775000000073952151e+02 -2.648413422556063157e+00
5.780000000074272748e+02 -2.524262345009168129e+00
5.785000000074593345e+02 -2.606303626240376925e+00
5.790000000074912805e+02 -2.577659167215765823e+00
5.795000000075233402e+02 -2.475849224063196630e+00
5.800000000075553999e+02 -2.434733543719131088e+00
5.805000000075874595e+02 -2.468455558422585572e+00
5.810000000076194056e+02 -2.464156256705003933e+00
5.815000000076514652e+02 -2.712194252713617804e+00
5.820000000076835249e+02 -2.716323219511813214e+00
5.825000000077155846e+02 -2.772374197852010447e+00
5.830000000077476443e+02 -2.602805586262356474e+00
5.835000000077795903e+02 -2.297790933993693940e+00
5.840000000078116500e+02 -2.486652043206723395e+00
5.845000000078437097e+02 -2.542433978498751745e+00
5.850000000078757694e+02 -2.430279038265862113e+00
5.855000000079077154e+02 -2.738699160882337669e+00
5.860000000079397751e+02 -2.596891144163310017e+00
5.865000000079718347e+02 -2.750505045205938082e+00
5.870000000080038944e+02 -2.594968591016078907e+00
5.875000000080358404e+02 -2.463232495833381108e+00
5.880000000080679001e+02 -2.690881860082004362e+00
5.885000000080999598e+02 -2.923867040225908820e+00
5.890000000081320195e+02 -2.581586181880414888e+00
5.895000000081639655e+02 -2.573880379087330361e+00
5.900000000081960252e+02 -2.710080725975667626e+00
5.905000000082280849e+02 -2.856581337428991230e+00
5.910000000082601446e+02 -2.557522677800095234e+00
5.915000000082920906e+02 -2.531851530143080176e+00
5.920000000083241503e+02 -2.425249805984463602e+00
5.925000000083562099e+02 -2.639513437641031413e+00
5.930000000083882696e+02 -2.582386501425267600e+00
5.935000000084203293e+02 -2.524120307935453944e+00
5.940000000084522753e+02 -2.635716146855136000e+00
5.945000000084843350e+02 -2.786867287861097164e+00
5.950000000085163947e+02 -2.699912738792793032e+00
5.955000000085484544e+02 -2.689394411205947577e+00
5.960000000085804004e+02 -2.687331149613654269e+00
5.965000000086124601e+02 -2.639892474518343857e+00
5.970000000086445198e+02 -2.568138515501678487e+00
5.975000000086765795e+02 -2.581061962919382946e+00
5.980000000087085255e+02 -2.598878036055772611e+00
5.985000000087405851e+02 -2.619277241881294405e+00
5.990000000087726448e+02 -2.703715246762790958e+00
5.995000000088047045e+02 -2.565230067241970779e+00
6.000000000088366505e+02 -2.664959125577509358e+00
6.005000000088687102e+02 -2.631201830842465395e+00
6.010000000089007699e+02 -2.515183191059298107e+00
6.015000000089328296e+02 -2.639299864207923285e+00
6.020000000089648893e+02 -2.574488764240618455e+00
6.025000000089968353e+02 -2.379455181964984067e+00
6.030000000090288950e+02 -2.519874077461318418e+00
6.035000000090609547e+02 -2.766111217892824214e+00
6.040000000090930143e+02 -2.716619715114782174e+00
6.045000000091249603e+02 -2.616781468169884661e+00
6.050000000091570200e+02 -2.538381977064301687e+00
6.055000000091890797e+02 -2.534057534667256917e+00
6.060000000092211394e+02 -2.464018206943157985e+00
6.065000000092530854e+02 -2.270242858269490238e+00
6.070000000092851451e+02 -2.339772335971590511e+00
6.075000000093172048e+02 -2.439567866034605181e+00
6.080000000093492645e+02 -2.590836689675333648e+00
6.085000000093812105e+02 -2.495447271156718383e+00
6.090000000094132702e+02 -2.371287805421316897e+00
6.095000000094453299e+02 -2.597014176488580794e+00
6.100000000094773895e+02 -2.699652170777492532e+00
6.105000000095094492e+02 -2.709186332834155220e+00
6.110000000095413952e+02 -2.809296205441665251e+00
6.115000000095734549e+02 -2.853302554868954122e+00
6.120000000096055146e+02 -2.630608970100971611e+00
6.125000000096375743e+02 -2.692236766059983299e+00
6.130000000096695203e+02 -2.476055227453007657e+00
6.135000000097015800e+02 -2.584014545022475851e+00
6.140000000097336397e+02 -2.678130841547093244e+00
6.145000000097656994e+02 -2.507916618696821143e+00
6.150000000097976454e+02 -2.486819283590735896e+00
6.155000000098297050e+02 -2.725975517820503402e+00
6.160000000098617647e+02 -2.605297413460549993e+00
6.165000000098938244e+02 -2.682437132440700367e+00
6.170000000099257704e+02 -2.571816163001868993e+00
6.175000000099578301e+02 -2.641704860352380724e+00
6.180000000099898898e+02 -2.677259902340906272e+00
6.185000000100219495e+02 -2.494799059547294640e+00
6.190000000100540092e+02 -2.430144351757141941e+00
6.195000000100859552e+02 -2.602877504715087387e+00
6.200000000101180149e+02 -2.617580191141810619e+00
6.205000000101500746e+02 -2.622506581150543692e+00
6.210000000101821342e+02 -2.587750199917171923e+00
6.215000000102140802e+02 -2.452440460588687365e+00
6.220000000102461399e+02 -2.495235725609987298e+00
6.225000000102781996e+02 -2.698618557683816199e+00
6.230000000103102593e+02 -2.694701228685463690e+00
6.235000000103422053e+02 -2.702191819661689198e+00
6.240000000103742650e+02 -2.479487644589633444e+00
6.245000000104063247e+02 -2.469310454222977125e+00
6.250000000104383844e+02 -2.490152813371641738e+00
6.255000000104703304e+02 -2.367684211627687052e+00
6.260000000105023901e+02 -2.380951178217723729e+00
6.265000000105344498e+02 -2.517313423422782748e+00
6.270000000105665094e+02 -2.592816241673931543e+00
6.275000000105985691e+02 -2.498891321032349566e+00
6.280000000106305151e+02 -2.549103367814403942e+00
6.285000000106625748e+02 -2.434365378400791258e+00
6.290000000106946345e+02 -2.738527134150875231e+00
6.295000000107266942e+02 -2.603850396567975345e+00
6.300000000107586402e+02 -2.624596041541738423e+00
6.305000000107906999e+02 -2.647529256409806298e+00
6.310000000108227596e+02 -2.687688602484991751e+00
6.315000000108548193e+02 -2.733094448002801879e+00
6.320000000108867653e+02 -2.853184221072734061e+00
6.325000000109188250e+02 -2.748064672526237651e+00
6.330000000109508846e+02 -2.886167447520238571e+00
6.335000000109829443e+02 -2.717089552029853472e+00
6.340000000110148903e+02 -2.735857608973144117e+00
6.345000000110469500e+02 -2.478472473617017169e+00
6.350000000110790097e+02 -2.561886504700661593e+00
6.355000000111110694e+02 -2.699707342730423676e+00
6.360000000111430154e+02 -2.693302988731362646e+00
6.365000000111750751e+02 -2.908216717706724630e+00
6.370000000112071348e+02 -2.734450089139897511e+00
6.375000000112391945e+02 -2.625324336111368062e+00
6.380000000112712542e+02 -2.815474587201197032e+00
6.385000000113032002e+02 -2.840689057890389169e+00
6.390000000113352598e+02 -2.922874464619607870e+00
6.395000000113673195e+02 -2.822205743661136523e+00
6.400000000113993792e+02 -2.741968410235696929e+00
6.405000000114313252e+02 -2.694838588680076974e+00
6.410000000114633849e+02 -2.861637452278700700e+00
6.415000000114954446e+02 -2.778802911647251239e+00
6.420000000115275043e+02 -2.521901669786223099e+00
6.425000000115594503e+02 -2.637332793373299733e+00
6.430000000115915100e+02 -2.520953575863338347e+00
6.435000000116235697e+02 -2.541515451603407971e+00
6.440000000116556294e+02 -2.605311464905332830e+00
6.445000000116875754e+02 -2.816713319916682501e+00
6.450000000117196350e+02 -2.790679200972133511e+00
6.455000000117516947e+02 -2.445458360563092182e+00
6.460000000117837544e+02 -2.663469754783529098e+00
6.465000000118158141e+02 -2.536545885484341678e+00
6.470000000118477601e+02 -2.543770370733000608e+00
6.475000000118798198e+02 -2.395689884459052621e+00
6.480000000119118795e+02 -2.617586219577484830e+00
6.485000000119439392e+02 -3.000922196605835701e+00
6.490000000119758852e+02 -2.877908492252174710e+00
6.495000000120079449e+02 -2.708209227300553579e+00
6.500000000120400045e+02 -2.641358037590026520e+00
6.505000000120720642e+02 -2.523179467804008258e+00
6.510000000121040102e+02 -2.489959990034201542e+00
6.515000000121360699e+02 -2.574104834090649163e+00
6.520000000121681296e+02 -2.738393109766965150e+00
6.525000000122001893e+02 -2.673479190532087824e+00
6.530000000122321353e+02 -2.574848671035052217e+00
6.535000000122641950e+02 -2.666706739940185145e+00
6.540000000122962547e+02 -2.771830535950638108e+00
6.545000000123283144e+02 -2.827250236086064739e+00
6.550000000123603741e+02 -2.650847783493229581e+00
6.555000000123923201e+02 -2.757198971061802339e+00
6.560000000124243797e+02 -2.637048406327062722e+00
6.565000000124564394e+02 -2.692822484978067532e+00
6.570000000124884991e+02 -2.514296707424464206e+00
6.575000000125204451e+02 -2.556947235916007699e+00
6.580000000125525048e+02 -2.616149161648070987e+00
6.585000000125845645e+02 -2.621410659704860535e+00
6.590000000126166242e+02 -2.625865708226541528e+00
6.595000000126485702e+02 -2.531225974417135038e+00
6.600000000126806299e+02 -2.509524409824182456e+00
6.605000000127126896e+02 -2.297790703178184568e+00
6.610000000127447493e+02 -2.503213908213994809e+00
6.615000000127766953e+02 -2.520787192058462356e+00
6.620000000128087549e+02 -2.740361736712087382e+00
6.625000000128408146e+02 -2.639080766886151341e+00
6.630000000128728743e+02 -2.786785859754803418e+00
6.635000000129049340e+02 -2.802411809274476528e+00
6.640000000129368800e+02 -2.599307754510297830e+00
6.645000000129689397e+02 -2.461051638399988750e+00
6.650000000130009994e+02 -2.675396542986017145e+00
6.655000000130330591e+02 -2.550671574387408214e+00
6.660000000130650051e+02 -2.658428619266005821e+00
6.665000000130970648e+02 -2.646812550411043574e+00
6.670000000131291245e+02 -2.516828168947899957e+00
6.675000000131611841e+02 -2.815515180202416978e+00
6.680000000131931301e+02 -2.727930752181848106e+00
6.685000000132251898e+02 -2.601803098706793271e+00
6.690000000132572495e+02 -2.468396381176969800e+00
6.695000000132893092e+02 -2.360532799011374472e+00
6.700000000133212552e+02 -2.623867868589608410e+00
6.705000000133533149e+02 -2.793806197301765160e+00
6.710000000133853746e+02 -2.636324242390267081e+00
6.715000000134174343e+02 -2.872016338157973969e+00
6.720000000134494940e+02 -2.720859953747431170e+00
6.725000000134814400e+02 -2.552724664045956438e+00
6.730000000135134997e+02 -2.741297051901847581e+00
6.735000000135455593e+02 -2.388062127714220217e+00
6.740000000135776190e+02 -2.615497182215460015e+00
6.745000000136095650e+02 -2.647933138185272206e+00
6.750000000136416247e+02 -2.617453768571440076e+00
6.755000000136736844e+02 -2.660377687138146818e+00
6.760000000137057441e+02 -2.660136857868440341e+00
6.765000000137376901e+02 -2.627590906884881505e+00
6.770000000137697498e+02 -2.677893060788139490e+00
6.775000000138018095e+02 -2.411459672783556218e+00
6.780000000138338692e+02 -2.479910056560561848e+00
6.785000000138658152e+02 -2.547609796431701934e+00
6.790000000138978749e+02 -2.696679569143928035e+00
6.795000000139299345e+02 -2.607697191597627473e+00
6.800000000139619942e+02 -2.655824886329095413e+00
6.805000000139939402e+02 -2.665737073355581632e+00
6.810000000140259999e+02 -2.640141014482954684e+00
6.815000000140580596e+02 -2.806771223247455538e+00
6.820000000140901193e+02 -2.763352790670598580e+00
6.825000000141221790e+02 -2.887412199667471313e+00
6.830000000141541250e+02 -2.885497609237847261e+00
6.835000000141861847e+02 -2.655532796578849997e+00
6.840000000142182444e+02 -2.645361505017738590e+00
6.845000000142503040e+02 -2.583050878408895468e+00
6.850000000142822500e+02 -2.674488979784243714e+00
6.855000000143143097e+02 -2.294350594535283783e+00
6.860000000143463694e+02 -2.406621430248919502e+00
6.865000000143784291e+02 -2.498286973118835963e+00
6.870000000144103751e+02 -2.806306016571904038e+00
6.875000000144424348e+02 -2.571322839312572217e+00
6.880000000144744945e+02 -2.816857710771419665e+00
6.885000000145065542e+02 -2.615993989777722462e+00
6.890000000145385002e+02 -2.777124802369705492e+00
6.895000000145705599e+02 -2.506010983047211038e+00
6.900000000146026196e+02 -2.631119891488734819e+00
6.905000000146346792e+02 -2.706933474644447113e+00
6.910000000146667389e+02 -2.557229442346052206e+00
6.915000000146986849e+02 -2.712550090425839944e+00
6.920000000147307446e+02 -2.609373337572668650e+00
6.925000000147628043e+02 -2.595876832034109682e+00
6.930000000147948640e+02 -2.704830845835575204e+00
6.935000000148268100e+02 -2.927840289097443538e+00
6.940000000148588697e+02 -2.686031457689945334e+00
6.945000000148909294e+02 -2.627877795862319399e+00
6.950000000149229891e+02 -2.603688100243108483e+00
6.955000000149549351e+02 -2.575318099653877368e+00
6.960000000149869948e+02 -2.662771382558442035e+00
6.965000000150190544e+02 -2.562704768520973175e+00
6.970000000150511141e+02 -2.552859794281911121e+00
6.975000000150830601e+02 -2.477991595368344679e+00
6.980000000151151198e+02 -2.704372670183939231e+00
6.985000000151471795e+02 -2.674450795988382090e+00
6.990000000151792392e+02 -2.508473102527626342e+00
6.995000000152112989e+02 -2.423328072864876503e+00
7.000000000152432449e+02 -2.742207955662112173e+00
7.005000000152753046e+02 -2.639763696390563741e+00
7.010000000153073643e+02 -2.698575707443373162e+00
7.015000000153394240e+02 -2.638821968668477957e+00
7.020000000153713700e+02 -2.671954542011358402e+00
7.025000000154034296e+02 -2.570792510164307654e+00
7.030000000154354893e+02 -2.535683690605269547e+00
7.035000000154675490e+02 -2.718880331516386750e+00
7.040000000154994950e+02 -2.677506900864118577e+00
7.045000000155315547e+02 -2.592308831696808369e+00
7.050000000155636144e+02 -2.798228928649472813e+00
7.055000000155956741e+02 -2.689856706785842100e+00
7.060000000156276201e+02 -2.620570612041806857e+00
7.065000000156596798e+02 -2.518936181832717391e+00
7.070000000156917395e+02 -2.573069178180241501e+00
7.075000000157237992e+02 -2.637949372521913194e+00
7.080000000157558588e+02 -2.737978909820923068e+00
7.085000000157878048e+02 -2.669558523477342682e+00
7.090000000158198645e+02 -2.305317579556084073e+00
7.095000000158519242e+02 -2.336882564944233298e+00
7.100000000158839839e+02 -2.500470353199621520e+00
7.105000000159159299e+02 -2.456943458785197709e+00
7.110000000159479896e+02 -2.460915149386597278e+00
7.115000000159800493e+02 -2.415786206883102860e+00
7.120000000160121090e+02 -2.539387623713165620e+00
7.125000000160440550e+02 -2.603989443796050463e+00
7.130000000160761147e+02 -2.849792383273638485e+00
7.135000000161081743e+02 -2.801469727587158065e+00
7.140000000161402340e+02 -2.603725343145133930e+00
7.145000000161721800e+02 -2.732827662472038455e+00
7.150000000162042397e+02 -2.552404502210958714e+00
7.155000000162362994e+02 -2.729161980134660492e+00
7.160000000162683591e+02 -2.439976082153025860e+00
7.165000000163003051e+02 -2.704944444181876850e+00
7.170000000163323648e+02 -2.706761650648667583e+00
7.175000000163644245e+02 -2.870724769023728307e+00
7.180000000163964842e+02 -2.754652356351031894e+00
7.185000000164285439e+02 -2.743925015056268180e+00
7.190000000164604899e+02 -2.826735260248260939e+00
7.195000000164925495e+02 -2.722417849708552495e+00
7.200000000165246092e+02 -2.527207958212417616e+00
7.205000000165566689e+02 -2.383461157375012185e+00
7.210000000165886149e+02 -2.794215527217236428e+00
7.215000000166206746e+02 -2.925073756635740541e+00
7.220000000166527343e+02 -2.592932452371478291e+00
7.225000000166847940e+02 -2.555492672052201097e+00
7.230000000167167400e+02 -2.950909199645252112e+00
7.235000000167487997e+02 -2.804806608027655024e+00
7.240000000167808594e+02 -2.684209780926590128e+00
7.245000000168129191e+02 -2.619735230059192954e+00
7.250000000168448651e+02 -2.684978778961190304e+00
7.255000000168769247e+02 -2.504418613524082460e+00
7.260000000169089844e+02 -2.533807201302809453e+00
7.265000000169410441e+02 -2.485047789692877984e+00
7.270000000169731038e+02 -2.511024505877662349e+00
7.275000000170050498e+02 -2.649026747775815149e+00
7.280000000170371095e+02 -2.719528066181825299e+00
7.285000000170691692e+02 -2.877535804147714149e+00
7.290000000171012289e+02 -2.616959019831949895e+00
7.295000000171331749e+02 -2.592247807415023697e+00
7.300000000171652346e+02 -2.668032225767239751e+00
7.305000000171972943e+02 -2.764198012937573612e+00
7.310000000172293539e+02 -2.392600237393578855e+00
7.315000000172612999e+02 -2.435653427607182842e+00
7.320000000172933596e+02 -2.476992536509366349e+00
7.325000000173254193e+02 -2.637405036819801651e+00
7.330000000173574790e+02 -2.640173415278751268e+00
7.335000000173894250e+02 -2.657932836452975955e+00
7.340000000174214847e+02 -2.453361425488572944e+00
7.345000000174535444e+02 -2.639996673013339734e+00
7.350000000174856041e+02 -2.636282148574019324e+00
7.355000000175176638e+02 -2.580630904939506642e+00
7.360000000175496098e+02 -2.771609319699491980e+00
7.365000000175816695e+02 -2.685070586778829149e+00
7.370000000176137291e+02 -2.720107704193557741e+00
7.375000000176457888e+02 -2.650563480382515102e+00
7.380000000176777348e+02 -2.380428439768774940e+00
7.385000000177097945e+02 -2.513761314750450282e+00
7.390000000177418542e+02 -2.447399444323542284e+00
7.395000000177739139e+02 -2.302898025411098004e+00
7.400000000178058599e+02 -2.548179891210858194e+00
7.405000000178379196e+02 -2.527724566370510573e+00
7.410000000178699793e+02 -2.559926407485730415e+00
7.415000000179020390e+02 -2.630665218689536733e+00
7.420000000179339850e+02 -2.705819555454173297e+00
7.425000000179660447e+02 -2.662312683518363254e+00
7.430000000179981043e+02 -2.625812965569382040e+00
7.435000000180301640e+02 -2.801992446199234710e+00
7.440000000180622237e+02 -2.745413468062400053e+00
7.445000000180941697e+02 -2.452187678084249534e+00
7.450000000181262294e+02 -2.432759310215128590e+00
7.455000000181582891e+02 -2.528280951949738675e+00
7.460000000181903488e+02 -2.537209967354794760e+00
7.465000000182222948e+02 -2.468001102802701130e+00
7.470000000182543545e+02 -2.756909883994842936e+00
7.475000000182864142e+02 -2.843355877750858962e+00
7.480000000183184738e+02 -2.746179511579811550e+00
7.485000000183504199e+02 -2.506662379047686073e+00
7.490000000183824795e+02 -2.679019381867507210e+00
7.495000000184145392e+02 -2.713853090807465840e+00
7.500000000184465989e+02 -2.778570792481561025e+00
7.505000000184785449e+02 -2.845103671155562619e+00
7.510000000185106046e+02 -2.638881737670433214e+00
7.515000000185426643e+02 -2.617672440495152575e+00
7.520000000185747240e+02 -2.662446738412872271e+00
7.525000000186067837e+02 -2.387588875458126481e+00
7.530000000186387297e+02 -2.422132273509920886e+00
7.535000000186707894e+02 -2.530825087097719805e+00
7.540000000187028490e+02 -2.404910440901535384e+00
7.545000000187349087e+02 -2.486249084804182718e+00
7.550000000187668547e+02 -2.680186949504704153e+00
7.555000000187989144e+02 -2.729171120328901523e+00
7.560000000188309741e+02 -2.418062282070787994e+00
7.565000000188630338e+02 -2.734804721131447014e+00
7.570000000188949798e+02 -2.442037641132500880e+00
7.575000000189270395e+02 -2.419310853735980427e+00
7.580000000189590992e+02 -2.525140761492428165e+00
7.585000000189911589e+02 -2.643968438230054563e+00
7.590000000190231049e+02 -2.662594073382898774e+00
7.595000000190551646e+02 -2.510555365938984096e+00
7.600000000190872242e+02 -2.534120300995698294e+00
7.605000000191192839e+02 -2.619417444882749635e+00
7.610000000191512299e+02 -2.713424016663897653e+00
7.615000000191832896e+02 -2.901541728471946691e+00
7.620000000192153493e+02 -2.733840064335252062e+00
7.625000000192474090e+02 -2.886044802886057248e+00
7.630000000192794687e+02 -2.687101730154670243e+00
7.635000000193114147e+02 -2.675428724699571603e+00
7.640000000193434744e+02 -2.643594029463084194e+00
7.645000000193755341e+02 -2.453210022188407002e+00
7.650000000194075938e+02 -2.638084681268635379e+00
7.655000000194395398e+02 -2.815512422422444150e+00
7.660000000194715994e+02 -2.662227913546985736e+00
7.665000000195036591e+02 -2.580224034500063102e+00
7.670000000195357188e+02 -2.468406330268721582e+00
7.675000000195676648e+02 -2.543086842131542014e+00
7.680000000195997245e+02 -2.549790795463544590e+00
7.685000000196317842e+02 -2.760560110587559457e+00
7.690000000196638439e+02 -2.787633946205104518e+00
7.695000000196957899e+02 -2.946414222943336103e+00
7.700000000197278496e+02 -2.999714382039377014e+00
7.705000000197599093e+02 -2.910752944790090169e+00
7.710000000197919690e+02 -2.762172675038111702e+00
7.715000000198240286e+02 -2.475289807264909214e+00
7.720000000198559746e+02 -2.716893180867514079e+00
7.725000000198880343e+02 -2.426787868071775822e+00
7.730000000199200940e+02 -2.643893296325651399e+00
7.735000000199521537e+02 -2.606572753864802916e+00
7.740000000199840997e+02 -2.692423675715669873e+00
7.745000000200161594e+02 -2.797475569033817333e+00
7.750000000200482191e+02 -2.841869559685148428e+00
7.755000000200802788e+02 -2.804594212219312599e+00
7.760000000201122248e+02 -2.667348561069046387e+00
7.765000000201442845e+02 -2.673393834006509096e+00
7.770000000201763442e+02 -2.625501285043239541e+00
7.775000000202084038e+02 -2.572303341622232065e+00
7.780000000202403498e+02 -2.426119345346596567e+00
7.785000000202724095e+02 -2.623384950033588403e+00
7.790000000203044692e+02 -2.383026898152490691e+00
7.795000000203365289e+02 -2.405866588695785069e+00
7.800000000203685886e+02 -2.498637724730558674e+00
7.805000000204005346e+02 -2.466007195063033119e+00
7.810000000204325943e+02 -2.371278440635613105e+00
7.815000000204646540e+02 -2.579387196629348455e+00
7.820000000204967137e+02 -2.487731260795866817e+00
7.825000000205286597e+02 -2.708716516637837746e+00
7.830000000205607193e+02 -2.442076785308142206e+00
7.835000000205927790e+02 -2.655433057876745551e+00
7.840000000206248387e+02 -2.903837428253563502e+00
7.845000000206567847e+02 -2.789677002026021313e+00
7.850000000206888444e+02 -2.737218386756650634e+00
7.855000000207209041e+02 -2.459208802402194305e+00
7.860000000207529638e+02 -2.514104845223176454e+00
7.865000000207849098e+02 -2.578821728187428164e+00
7.870000000208169695e+02 -2.513055567722150219e+00
7.875000000208490292e+02 -2.813826832066086414e+00
7.880000000208810889e+02 -2.740542218719436818e+00
7.885000000209131485e+02 -2.622991396535365283e+00
7.890000000209450945e+02 -2.599648328863874092e+00
7.895000000209771542e+02 -2.740254425880366718e+00
7.900000000210092139e+02 -2.636973064970230762e+00
7.905000000210412736e+02 -2.596624670155343928e+00
7.910000000210732196e+02 -2.595344443845166271e+00
7.915000000211052793e+02 -2.589277751531483762e+00
7.920000000211373390e+02 -2.661118084675050621e+00
7.925000000211693987e+02 -2.699314131887744050e+00
7.930000000212013447e+02 -2.793938330749562216e+00
7.935000000212334044e+02 -2.799110051074230388e+00
7.940000000212654641e+02 -2.719590393449018428e+00
7.945000000212975237e+02 -2.585506377050683202e+00
7.950000000213294697e+02 -2.761803439779705993e+00
7.955000000213615294e+02 -2.648118719462750459e+00
7.960000000213935891e+02 -2.705879034396119209e+00
7.965000000214256488e+02 -2.657787377204149148e+00
7.970000000214577085e+02 -2.769850467711505004e+00
7.975000000214896545e+02 -2.465948772460883287e+00
7.980000000215217142e+02 -2.638984767511333374e+00
7.985000000215537739e+02 -2.589184994419190478e+00
7.990000000215858336e+02 -2.771596906958661233e+00
7.995000000216177796e+02 -2.711809499802670498e+00
8.000000000216498393e+02 -2.707442189065045746e+00
8.005000000216818989e+02 -2.737440826119482917e+00
8.010000000217139586e+02 -2.528285428534297274e+00
8.015000000217459046e+02 -2.581148958211989974e+00
8.020000000217779643e+02 -2.504562039759097747e+00
8.025000000218100240e+02 -2.644914842440821534e+00
8.030000000218420837e+02 -2.639955857850357912e+00
8.035000000218740297e+02 -2.835716625852608086e+00
8.040000000219060894e+02 -2.578906608726613925e+00
8.045000000219381491e+02 -2.571236002991363456e+00
8.050000000219702088e+02 -2.642378582380124463e+00
8.055000000220021548e+02 -2.744483894169186922e+00
8.060000000220342145e+02 -2.514283512999568426e+00
8.065000000220662741e+02 -2.511400032178399133e+00
8.070000000220983338e+02 -2.505592029576140245e+00
8.075000000221303935e+02 -2.594791420945032456e+00
8.080000000221623395e+02 -2.453260118526525257e+00
8.085000000221943992e+02 -2.547363316079474416e+00
8.090000000222264589e+02 -2.627996445949271287e+00
8.095000000222585186e+02 -2.478124098309950174e+00
8.100000000222904646e+02 -2.762421981370005053e+00
8.105000000223225243e+02 -2.676623397185763586e+00
8.110000000223545840e+02 -2.674035673484729259e+00
8.115000000223866436e+02 -2.763077413710259389e+00
8.120000000224185897e+02 -2.801756806182938320e+00
8.125000000224506493e+02 -2.630155967104018000e+00
8.130000000224827090e+02 -2.748922032282340666e+00
8.135000000225147687e+02 -2.629628442871730254e+00
8.140000000225467147e+02 -2.596038140929927795e+00
8.145000000225787744e+02 -2.615944181638992561e+00
8.150000000226108341e+02 -2.752542337362793745e+00
8.155000000226428938e+02 -2.567320873270293902e+00
8.160000000226749535e+02 -2.717988198457611304e+00
8.165000000227068995e+02 -2.714664136090012114e+00
8.170000000227389592e+02 -2.644904462040558180e+00
8.175000000227710188e+02 -2.651956403043337573e+00
8.180000000228030785e+02 -2.788903731343195247e+00
8.185000000228350245e+02 -2.547516892627371909e+00
8.190000000228670842e+02 -2.474693630084685125e+00
8.195000000228991439e+02 -2.346892790518976923e+00
8.200000000229312036e+02 -2.387254360093860495e+00
8.205000000229631496e+02 -2.258622269551409545e+00
8.210000000229952093e+02 -2.641835730310156283e+00
8.215000000230272690e+02 -2.491420570075048690e+00
8.220000000230593287e+02 -2.712387486192168851e+00
8.225000000230912747e+02 -2.512581574796344697e+00
8.230000000231233344e+02 -2.546761392497997267e+00
8.235000000231553940e+02 -2.775755547052744188e+00
8.240000000231874537e+02 -2.621819855021506385e+00
8.245000000232195134e+02 -2.629408305168012383e+00
8.250000000232514594e+02 -2.473625013729452427e+00
8.255000000232835191e+02 -2.535464615980295822e+00
8.260000000233155788e+02 -2.649627023351174060e+00
8.265000000233476385e+02 -2.478418688472295628e+00
8.270000000233795845e+02 -2.625102033690550840e+00
8.275000000234116442e+02 -2.614949582025917429e+00
8.280000000234437039e+02 -2.523802819729781266e+00
8.285000000234757636e+02 -2.529400819312895177e+00
8.290000000235077096e+02 -2.745189823153342701e+00
8.295000000235397692e+02 -2.874293783170779548e+00
8.300000000235718289e+02 -2.945945049732577647e+00
8.305000000236038886e+02 -2.684417215180448846e+00
8.310000000236358346e+02 -2.581002952148370611e+00
8.315000000236678943e+02 -2.684123367112877023e+00
8.320000000236999540e+02 -2.568518746031477118e+00
8.325000000237320137e+02 -2.649684937350983205e+00
8.330000000237640734e+02 -2.542698572807970070e+00
8.335000000237960194e+02 -2.595734049518750641e+00
8.340000000238280791e+02 -2.438230837582172850e+00
8.345000000238601388e+02 -2.624845200915388421e+00
8.350000000238921984e+02 -2.608461228906965967e+00
8.355000000239241444e+02 -2.353756057716435812e+00
8.360000000239562041e+02 -2.388930081064961630e+00
8.365000000239882638e+02 -2.564900591011586517e+00
8.370000000240203235e+02 -2.553725962092345814e+00
8.375000000240522695e+02 -2.691076388417382503e+00
8.380000000240843292e+02 -2.613058566966243834e+00
8.385000000241163889e+02 -2.679051173412703157e+00
8.390000000241484486e+02 -2.496149192655847671e+00
8.395000000241803946e+02 -2.540208360555639366e+00
8.400000000242124543e+02 -2.558783941589847899e+00
8.405000000242445140e+02 -2.300525861796812510e+00
8.410000000242765736e+02 -2.429546794248144792e+00
8.415000000243086333e+02 -2.339264018653450350e+00
8.420000000243405793e+02 -2.362755008475230234e+00
8.425000000243726390e+02 -2.332588199177363375e+00
8.430000000244046987e+02 -2.459386729486738421e+00
8.435000000244367584e+02 -2.326583640244821893e+00
8.440000000244687044e+02 -2.590289482394544152e+00
8.445000000245007641e+02 -2.682220546349900925e+00
8.450000000245328238e+02 -2.587698650702798808e+00
8.455000000245648835e+02 -2.616745308886386123e+00
8.460000000245968295e+02 -2.560342900505653052e+00
8.465000000246288892e+02 -2.814077591680141932e+00
8.470000000246609488e+02 -2.586572774436965982e+00
8.475000000246930085e+02 -2.620196867504381633e+00
8.480000000247249545e+02 -2.772510013121067374e+00
8.485000000247570142e+02 -2.700652048059488664e+00
8.490000000247890739e+02 -2.608810304950221148e+00
8.495000000248211336e+02 -2.624433652411700901e+00
8.500000000248530796e+02 -2.492684158226081248e+00
8.505000000248851393e+02 -2.652811199597682190e+00
8.510000000249171990e+02 -2.676962867168118265e+00
8.515000000249492587e+02 -2.495639332815519751e+00
8.520000000249813183e+02 -2.739967007605625060e+00
8.525000000250132643e+02 -2.740383438990670939e+00
8.530000000250453240e+02 -2.513367675677161905e+00
8.535000000250773837e+02 -2.579728349240149488e+00
8.540000000251094434e+02 -2.735398602707451499e+00
8.545000000251413894e+02 -2.627508710459528718e+00
8.550000000251734491e+02 -2.969395219901705296e+00
8.555000000252055088e+02 -2.775605856206729616e+00
8.560000000252375685e+02 -2.834968537699717572e+00
8.565000000252695145e+02 -2.850431756776546699e+00
8.570000000253015742e+02 -2.643377379041713215e+00
8.575000000253336339e+02 -2.760559846087571323e+00
8.580000000253656935e+02 -2.868901665351667241e+00
8.585000000253976395e+02 -2.900996665676142783e+00
8.590000000254296992e+02 -2.858919096570472718e+00
8.595000000254617589e+02 -2.372755929849360790e+00
8.600000000254938186e+02 -2.388229487390190808e+00
8.605000000255258783e+02 -2.315962621902539098e+00
8.610000000255578243e+02 -2.381926331176965395e+00
8.615000000255898840e+02 -2.608054090573967976e+00
8.620000000256219437e+02 -2.552103947658532768e+00
8.625000000256540034e+02 -2.804818810348274294e+00
8.630000000256859494e+02 -2.720885327570482737e+00
8.635000000257180091e+02 -2.599110610350380490e+00
8.640000000257500687e+02 -2.555778745025341969e+00
8.645000000257821284e+02 -2.565791653063437927e+00
8.650000000258140744e+02 -2.639944056239761583e+00
8.655000000258461341e+02 -2.686308404874915290e+00
8.660000000258781938e+02 -2.723261549621555755e+00
8.665000000259102535e+02 -2.928116731861082567e+00
8.670000000259421995e+02 -2.852151076455491374e+00
8.675000000259742592e+02 -2.692046570765079139e+00
8.680000000260063189e+02 -2.513621802628084545e+00
8.685000000260383786e+02 -2.655888290515138195e+00
8.690000000260704383e+02 -2.742714258827182672e+00
8.695000000261023843e+02 -2.666391705674245660e+00
8.700000000261344439e+02 -2.672436051463138895e+00
8.705000000261665036e+02 -2.698595346618454460e+00
8.710000000261985633e+02 -2.746970672843274119e+00
8.715000000262305093e+02 -2.576110806484245508e+00
8.720000000262625690e+02 -2.303649732927711025e+00
8.725000000262946287e+02 -2.645606929413506947e+00
8.730000000263266884e+02 -2.552989735758974810e+00
8.735000000263586344e+02 -2.753708007600833341e+00
8.740000000263906941e+02 -2.888354716830203728e+00
8.745000000264227538e+02 -2.513137636343184322e+00
8.750000000264548135e+02 -2.515583018642794322e+00
8.755000000264867595e+02 -2.548286233524958533e+00
8.760000000265188191e+02 -2.744512118980757975e+00
8.765000000265508788e+02 -2.662534057653706654e+00
8.770000000265829385e+02 -2.560824163189831637e+00
8.775000000266149982e+02 -2.640233623302402410e+00
8.780000000266469442e+02 -2.663971272665486723e+00
8.785000000266790039e+02 -2.715234201947740456e+00
8.790000000267110636e+02 -2.602437393611168659e+00
8.795000000267431233e+02 -2.586059508557554842e+00
8.800000000267750693e+02 -2.715721932329847377e+00
8.805000000268071290e+02 -2.418655596399389651e+00
8.810000000268391886e+02 -2.761346293194130830e+00
8.815000000268712483e+02 -2.525205368142553919e+00
8.820000000269031943e+02 -2.561711001310289948e+00
8.825000000269352540e+02 -2.645082997178462847e+00
8.830000000269673137e+02 -2.647396182324771807e+00
8.835000000269993734e+02 -2.498059437631072743e+00
8.840000000270313194e+02 -2.407006499691342505e+00
8.845000000270633791e+02 -2.577161961434282222e+00
8.850000000270954388e+02 -2.750483590890242969e+00
8.855000000271274985e+02 -2.712994038910786276e+00
8.860000000271595582e+02 -2.713582041407803125e+00
8.865000000271915042e+02 -2.328611836617783037e+00
8.870000000272235638e+02 -2.747107434170211082e+00
8.875000000272556235e+02 -2.738018855018972353e+00
8.880000000272876832e+02 -2.715859865380608973e+00
8.885000000273196292e+02 -2.643909047790768074e+00
8.890000000273516889e+02 -2.577330413906299356e+00
8.895000000273837486e+02 -2.604165250029114365e+00
8.900000000274158083e+02 -2.488204599113497562e+00
8.905000000274477543e+02 -2.741392575897128037e+00
8.910000000274798140e+02 -2.668225113965103201e+00
8.915000000275118737e+02 -2.673177873762618617e+00
8.920000000275439334e+02 -2.524702657460959010e+00
8.925000000275758794e+02 -2.441944313156395818e+00
8.930000000276079390e+02 -2.496690129635787514e+00
8.935000000276399987e+02 -2.448459843206066466e+00
8.940000000276720584e+02 -2.603116835612442337e+00
8.945000000277040044e+02 -2.673568066131083665e+00
8.950000000277360641e+02 -2.776357254914099126e+00
8.955000000277681238e+02 -2.621717916892479572e+00
8.960000000278001835e+02 -2.593245448391569674e+00
8.965000000278322432e+02 -2.491383503621130924e+00
8.970000000278641892e+02 -2.462714887102738004e+00
8.975000000278962489e+02 -2.513311053551545271e+00
8.980000000279283086e+02 -2.398197760131674183e+00
8.985000000279603682e+02 -2.347812526976748249e+00
8.990000000279923142e+02 -2.522164500730615710e+00
8.995000000280243739e+02 -2.492323667025571954e+00
9.000000000280564336e+02 -2.694348308458292429e+00
9.005000000280884933e+02 -2.545852957536081540e+00
9.010000000281204393e+02 -2.681443362786498863e+00
9.015000000281524990e+02 -2.564871297302694586e+00
9.020000000281845587e+02 -2.619008416133305150e+00
9.025000000282166184e+02 -2.850689496985132632e+00
9.030000000282485644e+02 -2.582585032559834293e+00
9.035000000282806241e+02 -2.621064095767708935e+00
9.040000000283126838e+02 -2.640774300465388524e+00
9.045000000283447434e+02 -2.661803415256012606e+00
9.050000000283768031e+02 -2.568700677382009356e+00
9.055000000284087491e+02 -2.609672027265935057e+00
9.060000000284408088e+02 -2.681177135843174852e+00
9.065000000284728685e+02 -2.803462543561906717e+00
9.070000000285049282e+02 -2.855885798511739182e+00
9.075000000285368742e+02 -2.467256885204597960e+00
9.080000000285689339e+02 -2.716484102704459946e+00
9.085000000286009936e+02 -2.734862437699633997e+00
9.090000000286330533e+02 -2.705033163110122540e+00
9.095000000286649993e+02 -2.538287603267915138e+00
9.100000000286970590e+02 -2.523623970750013878e+00
9.105000000287291186e+02 -2.852534836623592973e+00
9.110000000287611783e+02 -2.770136473315419234e+00
9.115000000287931243e+02 -2.687479980222342135e+00
9.120000000288251840e+02 -2.680199580544032845e+00
9.125000000288572437e+02 -2.553856574593547979e+00
9.130000000288893034e+02 -2.593789181649015951e+00
9.135000000289213631e+02 -2.758577526623336773e+00
9.140000000289533091e+02 -2.913525070389211713e+00
9.145000000289853688e+02 -2.650727083427351527e+00
9.150000000290174285e+02 -2.468425155039752905e+00
9.155000000290494881e+02 -2.455819131853841597e+00
9.160000000290814341e+02 -2.769674877234590049e+00
9.165000000291134938e+02 -2.664769002062165715e+00
9.170000000291455535e+02 -2.439572861942619131e+00
9.175000000291776132e+02 -2.728622801448744806e+00
9.180000000292095592e+02 -2.566779559189696691e+00
9.185000000292416189e+02 -2.426965157160963393e+00
9.190000000292736786e+02 -2.621402538081164746e+00
9.195000000293057383e+02 -2.617810954566641257e+00
9.200000000293376843e+02 -2.629098869067503230e+00
9.205000000293697440e+02 -2.589663203909121414e+00
9.210000000294018037e+02 -2.778220339789675641e+00
9.215000000294338633e+02 -2.660572721893146309e+00
9.220000000294659230e+02 -2.489389389553140042e+00
9.225000000294978690e+02 -2.877716506447305811e+00
9.230000000295299287e+02 -2.799292146908551437e+00
9.235000000295619884e+02 -2.701418924609476413e+00
9.240000000295940481e+02 -2.563495842640405531e+00
9.245000000296259941e+02 -2.507954206253415030e+00
9.250000000296580538e+02 -2.666666871767416680e+00
9.255000000296901135e+02 -2.493810355707263948e+00
9.260000000297221732e+02 -2.796093368997955242e+00
9.265000000297541192e+02 -2.728919581954214468e+00
9.270000000297861789e+02 -2.565332635448848375e+00
9.275000000298182385e+02 -2.543640645460162109e+00
9.280000000298502982e+02 -2.472934535226139818e+00
9.285000000298822442e+02 -2.597026356476004327e+00
9.290000000299143039e+02 -2.594330816580368460e+00
9.295000000299463636e+02 -2.456902112966766083e+00
9.300000000299784233e+02 -2.797067249960321522e+00
9.305000000300104830e+02 -2.647142288947944788e+00
9.310000000300424290e+02 -2.648488877218280635e+00
9.315000000300744887e+02 -2.698217058272786684e+00
9.320000000301065484e+02 -2.485637647731195887e+00
9.325000000301386081e+02 -2.601303724136069473e+00
9.330000000301705541e+02 -2.714262189209090348e+00
9.335000000302026137e+02 -2.747513664901377162e+00
9.340000000302346734e+02 -2.530483564393749774e+00
9.345000000302667331e+02 -2.541876647322088623e+00
9.350000000302986791e+02 -2.722622871881580586e+00
9.355000000303307388e+02 -2.602401122932318067e+00
9.360000000303627985e+02 -2.518378263364285274e+00
9.365000000303948582e+02 -2.691624673887233143e+00
9.370000000304268042e+02 -2.687433058136789121e+00
9.375000000304588639e+02 -2.616380857911983604e+00
9.380000000304909236e+02 -2.473091306607964945e+00
9.385000000305229833e+02 -2.650251979114893519e+00
9.390000000305549293e+02 -2.641845353390145146e+00
9.395000000305869889e+02 -2.731197655259826718e+00
9.400000000306190486e+02 -2.648737588317902958e+00
9.405000000306511083e+02 -2.694965065719565622e+00
9.410000000306831680e+02 -2.714857762929866691e+00
9.415000000307151140e+02 -2.822635915800139728e+00
9.420000000307471737e+02 -2.751673753061717242e+00
9.425000000307792334e+02 -2.885858181456048221e+00
9.430000000308112931e+02 -2.870702631018842155e+00
9.435000000308432391e+02 -2.654329247496376887e+00
9.440000000308752988e+02 -2.617508849921105885e+00
9.445000000309073585e+02 -2.813494125251967848e+00
9.450000000309394181e+02 -2.648609552030459113e+00
9.455000000309713641e+02 -2.603999834421030890e+00
9.460000000310034238e+02 -2.798649602174704931e+00
9.465000000310354835e+02 -2.905101936013902986e+00
9.470000000310675432e+02 -2.637585235056047139e+00
9.475000000310994892e+02 -2.644830260670472999e+00
9.480000000311315489e+02 -2.782550761820167029e+00
9.485000000311636086e+02 -2.760171904296646161e+00
9.490000000311956683e+02 -2.795260399918146010e+00
9.495000000312277280e+02 -2.768563923371871738e+00
9.500000000312596740e+02 -2.308154582204296368e+00
9.505000000312917336e+02 -2.447474272604982737e+00
9.510000000313237933e+02 -2.643385762780241954e+00
9.515000000313558530e+02 -2.545042423608662840e+00
9.520000000313877990e+02 -2.709603036226872597e+00
9.525000000314198587e+02 -2.614161194773664931e+00
9.530000000314519184e+02 -2.657384096515367666e+00
9.535000000314839781e+02 -2.661499581712518658e+00
9.540000000315159241e+02 -2.617538660325472222e+00
9.545000000315479838e+02 -2.654221429081623285e+00
9.550000000315800435e+02 -2.321869084289297280e+00
9.555000000316121032e+02 -2.494035676872587537e+00
9.560000000316440492e+02 -2.611884974568166484e+00
9.565000000316761088e+02 -2.796042278436298822e+00
9.570000000317081685e+02 -2.510815698669603080e+00
9.575000000317402282e+02 -2.743898037405161361e+00
9.580000000317722879e+02 -2.599036270998743348e+00
9.585000000318042339e+02 -2.549752908721456102e+00
9.590000000318362936e+02 -2.637120374070433648e+00
9.595000000318683533e+02 -2.442463079647369195e+00
9.600000000319004130e+02 -2.404303115288192405e+00
9.605000000319323590e+02 -2.426955435965357566e+00
9.610000000319644187e+02 -2.574669467486114360e+00
9.615000000319964784e+02 -2.748232982448131079e+00
9.620000000320285380e+02 -2.488885147196360670e+00
9.625000000320604840e+02 -2.641245777820923291e+00
9.630000000320925437e+02 -2.527823869371508270e+00
9.635000000321246034e+02 -2.690471036972211127e+00
9.640000000321566631e+02 -2.684681721907213436e+00
9.645000000321886091e+02 -2.765279148933852849e+00
9.650000000322206688e+02 -2.735719614967463187e+00
9.655000000322527285e+02 -2.474758638956023660e+00
9.660000000322847882e+02 -2.515330245834525247e+00
9.665000000323168479e+02 -2.596296370493778927e+00
9.670000000323487939e+02 -2.399725263922806828e+00
9.675000000323808536e+02 -2.554474713832603605e+00
9.680000000324129132e+02 -2.422713200728109140e+00
9.685000000324449729e+02 -2.450513686710106942e+00
9.690000000324769189e+02 -2.601916257835060975e+00
9.695000000325089786e+02 -2.567616051616403272e+00
9.700000000325410383e+02 -2.817294301959587965e+00
9.705000000325730980e+02 -2.833459034511481178e+00
9.710000000326050440e+02 -2.705913189642984662e+00
9.715000000326371037e+02 -2.675562208585249291e+00
9.720000000326691634e+02 -2.682097960969044070e+00
9.725000000327012231e+02 -2.769773606190294224e+00
9.730000000327331691e+02 -2.605717563654357249e+00
9.735000000327652288e+02 -2.490400694097164802e+00
9.740000000327972884e+02 -2.548962226385477869e+00
9.745000000328293481e+02 -2.524770470277748924e+00
9.750000000328614078e+02 -2.445169841461032778e+00
9.755000000328933538e+02 -2.391362593433905559e+00
9.760000000329254135e+02 -2.590026043094130870e+00
9.765000000329574732e+02 -2.502101291496792168e+00
9.770000000329895329e+02 -2.632448442396972510e+00
9.775000000330214789e+02 -2.574289968888641145e+00
9.780000000330535386e+02 -2.655115086677080960e+00
9.785000000330855983e+02 -2.652540896074929933e+00
9.790000000331176579e+02 -2.664496308140009706e+00
9.795000000331496040e+02 -2.730351606642287710e+00
9.800000000331816636e+02 -2.757255968366739474e+00
9.805000000332137233e+02 -2.672600557930637777e+00
9.810000000332457830e+02 -2.914021772571218527e+00
9.815000000332777290e+02 -2.917687444299326138e+00
9.820000000333097887e+02 -2.714412087944999552e+00
9.825000000333418484e+02 -2.936469369270794605e+00
9.830000000333739081e+02 -2.785240447908715389e+00
9.835000000334058541e+02 -2.808029029210136862e+00
9.840000000334379138e+02 -2.771867070807186639e+00
9.845000000334699735e+02 -2.763488024718587788e+00
9.850000000335020331e+02 -2.499413732692246537e+00
9.855000000335340928e+02 -2.631447782718937312e+00
9.860000000335660388e+02 -2.638937319706320839e+00
9.865000000335980985e+02 -2.556231111637764730e+00
9.870000000336301582e+02 -2.688551862297982264e+00
9.875000000336622179e+02 -2.770200697335713613e+00
9.880000000336941639e+02 -2.767486700981660164e+00
9.885000000337262236e+02 -2.523519530878981065e+00
9.890000000337582833e+02 -2.633293876796480859e+00
9.895000000337903430e+02 -2.693479106967969994e+00
9.900000000338222890e+02 -2.704103226841160001e+00
9.905000000338543487e+02 -2.696745891251403737e+00
9.910000000338864083e+02 -2.823448420489361510e+00
9.915000000339184680e+02 -2.791649075539731850e+00
9.920000000339504140e+02 -2.831981918323691172e+00
9.925000000339824737e+02 -2.772627065507449196e+00
9.930000000340145334e+02 -2.256537671690868052e+00
9.935000000340465931e+02 -2.384028473330265019e+00
9.940000000340786528e+02 -2.325599548129399174e+00
9.945000000341105988e+02 -2.625076966958287183e+00
9.950000000341426585e+02 -2.824326551492154724e+00
9.955000000341747182e+02 -2.805740566030912930e+00
9.960000000342067779e+02 -2.811346145287385578e+00
9.965000000342387239e+02 -2.729006171286636917e+00
9.970000000342707835e+02 -2.692916990944739464e+00
9.975000000343028432e+02 -2.818798599997576204e+00
9.980000000343349029e+02 -2.713542133868797279e+00
9.985000000343668489e+02 -2.724236005271445382e+00
9.990000000343989086e+02 -2.733169411942566462e+00
9.995000000344309683e+02 -2.584455385697656205e+00
1.000000000034463028e+03 -2.441943554293873220e+00
