# Time (ps)	CV (angstrom)
9.999999999975766229e+01 -3.862140518919248144e+00
1.004999999997559001e+02 -3.675045688054570991e+00
1.009999999997541380e+02 -4.067971968574924269e+00
1.014999999997533990e+02 -3.901953701151492648e+00
1.019999999997629061e+02 -4.222123440416599927e+00
1.024999999997724132e+02 -3.860727568709736435e+00
1.029999999997819060e+02 -3.949158400277073433e+00
1.034999999997914131e+02 -3.835265283964351291e+00
1.039999999998009201e+02 -3.797569533036789569e+00
1.044999999998104272e+02 -3.891801557350305085e+00
1.049999999998199343e+02 -3.807763452534144832e+00
1.054999999998294413e+02 -4.477864251873879375e+00
1.059999999998389484e+02 -3.401380106154455962e+00
1.064999999998484554e+02 -3.991406997293402981e+00
1.069999999998579483e+02 -4.151350260463784636e+00
1.074999999998674554e+02 -3.923315634451960410e+00
1.079999999998769624e+02 -4.087549024239274686e+00
1.084999999998864695e+02 -3.961988221816033384e+00
1.089999999998959765e+02 -3.522798011960119435e+00
1.094999999999054836e+02 -4.372550065640683492e+00
1.099999999999149907e+02 -3.851600013913954346e+00
1.104999999999244977e+02 -3.614958090077511788e+00
1.109999999999339906e+02 -4.060411886280712146e+00
1.114999999999434976e+02 -3.373354376282339473e+00
1.119999999999530047e+02 -3.696116548262736501e+00
1.124999999999625118e+02 -4.355547883585090929e+00
1.129999999999720188e+02 -3.679924197625279003e+00
1.134999999999815259e+02 -3.567855347071874572e+00
1.139999999999910330e+02 -3.513141625764994114e+00
1.145000000000005400e+02 -3.982595741273652568e+00
1.150000000000100329e+02 -3.810626275719113831e+00
1.155000000000195399e+02 -3.572649439656648163e+00
1.160000000000290470e+02 -4.183289468214251627e+00
1.165000000000385540e+02 -4.159870972262956990e+00
1.170000000000480611e+02 -3.466460309448685440e+00
1.175000000000575682e+02 -3.885210071671420629e+00
1.180000000000670752e+02 -3.861389579161930818e+00
1.185000000000765823e+02 -3.708964597266482865e+00
1.190000000000860751e+02 -3.999026867282263975e+00
1.195000000000955822e+02 -3.926929658726415084e+00
1.200000000001050893e+02 -3.641070554344380650e+00
1.205000000001145963e+02 -4.033479857272676661e+00
1.210000000001241034e+02 -3.816951991098290531e+00
1.215000000001336105e+02 -3.817114113270272391e+00
1.220000000001431175e+02 -4.003750169692000149e+00
1.225000000001526246e+02 -3.960392433560703473e+00
1.230000000001621174e+02 -3.958333616941437150e+00
1.235000000001716245e+02 -3.723626537499990619e+00
1.240000000001811316e+02 -3.661350050776431164e+00
1.245000000001906386e+02 -3.396336769188402105e+00
1.250000000002001457e+02 -4.080978640075254127e+00
1.255000000002096527e+02 -3.749441897074439645e+00
1.260000000002191598e+02 -4.026797105573424851e+00
1.265000000002286527e+02 -3.523880295185596978e+00
1.270000000002381597e+02 -3.824272980051273141e+00
1.275000000002476668e+02 -4.171796028242079402e+00
1.280000000002571880e+02 -3.694644521613702715e+00
1.285000000002666809e+02 -3.631630929135006181e+00
1.290000000002761738e+02 -3.981087949357534406e+00
1.295000000002856950e+02 -3.756250465015734452e+00
1.300000000002951879e+02 -4.201394539508559234e+00
1.305000000003047091e+02 -4.209614053436907533e+00
1.310000000003142020e+02 -4.139030710969085369e+00
1.315000000003237233e+02 -3.659033684316186807e+00
1.320000000003332161e+02 -3.908412810524911407e+00
1.325000000003427090e+02 -3.740073811482388155e+00
1.330000000003522302e+02 -3.690299967426920791e+00
1.335000000003617231e+02 -3.630902231844704176e+00
1.340000000003712444e+02 -4.040625705301914117e+00
1.345000000003807372e+02 -4.044682244043250385e+00
1.350000000003902585e+02 -3.842648378127648368e+00
1.355000000003997513e+02 -4.072037425663364907e+00
1.360000000004092726e+02 -3.897731582599171851e+00
1.365000000004187655e+02 -3.747309753857182013e+00
1.370000000004282583e+02 -4.104433959311687197e+00
1.375000000004377796e+02 -3.886628636546871629e+00
1.380000000004472724e+02 -3.786795968954673075e+00
1.385000000004567937e+02 -4.042748918718686468e+00
1.390000000004662866e+02 -3.980281399529972397e+00
1.395000000004758078e+02 -3.740125689387308050e+00
1.400000000004853007e+02 -4.163750545880591680e+00
1.405000000004947935e+02 -3.544653429284244872e+00
1.410000000005043148e+02 -4.302850198859617059e+00
1.415000000005138077e+02 -3.744480149920086820e+00
1.420000000005233289e+02 -3.884414406995789104e+00
1.425000000005328218e+02 -3.662119886553906412e+00
1.430000000005423431e+02 -3.971745086888054832e+00
1.435000000005518359e+02 -3.656442610300419283e+00
1.440000000005613572e+02 -3.424690030297646626e+00
1.445000000005708500e+02 -4.207688421584390603e+00
1.450000000005803429e+02 -4.457063475828233479e+00
1.455000000005898642e+02 -3.872813375708260342e+00
1.460000000005993570e+02 -3.663378495710747362e+00
1.465000000006088783e+02 -3.762133605364249789e+00
1.470000000006183711e+02 -4.376965561863614518e+00
1.475000000006278924e+02 -3.566963754144942378e+00
1.480000000006373853e+02 -3.822492886451987815e+00
1.485000000006468781e+02 -4.600094899792150471e+00
1.490000000006563994e+02 -4.352767042507635686e+00
1.495000000006658922e+02 -3.750144731756399175e+00
1.500000000006754135e+02 -3.563929978327487369e+00
1.505000000006849064e+02 -3.757952470348068452e+00
1.510000000006944276e+02 -3.778868679397911823e+00
1.515000000007039205e+02 -4.142399438457794680e+00
1.520000000007134133e+02 -3.751247466388918372e+00
1.525000000007229346e+02 -3.772650657400328011e+00
1.530000000007324275e+02 -3.570499255773991631e+00
1.535000000007419487e+02 -3.996613546100965753e+00
1.540000000007514416e+02 -3.388673695555319831e+00
1.545000000007609628e+02 -4.266748308470489803e+00
1.550000000007704557e+02 -3.558085585347442237e+00
1.555000000007799770e+02 -3.856615368567466007e+00
1.560000000007894698e+02 -3.598810657573877858e+00
1.565000000007989627e+02 -4.067440129575358831e+00
1.570000000008084839e+02 -4.052684527369984302e+00
1.575000000008179768e+02 -3.630559602824823706e+00
1.580000000008274981e+02 -3.782374933013807006e+00
1.585000000008369909e+02 -3.627926175182965007e+00
1.590000000008465122e+02 -3.707227200890621521e+00
1.595000000008560050e+02 -4.079219114892226550e+00
1.600000000008654979e+02 -4.219197086836961041e+00
1.605000000008750192e+02 -3.882956645868504975e+00
1.610000000008845120e+02 -3.963520303483197171e+00
1.615000000008940333e+02 -3.711439665664895582e+00
1.620000000009035261e+02 -4.297005034536244494e+00
1.625000000009130474e+02 -4.270855145879534298e+00
1.630000000009225403e+02 -3.819459372892445970e+00
1.635000000009320615e+02 -3.863818592312142641e+00
1.640000000009415544e+02 -4.186922095657686249e+00
1.645000000009510472e+02 -3.774213399180643247e+00
1.650000000009605685e+02 -3.743838273849390941e+00
1.655000000009700614e+02 -3.857100387327382141e+00
1.660000000009795826e+02 -3.666828661234441178e+00
1.665000000009890755e+02 -3.521845243287666349e+00
1.670000000009985968e+02 -3.828894489624004027e+00
1.675000000010080896e+02 -4.176926057481555432e+00
1.680000000010175825e+02 -3.685794731349726128e+00
1.685000000010271037e+02 -3.633550053117915901e+00
1.690000000010365966e+02 -3.861890074738745682e+00
1.695000000010461179e+02 -3.988936699754560777e+00
1.700000000010556107e+02 -3.583789324181785307e+00
1.705000000010651320e+02 -3.586633642440484770e+00
1.710000000010746248e+02 -3.677636943993911167e+00
1.715000000010841177e+02 -3.581735598438337220e+00
1.720000000010936390e+02 -4.189684934151276074e+00
1.725000000011031318e+02 -3.342610841990661275e+00
1.730000000011126531e+02 -4.011016517667320258e+00
1.735000000011221459e+02 -3.379846896720324789e+00
1.740000000011316672e+02 -4.222016115674442460e+00
1.745000000011411601e+02 -3.562075595431156039e+00
1.750000000011506813e+02 -3.626509507887511141e+00
1.755000000011601742e+02 -3.545254946976361676e+00
1.760000000011696670e+02 -3.626860278193609677e+00
1.765000000011791883e+02 -4.279756245020483796e+00
1.770000000011886812e+02 -3.297297537262372291e+00
1.775000000011982024e+02 -3.487937346735561217e+00
1.780000000012076953e+02 -4.410651696802270649e+00
1.785000000012172165e+02 -3.464068890301803982e+00
1.790000000012267094e+02 -3.936340973912377361e+00
1.795000000012362023e+02 -4.077382487492074326e+00
1.800000000012457235e+02 -3.556917783601567962e+00
1.805000000012552164e+02 -4.302467753337244183e+00
1.810000000012647376e+02 -3.535311443902153794e+00
1.815000000012742305e+02 -3.798853469272543748e+00
1.820000000012837518e+02 -3.689519800773140012e+00
1.825000000012932446e+02 -3.899762078403474330e+00
1.830000000013027659e+02 -4.088035324814241811e+00
1.835000000013122587e+02 -4.169090914537274095e+00
1.840000000013217516e+02 -3.606150139337038762e+00
1.845000000013312729e+02 -3.931293444035245610e+00
1.850000000013407657e+02 -4.399030491956289701e+00
1.855000000013502870e+02 -3.625147518571863792e+00
1.860000000013597798e+02 -3.710161424785274331e+00
1.865000000013693011e+02 -3.731915527838093105e+00
1.870000000013787940e+02 -3.772951445821834948e+00
1.875000000013882868e+02 -4.067707819659777790e+00
1.880000000013978081e+02 -4.270798746109517374e+00
1.885000000014073009e+02 -4.241070100643657526e+00
1.890000000014168222e+02 -3.344597117269346054e+00
1.895000000014263151e+02 -3.820555170356825236e+00
1.900000000014358363e+02 -4.051608862395040589e+00
1.905000000014453292e+02 -3.674892972846776296e+00
1.910000000014548220e+02 -3.591626778822973431e+00
1.915000000014643433e+02 -4.499485760741904095e+00
1.920000000014738362e+02 -3.625093666419613836e+00
1.925000000014833574e+02 -4.064238014136532406e+00
1.930000000014928503e+02 -3.547258887788896420e+00
1.935000000015023716e+02 -3.945885268731007312e+00
1.940000000015118644e+02 -3.682431401322336928e+00
1.945000000015213857e+02 -3.677769291291817400e+00
1.950000000015308785e+02 -4.119285841731899822e+00
1.955000000015403714e+02 -3.788992817996005513e+00
1.960000000015498927e+02 -3.795459305790628068e+00
1.965000000015593855e+02 -3.723090606186165719e+00
1.970000000015689068e+02 -3.815436056752572913e+00
1.975000000015783996e+02 -4.085328795970182725e+00
1.980000000015879209e+02 -3.483193214739634058e+00
1.985000000015974138e+02 -3.822224589366382208e+00
1.990000000016069066e+02 -4.016359866897521336e+00
1.995000000016164279e+02 -3.400293674791794007e+00
2.000000000016259207e+02 -4.166056932431182247e+00
2.005000000016354420e+02 -3.734918954532845170e+00
2.010000000016449349e+02 -3.804146499095514056e+00
2.015000000016544561e+02 -3.709667961955869231e+00
2.020000000016639490e+02 -4.061541108469232775e+00
2.025000000016734703e+02 -4.206736944436184622e+00
2.030000000016789556e+02 -3.622956455363461892e+00
2.035000000016659385e+02 -3.647134858511970279e+00
2.040000000016529214e+02 -4.027321004422374173e+00
2.045000000016398758e+02 -3.495258408352400092e+00
2.050000000016268586e+02 -3.876534730823469665e+00
2.055000000016138415e+02 -4.218200852714337756e+00
2.060000000016008244e+02 -4.281033284463113375e+00
2.065000000015878072e+02 -3.466038362792980276e+00
2.070000000015747617e+02 -3.969184377301020028e+00
2.075000000015617445e+02 -3.757375536854809184e+00
2.080000000015487274e+02 -4.249871409329670335e+00
2.085000000015357102e+02 -3.318542100108325510e+00
2.090000000015226931e+02 -4.308093556239784405e+00
2.095000000015096475e+02 -3.679884963706076650e+00
2.100000000014966304e+02 -3.930594196718686373e+00
2.105000000014836132e+02 -3.883633872357429517e+00
2.110000000014705961e+02 -3.664652795494663273e+00
2.115000000014575789e+02 -4.014285023863609858e+00
2.120000000014445618e+02 -3.900056952337870086e+00
2.125000000014315162e+02 -3.758336343770017685e+00
2.130000000014184991e+02 -4.094796706238728490e+00
2.135000000014054820e+02 -3.734128968340016286e+00
2.140000000013924648e+02 -3.920268029728110282e+00
2.145000000013794477e+02 -4.286426319024340792e+00
2.150000000013664021e+02 -3.808891837312140094e+00
2.155000000013533850e+02 -4.166151078791526352e+00
2.160000000013403678e+02 -3.740990836806347364e+00
2.165000000013273507e+02 -3.555962094561342823e+00
2.170000000013143335e+02 -4.072195500643111643e+00
2.175000000013013164e+02 -4.076453916927420984e+00
2.180000000012882708e+02 -3.337552791307375255e+00
2.185000000012752537e+02 -3.563832376771557175e+00
2.190000000012622365e+02 -4.039503706713297504e+00
2.195000000012492194e+02 -4.248510506984477963e+00
2.200000000012362023e+02 -3.525535389483974047e+00
2.205000000012231567e+02 -4.059004188886364162e+00
2.210000000012101395e+02 -4.058532335498005850e+00
2.215000000011971224e+02 -3.713669385836469328e+00
2.220000000011841053e+02 -3.812023458859132852e+00
2.225000000011710881e+02 -4.339417311219198048e+00
2.230000000011580710e+02 -3.882684855975737204e+00
2.235000000011450254e+02 -3.765271028360624328e+00
2.240000000011320083e+02 -4.599392103274283272e+00
2.245000000011189911e+02 -3.716827245821138881e+00
2.250000000011059740e+02 -3.661807925468361091e+00
2.255000000010929568e+02 -4.244239567687504433e+00
2.260000000010799113e+02 -3.925005112769323290e+00
2.265000000010668941e+02 -3.655040512072377901e+00
2.270000000010538770e+02 -4.701505899508147124e+00
2.275000000010408598e+02 -4.679298159909840216e+00
2.280000000010278427e+02 -3.761305272374471542e+00
2.285000000010148256e+02 -3.991142714740266939e+00
2.290000000010017800e+02 -4.253964376266341496e+00
2.295000000009887628e+02 -4.088904668363756656e+00
2.300000000009757457e+02 -3.857011001255802984e+00
2.305000000009627286e+02 -4.331345464792768496e+00
2.310000000009497114e+02 -4.269475390837944140e+00
2.315000000009366659e+02 -4.112205064840208202e+00
2.320000000009236487e+02 -4.036674646048145298e+00
2.325000000009106316e+02 -3.520732383524667330e+00
2.330000000008976144e+02 -3.883723240259370879e+00
2.335000000008845973e+02 -4.198337543591932786e+00
2.340000000008715517e+02 -4.277184405503071218e+00
2.345000000008585346e+02 -3.403032396100311274e+00
2.350000000008455174e+02 -3.987457530834701114e+00
2.355000000008325003e+02 -4.031402288086857411e+00
2.360000000008194831e+02 -3.945378612079440295e+00
2.365000000008064660e+02 -3.066379467756404686e+00
2.370000000007934204e+02 -4.137495522973461348e+00
2.375000000007804033e+02 -3.963774901329593980e+00
2.380000000007673862e+02 -4.042940117538885048e+00
2.385000000007543690e+02 -3.780522331091354715e+00
2.390000000007413519e+02 -3.538018069558302336e+00
2.395000000007283063e+02 -4.122589199142045580e+00
2.400000000007152892e+02 -3.680969632059523544e+00
2.405000000007022720e+02 -3.745455135315092221e+00
2.410000000006892549e+02 -4.163014038204621237e+00
2.415000000006762377e+02 -3.770737289150174476e+00
2.420000000006632206e+02 -3.424345356694219689e+00
2.425000000006501750e+02 -3.800363117550697112e+00
2.430000000006371579e+02 -3.470472901033916369e+00
2.435000000006241407e+02 -3.995293638584038742e+00
2.440000000006111236e+02 -3.611945996354924304e+00
2.445000000005981065e+02 -3.565872192302498966e+00
2.450000000005850609e+02 -4.343861874838498949e+00
2.455000000005720437e+02 -3.978399565573391694e+00
2.460000000005590266e+02 -3.902985833832005813e+00
2.465000000005460095e+02 -4.038525097076293591e+00
2.470000000005329923e+02 -3.986470539237405575e+00
2.475000000005199752e+02 -3.760361199609109750e+00
2.480000000005069296e+02 -3.948417531881193820e+00
2.485000000004939125e+02 -4.320313102119722082e+00
2.490000000004808953e+02 -3.707928995496114322e+00
2.495000000004678782e+02 -4.230484501070063352e+00
2.500000000004548610e+02 -3.727504922921788033e+00
2.505000000004418155e+02 -4.278151619493725022e+00
2.510000000004287983e+02 -3.816662488706727974e+00
2.515000000004157812e+02 -3.865935571363941836e+00
2.520000000004027640e+02 -3.951456736254131741e+00
2.525000000003897469e+02 -3.692227847163660481e+00
2.530000000003767013e+02 -3.976344842041943828e+00
2.535000000003636842e+02 -3.668591646131905026e+00
2.540000000003506671e+02 -3.844974413946620651e+00
2.545000000003376499e+02 -4.087413275573376303e+00
2.550000000003246328e+02 -3.961602227847388580e+00
2.555000000003116156e+02 -3.777555441501503353e+00
2.560000000002985985e+02 -3.912122604711844254e+00
2.565000000002855813e+02 -3.944893761467516136e+00
2.570000000002725642e+02 -3.673734566868750662e+00
2.575000000002594902e+02 -3.571253213547445959e+00
2.580000000002464731e+02 -4.180085746266735569e+00
2.585000000002334559e+02 -4.161676712897101282e+00
2.590000000002204388e+02 -3.905313961846858195e+00
2.595000000002074216e+02 -4.356424879052382515e+00
2.600000000001944045e+02 -3.645303413254864733e+00
2.605000000001813873e+02 -4.192893593620543591e+00
2.610000000001683702e+02 -3.569049468610199227e+00
2.615000000001553531e+02 -3.393688376129331274e+00
2.620000000001423359e+02 -3.988215256123864627e+00
2.625000000001292619e+02 -3.837524233119538053e+00
2.630000000001162448e+02 -3.819853567425311791e+00
2.635000000001032276e+02 -3.792236754319600944e+00
2.640000000000902105e+02 -3.917196290497749978e+00
2.645000000000771934e+02 -3.782441111216419571e+00
2.650000000000641762e+02 -3.824719115663044899e+00
2.655000000000511591e+02 -4.051163070019866197e+00
2.660000000000381419e+02 -3.710826292858859343e+00
2.665000000000251248e+02 -3.750144736535204970e+00
2.670000000000121076e+02 -4.087185931443029219e+00
2.674999999999990905e+02 -4.058024704615571743e+00
2.679999999999860165e+02 -3.778139057390593969e+00
2.684999999999729994e+02 -3.499993962337123676e+00
2.689999999999599822e+02 -3.830098092764947726e+00
2.694999999999469651e+02 -3.814317883564398048e+00
2.699999999999339479e+02 -3.979240403015251726e+00
2.704999999999209308e+02 -4.121609321668498360e+00
2.709999999999079137e+02 -3.559748119748333384e+00
2.714999999998948965e+02 -3.551250220967399507e+00
2.719999999998818794e+02 -4.320755203893475560e+00
2.724999999998688622e+02 -3.922027232849197631e+00
2.729999999998558451e+02 -4.054436511364762019e+00
2.734999999998427711e+02 -3.286098925054999231e+00
2.739999999998297540e+02 -3.362745709469051825e+00
2.744999999998167368e+02 -4.235452892958599058e+00
2.749999999998037197e+02 -3.806263872445404761e+00
2.754999999997907025e+02 -4.035871319276956193e+00
2.759999999997776854e+02 -3.792444133294189168e+00
2.764999999997646682e+02 -3.961857927791019751e+00
2.769999999997516511e+02 -4.023539321677972680e+00
2.774999999997386340e+02 -3.933785174057046863e+00
2.779999999997256168e+02 -3.890997974158972195e+00
2.784999999997125997e+02 -4.372270732822717498e+00
2.789999999996995257e+02 -3.953807249683200631e+00
2.794999999996865085e+02 -3.860386983989327891e+00
2.799999999996734914e+02 -4.131514294072421656e+00
2.804999999996604743e+02 -3.703579356240338072e+00
2.809999999996474571e+02 -3.547581632523181039e+00
2.814999999996344400e+02 -4.383582985724656211e+00
2.819999999996214228e+02 -3.773419508682962054e+00
2.824999999996084057e+02 -3.540718753402119390e+00
2.829999999995953885e+02 -4.572046557195728944e+00
2.834999999995823714e+02 -3.882677742384591291e+00
2.839999999995693543e+02 -3.973858364960007883e+00
2.844999999995562803e+02 -4.072985849490303067e+00
2.849999999995432631e+02 -4.341198751322607130e+00
2.854999999995302460e+02 -4.320820180203385874e+00
2.859999999995172288e+02 -4.752534832270352894e+00
2.864999999995042117e+02 -3.893239602146179479e+00
2.869999999994911946e+02 -3.754353742617394740e+00
2.874999999994781774e+02 -3.836105234178831314e+00
2.879999999994651603e+02 -4.159739229793014026e+00
2.884999999994521431e+02 -3.826816827343302307e+00
2.889999999994391260e+02 -4.088872724729431418e+00
2.894999999994261088e+02 -3.783106514887445204e+00
2.899999999994130349e+02 -4.075543240098046915e+00
2.904999999994000177e+02 -3.889993320122258513e+00
2.909999999993870006e+02 -3.567830154710042834e+00
2.914999999993739834e+02 -4.012000942002780235e+00
2.919999999993609663e+02 -3.805405100344082303e+00
2.924999999993479491e+02 -3.856921824299816670e+00
2.929999999993349320e+02 -3.548451613819374462e+00
2.934999999993219149e+02 -4.106513831005715431e+00
2.939999999993088977e+02 -3.855871337747156513e+00
2.944999999992958806e+02 -4.306210566119753835e+00
2.949999999992828634e+02 -4.219150627474200554e+00
2.954999999992697894e+02 -3.681556745657163621e+00
2.959999999992567723e+02 -3.859653974888516359e+00
2.964999999992437552e+02 -3.798602045088891099e+00
2.969999999992307380e+02 -3.481313825113229399e+00
2.974999999992177209e+02 -4.037017716854368388e+00
2.979999999992047037e+02 -3.659317483598658161e+00
2.984999999991916866e+02 -3.877476907211301782e+00
2.989999999991786694e+02 -4.102163996179846173e+00
2.994999999991656523e+02 -3.684165997796360337e+00
2.999999999991526352e+02 -4.313419051620265954e+00
3.004999999991396180e+02 -4.372940036702341438e+00
3.009999999991265440e+02 -3.368765993557376603e+00
3.014999999991135269e+02 -3.712988626536833259e+00
3.019999999991005097e+02 -4.067062111006292113e+00
3.024999999990874926e+02 -4.011954027727461458e+00
3.029999999990744755e+02 -3.884476413254735139e+00
3.034999999990614583e+02 -3.779408538194596545e+00
3.039999999990484412e+02 -3.608806249445247083e+00
3.044999999990354240e+02 -4.292486160436497222e+00
3.049999999990224069e+02 -4.011644020783121434e+00
3.054999999990093897e+02 -3.946180602681944816e+00
3.059999999989963158e+02 -3.688720090180669153e+00
3.064999999989832986e+02 -3.925726710030702726e+00
3.069999999989702815e+02 -4.020492475707583502e+00
3.074999999989572643e+02 -3.693803479345261653e+00
3.079999999989442472e+02 -4.042693303877660682e+00
3.084999999989312300e+02 -3.616182925504548784e+00
3.089999999989182129e+02 -3.898314212527485001e+00
3.094999999989051958e+02 -3.615786204423760530e+00
3.099999999988921786e+02 -3.775057102274387066e+00
3.104999999988791615e+02 -3.783510154529053260e+00
3.109999999988661443e+02 -3.798586806339585120e+00
3.114999999988530703e+02 -3.852689997193608384e+00
3.119999999988400532e+02 -3.722707805033018680e+00
3.124999999988270361e+02 -3.848072074029014189e+00
3.129999999988140189e+02 -4.118330122471738797e+00
3.134999999988010018e+02 -3.609878399105932445e+00
3.139999999987879846e+02 -3.856347913438278763e+00
3.144999999987749675e+02 -3.846191329242349077e+00
3.149999999987619503e+02 -3.764400989763814209e+00
3.154999999987489332e+02 -3.673656656148126309e+00
3.159999999987359161e+02 -4.075304065369768303e+00
3.164999999987228989e+02 -3.936420950833300569e+00
3.169999999987098249e+02 -3.709067892260470956e+00
3.174999999986968078e+02 -3.725058504216269384e+00
3.179999999986837906e+02 -4.072028465361571037e+00
3.184999999986707735e+02 -4.040609683538653130e+00
3.189999999986577564e+02 -3.754434439087023012e+00
3.194999999986447392e+02 -3.596165544117583046e+00
3.199999999986317221e+02 -3.712593795720156020e+00
3.204999999986187049e+02 -3.548715089602133776e+00
3.209999999986056878e+02 -3.996971857326775179e+00
3.214999999985926706e+02 -3.843854361295650612e+00
3.219999999985796535e+02 -3.524711327662529481e+00
3.224999999985665795e+02 -4.204153286589565219e+00
3.229999999985535624e+02 -3.824012063159067498e+00
3.234999999985405452e+02 -3.562781379674242022e+00
3.239999999985275281e+02 -4.026762647358137492e+00
3.244999999985145109e+02 -3.779452422936451672e+00
3.249999999985014938e+02 -3.633736052431575825e+00
3.254999999984884766e+02 -3.888296848708212572e+00
3.259999999984754595e+02 -4.137782753554649418e+00
3.264999999984624424e+02 -4.015785205580762351e+00
3.269999999984494252e+02 -3.784481560279667089e+00
3.274999999984364081e+02 -4.158102579821866485e+00
3.279999999984233341e+02 -3.794077346801445927e+00
3.284999999984103169e+02 -3.749456660651855344e+00
3.289999999983972998e+02 -4.045226563993622904e+00
3.294999999983842827e+02 -3.551112612504726318e+00
3.299999999983712655e+02 -3.451678021652244688e+00
3.304999999983582484e+02 -3.932697404004108943e+00
3.309999999983452312e+02 -3.737974087244959165e+00
3.314999999983322141e+02 -3.749340559618425495e+00
3.319999999983191969e+02 -3.881258744459322507e+00
3.324999999983061798e+02 -3.495821268880960897e+00
3.329999999982931627e+02 -4.075912084839079519e+00
3.334999999982800887e+02 -3.780160216542383544e+00
3.339999999982670715e+02 -3.757957713875356820e+00
3.344999999982540544e+02 -3.713416965028139671e+00
3.349999999982410372e+02 -4.161197320270111355e+00
3.354999999982280201e+02 -3.763377018453549105e+00
3.359999999982150030e+02 -3.866212174616250774e+00
3.364999999982019858e+02 -3.794406166169323580e+00
3.369999999981889687e+02 -3.486185450144636988e+00
3.374999999981759515e+02 -3.852573351646059852e+00
3.379999999981629344e+02 -4.291522045456320988e+00
3.384999999981499172e+02 -3.461408041926465895e+00
3.389999999981368433e+02 -3.913465501672736657e+00
3.394999999981238261e+02 -3.951359258371362149e+00
3.399999999981108090e+02 -4.025532521507979133e+00
3.404999999980977918e+02 -4.108516942799216309e+00
3.409999999980847747e+02 -3.725011032898648988e+00
3.414999999980717575e+02 -4.158718324751942141e+00
3.419999999980587404e+02 -3.791891036846101848e+00
3.424999999980457233e+02 -3.534908149964392621e+00
3.429999999980327061e+02 -4.173234714056463623e+00
3.434999999980196890e+02 -3.780853331929214800e+00
3.439999999980066718e+02 -3.763467994682980322e+00
3.444999999979935978e+02 -4.177078118704478982e+00
3.449999999979805807e+02 -3.776408818817878377e+00
3.454999999979675636e+02 -3.759344253607941777e+00
3.459999999979545464e+02 -3.907235511157758800e+00
3.464999999979415293e+02 -4.164530748989104580e+00
3.469999999979285121e+02 -3.449535692490903749e+00
3.474999999979154950e+02 -3.521058947518321158e+00
3.479999999979024778e+02 -4.142548481154573636e+00
3.484999999978894607e+02 -3.871163157063652438e+00
3.489999999978764436e+02 -3.970540426946894463e+00
3.494999999978633696e+02 -4.028158013571303542e+00
3.499999999978503524e+02 -3.700109272387520853e+00
3.504999999978373353e+02 -3.801671614843584734e+00
3.509999999978243181e+02 -4.110564220369924193e+00
3.514999999978113010e+02 -3.887094541070010401e+00
3.519999999977982839e+02 -3.731460161747687465e+00
3.524999999977852667e+02 -3.840283759294705224e+00
3.529999999977722496e+02 -3.836966541342079928e+00
3.534999999977592324e+02 -3.913889645161566566e+00
3.539999999977462153e+02 -4.265199776342582183e+00
3.544999999977331981e+02 -3.804667601298940660e+00
3.549999999977201242e+02 -3.845770033229526152e+00
3.554999999977071070e+02 -3.861127453240158491e+00
3.559999999976940899e+02 -4.293220610387946223e+00
3.564999999976810727e+02 -3.699733434638746932e+00
3.569999999976680556e+02 -3.946350916423174926e+00
3.574999999976550384e+02 -3.727594906399287478e+00
3.579999999976420213e+02 -3.694501454642212135e+00
3.584999999976290042e+02 -3.890146310212421632e+00
3.589999999976159870e+02 -3.959251149002244841e+00
3.594999999976029699e+02 -3.700683264242816684e+00
3.599999999975899527e+02 -4.210289518566861844e+00
3.604999999975768787e+02 -4.056292043710540085e+00
3.609999999975638616e+02 -3.897711629782390386e+00
3.614999999975508445e+02 -4.108589644993902112e+00
3.619999999975378273e+02 -4.200830181386262296e+00
3.624999999975248102e+02 -4.256349463133692446e+00
3.629999999975117930e+02 -3.925168418155478900e+00
3.634999999974987759e+02 -3.480984386260946639e+00
3.639999999974857587e+02 -4.379363376143427189e+00
3.644999999974727416e+02 -4.226380990663161974e+00
3.649999999974597245e+02 -4.052913528210084770e+00
3.654999999974467073e+02 -3.861430611051348993e+00
3.659999999974336333e+02 -3.655482523976067100e+00
3.664999999974206162e+02 -3.601886379989686748e+00
3.669999999974075990e+02 -4.041495185269357471e+00
3.674999999973945819e+02 -3.566341983799331761e+00
3.679999999973815648e+02 -3.445835128970279104e+00
3.684999999973685476e+02 -3.884495330566058335e+00
3.689999999973555305e+02 -3.893235277754176771e+00
3.694999999973425133e+02 -3.833326186683341241e+00
3.699999999973294962e+02 -3.897690595417557358e+00
3.704999999973164790e+02 -3.743996876446066047e+00
3.709999999973034619e+02 -3.818920270092019287e+00
3.714999999972903879e+02 -3.867898104522725422e+00
3.719999999972773708e+02 -3.951895909528340578e+00
3.724999999972643536e+02 -3.647769310985549129e+00
3.729999999972513365e+02 -3.719982408333717849e+00
3.734999999972383193e+02 -4.045361501373763602e+00
3.739999999972253022e+02 -3.799947530356353020e+00
3.744999999972122851e+02 -3.734799570338108055e+00
3.749999999971992679e+02 -3.759060772705305808e+00
3.754999999971862508e+02 -3.403287325827943466e+00
3.759999999971732336e+02 -4.027129125624231420e+00
3.764999999971602165e+02 -3.632204100366384747e+00
3.769999999971471425e+02 -3.779132767843541352e+00
3.774999999971341254e+02 -3.961294552941993619e+00
3.779999999971211082e+02 -4.095656309993974453e+00
3.784999999971080911e+02 -4.205266937368654645e+00
3.789999999970950739e+02 -3.805675724623129863e+00
3.794999999970820568e+02 -4.170036988619600926e+00
3.799999999970690396e+02 -4.262891793085459291e+00
3.804999999970560225e+02 -4.131446369320771694e+00
3.809999999970430054e+02 -3.468939600089929964e+00
3.814999999970299882e+02 -3.686283833397759224e+00
3.819999999970169711e+02 -4.034959094141691516e+00
3.824999999970038971e+02 -4.215467237495285069e+00
3.829999999969908799e+02 -3.611577774615658321e+00
3.834999999969778628e+02 -3.723544113218339557e+00
3.839999999969648456e+02 -4.074338379648830610e+00
3.844999999969518285e+02 -3.639692568680943374e+00
3.849999999969388114e+02 -3.821355494231273298e+00
3.854999999969257942e+02 -3.954123118095567602e+00
3.859999999969127771e+02 -3.997219323854475981e+00
3.864999999968997599e+02 -4.171634079202967804e+00
3.869999999968867428e+02 -3.907725026533609203e+00
3.874999999968737256e+02 -3.961519805148145501e+00
3.879999999968606517e+02 -3.641188423672297780e+00
3.884999999968476345e+02 -4.307560537871571782e+00
3.889999999968346174e+02 -3.984359764392667813e+00
3.894999999968216002e+02 -3.695069949504099061e+00
3.899999999968085831e+02 -4.265392283011016694e+00
3.904999999967955659e+02 -4.318090334110718409e+00
3.909999999967825488e+02 -3.545052288800943696e+00
3.914999999967695317e+02 -4.065371850856258185e+00
3.919999999967565145e+02 -4.127613456231890687e+00
3.924999999967434974e+02 -3.313305830368472815e+00
3.929999999967304234e+02 -3.820363508498131999e+00
3.934999999967174062e+02 -3.792219402669670281e+00
3.939999999967043891e+02 -4.111785916398577712e+00
3.944999999966913720e+02 -3.191002924409108044e+00
3.949999999966783548e+02 -3.975078544529438762e+00
3.954999999966653377e+02 -4.073078568290397605e+00
3.959999999966523205e+02 -3.377291816970227956e+00
3.964999999966393034e+02 -3.743865870756457603e+00
3.969999999966262862e+02 -4.050502842252298841e+00
3.974999999966132691e+02 -3.670134168006359499e+00
3.979999999966002520e+02 -4.033034311694486895e+00
3.984999999965871780e+02 -3.806142173122766703e+00
3.989999999965741608e+02 -4.347745431186547549e+00
3.994999999965611437e+02 -4.187681398690432211e+00
3.999999999965481265e+02 -4.273237571422122905e+00
4.004999999965351094e+02 -3.307560286391230342e+00
4.009999999965220923e+02 -3.984583071895309025e+00
4.014999999965090751e+02 -4.317873781113787501e+00
4.019999999964960580e+02 -4.328735935978759386e+00
4.024999999964830408e+02 -3.893835105818426179e+00
4.029999999964700237e+02 -3.953410081251279351e+00
4.034999999964570065e+02 -4.533349799098029820e+00
4.039999999964439326e+02 -4.082431377775487924e+00
4.044999999964309154e+02 -3.875570764248091660e+00
4.049999999964178983e+02 -3.836964285293891219e+00
4.054999999964048811e+02 -3.989392990799922600e+00
4.059999999964079507e+02 -4.171422260108760049e+00
4.064999999964400104e+02 -3.659482336923729928e+00
4.069999999964720132e+02 -4.137205613197270537e+00
4.074999999965040729e+02 -3.607315419075938223e+00
4.079999999965360757e+02 -4.128187783334754890e+00
4.084999999965681354e+02 -3.739146381757796789e+00
4.089999999966001383e+02 -3.788820845385762581e+00
4.094999999966321980e+02 -3.775171049754566521e+00
4.099999999966642008e+02 -4.164839436354387914e+00
4.104999999966962605e+02 -4.643110411997032116e+00
4.109999999967282633e+02 -3.872228640376166098e+00
4.114999999967603230e+02 -4.035194388400213938e+00
4.119999999967923259e+02 -3.375141060253095127e+00
4.124999999968243856e+02 -3.783799305327769424e+00
4.129999999968563884e+02 -4.087873275994619249e+00
4.134999999968884481e+02 -3.477959996182922620e+00
4.139999999969205078e+02 -4.033547944374647365e+00
4.144999999969525106e+02 -3.822461099396063045e+00
4.149999999969845703e+02 -3.836612297779862235e+00
4.154999999970165732e+02 -3.881265621450705972e+00
4.159999999970486328e+02 -3.938511711490967127e+00
4.164999999970806357e+02 -3.607975622130175086e+00
4.169999999971126954e+02 -3.776231976877617136e+00
4.174999999971446982e+02 -3.623873197959875281e+00
4.179999999971767579e+02 -3.816615216955136614e+00
4.184999999972087608e+02 -3.648445615814296605e+00
4.189999999972408204e+02 -4.049417437610014048e+00
4.194999999972728233e+02 -3.776343229654630651e+00
4.199999999973048830e+02 -3.814998737160929299e+00
4.204999999973368858e+02 -3.389198711683301113e+00
4.209999999973689455e+02 -4.002353805062518255e+00
4.214999999974009484e+02 -3.706174246845892029e+00
4.219999999974330080e+02 -3.867569653579320921e+00
4.224999999974650109e+02 -3.746687957699484262e+00
4.229999999974970706e+02 -3.581768815223397073e+00
4.234999999975291303e+02 -3.814707984950147068e+00
4.239999999975611331e+02 -3.988462087165935532e+00
4.244999999975931928e+02 -3.549939253692002250e+00
4.249999999976251956e+02 -4.351428666637926490e+00
4.254999999976572553e+02 -3.487838482033429166e+00
4.259999999976892582e+02 -3.932771365435711708e+00
4.264999999977213179e+02 -4.553200200405674636e+00
4.269999999977533207e+02 -3.658355710186270482e+00
4.274999999977853804e+02 -3.680791473365996325e+00
4.279999999978173832e+02 -4.038475814520945839e+00
4.284999999978494429e+02 -3.680172279353290943e+00
4.289999999978814458e+02 -3.829843390086311583e+00
4.294999999979135055e+02 -3.933679019423401257e+00
4.299999999979455083e+02 -3.436716774472317049e+00
4.304999999979775680e+02 -3.954404058103657249e+00
4.309999999980095708e+02 -3.676080302198062810e+00
4.314999999980416305e+02 -3.868512454148528512e+00
4.319999999980736902e+02 -3.651513779566960327e+00
4.324999999981056931e+02 -3.659828640853080906e+00
4.329999999981377528e+02 -3.424626955561589359e+00
4.334999999981697556e+02 -4.260440156748361851e+00
4.339999999982018153e+02 -3.673703001962217218e+00
4.344999999982338181e+02 -4.168015641939729399e+00
4.349999999982658778e+02 -3.985348521649901166e+00
4.354999999982978807e+02 -3.672369292530255347e+00
4.359999999983299404e+02 -3.900582096830028878e+00
4.364999999983619432e+02 -4.017409575053374482e+00
4.369999999983940029e+02 -4.148155915259673421e+00
4.374999999984260057e+02 -4.124607232944335955e+00
4.379999999984580654e+02 -4.065642126405126788e+00
4.384999999984900683e+02 -3.894347633140952336e+00
4.389999999985221280e+02 -3.848738558102017038e+00
4.394999999985541308e+02 -3.948792427464024701e+00
4.399999999985861905e+02 -4.246030624527369568e+00
4.404999999986182502e+02 -4.225126075095237077e+00
4.409999999986502530e+02 -3.885640047360009675e+00
4.414999999986823127e+02 -3.372796903460947515e+00
4.419999999987143156e+02 -4.295493971690166113e+00
4.424999999987463752e+02 -3.966268385846524414e+00
4.429999999987783781e+02 -3.480759562958512188e+00
4.434999999988104378e+02 -3.857194053818954416e+00
4.439999999988424406e+02 -3.870515357020784197e+00
4.444999999988745003e+02 -4.133185238769886638e+00
4.449999999989065032e+02 -3.678547759638905124e+00
4.454999999989385628e+02 -3.787836922697368713e+00
4.459999999989705657e+02 -4.352691071703073789e+00
4.464999999990026254e+02 -3.690064948178513493e+00
4.469999999990346282e+02 -3.640120170368691621e+00
4.474999999990666879e+02 -3.677315441865145473e+00
4.479999999990986908e+02 -3.898556597409000624e+00
4.484999999991307504e+02 -3.788028001170539394e+00
4.489999999991627533e+02 -3.587208092247119229e+00
4.494999999991948130e+02 -4.013994536066154417e+00
4.499999999992268727e+02 -4.324470956500727326e+00
4.504999999992588755e+02 -3.922151940073604681e+00
4.509999999992909352e+02 -3.874078783015584282e+00
4.514999999993229380e+02 -4.161437790330780651e+00
4.519999999993549977e+02 -3.733226585267091391e+00
4.524999999993870006e+02 -3.708131618693639275e+00
4.529999999994190603e+02 -3.618044120087126725e+00
4.534999999994510631e+02 -4.031055743893745102e+00
4.539999999994831228e+02 -3.940488796453553100e+00
4.544999999995151256e+02 -3.908456550264058915e+00
4.549999999995471853e+02 -4.063821960548176015e+00
4.554999999995791882e+02 -3.620661520015539203e+00
4.559999999996112479e+02 -3.506026900262274815e+00
4.564999999996432507e+02 -4.400389390858411076e+00
4.569999999996753104e+02 -3.984656984175483085e+00
4.574999999997073132e+02 -3.821567125551130761e+00
4.579999999997393729e+02 -3.531586989082764472e+00
4.584999999997714326e+02 -3.629473620598521411e+00
4.589999999998034355e+02 -4.087209497594829877e+00
4.594999999998354951e+02 -4.224255015586463102e+00
4.599999999998674980e+02 -3.966746078382340723e+00
4.604999999998995577e+02 -3.895090347054058100e+00
4.609999999999315605e+02 -4.188529764085880736e+00
4.614999999999636202e+02 -3.639047639097030995e+00
4.619999999999956231e+02 -3.709734794483881437e+00
4.625000000000276827e+02 -3.294538073392817790e+00
4.630000000000596856e+02 -3.927657465444783558e+00
4.635000000000917453e+02 -3.725575960702197431e+00
4.640000000001237481e+02 -3.604538596241741111e+00
4.645000000001558078e+02 -3.654083909074391734e+00
4.650000000001878107e+02 -3.133207982731041508e+00
4.655000000002198703e+02 -4.564670158548152834e+00
4.660000000002518732e+02 -3.704400230840230623e+00
4.665000000002839329e+02 -3.976052937577555735e+00
4.670000000003159357e+02 -3.686368658721931091e+00
4.675000000003479954e+02 -3.996063493325514138e+00
4.680000000003800551e+02 -3.453712894386098853e+00
4.685000000004120579e+02 -4.102736933127476782e+00
4.690000000004441176e+02 -4.206463437360890012e+00
4.695000000004761205e+02 -3.554762707867825000e+00
4.700000000005081802e+02 -3.921996038279263797e+00
4.705000000005401830e+02 -3.833532895849562916e+00
4.710000000005722427e+02 -3.957859384098481481e+00
4.715000000006042455e+02 -3.807802903301880093e+00
4.720000000006363052e+02 -4.110893323060020421e+00
4.725000000006683081e+02 -3.626973185044964243e+00
4.730000000007003678e+02 -3.948316552518141620e+00
4.735000000007323706e+02 -3.809172649896279683e+00
4.740000000007644303e+02 -3.467677164376651522e+00
4.745000000007964331e+02 -4.226540914376615277e+00
4.750000000008284928e+02 -4.128125706525771932e+00
4.755000000008604957e+02 -3.915336928855789989e+00
4.760000000008925554e+02 -3.783251873827938816e+00
4.765000000009246151e+02 -3.904649585844101711e+00
4.770000000009566179e+02 -3.884618241061656541e+00
4.775000000009886776e+02 -3.895501781673064379e+00
4.780000000010206804e+02 -4.025442577873828753e+00
4.785000000010527401e+02 -4.177630832536537220e+00
4.790000000010847430e+02 -3.829552722233601880e+00
4.795000000011168027e+02 -3.952391214648342199e+00
4.800000000011488055e+02 -3.692419007018158172e+00
4.805000000011808652e+02 -3.727046752340553937e+00
4.810000000012128680e+02 -3.434962821378499065e+00
4.815000000012449277e+02 -4.045831892654562445e+00
4.820000000012769306e+02 -4.117896019166996879e+00
4.825000000013089902e+02 -3.817604601278411280e+00
4.830000000013409931e+02 -4.090059144131386049e+00
4.835000000013730528e+02 -3.873350550758433375e+00
4.840000000014050556e+02 -3.999107075412255075e+00
4.845000000014371153e+02 -3.406343587362622660e+00
4.850000000014691750e+02 -4.180767908685997014e+00
4.855000000015011778e+02 -3.816900722719872796e+00
4.860000000015332375e+02 -3.438598572087431471e+00
4.865000000015652404e+02 -3.763287758434531671e+00
4.870000000015973001e+02 -3.881881162188254741e+00
4.875000000016293029e+02 -4.133647352177054479e+00
4.880000000016613626e+02 -3.742698090769870145e+00
4.885000000016933654e+02 -3.442306439862777179e+00
4.890000000017254251e+02 -4.176280244128921737e+00
4.895000000017574280e+02 -3.836260727929436065e+00
4.900000000017894877e+02 -3.523427011548760035e+00
4.905000000018214905e+02 -4.142142994385600296e+00
4.910000000018535502e+02 -3.353133147973115236e+00
4.915000000018855530e+02 -4.198289098160617350e+00
4.920000000019176127e+02 -4.435626708893543046e+00
4.925000000019496156e+02 -3.936260008008874323e+00
4.930000000019816753e+02 -3.992866126845857178e+00
4.935000000020136781e+02 -3.732501905416630628e+00
4.940000000020457378e+02 -3.761348351647839650e+00
4.945000000020777975e+02 -4.015174077918916673e+00
4.950000000021098003e+02 -3.970436948796636667e+00
4.955000000021418600e+02 -3.769786144017223339e+00
4.960000000021738629e+02 -3.410386041382882816e+00
4.965000000022059226e+02 -4.037726246913126538e+00
4.970000000022379254e+02 -4.195230680394846701e+00
4.975000000022699851e+02 -3.823124097944499589e+00
4.980000000023019879e+02 -3.544505504593915557e+00
4.985000000023340476e+02 -3.998914546964437378e+00
4.990000000023660505e+02 -4.180318065250162363e+00
4.995000000023981102e+02 -3.889592587813314406e+00
5.000000000024301130e+02 -3.841582103437936713e+00
5.005000000024621727e+02 -4.040709027525368313e+00
5.010000000024941755e+02 -3.704909498309272298e+00
5.015000000025262352e+02 -3.934684338201459131e+00
5.020000000025582381e+02 -3.751199783636769869e+00
5.025000000025902978e+02 -3.758644707194003676e+00
5.030000000026223574e+02 -4.685571336368838047e+00
5.035000000026543603e+02 -3.616474793066918547e+00
5.040000000026864200e+02 -4.092780789650942275e+00
5.045000000027184228e+02 -3.672301231765244811e+00
5.050000000027504825e+02 -3.854480378321936573e+00
5.055000000027824854e+02 -3.795505168533188201e+00
5.060000000028145450e+02 -4.166474410709462894e+00
5.065000000028465479e+02 -3.472570070182877000e+00
5.070000000028786076e+02 -3.976648230895570180e+00
5.075000000029106104e+02 -4.129475371838655207e+00
5.080000000029426701e+02 -3.825354012059301922e+00
5.085000000029746730e+02 -3.877514285549719109e+00
5.090000000030067326e+02 -3.884717102907015107e+00
5.095000000030387355e+02 -3.841383483073312011e+00
5.100000000030707952e+02 -4.130169523938114651e+00
5.105000000031027980e+02 -3.715858805371845097e+00
5.110000000031348577e+02 -3.371390409523995935e+00
5.115000000031668606e+02 -4.477478833163232252e+00
5.120000000031989202e+02 -3.663088674428331526e+00
5.125000000032309799e+02 -3.835593195271540967e+00
5.130000000032630396e+02 -3.703318635186620078e+00
5.135000000032949856e+02 -3.799836292228751411e+00
5.140000000033270453e+02 -3.594802403048725559e+00
5.145000000033591050e+02 -3.637032410991305476e+00
5.150000000033911647e+02 -3.814687526516223670e+00
5.155000000034231107e+02 -3.770895815669794704e+00
5.160000000034551704e+02 -3.864255150419366291e+00
5.165000000034872301e+02 -3.961272582974591838e+00
5.170000000035192897e+02 -3.948483163201067736e+00
5.175000000035512357e+02 -3.991190387328231726e+00
5.180000000035832954e+02 -4.395642503404056711e+00
5.185000000036153551e+02 -3.935875902074901678e+00
5.190000000036474148e+02 -4.037808852906842993e+00
5.195000000036793608e+02 -3.727333598590748753e+00
5.200000000037114205e+02 -4.253108046351915306e+00
5.205000000037434802e+02 -3.761666508536806397e+00
5.210000000037755399e+02 -3.788995712363026680e+00
5.215000000038075996e+02 -3.957730000554041894e+00
5.220000000038395456e+02 -4.094697553925907840e+00
5.225000000038716053e+02 -4.078836472925067902e+00
5.230000000039036649e+02 -3.566443710211845808e+00
5.235000000039357246e+02 -3.690409054484887097e+00
5.240000000039676706e+02 -3.971764296414200146e+00
5.245000000039997303e+02 -4.196441476156756778e+00
5.250000000040317900e+02 -3.374132418481057272e+00
5.255000000040638497e+02 -3.773005177282811928e+00
5.260000000040957957e+02 -3.905052388519608009e+00
5.265000000041278554e+02 -4.120941102390018429e+00
5.270000000041599151e+02 -3.988606509882120843e+00
5.275000000041919748e+02 -3.762682707195132981e+00
5.280000000042239208e+02 -3.647454838968307911e+00
5.285000000042559805e+02 -3.792993802302278006e+00
5.290000000042880401e+02 -3.704332023595348744e+00
5.295000000043200998e+02 -3.632630789940456850e+00
5.300000000043521595e+02 -3.701551237349128165e+00
5.305000000043841055e+02 -3.906912387794219566e+00
5.310000000044161652e+02 -4.142174661562647131e+00
5.315000000044482249e+02 -4.066565835843102050e+00
5.320000000044802846e+02 -4.044889271192327662e+00
5.325000000045122306e+02 -3.653410416969510077e+00
5.330000000045442903e+02 -4.148887990345123455e+00
5.335000000045763500e+02 -3.531093856868555925e+00
5.340000000046084097e+02 -3.339206443615379882e+00
5.345000000046403557e+02 -3.688147449895486485e+00
5.350000000046724153e+02 -4.067045484161569746e+00
5.355000000047044750e+02 -4.372309539273976142e+00
5.360000000047365347e+02 -3.408669096035771062e+00
5.365000000047684807e+02 -3.785666047965631442e+00
5.370000000048005404e+02 -3.431007558913043543e+00
5.375000000048326001e+02 -3.880820852231604334e+00
5.380000000048646598e+02 -3.769085178901462996e+00
5.385000000048967195e+02 -3.796495820007436350e+00
5.390000000049286655e+02 -3.925697160902723137e+00
5.395000000049607252e+02 -3.887656268284172434e+00
5.400000000049927849e+02 -3.788189450741458852e+00
5.405000000050248445e+02 -3.460070562334691235e+00
5.410000000050567905e+02 -3.748144538135966819e+00
5.415000000050888502e+02 -4.782152983391308787e+00
5.420000000051209099e+02 -3.366522836252496820e+00
5.425000000051529696e+02 -3.536067380382227121e+00
5.430000000051849156e+02 -4.014199038120668916e+00
5.435000000052169753e+02 -3.628733530617054726e+00
5.440000000052490350e+02 -3.973144023922422718e+00
5.445000000052810947e+02 -4.036528418929906437e+00
5.450000000053130407e+02 -4.152922846335945550e+00
5.455000000053451004e+02 -3.938173474908370331e+00
5.460000000053771601e+02 -4.017302767565302801e+00
5.465000000054092197e+02 -3.700342486514299978e+00
5.470000000054411657e+02 -4.017754822664302061e+00
5.475000000054732254e+02 -3.958908384526607982e+00
5.480000000055052851e+02 -3.976137914681850738e+00
5.485000000055373448e+02 -3.912101816097377949e+00
5.490000000055694045e+02 -3.594148319283735127e+00
5.495000000056013505e+02 -3.726260069955647847e+00
5.500000000056334102e+02 -3.698562548606420197e+00
5.505000000056654699e+02 -3.570411748010285269e+00
5.510000000056975296e+02 -3.929722314176233855e+00
5.515000000057294756e+02 -3.813991893216227780e+00
5.520000000057615352e+02 -3.951334577272699100e+00
5.525000000057935949e+02 -4.172941572096823037e+00
5.530000000058256546e+02 -3.928598583886848239e+00
5.535000000058576006e+02 -3.810126213028062203e+00
5.540000000058896603e+02 -3.648828125343707374e+00
5.545000000059217200e+02 -3.617606175419358028e+00
5.550000000059537797e+02 -3.877057687311557199e+00
5.555000000059857257e+02 -3.961095935276983671e+00
5.560000000060177854e+02 -4.242852347576473448e+00
5.565000000060498451e+02 -4.302532682267104391e+00
5.570000000060819048e+02 -3.635374892665211632e+00
5.575000000061139644e+02 -3.581821150818116362e+00
5.580000000061459104e+02 -3.872632366602982046e+00
5.585000000061779701e+02 -3.973265007336525656e+00
5.590000000062100298e+02 -4.011544236482931680e+00
5.595000000062420895e+02 -3.641799179944773091e+00
5.600000000062740355e+02 -3.915264038732363172e+00
5.605000000063060952e+02 -4.082048737139080785e+00
5.610000000063381549e+02 -3.684547704052413497e+00
5.615000000063702146e+02 -3.587151199620271402e+00
5.620000000064021606e+02 -3.832139253053786554e+00
5.625000000064342203e+02 -3.801018991953494908e+00
5.630000000064662800e+02 -3.495740589250720731e+00
5.635000000064983396e+02 -4.120647389241814729e+00
5.640000000065302856e+02 -4.234856248995518158e+00
5.645000000065623453e+02 -4.485133327618703092e+00
5.650000000065944050e+02 -3.695766054106675469e+00
5.655000000066264647e+02 -4.046416296628222220e+00
5.660000000066585244e+02 -3.799512176139345332e+00
5.665000000066904704e+02 -4.439465184124170349e+00
5.670000000067225301e+02 -3.870269849866776024e+00
5.675000000067545898e+02 -3.863595262714071943e+00
5.680000000067866495e+02 -4.285421783547188390e+00
5.685000000068185955e+02 -3.899203116341828590e+00
5.690000000068506552e+02 -3.393781218860896232e+00
5.695000000068827148e+02 -4.070207491270824818e+00
5.700000000069147745e+02 -3.569163147511819290e+00
5.705000000069467205e+02 -3.956900062344355096e+00
5.710000000069787802e+02 -3.759084863890381101e+00
5.715000000070108399e+02 -4.525261081885537884e+00
5.720000000070428996e+02 -4.265272878835734360e+00
5.725000000070748456e+02 -3.739347451546078727e+00
5.730000000071069053e+02 -3.584238219917624146e+00
5.735000000071389650e+02 -4.120331320309614576e+00
5.740000000071710247e+02 -3.815880269873211272e+00
5.745000000072030844e+02 -3.722873321103158606e+00
5.750000000072350304e+02 -3.985616046175618710e+00
5.755000000072670900e+02 -3.903149092700608946e+00
5.760000000072991497e+02 -3.693382343180625416e+00
5.765000000073312094e+02 -4.118038617879248520e+00
5.770000000073631554e+02 -3.601696389699214684e+00
5.775000000073952151e+02 -3.871171305349063285e+00
5.780000000074272748e+02 -3.755823098939666149e+00
5.785000000074593345e+02 -3.705291775682991506e+00
5.790000000074912805e+02 -4.308205872375148182e+00
5.795000000075233402e+02 -3.312077719285482225e+00
5.800000000075553999e+02 -3.988143499346143983e+00
5.805000000075874595e+02 -3.957600917386840944e+00
5.810000000076194056e+02 -3.962298352777265276e+00
5.815000000076514652e+02 -3.724457714754626725e+00
5.820000000076835249e+02 -4.041626822348682424e+00
5.825000000077155846e+02 -3.824306687489278378e+00
5.830000000077476443e+02 -3.903973598535385392e+00
5.835000000077795903e+02 -4.135672789841407848e+00
5.840000000078116500e+02 -3.882804876178076459e+00
5.845000000078437097e+02 -3.571459811507078363e+00
5.850000000078757694e+02 -3.848241554594599823e+00
5.855000000079077154e+02 -3.877215333279548037e+00
5.860000000079397751e+02 -3.757137323578112920e+00
5.865000000079718347e+02 -4.015883572757834585e+00
5.870000000080038944e+02 -3.994239723549514842e+00
5.875000000080358404e+02 -4.034713294339026923e+00
5.880000000080679001e+02 -3.577096119260643636e+00
5.885000000080999598e+02 -3.766525702943508858e+00
5.890000000081320195e+02 -3.725683064597938632e+00
5.895000000081639655e+02 -3.724189970193297672e+00
5.900000000081960252e+02 -3.822327038271698729e+00
5.905000000082280849e+02 -4.329057508538615373e+00
5.910000000082601446e+02 -3.877921659979853164e+00
5.915000000082920906e+02 -4.126048095634972768e+00
5.920000000083241503e+02 -3.701994776645263219e+00
5.925000000083562099e+02 -3.794370099374420491e+00
5.930000000083882696e+02 -3.829375825028277891e+00
5.935000000084203293e+02 -3.553387660203808363e+00
5.940000000084522753e+02 -3.671311145286723310e+00
5.945000000084843350e+02 -3.765726841752257137e+00
5.950000000085163947e+02 -3.256620297691677823e+00
5.955000000085484544e+02 -3.658302064710717172e+00
5.960000000085804004e+02 -3.847325969637016119e+00
5.965000000086124601e+02 -4.020293552325952646e+00
5.970000000086445198e+02 -3.693979998458002623e+00
5.975000000086765795e+02 -4.178085523835291859e+00
5.980000000087085255e+02 -3.821858096551109085e+00
5.985000000087405851e+02 -3.865641424623023514e+00
5.990000000087726448e+02 -3.634230241995127564e+00
5.995000000088047045e+02 -4.071759137746562729e+00
6.000000000088366505e+02 -3.724836889777673576e+00
6.005000000088687102e+02 -3.594509124396306543e+00
6.010000000089007699e+02 -4.107303841396475974e+00
6.015000000089328296e+02 -3.738976112365736348e+00
6.020000000089648893e+02 -3.583205477390580818e+00
6.025000000089968353e+02 -3.997451893959921065e+00
6.030000000090288950e+02 -3.859990721819044790e+00
6.035000000090609547e+02 -4.021059505917763843e+00
6.040000000090930143e+02 -4.134562010590178360e+00
6.045000000091249603e+02 -4.133002399202042376e+00
6.050000000091570200e+02 -3.911623544565282717e+00
6.055000000091890797e+02 -3.869225318043698181e+00
6.060000000092211394e+02 -3.558441205137504948e+00
6.065000000092530854e+02 -4.036908436461230210e+00
6.070000000092851451e+02 -3.517447650370121526e+00
6.075000000093172048e+02 -3.806918793953864455e+00
6.080000000093492645e+02 -3.770776606401148534e+00
6.085000000093812105e+02 -3.748546750659266458e+00
6.090000000094132702e+02 -4.374781050675481175e+00
6.095000000094453299e+02 -4.265549256676546719e+00
6.100000000094773895e+02 -3.877688316630957477e+00
6.105000000095094492e+02 -3.448785709691342127e+00
6.110000000095413952e+02 -4.491104340966078468e+00
6.115000000095734549e+02 -3.383372069188664177e+00
6.120000000096055146e+02 -3.820694430398964059e+00
6.125000000096375743e+02 -3.839142138879646726e+00
6.130000000096695203e+02 -4.131422609985150984e+00
6.135000000097015800e+02 -3.901666968712672823e+00
6.140000000097336397e+02 -3.884360378806783753e+00
6.145000000097656994e+02 -4.058570878942217242e+00
6.150000000097976454e+02 -3.855279693168188082e+00
6.155000000098297050e+02 -3.623965910154852033e+00
6.160000000098617647e+02 -3.833451847693668313e+00
6.165000000098938244e+02 -4.095737728371841690e+00
6.170000000099257704e+02 -3.970987124496331511e+00
6.175000000099578301e+02 -3.821443184148604733e+00
6.180000000099898898e+02 -3.536085464437345838e+00
6.185000000100219495e+02 -3.904797849791932673e+00
6.190000000100540092e+02 -3.861887586775798908e+00
6.195000000100859552e+02 -4.004584673867957356e+00
6.200000000101180149e+02 -3.895596602659944452e+00
6.205000000101500746e+02 -3.965653616368256529e+00
6.210000000101821342e+02 -3.639723705906037665e+00
6.215000000102140802e+02 -3.620635896147831989e+00
6.220000000102461399e+02 -4.050194451918547323e+00
6.225000000102781996e+02 -4.097200063480147314e+00
6.230000000103102593e+02 -3.723330532270633597e+00
6.235000000103422053e+02 -4.058510515266007701e+00
6.240000000103742650e+02 -3.468963290277615741e+00
6.245000000104063247e+02 -4.114134925560066769e+00
6.250000000104383844e+02 -4.060667545243932253e+00
6.255000000104703304e+02 -3.298047142825931921e+00
6.260000000105023901e+02 -4.021178948397448494e+00
6.265000000105344498e+02 -3.712467195095049632e+00
6.270000000105665094e+02 -4.161580661624030064e+00
6.275000000105985691e+02 -3.797014139571159408e+00
6.280000000106305151e+02 -3.772188016788939002e+00
6.285000000106625748e+02 -3.968038810590196697e+00
6.290000000106946345e+02 -3.699734678245596875e+00
6.295000000107266942e+02 -4.215864934784026907e+00
6.300000000107586402e+02 -3.965079170259894870e+00
6.305000000107906999e+02 -3.439315064094879748e+00
6.310000000108227596e+02 -3.849609745038850228e+00
6.315000000108548193e+02 -3.831407832407729419e+00
6.320000000108867653e+02 -4.083155497046678128e+00
6.325000000109188250e+02 -3.867056975519895357e+00
6.330000000109508846e+02 -3.881114884105469010e+00
6.335000000109829443e+02 -3.544059693655728260e+00
6.340000000110148903e+02 -3.532788573541838950e+00
6.345000000110469500e+02 -4.320251083114041712e+00
6.350000000110790097e+02 -4.210361608256223853e+00
6.355000000111110694e+02 -4.029055432732445041e+00
6.360000000111430154e+02 -4.070302179246641394e+00
6.365000000111750751e+02 -4.097898827718001513e+00
6.370000000112071348e+02 -3.556024501845760799e+00
6.375000000112391945e+02 -3.677577503929386538e+00
6.380000000112712542e+02 -4.118124409380675033e+00
6.385000000113032002e+02 -3.723700489611133424e+00
6.390000000113352598e+02 -3.712719297061870094e+00
6.395000000113673195e+02 -3.826118051577361623e+00
6.400000000113993792e+02 -3.381497285728486624e+00
6.405000000114313252e+02 -3.804219745297758415e+00
6.410000000114633849e+02 -3.455130748342136293e+00
6.415000000114954446e+02 -3.858479497453809248e+00
6.420000000115275043e+02 -3.905705780361735435e+00
6.425000000115594503e+02 -3.677512805236824889e+00
6.430000000115915100e+02 -4.101771137954766999e+00
6.435000000116235697e+02 -4.239553374981244183e+00
6.440000000116556294e+02 -4.127523544313401516e+00
6.445000000116875754e+02 -4.173240759540306044e+00
6.450000000117196350e+02 -4.072448346518795503e+00
6.455000000117516947e+02 -3.543938603549252608e+00
6.460000000117837544e+02 -3.615975072945288638e+00
6.465000000118158141e+02 -3.818122330369804196e+00
6.470000000118477601e+02 -3.858225328249677677e+00
6.475000000118798198e+02 -3.852428772631906195e+00
6.480000000119118795e+02 -3.929713769965778258e+00
6.485000000119439392e+02 -4.225058945401640287e+00
6.490000000119758852e+02 -3.712876587675020712e+00
6.495000000120079449e+02 -3.838880689589861728e+00
6.500000000120400045e+02 -3.815899828164874386e+00
6.505000000120720642e+02 -4.380104133059083971e+00
6.510000000121040102e+02 -3.197681030610531661e+00
6.515000000121360699e+02 -3.956975304252415171e+00
6.520000000121681296e+02 -4.004158382848652664e+00
6.525000000122001893e+02 -3.587236877053105566e+00
6.530000000122321353e+02 -3.973659314306418722e+00
6.535000000122641950e+02 -3.980072828583805844e+00
6.540000000122962547e+02 -4.001838601116226357e+00
6.545000000123283144e+02 -3.750581515089193463e+00
6.550000000123603741e+02 -4.303572432977960105e+00
6.555000000123923201e+02 -3.411834685526304867e+00
6.560000000124243797e+02 -4.342273776885277492e+00
6.565000000124564394e+02 -4.177682377291560556e+00
6.570000000124884991e+02 -3.882441586456121030e+00
6.575000000125204451e+02 -4.270292626947496117e+00
6.580000000125525048e+02 -4.164024037375534171e+00
6.585000000125845645e+02 -3.733462612794607782e+00
6.590000000126166242e+02 -3.577851818810004580e+00
6.595000000126485702e+02 -4.196391558292619450e+00
6.600000000126806299e+02 -4.324222989899751290e+00
6.605000000127126896e+02 -4.634315036691118550e+00
6.610000000127447493e+02 -3.981919167235836277e+00
6.615000000127766953e+02 -3.508737581515057435e+00
6.620000000128087549e+02 -3.635216548078342935e+00
6.625000000128408146e+02 -4.283142735428048908e+00
6.630000000128728743e+02 -3.567395458262110353e+00
6.635000000129049340e+02 -3.754257259149291315e+00
6.640000000129368800e+02 -3.981024553331126370e+00
6.645000000129689397e+02 -4.040777846287203268e+00
6.650000000130009994e+02 -3.489599945300171591e+00
6.655000000130330591e+02 -3.720242835074809573e+00
6.660000000130650051e+02 -3.989208387677070977e+00
6.665000000130970648e+02 -4.072899000426306593e+00
6.670000000131291245e+02 -4.192554740904546939e+00
6.675000000131611841e+02 -3.488538005506517159e+00
6.680000000131931301e+02 -3.828364810194449852e+00
6.685000000132251898e+02 -3.804162836942591053e+00
6.690000000132572495e+02 -4.206084662149854658e+00
6.695000000132893092e+02 -3.485365955353487699e+00
6.700000000133212552e+02 -3.817353795435796560e+00
6.705000000133533149e+02 -4.028517126943242488e+00
6.710000000133853746e+02 -4.009491303674254326e+00
6.715000000134174343e+02 -3.863552150500748628e+00
6.720000000134494940e+02 -3.870499147261753592e+00
6.725000000134814400e+02 -4.263521379608465445e+00
6.730000000135134997e+02 -3.804673829466220347e+00
6.735000000135455593e+02 -3.959072312299695806e+00
6.740000000135776190e+02 -3.888749725008334046e+00
6.745000000136095650e+02 -3.909191270803112239e+00
6.750000000136416247e+02 -4.400894560607915729e+00
6.755000000136736844e+02 -3.560036654017428859e+00
6.760000000137057441e+02 -3.671491947543593426e+00
6.765000000137376901e+02 -4.034377669064601157e+00
6.770000000137697498e+02 -4.014138125998581330e+00
6.775000000138018095e+02 -3.898627153907286313e+00
6.780000000138338692e+02 -3.277429454023328859e+00
6.785000000138658152e+02 -4.202702035923462809e+00
6.790000000138978749e+02 -3.539554019175145338e+00
6.795000000139299345e+02 -3.770059179434361862e+00
6.800000000139619942e+02 -4.177071539273454093e+00
6.805000000139939402e+02 -3.825963579350760480e+00
6.810000000140259999e+02 -3.870941985719567491e+00
6.815000000140580596e+02 -3.855723087021903250e+00
6.820000000140901193e+02 -4.018145142200618025e+00
6.825000000141221790e+02 -3.753169860913641021e+00
6.830000000141541250e+02 -3.969815061743211970e+00
6.835000000141861847e+02 -3.808208506518814929e+00
6.840000000142182444e+02 -3.643954155716266907e+00
6.845000000142503040e+02 -3.856976939409873850e+00
6.850000000142822500e+02 -3.811223147792208277e+00
6.855000000143143097e+02 -4.065262473850580704e+00
6.860000000143463694e+02 -3.801727818707888229e+00
6.865000000143784291e+02 -3.552888056704206488e+00
6.870000000144103751e+02 -3.852585873469777322e+00
6.875000000144424348e+02 -3.744973215207480166e+00
6.880000000144744945e+02 -3.548269157643422655e+00
6.885000000145065542e+02 -4.098871341144726621e+00
6.890000000145385002e+02 -3.636290153682983028e+00
6.895000000145705599e+02 -3.854219319438068503e+00
6.900000000146026196e+02 -3.977551769826479955e+00
6.905000000146346792e+02 -3.344068588474127246e+00
6.910000000146667389e+02 -3.949548019093219953e+00
6.915000000146986849e+02 -3.690236788360447218e+00
6.920000000147307446e+02 -3.798212465364732005e+00
6.925000000147628043e+02 -3.192621645930357577e+00
6.930000000147948640e+02 -4.420073326644796019e+00
6.935000000148268100e+02 -3.528488303013372462e+00
6.940000000148588697e+02 -3.515167492714388775e+00
6.945000000148909294e+02 -3.559589999430702978e+00
6.950000000149229891e+02 -4.190081941039514923e+00
6.955000000149549351e+02 -3.523820643523488005e+00
6.960000000149869948e+02 -4.132790416370718312e+00
6.965000000150190544e+02 -4.101955383564538593e+00
6.970000000150511141e+02 -4.439303522161861970e+00
6.975000000150830601e+02 -3.984575247784710950e+00
6.980000000151151198e+02 -3.433120426126804681e+00
6.985000000151471795e+02 -3.776688112921153362e+00
6.990000000151792392e+02 -4.205754612519848834e+00
6.995000000152112989e+02 -4.235580442502764775e+00
7.000000000152432449e+02 -4.459464689813611216e+00
7.005000000152753046e+02 -3.787455838899563165e+00
7.010000000153073643e+02 -3.706034714350796122e+00
7.015000000153394240e+02 -4.363470376560905528e+00
7.020000000153713700e+02 -4.049847905625912681e+00
7.025000000154034296e+02 -3.653798402361210229e+00
7.030000000154354893e+02 -3.548998724086580125e+00
7.035000000154675490e+02 -3.980753748739707998e+00
7.040000000154994950e+02 -4.062948145573442638e+00
7.045000000155315547e+02 -4.509288969226875388e+00
7.050000000155636144e+02 -3.947335796455846424e+00
7.055000000155956741e+02 -3.845102508799543184e+00
7.060000000156276201e+02 -3.735416310600077061e+00
7.065000000156596798e+02 -4.021541845562532025e+00
7.070000000156917395e+02 -3.507427956424880477e+00
7.075000000157237992e+02 -3.878224873755659274e+00
7.080000000157558588e+02 -4.072169613702329549e+00
7.085000000157878048e+02 -4.038387898223188444e+00
7.090000000158198645e+02 -4.010374231299764780e+00
7.095000000158519242e+02 -4.101760945021720950e+00
7.100000000158839839e+02 -4.010298857901163139e+00
7.105000000159159299e+02 -3.496918251434640190e+00
7.110000000159479896e+02 -4.018656999911661920e+00
7.115000000159800493e+02 -4.085423711416804160e+00
7.120000000160121090e+02 -3.765262462021031986e+00
7.125000000160440550e+02 -3.852819187725761818e+00
7.130000000160761147e+02 -3.819708863405129051e+00
7.135000000161081743e+02 -4.102805692551354966e+00
7.140000000161402340e+02 -3.538875967644318887e+00
7.145000000161721800e+02 -3.598402572987987824e+00
7.150000000162042397e+02 -3.977107585079617813e+00
7.155000000162362994e+02 -4.015606743996306349e+00
7.160000000162683591e+02 -3.942090482591256162e+00
7.165000000163003051e+02 -4.370600477274852125e+00
7.170000000163323648e+02 -3.713515405053049001e+00
7.175000000163644245e+02 -4.519846386012856598e+00
7.180000000163964842e+02 -4.160206848946467417e+00
7.185000000164285439e+02 -4.096089021291124510e+00
7.190000000164604899e+02 -3.561495421216696933e+00
7.195000000164925495e+02 -3.937431766665020927e+00
7.200000000165246092e+02 -3.622813605129310943e+00
7.205000000165566689e+02 -3.985932802481925386e+00
7.210000000165886149e+02 -3.913244399801098172e+00
7.215000000166206746e+02 -4.298841546493191501e+00
7.220000000166527343e+02 -3.773974729355336066e+00
7.225000000166847940e+02 -4.064065703912877581e+00
7.230000000167167400e+02 -3.792960352121243606e+00
7.235000000167487997e+02 -4.191743720480221924e+00
7.240000000167808594e+02 -3.927358118089248507e+00
7.245000000168129191e+02 -3.441428631839793084e+00
7.250000000168448651e+02 -4.246410577922270058e+00
7.255000000168769247e+02 -3.689403247515969042e+00
7.260000000169089844e+02 -3.562880030194345959e+00
7.265000000169410441e+02 -3.992934722252954760e+00
7.270000000169731038e+02 -3.769203458267482709e+00
7.275000000170050498e+02 -4.023351692366111010e+00
7.280000000170371095e+02 -3.806167569083493074e+00
7.285000000170691692e+02 -3.489112687094633181e+00
7.290000000171012289e+02 -4.024958166868412235e+00
7.295000000171331749e+02 -4.007825406301272153e+00
7.300000000171652346e+02 -3.870416116123768902e+00
7.305000000171972943e+02 -3.827595436738766566e+00
7.310000000172293539e+02 -3.660733966508411985e+00
7.315000000172612999e+02 -3.939868668624702863e+00
7.320000000172933596e+02 -3.712842640541153649e+00
7.325000000173254193e+02 -4.341134417087526565e+00
7.330000000173574790e+02 -3.750529324150571053e+00
7.335000000173894250e+02 -3.882091939896681332e+00
7.340000000174214847e+02 -3.727702177641748715e+00
7.345000000174535444e+02 -3.893752600267863073e+00
7.350000000174856041e+02 -3.550093982434304518e+00
7.355000000175176638e+02 -4.037004442298773199e+00
7.360000000175496098e+02 -4.046984283328208143e+00
7.365000000175816695e+02 -4.081675550319757484e+00
7.370000000176137291e+02 -3.607514056043259032e+00
7.375000000176457888e+02 -3.614518305448231938e+00
7.380000000176777348e+02 -4.060169705388313233e+00
7.385000000177097945e+02 -3.722028636069201646e+00
7.390000000177418542e+02 -3.596772022317913819e+00
7.395000000177739139e+02 -3.804890135925857564e+00
7.400000000178058599e+02 -4.126095996857271686e+00
7.405000000178379196e+02 -3.735875484523745627e+00
7.410000000178699793e+02 -3.429617542743979897e+00
7.415000000179020390e+02 -4.141983073403281423e+00
7.420000000179339850e+02 -3.515660516091661858e+00
7.425000000179660447e+02 -4.029241493596481760e+00
7.430000000179981043e+02 -3.879473377135163936e+00
7.435000000180301640e+02 -4.443253287663207374e+00
7.440000000180622237e+02 -3.450645440895755645e+00
7.445000000180941697e+02 -3.842275830623892219e+00
7.450000000181262294e+02 -4.046764571510275132e+00
7.455000000181582891e+02 -3.553439041352349115e+00
7.460000000181903488e+02 -4.026001074045240991e+00
7.465000000182222948e+02 -3.380790595243563068e+00
7.470000000182543545e+02 -3.956833822698818004e+00
7.475000000182864142e+02 -3.928206973861299911e+00
7.480000000183184738e+02 -4.133113722932939993e+00
7.485000000183504199e+02 -3.684244681668622512e+00
7.490000000183824795e+02 -3.995917605746219348e+00
7.495000000184145392e+02 -3.556197438916102627e+00
7.500000000184465989e+02 -3.456153175334836902e+00
7.505000000184785449e+02 -4.255936424032948473e+00
7.510000000185106046e+02 -3.769811075983959370e+00
7.515000000185426643e+02 -3.671737625526946491e+00
7.520000000185747240e+02 -3.677608111143147784e+00
7.525000000186067837e+02 -4.358688732738425387e+00
7.530000000186387297e+02 -4.055002259231187622e+00
7.535000000186707894e+02 -3.654905240223913498e+00
7.540000000187028490e+02 -4.176847343462379847e+00
7.545000000187349087e+02 -3.432663086627016469e+00
7.550000000187668547e+02 -4.125221594106725398e+00
7.555000000187989144e+02 -3.750352937820912391e+00
7.560000000188309741e+02 -3.895851225521880679e+00
7.565000000188630338e+02 -3.850716328236961417e+00
7.570000000188949798e+02 -4.000257091617828387e+00
7.575000000189270395e+02 -4.191367797144701868e+00
7.580000000189590992e+02 -3.445598770140878120e+00
7.585000000189911589e+02 -4.087064040005727428e+00
7.590000000190231049e+02 -4.010886755804360604e+00
7.595000000190551646e+02 -4.017162296517327036e+00
7.600000000190872242e+02 -3.663434725834498362e+00
7.605000000191192839e+02 -3.948764820451165836e+00
7.610000000191512299e+02 -3.646121307276586343e+00
7.615000000191832896e+02 -4.156358844761719240e+00
7.620000000192153493e+02 -3.977604469720827041e+00
7.625000000192474090e+02 -3.431982300126536600e+00
7.630000000192794687e+02 -4.104980790383149447e+00
7.635000000193114147e+02 -3.578853516238295729e+00
7.640000000193434744e+02 -4.045027164687104992e+00
7.645000000193755341e+02 -3.673480182652984372e+00
7.650000000194075938e+02 -3.806573772695429625e+00
7.655000000194395398e+02 -4.051005831307328720e+00
7.660000000194715994e+02 -3.434656153500304843e+00
7.665000000195036591e+02 -3.886889652684349716e+00
7.670000000195357188e+02 -3.790398671339680892e+00
7.675000000195676648e+02 -3.973646723533502456e+00
7.680000000195997245e+02 -3.596189526835384509e+00
7.685000000196317842e+02 -3.962295556486086667e+00
7.690000000196638439e+02 -3.894590906688460752e+00
7.695000000196957899e+02 -3.921389620953458888e+00
7.700000000197278496e+02 -3.737248123574006264e+00
7.705000000197599093e+02 -3.794801893876340593e+00
7.710000000197919690e+02 -4.242891331224440954e+00
7.715000000198240286e+02 -3.717362992674469790e+00
7.720000000198559746e+02 -3.593917021324336769e+00
7.725000000198880343e+02 -3.502441348295818102e+00
7.730000000199200940e+02 -3.826399878989566350e+00
7.735000000199521537e+02 -3.838056498241929404e+00
7.740000000199840997e+02 -4.168010241301893792e+00
7.745000000200161594e+02 -3.405563575432495771e+00
7.750000000200482191e+02 -3.855953196942649708e+00
7.755000000200802788e+02 -4.085106974147876713e+00
7.760000000201122248e+02 -3.936074009434892051e+00
7.765000000201442845e+02 -4.253570394042238689e+00
7.770000000201763442e+02 -3.710172210421820882e+00
7.775000000202084038e+02 -3.198561103017534712e+00
7.780000000202403498e+02 -3.860887720766994047e+00
7.785000000202724095e+02 -4.020571353063691511e+00
7.790000000203044692e+02 -3.669196944039350594e+00
7.795000000203365289e+02 -4.481146596945443150e+00
7.800000000203685886e+02 -3.960779063081246942e+00
7.805000000204005346e+02 -3.982256988192652614e+00
7.810000000204325943e+02 -3.865266580366206739e+00
7.815000000204646540e+02 -4.097645001285703081e+00
7.820000000204967137e+02 -3.822100000284726740e+00
7.825000000205286597e+02 -3.475950934252736158e+00
7.830000000205607193e+02 -3.903792950372644732e+00
7.835000000205927790e+02 -4.014867520402514600e+00
7.840000000206248387e+02 -3.752713689847109180e+00
7.845000000206567847e+02 -3.770778596160882845e+00
7.850000000206888444e+02 -3.794291376191632370e+00
7.855000000207209041e+02 -3.623437296007545605e+00
7.860000000207529638e+02 -3.701226171882946225e+00
7.865000000207849098e+02 -4.039598362913140228e+00
7.870000000208169695e+02 -3.610163579701949121e+00
7.875000000208490292e+02 -4.599013557750494030e+00
7.880000000208810889e+02 -3.645015893835951815e+00
7.885000000209131485e+02 -3.840596029743579720e+00
7.890000000209450945e+02 -3.292331674242960471e+00
7.895000000209771542e+02 -4.080696270955003868e+00
7.900000000210092139e+02 -3.549502851798006731e+00
7.905000000210412736e+02 -3.762267797940157976e+00
7.910000000210732196e+02 -4.110095586285015479e+00
7.915000000211052793e+02 -3.783010973568021740e+00
7.920000000211373390e+02 -3.854335473849551885e+00
7.925000000211693987e+02 -3.856162091164456296e+00
7.930000000212013447e+02 -4.061658282147211807e+00
7.935000000212334044e+02 -3.753556364990236816e+00
7.940000000212654641e+02 -3.862990219998422070e+00
7.945000000212975237e+02 -3.781271312317189270e+00
7.950000000213294697e+02 -3.919687511380198774e+00
7.955000000213615294e+02 -3.345278468586792453e+00
7.960000000213935891e+02 -3.758652491199280021e+00
7.965000000214256488e+02 -3.915556207027545366e+00
7.970000000214577085e+02 -3.957584432730311796e+00
7.975000000214896545e+02 -3.427440883717158826e+00
7.980000000215217142e+02 -4.061187314580211094e+00
7.985000000215537739e+02 -3.555903832294251110e+00
7.990000000215858336e+02 -3.704983635323739311e+00
7.995000000216177796e+02 -4.072921199863915653e+00
8.000000000216498393e+02 -4.045365385818564086e+00
8.005000000216818989e+02 -3.875960206933965591e+00
8.010000000217139586e+02 -3.904019066316416264e+00
8.015000000217459046e+02 -4.253437944860446684e+00
8.020000000217779643e+02 -4.177655494344366893e+00
8.025000000218100240e+02 -3.918481901984936400e+00
8.030000000218420837e+02 -3.703408915646191790e+00
8.035000000218740297e+02 -3.869598655068357207e+00
8.040000000219060894e+02 -3.691523983454599644e+00
8.045000000219381491e+02 -4.144087474162360785e+00
8.050000000219702088e+02 -3.537309550538911829e+00
8.055000000220021548e+02 -3.643075776323078774e+00
8.060000000220342145e+02 -3.999218126139729268e+00
8.065000000220662741e+02 -3.852629871462843525e+00
8.070000000220983338e+02 -3.740497816325403235e+00
8.075000000221303935e+02 -4.086150194732874219e+00
8.080000000221623395e+02 -3.920798661291176934e+00
8.085000000221943992e+02 -3.912262332625186634e+00
8.090000000222264589e+02 -4.117215888061598328e+00
8.095000000222585186e+02 -3.642615608912597391e+00
8.100000000222904646e+02 -3.936089966393894191e+00
8.105000000223225243e+02 -3.331852191079821335e+00
8.110000000223545840e+02 -4.133580678804681163e+00
8.115000000223866436e+02 -3.901580120175078381e+00
8.120000000224185897e+02 -3.871944529708620575e+00
8.125000000224506493e+02 -3.561137724122999337e+00
8.130000000224827090e+02 -3.688305320594395198e+00
8.135000000225147687e+02 -4.134773286600516684e+00
8.140000000225467147e+02 -3.799632459974101817e+00
8.145000000225787744e+02 -3.928930500457323838e+00
8.150000000226108341e+02 -4.302607922435988996e+00
8.155000000226428938e+02 -3.979337084697088578e+00
8.160000000226749535e+02 -3.553446613928103570e+00
8.165000000227068995e+02 -4.431260366549787832e+00
8.170000000227389592e+02 -4.532370352655197721e+00
8.175000000227710188e+02 -3.430201035384229602e+00
8.180000000228030785e+02 -4.432376516022377366e+00
8.185000000228350245e+02 -3.157787181688207045e+00
8.190000000228670842e+02 -4.380345769973884806e+00
8.195000000228991439e+02 -3.887704259568491416e+00
8.200000000229312036e+02 -4.285507106628403839e+00
8.205000000229631496e+02 -4.103884367642738340e+00
8.210000000229952093e+02 -4.303767420681896994e+00
8.215000000230272690e+02 -3.615783604675596230e+00
8.220000000230593287e+02 -3.805724300128286774e+00
8.225000000230912747e+02 -3.923006674946542649e+00
8.230000000231233344e+02 -3.779469944038862383e+00
8.235000000231553940e+02 -4.242192537692578647e+00
8.240000000231874537e+02 -3.646299398090278476e+00
8.245000000232195134e+02 -3.484567115666769244e+00
8.250000000232514594e+02 -3.562699730155503453e+00
8.255000000232835191e+02 -3.829438948423537159e+00
8.260000000233155788e+02 -4.057641286163705452e+00
8.265000000233476385e+02 -3.540285568760819679e+00
8.270000000233795845e+02 -4.052389950964339960e+00
8.275000000234116442e+02 -3.529743424783533978e+00
8.280000000234437039e+02 -3.718432373421880932e+00
8.285000000234757636e+02 -4.009839483133669447e+00
8.290000000235077096e+02 -4.001985630704294472e+00
8.295000000235397692e+02 -3.554793127942207143e+00
8.300000000235718289e+02 -3.697202681415036274e+00
8.305000000236038886e+02 -3.915140116946489890e+00
8.310000000236358346e+02 -3.869319755594513577e+00
8.315000000236678943e+02 -3.780341693700941086e+00
8.320000000236999540e+02 -4.077159897199043925e+00
8.325000000237320137e+02 -3.728977128063587276e+00
8.330000000237640734e+02 -3.675665376286730179e+00
8.335000000237960194e+02 -3.991999892242756420e+00
8.340000000238280791e+02 -3.437371295558942830e+00
8.345000000238601388e+02 -3.561945258207257048e+00
8.350000000238921984e+02 -3.905680661730187797e+00
8.355000000239241444e+02 -3.609933263791366365e+00
8.360000000239562041e+02 -3.740552062935451616e+00
8.365000000239882638e+02 -4.066476210905284105e+00
8.370000000240203235e+02 -3.913134678168875613e+00
8.375000000240522695e+02 -4.061783162219507304e+00
8.380000000240843292e+02 -3.916845611085372880e+00
8.385000000241163889e+02 -4.315540971569303608e+00
8.390000000241484486e+02 -4.240509964610352789e+00
8.395000000241803946e+02 -3.921331546802647061e+00
8.400000000242124543e+02 -3.324240692527432373e+00
8.405000000242445140e+02 -4.100382650712256272e+00
8.410000000242765736e+02 -3.594259390130737142e+00
8.415000000243086333e+02 -3.905910079062267837e+00
8.420000000243405793e+02 -4.063260683549270169e+00
8.425000000243726390e+02 -3.636210403726118034e+00
8.430000000244046987e+02 -3.995674347092603274e+00
8.435000000244367584e+02 -3.701466028948589226e+00
8.440000000244687044e+02 -4.004677605646555172e+00
8.445000000245007641e+02 -3.861707760145386636e+00
8.450000000245328238e+02 -3.910997703231197775e+00
8.455000000245648835e+02 -3.762118798171322887e+00
8.460000000245968295e+02 -3.586812241261986056e+00
8.465000000246288892e+02 -3.994170917529723752e+00
8.470000000246609488e+02 -3.700195935703577188e+00
8.475000000246930085e+02 -3.953128802624775506e+00
8.480000000247249545e+02 -3.701920248683966186e+00
8.485000000247570142e+02 -4.391945219438397885e+00
8.490000000247890739e+02 -3.648622842324619864e+00
8.495000000248211336e+02 -3.835885617778483692e+00
8.500000000248530796e+02 -4.288409205194562368e+00
8.505000000248851393e+02 -4.157019832280615113e+00
8.510000000249171990e+02 -3.563701618509811375e+00
8.515000000249492587e+02 -4.096713699075406723e+00
8.520000000249813183e+02 -4.054368850591645312e+00
8.525000000250132643e+02 -3.959258388220730396e+00
8.530000000250453240e+02 -3.626073543687952760e+00
8.535000000250773837e+02 -3.905306589821601282e+00
8.540000000251094434e+02 -3.888543978343839136e+00
8.545000000251413894e+02 -3.967131865236724675e+00
8.550000000251734491e+02 -3.578921326909611622e+00
8.555000000252055088e+02 -3.893864655956534637e+00
8.560000000252375685e+02 -4.152938215157782942e+00
8.565000000252695145e+02 -4.247008077293665806e+00
8.570000000253015742e+02 -4.009902990884394391e+00
8.575000000253336339e+02 -3.566222671762436125e+00
8.580000000253656935e+02 -3.678626890512409986e+00
8.585000000253976395e+02 -4.005962791056275840e+00
8.590000000254296992e+02 -4.104980939258982886e+00
8.595000000254617589e+02 -4.193703190508174750e+00
8.600000000254938186e+02 -3.870001024106757281e+00
8.605000000255258783e+02 -3.683514474277113315e+00
8.610000000255578243e+02 -4.048068233491643575e+00
8.615000000255898840e+02 -3.419388780633018765e+00
8.620000000256219437e+02 -3.641473333629128284e+00
8.625000000256540034e+02 -3.934177233063207879e+00
8.630000000256859494e+02 -4.016688716111826096e+00
8.635000000257180091e+02 -4.120758189206862099e+00
8.640000000257500687e+02 -3.748188434355982590e+00
8.645000000257821284e+02 -4.200105924286337888e+00
8.650000000258140744e+02 -3.940904187926924429e+00
8.655000000258461341e+02 -4.050899291634633137e+00
8.660000000258781938e+02 -3.497207936913659942e+00
8.665000000259102535e+02 -3.599163077952208578e+00
8.670000000259421995e+02 -4.051227738172968884e+00
8.675000000259742592e+02 -4.047404367749001253e+00
8.680000000260063189e+02 -3.670748718978112723e+00
8.685000000260383786e+02 -4.238118617239888586e+00
8.690000000260704383e+02 -3.452963345979471299e+00
8.695000000261023843e+02 -4.107014130199108770e+00
8.700000000261344439e+02 -3.571354822966401166e+00
8.705000000261665036e+02 -4.115256396038724951e+00
8.710000000261985633e+02 -3.457894457508757124e+00
8.715000000262305093e+02 -3.807389505647650996e+00
8.720000000262625690e+02 -4.380760090341885515e+00
8.725000000262946287e+02 -3.476433491565316558e+00
8.730000000263266884e+02 -4.460954044551772135e+00
8.735000000263586344e+02 -3.598519932241420971e+00
8.740000000263906941e+02 -4.079895249173469907e+00
8.745000000264227538e+02 -3.989059165937223650e+00
8.750000000264548135e+02 -3.946333458783388703e+00
8.755000000264867595e+02 -3.840771334712123064e+00
8.760000000265188191e+02 -3.870332577139728336e+00
8.765000000265508788e+02 -4.234960089814684636e+00
8.770000000265829385e+02 -3.358452962978746736e+00
8.775000000266149982e+02 -3.736170792814899055e+00
8.780000000266469442e+02 -3.272580509830771422e+00
8.785000000266790039e+02 -3.747707372992661767e+00
8.790000000267110636e+02 -3.913402556838988300e+00
8.795000000267431233e+02 -3.513866659236067225e+00
8.800000000267750693e+02 -4.085494960323401870e+00
8.805000000268071290e+02 -3.283641947564924557e+00
8.810000000268391886e+02 -3.581492474651662317e+00
8.815000000268712483e+02 -3.889455586136277176e+00
8.820000000269031943e+02 -3.948695748782077963e+00
8.825000000269352540e+02 -3.942402739389921251e+00
8.830000000269673137e+02 -3.729453554909434310e+00
8.835000000269993734e+02 -4.078471667718791771e+00
8.840000000270313194e+02 -3.670545770417200870e+00
8.845000000270633791e+02 -3.954530696055621686e+00
8.850000000270954388e+02 -4.221334728205245135e+00
8.855000000271274985e+02 -3.928065066739561129e+00
8.860000000271595582e+02 -3.939480429369160319e+00
8.865000000271915042e+02 -4.082511668896253276e+00
8.870000000272235638e+02 -3.709775019685238373e+00
8.875000000272556235e+02 -3.862598738867959902e+00
8.880000000272876832e+02 -3.888213303681421262e+00
8.885000000273196292e+02 -3.636526106833093852e+00
8.890000000273516889e+02 -3.920231929299223594e+00
8.895000000273837486e+02 -4.293648527183798080e+00
8.900000000274158083e+02 -4.286615403420154458e+00
8.905000000274477543e+02 -3.924573187303093569e+00
8.910000000274798140e+02 -4.066263887451184722e+00
8.915000000275118737e+02 -4.143472484976334691e+00
8.920000000275439334e+02 -3.672092030251914441e+00
8.925000000275758794e+02 -3.552309281478337688e+00
8.930000000276079390e+02 -3.656842942995605306e+00
8.935000000276399987e+02 -3.984845158150697397e+00
8.940000000276720584e+02 -3.894781195189525036e+00
8.945000000277040044e+02 -3.780518020746622909e+00
8.950000000277360641e+02 -3.484743562620514545e+00
8.955000000277681238e+02 -3.916586082848382500e+00
8.960000000278001835e+02 -4.289585085723492952e+00
8.965000000278322432e+02 -3.846408358428993424e+00
8.970000000278641892e+02 -4.180190609142938385e+00
8.975000000278962489e+02 -4.274845250082572434e+00
8.980000000279283086e+02 -3.441108632379304755e+00
8.985000000279603682e+02 -4.240441577017135977e+00
8.990000000279923142e+02 -3.360946320699485401e+00
8.995000000280243739e+02 -4.011876786094551228e+00
9.000000000280564336e+02 -3.980212718855332454e+00
9.005000000280884933e+02 -3.868653290427747304e+00
9.010000000281204393e+02 -3.882420339400828535e+00
9.015000000281524990e+02 -3.935464004675667926e+00
9.020000000281845587e+02 -3.824260558916590114e+00
9.025000000282166184e+02 -3.946383180517003098e+00
9.030000000282485644e+02 -3.824065143561425906e+00
9.035000000282806241e+02 -4.013150808211539022e+00
9.040000000283126838e+02 -3.838747186021728375e+00
9.045000000283447434e+02 -3.932979069586035603e+00
9.050000000283768031e+02 -3.564380320433671478e+00
9.055000000284087491e+02 -3.997151632712102387e+00
9.060000000284408088e+02 -3.832036058973515846e+00
9.065000000284728685e+02 -3.766289733131430673e+00
9.070000000285049282e+02 -4.133619192332123049e+00
9.075000000285368742e+02 -3.877075898548775434e+00
9.080000000285689339e+02 -3.724580753924211951e+00
9.085000000286009936e+02 -3.831774118663266115e+00
9.090000000286330533e+02 -3.832585210600270020e+00
9.095000000286649993e+02 -3.297475122178015638e+00
9.100000000286970590e+02 -3.915522134301520740e+00
9.105000000287291186e+02 -3.777188495971323334e+00
9.110000000287611783e+02 -4.098164671306772533e+00
9.115000000287931243e+02 -4.069528052630208670e+00
9.120000000288251840e+02 -3.433371099393085935e+00
9.125000000288572437e+02 -3.783225641007334605e+00
9.130000000288893034e+02 -4.108488273624224085e+00
9.135000000289213631e+02 -3.585778381876354892e+00
9.140000000289533091e+02 -4.147852738455245714e+00
9.145000000289853688e+02 -3.854247020197233642e+00
9.150000000290174285e+02 -3.793218077986259651e+00
9.155000000290494881e+02 -3.836682593036225608e+00
9.160000000290814341e+02 -3.737564027531688815e+00
9.165000000291134938e+02 -3.848154468325533095e+00
9.170000000291455535e+02 -4.037726226812444530e+00
9.175000000291776132e+02 -3.531884520120986526e+00
9.180000000292095592e+02 -3.954542747863611929e+00
9.185000000292416189e+02 -3.741477015442427945e+00
9.190000000292736786e+02 -4.229257427418738224e+00
9.195000000293057383e+02 -3.958157541695550119e+00
9.200000000293376843e+02 -4.274739429438696448e+00
9.205000000293697440e+02 -3.727998997429949668e+00
9.210000000294018037e+02 -3.308943821215811987e+00
9.215000000294338633e+02 -4.138945320917249759e+00
9.220000000294659230e+02 -4.007168124231816897e+00
9.225000000294978690e+02 -4.497101034260338359e+00
9.230000000295299287e+02 -3.508247345851031262e+00
9.235000000295619884e+02 -3.886235458567061762e+00
9.240000000295940481e+02 -3.891245415613735936e+00
9.245000000296259941e+02 -4.293474457300086478e+00
9.250000000296580538e+02 -3.527791860359129839e+00
9.255000000296901135e+02 -3.993488090784994782e+00
9.260000000297221732e+02 -3.393688649215005348e+00
9.265000000297541192e+02 -3.578493506751592168e+00
9.270000000297861789e+02 -4.257635258527645128e+00
9.275000000298182385e+02 -4.084755998760065232e+00
9.280000000298502982e+02 -4.437995994504394304e+00
9.285000000298822442e+02 -3.404554319670777485e+00
9.290000000299143039e+02 -3.972037966848390500e+00
9.295000000299463636e+02 -3.828187292930397945e+00
9.300000000299784233e+02 -3.774409147902633155e+00
9.305000000300104830e+02 -3.964067401549676184e+00
9.310000000300424290e+02 -3.728512773006737557e+00
9.315000000300744887e+02 -3.872528969867644388e+00
9.320000000301065484e+02 -3.920379783106127114e+00
9.325000000301386081e+02 -3.816261083799131537e+00
9.330000000301705541e+02 -3.524489753775023715e+00
9.335000000302026137e+02 -3.810216649315322890e+00
9.340000000302346734e+02 -3.896217480644633469e+00
9.345000000302667331e+02 -3.911583699441872231e+00
9.350000000302986791e+02 -3.705700216004532699e+00
9.355000000303307388e+02 -3.757111457059771009e+00
9.360000000303627985e+02 -4.022274382035534224e+00
9.365000000303948582e+02 -3.316961267804847235e+00
9.370000000304268042e+02 -4.051467247616182377e+00
9.375000000304588639e+02 -4.098773390364399916e+00
9.380000000304909236e+02 -3.294182083285630558e+00
9.385000000305229833e+02 -3.732663756898810803e+00
9.390000000305549293e+02 -4.369886365022188635e+00
9.395000000305869889e+02 -3.964285383378079786e+00
9.400000000306190486e+02 -3.960255805367474569e+00
9.405000000306511083e+02 -3.947545596384939959e+00
9.410000000306831680e+02 -3.764763747342023237e+00
9.415000000307151140e+02 -4.045593718444797204e+00
9.420000000307471737e+02 -4.024581592399538721e+00
9.425000000307792334e+02 -3.738493639339321550e+00
9.430000000308112931e+02 -4.154786834544780483e+00
9.435000000308432391e+02 -3.885821488839856119e+00
9.440000000308752988e+02 -3.376423423331461393e+00
9.445000000309073585e+02 -3.763970027136083640e+00
9.450000000309394181e+02 -4.364126722490406785e+00
9.455000000309713641e+02 -3.861947589311975459e+00
9.460000000310034238e+02 -3.760775677772586256e+00
9.465000000310354835e+02 -3.988691837562084785e+00
9.470000000310675432e+02 -3.411657607719246421e+00
9.475000000310994892e+02 -4.757623648258991977e+00
9.480000000311315489e+02 -3.850137441185014442e+00
9.485000000311636086e+02 -3.777072904288002242e+00
9.490000000311956683e+02 -3.689386392256003067e+00
9.495000000312277280e+02 -4.046974028514607191e+00
9.500000000312596740e+02 -3.962947432575306017e+00
9.505000000312917336e+02 -3.931050615717524011e+00
9.510000000313237933e+02 -4.189757786550410756e+00
9.515000000313558530e+02 -3.939320304259898986e+00
9.520000000313877990e+02 -3.460609661703371476e+00
9.525000000314198587e+02 -4.581775036221443997e+00
9.530000000314519184e+02 -4.195357692406223471e+00
9.535000000314839781e+02 -3.381575907884219134e+00
9.540000000315159241e+02 -4.508098680695789007e+00
9.545000000315479838e+02 -3.963750154637217804e+00
9.550000000315800435e+02 -4.303377106980838640e+00
9.555000000316121032e+02 -4.308633645801400291e+00
9.560000000316440492e+02 -3.866224476112876118e+00
9.565000000316761088e+02 -3.846634913079388873e+00
9.570000000317081685e+02 -3.907279854057038815e+00
9.575000000317402282e+02 -3.655800812127805166e+00
9.580000000317722879e+02 -4.031400715194875417e+00
9.585000000318042339e+02 -3.923504167132717324e+00
9.590000000318362936e+02 -3.603779337788203918e+00
9.595000000318683533e+02 -4.130652556928086305e+00
9.600000000319004130e+02 -3.636811302692991799e+00
9.605000000319323590e+02 -3.785816413936572644e+00
9.610000000319644187e+02 -4.170657908054817398e+00
9.615000000319964784e+02 -3.203408290229366795e+00
9.620000000320285380e+02 -3.952126066063157417e+00
9.625000000320604840e+02 -3.926623117423007958e+00
9.630000000320925437e+02 -3.622624164761559129e+00
9.635000000321246034e+02 -3.754966561313113349e+00
9.640000000321566631e+02 -3.573950765964819087e+00
9.645000000321886091e+02 -4.032587766530681073e+00
9.650000000322206688e+02 -3.728246563192347374e+00
9.655000000322527285e+02 -3.572274197063469270e+00
9.660000000322847882e+02 -4.329154040445194696e+00
9.665000000323168479e+02 -4.043306712212426213e+00
9.670000000323487939e+02 -3.478647125244176852e+00
9.675000000323808536e+02 -4.172716460398500082e+00
9.680000000324129132e+02 -4.307436196350826307e+00
9.685000000324449729e+02 -3.643312690195606773e+00
9.690000000324769189e+02 -3.568014528274124686e+00
9.695000000325089786e+02 -4.338010831062152128e+00
9.700000000325410383e+02 -3.895300591960201952e+00
9.705000000325730980e+02 -3.918053393225101821e+00
9.710000000326050440e+02 -3.952890722080980801e+00
9.715000000326371037e+02 -3.974328994219603395e+00
9.720000000326691634e+02 -4.005340743598411635e+00
9.725000000327012231e+02 -3.689761928800174839e+00
9.730000000327331691e+02 -3.747652877212151346e+00
9.735000000327652288e+02 -4.593412084704632470e+00
9.740000000327972884e+02 -3.649509617360116476e+00
9.745000000328293481e+02 -3.932692904503059861e+00
9.750000000328614078e+02 -4.027112576634652719e+00
9.755000000328933538e+02 -3.183334222357303567e+00
9.760000000329254135e+02 -3.841027387220081302e+00
9.765000000329574732e+02 -3.403906630524463406e+00
9.770000000329895329e+02 -3.634430114919710686e+00
9.775000000330214789e+02 -4.241020819261192898e+00
9.780000000330535386e+02 -3.744216607293981536e+00
9.785000000330855983e+02 -3.681189525775253824e+00
9.790000000331176579e+02 -3.697985836788972858e+00
9.795000000331496040e+02 -4.310227277451934569e+00
9.800000000331816636e+02 -4.450411253607683193e+00
9.805000000332137233e+02 -3.659299440966520045e+00
9.810000000332457830e+02 -4.145677631555419573e+00
9.815000000332777290e+02 -4.100113082601170689e+00
9.820000000333097887e+02 -3.406069293013311405e+00
9.825000000333418484e+02 -4.140244150274715373e+00
9.830000000333739081e+02 -4.007935474443566015e+00
9.835000000334058541e+02 -4.129368363364247507e+00
9.840000000334379138e+02 -3.775647946746421013e+00
9.845000000334699735e+02 -3.408112290306829273e+00
9.850000000335020331e+02 -3.926037633092592127e+00
9.855000000335340928e+02 -3.745946685507711482e+00
9.860000000335660388e+02 -4.303913614642438823e+00
9.865000000335980985e+02 -4.041323325660640009e+00
9.870000000336301582e+02 -4.110112629610924273e+00
9.875000000336622179e+02 -3.954160970667845110e+00
9.880000000336941639e+02 -3.692440581439877079e+00
9.885000000337262236e+02 -3.852407404616636555e+00
9.890000000337582833e+02 -3.949044113007273982e+00
9.895000000337903430e+02 -3.812970612472631693e+00
9.900000000338222890e+02 -3.928188964144419426e+00
9.905000000338543487e+02 -3.729196363649151191e+00
9.910000000338864083e+02 -3.718964314978167263e+00
9.915000000339184680e+02 -4.350365458297591026e+00
9.920000000339504140e+02 -4.368082576991462851e+00
9.925000000339824737e+02 -3.509286106964779606e+00
9.930000000340145334e+02 -4.651000955543690196e+00
9.935000000340465931e+02 -3.942389389719566761e+00
9.940000000340786528e+02 -3.928840649323740664e+00
9.945000000341105988e+02 -3.859250848464643280e+00
9.950000000341426585e+02 -3.698772716588022647e+00
9.955000000341747182e+02 -3.885104491449841824e+00
9.960000000342067779e+02 -4.065902332134234243e+00
9.965000000342387239e+02 -4.055339553014301046e+00
9.970000000342707835e+02 -3.637301899944429540e+00
9.975000000343028432e+02 -3.643793028980061521e+00
9.980000000343349029e+02 -3.690620441254256257e+00
9.985000000343668489e+02 -3.859012231298335038e+00
9.990000000343989086e+02 -4.034834720846111722e+00
9.995000000344309683e+02 -3.946933060250755521e+00
1.000000000034463028e+03 -3.888581365591045280e+00
