# Time (ps)	CV (angstrom)
9.999999999975766229e+01 2.497311134854635739e+00
1.004999999997559001e+02 3.097042917007180041e+00
1.009999999997541380e+02 2.391384829192610972e+00
1.014999999997533990e+02 3.044604357403518424e+00
1.019999999997629061e+02 2.826342457390488061e+00
1.024999999997724132e+02 2.639908230597831196e+00
1.029999999997819060e+02 2.972455838946852946e+00
1.034999999997914131e+02 3.078163590808411509e+00
1.039999999998009201e+02 2.322046761690632621e+00
1.044999999998104272e+02 3.080293960833664801e+00
1.049999999998199343e+02 2.691202398255541084e+00
1.054999999998294413e+02 2.763598139191176362e+00
1.059999999998389484e+02 3.043961927644709409e+00
1.064999999998484554e+02 2.762322579281469181e+00
1.069999999998579483e+02 2.716081202154580598e+00
1.074999999998674554e+02 2.861609213460216683e+00
1.079999999998769624e+02 3.166969915918041778e+00
1.084999999998864695e+02 2.538717434350071134e+00
1.089999999998959765e+02 2.971918679099475380e+00
1.094999999999054836e+02 3.109252382314066310e+00
1.099999999999149907e+02 2.365525762760972039e+00
1.104999999999244977e+02 2.620615734011221942e+00
1.109999999999339906e+02 2.931217986506107653e+00
1.114999999999434976e+02 2.576799366941076475e+00
1.119999999999530047e+02 2.773923305157706132e+00
1.124999999999625118e+02 2.673335853303642651e+00
1.129999999999720188e+02 3.049816059167100413e+00
1.134999999999815259e+02 2.749328828811257619e+00
1.139999999999910330e+02 2.823702258897105466e+00
1.145000000000005400e+02 3.147363972842002866e+00
1.150000000000100329e+02 2.387252431478465997e+00
1.155000000000195399e+02 2.855911004145589960e+00
1.160000000000290470e+02 2.907104356848705606e+00
1.165000000000385540e+02 2.633110174142577531e+00
1.170000000000480611e+02 2.484974412492096718e+00
1.175000000000575682e+02 2.860772889763762983e+00
1.180000000000670752e+02 2.984320970689131602e+00
1.185000000000765823e+02 2.701228265244371762e+00
1.190000000000860751e+02 2.655684019754162684e+00
1.195000000000955822e+02 2.980581653160827571e+00
1.200000000001050893e+02 2.851653839416745218e+00
1.205000000001145963e+02 2.944597803435887950e+00
1.210000000001241034e+02 2.745439114346211795e+00
1.215000000001336105e+02 2.527191011350087724e+00
1.220000000001431175e+02 2.591238827291897362e+00
1.225000000001526246e+02 2.981916592618197193e+00
1.230000000001621174e+02 2.522001404255584500e+00
1.235000000001716245e+02 2.986840119902088642e+00
1.240000000001811316e+02 2.541995119013389370e+00
1.245000000001906386e+02 2.843433173624855481e+00
1.250000000002001457e+02 3.012887597221759250e+00
1.255000000002096527e+02 2.567881650635237101e+00
1.260000000002191598e+02 2.928098448023362721e+00
1.265000000002286527e+02 2.813404123051068684e+00
1.270000000002381597e+02 2.529254798091412404e+00
1.275000000002476668e+02 2.773504929289032361e+00
1.280000000002571880e+02 3.016154257438982800e+00
1.285000000002666809e+02 2.541451391761062162e+00
1.290000000002761738e+02 3.068913308025417397e+00
1.295000000002856950e+02 2.900031223177600204e+00
1.300000000002951879e+02 2.569257333997469583e+00
1.305000000003047091e+02 2.664882000185169630e+00
1.310000000003142020e+02 2.967814704792159475e+00
1.315000000003237233e+02 2.836054216988689536e+00
1.320000000003332161e+02 3.044116921609841153e+00
1.325000000003427090e+02 2.885846104715985572e+00
1.330000000003522302e+02 2.876017729736523254e+00
1.335000000003617231e+02 3.144706479414224987e+00
1.340000000003712444e+02 2.541266619882321276e+00
1.345000000003807372e+02 3.069228614838145131e+00
1.350000000003902585e+02 2.805210154399877975e+00
1.355000000003997513e+02 2.751809689831938410e+00
1.360000000004092726e+02 2.959259955818123178e+00
1.365000000004187655e+02 2.777506835897280979e+00
1.370000000004282583e+02 2.859596424597958819e+00
1.375000000004377796e+02 3.064991736794291821e+00
1.380000000004472724e+02 2.717286510023482204e+00
1.385000000004567937e+02 2.923669240296884908e+00
1.390000000004662866e+02 2.955979148935475198e+00
1.395000000004758078e+02 3.014477416905823937e+00
1.400000000004853007e+02 2.638334333571613399e+00
1.405000000004947935e+02 3.014802856697576861e+00
1.410000000005043148e+02 2.900504142175885480e+00
1.415000000005138077e+02 2.771694618205045479e+00
1.420000000005233289e+02 2.820439507881234320e+00
1.425000000005328218e+02 2.756130719343521385e+00
1.430000000005423431e+02 2.736772805910041129e+00
1.435000000005518359e+02 3.074230031484972425e+00
1.440000000005613572e+02 2.763665159485194422e+00
1.445000000005708500e+02 2.658983590696867516e+00
1.450000000005803429e+02 3.053911736600076754e+00
1.455000000005898642e+02 2.475534130736904537e+00
1.460000000005993570e+02 3.022017837131679929e+00
1.465000000006088783e+02 2.810774479512157864e+00
1.470000000006183711e+02 2.643973446263613525e+00
1.475000000006278924e+02 3.109644186357928497e+00
1.480000000006373853e+02 3.116637124678803161e+00
1.485000000006468781e+02 2.615179869651031552e+00
1.490000000006563994e+02 2.751769695008701611e+00
1.495000000006658922e+02 2.953634869742307600e+00
1.500000000006754135e+02 2.707739721394260002e+00
1.505000000006849064e+02 2.620189462919415124e+00
1.510000000006944276e+02 3.002433813051094802e+00
1.515000000007039205e+02 2.556517635521363019e+00
1.520000000007134133e+02 2.820198079125621593e+00
1.525000000007229346e+02 2.729142704155180343e+00
1.530000000007324275e+02 2.589505359565384968e+00
1.535000000007419487e+02 2.887476760183024460e+00
1.540000000007514416e+02 2.786289234008001880e+00
1.545000000007609628e+02 2.638046016234628866e+00
1.550000000007704557e+02 2.800129603663505939e+00
1.555000000007799770e+02 2.567538283159637835e+00
1.560000000007894698e+02 2.923280257778811286e+00
1.565000000007989627e+02 2.586600150728697756e+00
1.570000000008084839e+02 2.850384209865330920e+00
1.575000000008179768e+02 2.778023756098364050e+00
1.580000000008274981e+02 2.868621734662072154e+00
1.585000000008369909e+02 2.589523466995863554e+00
1.590000000008465122e+02 2.919998231862879212e+00
1.595000000008560050e+02 2.674214152200957706e+00
1.600000000008654979e+02 2.747340309838146144e+00
1.605000000008750192e+02 2.992845423321520482e+00
1.610000000008845120e+02 2.419900035235879709e+00
1.615000000008940333e+02 3.149470810850612423e+00
1.620000000009035261e+02 2.559713063468185279e+00
1.625000000009130474e+02 2.760167286167225509e+00
1.630000000009225403e+02 3.001872738358961623e+00
1.635000000009320615e+02 3.064170419540055867e+00
1.640000000009415544e+02 2.224057379751646746e+00
1.645000000009510472e+02 2.790884776374818355e+00
1.650000000009605685e+02 2.619277050543497687e+00
1.655000000009700614e+02 2.897685560103439251e+00
1.660000000009795826e+02 2.660546613369592528e+00
1.665000000009890755e+02 2.632238113930026824e+00
1.670000000009985968e+02 3.108714278322313618e+00
1.675000000010080896e+02 2.672726121111232089e+00
1.680000000010175825e+02 2.777908249301905386e+00
1.685000000010271037e+02 2.740070485938991496e+00
1.690000000010365966e+02 3.043822548060833633e+00
1.695000000010461179e+02 2.638239124360746146e+00
1.700000000010556107e+02 2.775813731960274033e+00
1.705000000010651320e+02 2.305823910944755806e+00
1.710000000010746248e+02 2.726275242134222676e+00
1.715000000010841177e+02 3.065175486863381593e+00
1.720000000010936390e+02 2.757289156560323029e+00
1.725000000011031318e+02 2.840977063271162173e+00
1.730000000011126531e+02 2.959091945101524956e+00
1.735000000011221459e+02 2.671561013261494200e+00
1.740000000011316672e+02 2.679350217699870029e+00
1.745000000011411601e+02 2.979650197941603018e+00
1.750000000011506813e+02 2.802898677736893607e+00
1.755000000011601742e+02 2.940136866307367480e+00
1.760000000011696670e+02 2.782532047775101436e+00
1.765000000011791883e+02 2.724212534637208805e+00
1.770000000011886812e+02 2.784652129080486649e+00
1.775000000011982024e+02 2.954196776410833447e+00
1.780000000012076953e+02 2.848996590564385034e+00
1.785000000012172165e+02 2.639275411392054238e+00
1.790000000012267094e+02 3.030391370671643880e+00
1.795000000012362023e+02 3.101102543419938407e+00
1.800000000012457235e+02 3.071272592053220230e+00
1.805000000012552164e+02 2.659857508343612675e+00
1.810000000012647376e+02 2.684625071035113830e+00
1.815000000012742305e+02 2.721795668396183032e+00
1.820000000012837518e+02 2.766998376469644860e+00
1.825000000012932446e+02 3.172096601675233440e+00
1.830000000013027659e+02 2.431122036920126739e+00
1.835000000013122587e+02 3.456928849005013404e+00
1.840000000013217516e+02 2.504114128833934583e+00
1.845000000013312729e+02 2.972118794713201506e+00
1.850000000013407657e+02 2.406783283113492988e+00
1.855000000013502870e+02 3.077035103280183925e+00
1.860000000013597798e+02 2.722747255657103072e+00
1.865000000013693011e+02 3.075330166960677403e+00
1.870000000013787940e+02 2.460204896452453216e+00
1.875000000013882868e+02 2.698117620149551588e+00
1.880000000013978081e+02 2.880975908437248822e+00
1.885000000014073009e+02 2.989134804815689606e+00
1.890000000014168222e+02 2.835700526394095533e+00
1.895000000014263151e+02 2.844972608875656395e+00
1.900000000014358363e+02 2.578233247383932891e+00
1.905000000014453292e+02 2.637075209008944210e+00
1.910000000014548220e+02 3.008858224912001500e+00
1.915000000014643433e+02 2.581012005784207641e+00
1.920000000014738362e+02 2.917009376514514862e+00
1.925000000014833574e+02 2.714383089885081368e+00
1.930000000014928503e+02 2.875528836108483866e+00
1.935000000015023716e+02 2.896674657240605022e+00
1.940000000015118644e+02 2.864560546797791485e+00
1.945000000015213857e+02 2.492789053628210905e+00
1.950000000015308785e+02 2.932269500278279484e+00
1.955000000015403714e+02 2.756974954635953878e+00
1.960000000015498927e+02 2.811605414363247846e+00
1.965000000015593855e+02 2.752551020446031060e+00
1.970000000015689068e+02 2.816170933135840659e+00
1.975000000015783996e+02 2.849453262672708487e+00
1.980000000015879209e+02 2.992392361110844501e+00
1.985000000015974138e+02 2.741716146809393795e+00
1.990000000016069066e+02 2.735167131862311418e+00
1.995000000016164279e+02 2.776462730915573385e+00
2.000000000016259207e+02 2.524403261666753551e+00
2.005000000016354420e+02 2.927225254630007267e+00
2.010000000016449349e+02 2.957251892462865239e+00
2.015000000016544561e+02 2.835949770118991520e+00
2.020000000016639490e+02 2.743272432141090622e+00
2.025000000016734703e+02 2.919175015061547196e+00
2.030000000016789556e+02 2.872202635468251053e+00
2.035000000016659385e+02 2.625488422270612965e+00
2.040000000016529214e+02 2.750828838698772483e+00
2.045000000016398758e+02 2.372066157664145525e+00
2.050000000016268586e+02 3.057244607307993078e+00
2.055000000016138415e+02 2.948427868714552424e+00
2.060000000016008244e+02 2.434578518756782550e+00
2.065000000015878072e+02 3.036329203822572431e+00
2.070000000015747617e+02 2.804153545153956095e+00
2.075000000015617445e+02 2.718370645723359402e+00
2.080000000015487274e+02 2.872486349548243112e+00
2.085000000015357102e+02 2.777751616712491156e+00
2.090000000015226931e+02 2.870516771862089644e+00
2.095000000015096475e+02 2.594165333526373463e+00
2.100000000014966304e+02 3.024051969317990363e+00
2.105000000014836132e+02 2.527619027955719577e+00
2.110000000014705961e+02 3.125199821873777761e+00
2.115000000014575789e+02 3.029068176567659254e+00
2.120000000014445618e+02 2.473748933156117769e+00
2.125000000014315162e+02 2.783993479543445115e+00
2.130000000014184991e+02 2.980344032420393585e+00
2.135000000014054820e+02 2.861121799689489098e+00
2.140000000013924648e+02 2.592757264383757310e+00
2.145000000013794477e+02 2.863636209929296683e+00
2.150000000013664021e+02 3.009813721037484679e+00
2.155000000013533850e+02 2.709679640507977716e+00
2.160000000013403678e+02 2.778293086551445246e+00
2.165000000013273507e+02 2.834823319348758641e+00
2.170000000013143335e+02 3.023297076839774444e+00
2.175000000013013164e+02 2.539785832814988265e+00
2.180000000012882708e+02 2.784362085023652789e+00
2.185000000012752537e+02 2.921480348514226222e+00
2.190000000012622365e+02 2.701267924139674204e+00
2.195000000012492194e+02 2.785999207662452015e+00
2.200000000012362023e+02 2.791341963711524432e+00
2.205000000012231567e+02 2.672107067933715552e+00
2.210000000012101395e+02 2.832057877935066248e+00
2.215000000011971224e+02 2.793132769153036321e+00
2.220000000011841053e+02 2.691942499572702818e+00
2.225000000011710881e+02 2.741977051395516618e+00
2.230000000011580710e+02 2.511497463214367620e+00
2.235000000011450254e+02 3.037267908755664880e+00
2.240000000011320083e+02 2.928368933846614564e+00
2.245000000011189911e+02 2.825769366873849719e+00
2.250000000011059740e+02 2.758420664835219860e+00
2.255000000010929568e+02 2.598035948419455288e+00
2.260000000010799113e+02 2.688578318145553592e+00
2.265000000010668941e+02 2.974096125692410109e+00
2.270000000010538770e+02 2.765224520267947295e+00
2.275000000010408598e+02 2.632919521386200667e+00
2.280000000010278427e+02 2.541504990249027429e+00
2.285000000010148256e+02 3.157366003417711120e+00
2.290000000010017800e+02 2.558189708822845798e+00
2.295000000009887628e+02 3.041813458980459295e+00
2.300000000009757457e+02 2.796887613651582338e+00
2.305000000009627286e+02 2.998436134557993960e+00
2.310000000009497114e+02 2.874187934325938887e+00
2.315000000009366659e+02 2.586162741500943607e+00
2.320000000009236487e+02 2.923533914612612694e+00
2.325000000009106316e+02 3.001026757038455894e+00
2.330000000008976144e+02 2.659183236291013497e+00
2.335000000008845973e+02 2.759738937871522246e+00
2.340000000008715517e+02 2.814680106922619718e+00
2.345000000008585346e+02 2.711939517710535874e+00
2.350000000008455174e+02 2.756144149380997721e+00
2.355000000008325003e+02 2.617590076675572419e+00
2.360000000008194831e+02 2.939267753397644789e+00
2.365000000008064660e+02 2.603292098393345633e+00
2.370000000007934204e+02 2.754149845324911361e+00
2.375000000007804033e+02 2.628483050939564247e+00
2.380000000007673862e+02 3.179401146390105293e+00
2.385000000007543690e+02 3.117573746298396120e+00
2.390000000007413519e+02 2.457238442147073432e+00
2.395000000007283063e+02 2.952254309312790870e+00
2.400000000007152892e+02 2.656222966054267332e+00
2.405000000007022720e+02 2.835604214386294508e+00
2.410000000006892549e+02 3.012060932966735827e+00
2.415000000006762377e+02 2.668679501034743495e+00
2.420000000006632206e+02 2.798818969968525305e+00
2.425000000006501750e+02 2.760578838242559563e+00
2.430000000006371579e+02 2.616315454814460484e+00
2.435000000006241407e+02 2.887127110130751184e+00
2.440000000006111236e+02 2.940565683998129565e+00
2.445000000005981065e+02 3.008945831467849885e+00
2.450000000005850609e+02 2.554000798239516090e+00
2.455000000005720437e+02 2.891722260625719354e+00
2.460000000005590266e+02 2.727655725473843606e+00
2.465000000005460095e+02 2.777360013084649193e+00
2.470000000005329923e+02 3.013059451708134606e+00
2.475000000005199752e+02 2.492322104889508783e+00
2.480000000005069296e+02 2.891841746598737384e+00
2.485000000004939125e+02 2.909216053817128778e+00
2.490000000004808953e+02 2.842536874148986925e+00
2.495000000004678782e+02 2.417781115133625036e+00
2.500000000004548610e+02 2.831968067596302152e+00
2.505000000004418155e+02 2.972159814439526482e+00
2.510000000004287983e+02 2.340836250205186264e+00
2.515000000004157812e+02 2.840258712366401372e+00
2.520000000004027640e+02 2.893762478501545221e+00
2.525000000003897469e+02 2.544325736069853683e+00
2.530000000003767013e+02 3.212723630384832774e+00
2.535000000003636842e+02 2.716675014055858650e+00
2.540000000003506671e+02 2.623928284570720137e+00
2.545000000003376499e+02 2.864247279069370045e+00
2.550000000003246328e+02 2.861858355993245340e+00
2.555000000003116156e+02 2.484247592790465919e+00
2.560000000002985985e+02 2.993814362921761507e+00
2.565000000002855813e+02 2.701294942785181341e+00
2.570000000002725642e+02 2.880920461594836723e+00
2.575000000002594902e+02 2.875392693612238926e+00
2.580000000002464731e+02 2.825757673420763894e+00
2.585000000002334559e+02 2.808835078425041321e+00
2.590000000002204388e+02 2.668273155729420587e+00
2.595000000002074216e+02 2.940409227854947627e+00
2.600000000001944045e+02 2.779842826551266022e+00
2.605000000001813873e+02 2.629346051731798806e+00
2.610000000001683702e+02 2.581688187748704344e+00
2.615000000001553531e+02 3.251614150258497649e+00
2.620000000001423359e+02 2.647884080608795987e+00
2.625000000001292619e+02 2.931693830177929172e+00
2.630000000001162448e+02 2.866708796095597034e+00
2.635000000001032276e+02 2.748369788322584384e+00
2.640000000000902105e+02 2.811558372840250897e+00
2.645000000000771934e+02 2.825596041932548985e+00
2.650000000000641762e+02 2.721200737378982826e+00
2.655000000000511591e+02 3.009629335805959816e+00
2.660000000000381419e+02 2.435287921073816975e+00
2.665000000000251248e+02 2.904215533856786990e+00
2.670000000000121076e+02 2.780522913737673907e+00
2.674999999999990905e+02 2.723755614867886532e+00
2.679999999999860165e+02 2.391604832416986071e+00
2.684999999999729994e+02 3.210598456892944430e+00
2.689999999999599822e+02 2.596968325155566859e+00
2.694999999999469651e+02 2.869243248117776091e+00
2.699999999999339479e+02 3.075002960320731393e+00
2.704999999999209308e+02 2.865517612833443195e+00
2.709999999999079137e+02 2.825525709826351317e+00
2.714999999998948965e+02 2.783005456901241903e+00
2.719999999998818794e+02 2.694608502427312313e+00
2.724999999998688622e+02 2.755061407906148396e+00
2.729999999998558451e+02 2.573036100508303559e+00
2.734999999998427711e+02 3.082071347981846898e+00
2.739999999998297540e+02 2.942723817760186655e+00
2.744999999998167368e+02 2.606713587141950672e+00
2.749999999998037197e+02 3.046401842353166689e+00
2.754999999997907025e+02 2.997564987748322363e+00
2.759999999997776854e+02 2.659491706119481158e+00
2.764999999997646682e+02 2.755629611238993526e+00
2.769999999997516511e+02 2.748119296856624150e+00
2.774999999997386340e+02 2.704423581177672009e+00
2.779999999997256168e+02 2.771443019310039446e+00
2.784999999997125997e+02 2.605155154471840095e+00
2.789999999996995257e+02 3.154946907707301573e+00
2.794999999996865085e+02 2.805270036440544512e+00
2.799999999996734914e+02 2.587499986834114640e+00
2.804999999996604743e+02 3.111148530493838660e+00
2.809999999996474571e+02 2.705266542620064385e+00
2.814999999996344400e+02 2.797683904715855263e+00
2.819999999996214228e+02 2.767877214233986916e+00
2.824999999996084057e+02 2.786236667079613039e+00
2.829999999995953885e+02 2.848545466483835664e+00
2.834999999995823714e+02 2.718997361201367813e+00
2.839999999995693543e+02 2.637002285836879789e+00
2.844999999995562803e+02 3.150550763933389398e+00
2.849999999995432631e+02 2.463021018068442203e+00
2.854999999995302460e+02 2.812428766585983286e+00
2.859999999995172288e+02 2.911826010311894919e+00
2.864999999995042117e+02 2.470118418802813132e+00
2.869999999994911946e+02 2.773097111662653269e+00
2.874999999994781774e+02 2.693269830830097078e+00
2.879999999994651603e+02 3.002026583763271805e+00
2.884999999994521431e+02 2.759792973977257535e+00
2.889999999994391260e+02 2.456058428997076604e+00
2.894999999994261088e+02 3.079393761780271799e+00
2.899999999994130349e+02 2.898763749237271092e+00
2.904999999994000177e+02 2.516662569128244265e+00
2.909999999993870006e+02 3.060883277697567628e+00
2.914999999993739834e+02 2.715477565441210661e+00
2.919999999993609663e+02 2.610433175721880161e+00
2.924999999993479491e+02 2.584009192053626336e+00
2.929999999993349320e+02 2.614396338795948349e+00
2.934999999993219149e+02 2.840400604606632129e+00
2.939999999993088977e+02 2.949740879186802722e+00
2.944999999992958806e+02 2.690034695136079623e+00
2.949999999992828634e+02 3.094268462845664480e+00
2.954999999992697894e+02 2.866700002641492162e+00
2.959999999992567723e+02 2.776770139347478850e+00
2.964999999992437552e+02 3.072486271975212624e+00
2.969999999992307380e+02 2.608814472276844487e+00
2.974999999992177209e+02 2.717393250495571344e+00
2.979999999992047037e+02 2.874078313558402265e+00
2.984999999991916866e+02 2.545775443987165598e+00
2.989999999991786694e+02 2.908350773775687959e+00
2.994999999991656523e+02 2.858245995076410750e+00
2.999999999991526352e+02 2.971950272114675773e+00
3.004999999991396180e+02 3.001925605972191935e+00
3.009999999991265440e+02 2.757410604323715653e+00
3.014999999991135269e+02 2.845196451262456794e+00
3.019999999991005097e+02 2.737673677335564992e+00
3.024999999990874926e+02 2.821846621804066757e+00
3.029999999990744755e+02 3.358726186723814511e+00
3.034999999990614583e+02 2.180343569739878529e+00
3.039999999990484412e+02 2.839742769448534432e+00
3.044999999990354240e+02 2.476860995267738730e+00
3.049999999990224069e+02 3.090355327816195707e+00
3.054999999990093897e+02 2.899844204110789025e+00
3.059999999989963158e+02 2.894302098833096082e+00
3.064999999989832986e+02 2.394272406418551657e+00
3.069999999989702815e+02 2.796570400889812458e+00
3.074999999989572643e+02 3.207688419982087868e+00
3.079999999989442472e+02 2.338005960043954889e+00
3.084999999989312300e+02 3.018113133912241342e+00
3.089999999989182129e+02 2.857264745811530116e+00
3.094999999989051958e+02 2.877025356252595145e+00
3.099999999988921786e+02 3.161950816123999530e+00
3.104999999988791615e+02 2.734479712689392716e+00
3.109999999988661443e+02 2.738506534889988853e+00
3.114999999988530703e+02 2.736863959972738236e+00
3.119999999988400532e+02 2.854084666665039460e+00
3.124999999988270361e+02 2.787663559751718534e+00
3.129999999988140189e+02 2.645807208672422028e+00
3.134999999988010018e+02 2.927881056560805106e+00
3.139999999987879846e+02 2.775512010928083750e+00
3.144999999987749675e+02 2.951067728205362339e+00
3.149999999987619503e+02 2.933276183494700096e+00
3.154999999987489332e+02 2.638166714443631378e+00
3.159999999987359161e+02 2.796466740708294818e+00
3.164999999987228989e+02 2.872452277593942949e+00
3.169999999987098249e+02 3.052114120014267851e+00
3.174999999986968078e+02 2.903730136296298170e+00
3.179999999986837906e+02 2.745961527342703601e+00
3.184999999986707735e+02 2.853296293259369509e+00
3.189999999986577564e+02 2.789447808080925295e+00
3.194999999986447392e+02 2.740068890746920616e+00
3.199999999986317221e+02 2.745558151153933313e+00
3.204999999986187049e+02 3.003783721428342712e+00
3.209999999986056878e+02 2.783790460231428732e+00
3.214999999985926706e+02 2.740186542383544310e+00
3.219999999985796535e+02 3.163304464710456454e+00
3.224999999985665795e+02 2.282928108721976823e+00
3.229999999985535624e+02 2.952212303383320080e+00
3.234999999985405452e+02 3.001567752098297959e+00
3.239999999985275281e+02 2.804653748121982648e+00
3.244999999985145109e+02 2.856915663395641403e+00
3.249999999985014938e+02 3.203031857720502806e+00
3.254999999984884766e+02 2.820377635730313859e+00
3.259999999984754595e+02 2.678904609795899283e+00
3.264999999984624424e+02 2.625770868354567522e+00
3.269999999984494252e+02 2.692962915056789530e+00
3.274999999984364081e+02 3.107708209591439008e+00
3.279999999984233341e+02 2.877928747413429633e+00
3.284999999984103169e+02 2.748021185724286219e+00
3.289999999983972998e+02 3.152228194823031515e+00
3.294999999983842827e+02 2.627770057254656066e+00
3.299999999983712655e+02 2.812271820248793741e+00
3.304999999983582484e+02 2.856107206729201486e+00
3.309999999983452312e+02 2.642150627719866307e+00
3.314999999983322141e+02 2.676302011026272965e+00
3.319999999983191969e+02 2.712273255201194111e+00
3.324999999983061798e+02 2.962892977261672556e+00
3.329999999982931627e+02 2.548527785562795245e+00
3.334999999982800887e+02 2.951199336801771711e+00
3.339999999982670715e+02 2.673955466313572504e+00
3.344999999982540544e+02 2.768989577276662395e+00
3.349999999982410372e+02 3.111767915706367127e+00
3.354999999982280201e+02 2.412608168126178843e+00
3.359999999982150030e+02 2.904907838655389707e+00
3.364999999982019858e+02 2.681499138412166694e+00
3.369999999981889687e+02 2.788446916594160108e+00
3.374999999981759515e+02 2.800861509332460475e+00
3.379999999981629344e+02 2.877049160509025594e+00
3.384999999981499172e+02 2.648129194943401821e+00
3.389999999981368433e+02 2.692698205592209959e+00
3.394999999981238261e+02 3.056907690684536938e+00
3.399999999981108090e+02 2.407554121783395118e+00
3.404999999980977918e+02 2.896486507629240315e+00
3.409999999980847747e+02 2.624519940615316571e+00
3.414999999980717575e+02 2.794387657938643965e+00
3.419999999980587404e+02 2.918631409618004380e+00
3.424999999980457233e+02 2.717976713398198907e+00
3.429999999980327061e+02 3.042118183824761068e+00
3.434999999980196890e+02 2.461508225987269594e+00
3.439999999980066718e+02 3.084876590021180309e+00
3.444999999979935978e+02 2.385556662227258595e+00
3.449999999979805807e+02 3.193241593167980952e+00
3.454999999979675636e+02 2.589619437878915686e+00
3.459999999979545464e+02 2.568962522749729249e+00
3.464999999979415293e+02 3.130520386426497659e+00
3.469999999979285121e+02 2.328776383571102837e+00
3.474999999979154950e+02 3.166347079453363023e+00
3.479999999979024778e+02 2.425076633585660169e+00
3.484999999978894607e+02 2.623646676524065580e+00
3.489999999978764436e+02 2.947052513263590079e+00
3.494999999978633696e+02 2.549112582185228515e+00
3.499999999978503524e+02 2.873931245068388041e+00
3.504999999978373353e+02 3.092027380629152056e+00
3.509999999978243181e+02 2.777263359116218133e+00
3.514999999978113010e+02 2.992794247741495717e+00
3.519999999977982839e+02 2.503324285419536999e+00
3.524999999977852667e+02 3.088646956864001591e+00
3.529999999977722496e+02 2.596639876236518152e+00
3.534999999977592324e+02 2.840112292119907789e+00
3.539999999977462153e+02 2.449676878262762703e+00
3.544999999977331981e+02 3.033481015481451326e+00
3.549999999977201242e+02 2.599636397069055693e+00
3.554999999977071070e+02 2.528315664960136822e+00
3.559999999976940899e+02 2.970716760421305391e+00
3.564999999976810727e+02 2.895333940736625866e+00
3.569999999976680556e+02 2.576780361393403940e+00
3.574999999976550384e+02 2.506480886636913930e+00
3.579999999976420213e+02 3.141173852355993557e+00
3.584999999976290042e+02 2.417101257597904507e+00
3.589999999976159870e+02 3.020129047560845770e+00
3.594999999976029699e+02 2.687009254604332487e+00
3.599999999975899527e+02 2.756472788451541422e+00
3.604999999975768787e+02 2.520673647996666045e+00
3.609999999975638616e+02 2.781378472595219975e+00
3.614999999975508445e+02 2.597826952536426148e+00
3.619999999975378273e+02 3.030413405430761653e+00
3.624999999975248102e+02 2.940674126697761626e+00
3.629999999975117930e+02 3.009936677294236862e+00
3.634999999974987759e+02 2.842313828433661982e+00
3.639999999974857587e+02 2.906183258827927496e+00
3.644999999974727416e+02 2.652972272082288363e+00
3.649999999974597245e+02 2.697382679766233249e+00
3.654999999974467073e+02 2.853867884168692193e+00
3.659999999974336333e+02 2.930976877816409143e+00
3.664999999974206162e+02 2.590077864092340310e+00
3.669999999974075990e+02 2.985642233334547146e+00
3.674999999973945819e+02 2.911582547137075760e+00
3.679999999973815648e+02 2.802503755175929534e+00
3.684999999973685476e+02 2.759787382218532592e+00
3.689999999973555305e+02 2.958011465404859042e+00
3.694999999973425133e+02 2.783872692550650285e+00
3.699999999973294962e+02 2.701651650783401859e+00
3.704999999973164790e+02 2.856876592116406766e+00
3.709999999973034619e+02 2.743606403751472467e+00
3.714999999972903879e+02 2.621783544404507005e+00
3.719999999972773708e+02 3.140816427870388949e+00
3.724999999972643536e+02 3.020220213776690699e+00
3.729999999972513365e+02 2.870119162192742657e+00
3.734999999972383193e+02 2.455345041893591596e+00
3.739999999972253022e+02 2.696924394448341200e+00
3.744999999972122851e+02 2.756051639360716621e+00
3.749999999971992679e+02 2.916877871948492018e+00
3.754999999971862508e+02 2.898781591665789303e+00
3.759999999971732336e+02 2.442900590560521668e+00
3.764999999971602165e+02 2.967180368224040521e+00
3.769999999971471425e+02 2.687695863295646692e+00
3.774999999971341254e+02 2.759651466165061962e+00
3.779999999971211082e+02 2.645803447664588859e+00
3.784999999971080911e+02 2.661203174290496687e+00
3.789999999970950739e+02 2.841054423403623019e+00
3.794999999970820568e+02 2.752168511465275635e+00
3.799999999970690396e+02 2.861573798414144498e+00
3.804999999970560225e+02 2.803878996660404965e+00
3.809999999970430054e+02 3.085010846833720066e+00
3.814999999970299882e+02 2.970252195872704615e+00
3.819999999970169711e+02 2.703180089935952157e+00
3.824999999970038971e+02 3.032296345774590396e+00
3.829999999969908799e+02 2.579902440534838970e+00
3.834999999969778628e+02 2.892339852463383210e+00
3.839999999969648456e+02 2.804964423050874789e+00
3.844999999969518285e+02 2.697683970066599102e+00
3.849999999969388114e+02 3.199060008389341014e+00
3.854999999969257942e+02 2.530109271585551767e+00
3.859999999969127771e+02 2.987214338451317897e+00
3.864999999968997599e+02 2.601941831482286194e+00
3.869999999968867428e+02 2.690993918607610613e+00
3.874999999968737256e+02 3.040914700936922177e+00
3.879999999968606517e+02 2.854998587166865942e+00
3.884999999968476345e+02 2.381096927008512498e+00
3.889999999968346174e+02 2.806912333393400072e+00
3.894999999968216002e+02 2.953594066399771290e+00
3.899999999968085831e+02 2.884335260803414513e+00
3.904999999967955659e+02 2.783626023617176148e+00
3.909999999967825488e+02 2.714443290363084849e+00
3.914999999967695317e+02 2.595689280182895686e+00
3.919999999967565145e+02 3.088776868813582599e+00
3.924999999967434974e+02 2.759001008304857283e+00
3.929999999967304234e+02 2.877488624308669252e+00
3.934999999967174062e+02 2.901395799359246297e+00
3.939999999967043891e+02 2.843886762342865637e+00
3.944999999966913720e+02 2.719407421654731039e+00
3.949999999966783548e+02 3.187296918772733356e+00
3.954999999966653377e+02 2.465796687988846880e+00
3.959999999966523205e+02 2.627332393675849254e+00
3.964999999966393034e+02 2.793744217803965313e+00
3.969999999966262862e+02 2.774636278144215318e+00
3.974999999966132691e+02 3.043367146393228140e+00
3.979999999966002520e+02 2.970110670660819352e+00
3.984999999965871780e+02 2.321400823092631516e+00
3.989999999965741608e+02 3.119105063901619346e+00
3.994999999965611437e+02 3.160429369250511655e+00
3.999999999965481265e+02 2.700448288653982232e+00
4.004999999965351094e+02 2.647995157472863514e+00
4.009999999965220923e+02 2.801201590215327997e+00
4.014999999965090751e+02 2.863161426687453659e+00
4.019999999964960580e+02 2.842070498331454864e+00
4.024999999964830408e+02 2.842104118513592237e+00
4.029999999964700237e+02 2.586134453540895883e+00
4.034999999964570065e+02 3.033126079948997855e+00
4.039999999964439326e+02 2.620269930546187176e+00
4.044999999964309154e+02 3.224082656741224628e+00
4.049999999964178983e+02 2.558463126504207708e+00
4.054999999964048811e+02 2.578968633668521804e+00
4.059999999964079507e+02 3.082690953682337032e+00
4.064999999964400104e+02 2.784469782179077590e+00
4.069999999964720132e+02 2.793142244179206646e+00
4.074999999965040729e+02 2.799872662178240823e+00
4.079999999965360757e+02 2.602540301020859204e+00
4.084999999965681354e+02 2.593728258582063795e+00
4.089999999966001383e+02 2.750945143804619519e+00
4.094999999966321980e+02 3.135710582842095917e+00
4.099999999966642008e+02 2.646540332718362531e+00
4.104999999966962605e+02 2.829909386847663022e+00
4.109999999967282633e+02 2.992515343325665267e+00
4.114999999967603230e+02 2.755230935850794260e+00
4.119999999967923259e+02 2.880304145715221420e+00
4.124999999968243856e+02 2.954258140617529005e+00
4.129999999968563884e+02 2.535481882622737881e+00
4.134999999968884481e+02 2.701011627582055930e+00
4.139999999969205078e+02 3.020581800985959742e+00
4.144999999969525106e+02 2.693652247713026249e+00
4.149999999969845703e+02 2.640476568165329940e+00
4.154999999970165732e+02 2.622313363816202170e+00
4.159999999970486328e+02 2.480294136066267363e+00
4.164999999970806357e+02 2.940746817109721523e+00
4.169999999971126954e+02 2.479481523994396586e+00
4.174999999971446982e+02 3.094913054667300933e+00
4.179999999971767579e+02 2.449459176063684573e+00
4.184999999972087608e+02 2.915945837435705013e+00
4.189999999972408204e+02 2.663950904011299414e+00
4.194999999972728233e+02 2.825801400625863380e+00
4.199999999973048830e+02 2.800833692271362363e+00
4.204999999973368858e+02 2.761070391033046523e+00
4.209999999973689455e+02 2.912089461335413354e+00
4.214999999974009484e+02 2.924325969260580305e+00
4.219999999974330080e+02 2.770301528822905812e+00
4.224999999974650109e+02 2.847850882818143248e+00
4.229999999974970706e+02 2.866994704186934140e+00
4.234999999975291303e+02 2.864701721967001458e+00
4.239999999975611331e+02 2.903496332825301618e+00
4.244999999975931928e+02 2.731636561209328296e+00
4.249999999976251956e+02 2.813190633946241803e+00
4.254999999976572553e+02 2.816838876321398732e+00
4.259999999976892582e+02 3.109088099370731051e+00
4.264999999977213179e+02 3.025032912740334812e+00
4.269999999977533207e+02 2.825734170079682972e+00
4.274999999977853804e+02 2.889359960692519547e+00
4.279999999978173832e+02 2.655297243306499411e+00
4.284999999978494429e+02 2.672242798755379400e+00
4.289999999978814458e+02 2.912035812716549987e+00
4.294999999979135055e+02 2.593893990059235488e+00
4.299999999979455083e+02 2.597952830014490289e+00
4.304999999979775680e+02 2.897347405647411556e+00
4.309999999980095708e+02 2.941593246099705627e+00
4.314999999980416305e+02 2.458664772891114403e+00
4.319999999980736902e+02 2.854522115506293201e+00
4.324999999981056931e+02 2.960591902971164036e+00
4.329999999981377528e+02 2.725053885223274186e+00
4.334999999981697556e+02 2.790920831253685286e+00
4.339999999982018153e+02 2.628622310511221194e+00
4.344999999982338181e+02 2.850678005505176138e+00
4.349999999982658778e+02 3.161083065799565439e+00
4.354999999982978807e+02 3.059938781000171026e+00
4.359999999983299404e+02 2.816046856156445788e+00
4.364999999983619432e+02 2.449312238609559600e+00
4.369999999983940029e+02 2.868342448075853923e+00
4.374999999984260057e+02 3.074233034514491703e+00
4.379999999984580654e+02 2.751087597112356953e+00
4.384999999984900683e+02 2.838884148030501375e+00
4.389999999985221280e+02 2.923062277178739787e+00
4.394999999985541308e+02 2.879132095057058027e+00
4.399999999985861905e+02 2.653021640825705685e+00
4.404999999986182502e+02 2.892520080106562919e+00
4.409999999986502530e+02 2.598807621135267532e+00
4.414999999986823127e+02 3.068320939575613693e+00
4.419999999987143156e+02 2.855589251535582296e+00
4.424999999987463752e+02 2.754459493844386042e+00
4.429999999987783781e+02 2.997737487918361587e+00
4.434999999988104378e+02 2.814337202572205321e+00
4.439999999988424406e+02 2.869701697046559197e+00
4.444999999988745003e+02 2.977492444976370223e+00
4.449999999989065032e+02 3.033926699257331716e+00
4.454999999989385628e+02 2.839402546094933921e+00
4.459999999989705657e+02 2.370457432574661016e+00
4.464999999990026254e+02 3.026984542921588250e+00
4.469999999990346282e+02 2.658180110345242042e+00
4.474999999990666879e+02 2.437953374980473598e+00
4.479999999990986908e+02 2.772514275515883586e+00
4.484999999991307504e+02 2.672918456677390253e+00
4.489999999991627533e+02 2.736830344601956622e+00
4.494999999991948130e+02 3.015467655507524380e+00
4.499999999992268727e+02 2.792238696363103401e+00
4.504999999992588755e+02 2.642552972613585016e+00
4.509999999992909352e+02 2.875245185024834615e+00
4.514999999993229380e+02 2.513951230155897054e+00
4.519999999993549977e+02 2.847046342519958362e+00
4.524999999993870006e+02 3.010417553153267534e+00
4.529999999994190603e+02 2.585698326801413316e+00
4.534999999994510631e+02 2.612868341713051823e+00
4.539999999994831228e+02 2.693131553001490985e+00
4.544999999995151256e+02 2.620158907312925667e+00
4.549999999995471853e+02 2.967261818795613681e+00
4.554999999995791882e+02 2.679996067075119281e+00
4.559999999996112479e+02 2.894380085535368075e+00
4.564999999996432507e+02 2.814247209005255268e+00
4.569999999996753104e+02 2.761590689750200500e+00
4.574999999997073132e+02 2.750660147035641767e+00
4.579999999997393729e+02 3.108581993295908230e+00
4.584999999997714326e+02 2.268971215707602518e+00
4.589999999998034355e+02 3.121989763872462298e+00
4.594999999998354951e+02 2.399884770880900131e+00
4.599999999998674980e+02 3.077570062723631317e+00
4.604999999998995577e+02 2.786010978852358377e+00
4.609999999999315605e+02 2.551946332943499041e+00
4.614999999999636202e+02 3.185043221500948984e+00
4.619999999999956231e+02 2.325897909171506850e+00
4.625000000000276827e+02 3.186837908799851515e+00
4.630000000000596856e+02 2.671734221617815930e+00
4.635000000000917453e+02 2.811149705892741935e+00
4.640000000001237481e+02 2.968530650548404815e+00
4.645000000001558078e+02 2.592586131743678912e+00
4.650000000001878107e+02 2.707772335554849974e+00
4.655000000002198703e+02 3.247142619337656910e+00
4.660000000002518732e+02 2.493934998588266172e+00
4.665000000002839329e+02 3.109631801088093450e+00
4.670000000003159357e+02 3.085701369690660556e+00
4.675000000003479954e+02 2.886823656979371933e+00
4.680000000003800551e+02 2.402391404937956221e+00
4.685000000004120579e+02 3.102744766186298797e+00
4.690000000004441176e+02 2.775926275965446166e+00
4.695000000004761205e+02 2.707346685918873064e+00
4.700000000005081802e+02 3.076161760793387767e+00
4.705000000005401830e+02 2.604752552901508533e+00
4.710000000005722427e+02 2.928089360009310749e+00
4.715000000006042455e+02 2.744317183269936677e+00
4.720000000006363052e+02 2.918018238988110635e+00
4.725000000006683081e+02 2.828080487635706852e+00
4.730000000007003678e+02 2.803039176812655686e+00
4.735000000007323706e+02 2.345135053684010096e+00
4.740000000007644303e+02 3.101722832264708352e+00
4.745000000007964331e+02 2.536150929868305148e+00
4.750000000008284928e+02 3.062725027619516371e+00
4.755000000008604957e+02 2.926180561880508790e+00
4.760000000008925554e+02 2.864786240628171665e+00
4.765000000009246151e+02 2.843877910030340406e+00
4.770000000009566179e+02 2.707526762527845410e+00
4.775000000009886776e+02 2.840513030391625726e+00
4.780000000010206804e+02 2.566080407610237479e+00
4.785000000010527401e+02 2.804313691138387021e+00
4.790000000010847430e+02 2.667312831012150998e+00
4.795000000011168027e+02 2.851473019870338632e+00
4.800000000011488055e+02 3.077930391147386313e+00
4.805000000011808652e+02 2.780320870251209886e+00
4.810000000012128680e+02 2.681565289940023966e+00
4.815000000012449277e+02 2.722913974482212396e+00
4.820000000012769306e+02 2.712919159087788579e+00
4.825000000013089902e+02 2.793869650952449657e+00
4.830000000013409931e+02 2.813500510114998132e+00
4.835000000013730528e+02 2.749494278410284931e+00
4.840000000014050556e+02 3.114286842355530549e+00
4.845000000014371153e+02 2.650780822416204163e+00
4.850000000014691750e+02 2.787233888998814191e+00
4.855000000015011778e+02 2.847010683598910852e+00
4.860000000015332375e+02 2.620333485116656647e+00
4.865000000015652404e+02 2.736233537177400699e+00
4.870000000015973001e+02 2.986897213942169227e+00
4.875000000016293029e+02 2.931308999659606673e+00
4.880000000016613626e+02 3.041943868955217845e+00
4.885000000016933654e+02 2.612368718250354327e+00
4.890000000017254251e+02 2.647356270624195762e+00
4.895000000017574280e+02 3.146519064286188438e+00
4.900000000017894877e+02 2.697456620475199074e+00
4.905000000018214905e+02 2.603714540049159698e+00
4.910000000018535502e+02 2.638302921920125943e+00
4.915000000018855530e+02 2.811423956093587861e+00
4.920000000019176127e+02 2.754928526857829407e+00
4.925000000019496156e+02 2.825945717108929500e+00
4.930000000019816753e+02 2.855225643949930170e+00
4.935000000020136781e+02 2.644050424539247768e+00
4.940000000020457378e+02 2.972770220808000463e+00
4.945000000020777975e+02 2.580901819953206111e+00
4.950000000021098003e+02 3.016126544959174538e+00
4.955000000021418600e+02 2.708329066819960218e+00
4.960000000021738629e+02 2.593830417783641984e+00
4.965000000022059226e+02 2.968584963288846801e+00
4.970000000022379254e+02 2.758927652333998282e+00
4.975000000022699851e+02 2.649756094874725409e+00
4.980000000023019879e+02 2.920108100435077958e+00
4.985000000023340476e+02 2.853989547602843846e+00
4.990000000023660505e+02 3.281546431753239013e+00
4.995000000023981102e+02 2.523096244714202463e+00
5.000000000024301130e+02 3.095853283928054811e+00
5.005000000024621727e+02 2.555626782742681069e+00
5.010000000024941755e+02 2.922939825147209181e+00
5.015000000025262352e+02 2.699050515398730088e+00
5.020000000025582381e+02 2.898099548839500272e+00
5.025000000025902978e+02 2.572618600169740866e+00
5.030000000026223574e+02 2.893179045446910180e+00
5.035000000026543603e+02 2.619077417026919097e+00
5.040000000026864200e+02 2.846171827729838455e+00
5.045000000027184228e+02 2.596705273849586160e+00
5.050000000027504825e+02 2.534973494225559953e+00
5.055000000027824854e+02 2.876752344587040433e+00
5.060000000028145450e+02 2.854141576452930984e+00
5.065000000028465479e+02 3.070469585445383398e+00
5.070000000028786076e+02 3.064258532745679720e+00
5.075000000029106104e+02 2.667575845076758601e+00
5.080000000029426701e+02 2.840317604705967280e+00
5.085000000029746730e+02 2.634542947549294745e+00
5.090000000030067326e+02 2.574888529628605038e+00
5.095000000030387355e+02 2.879286632289583370e+00
5.100000000030707952e+02 3.002486699825042571e+00
5.105000000031027980e+02 2.589025360166581802e+00
5.110000000031348577e+02 2.658980194342469350e+00
5.115000000031668606e+02 2.773031427074759581e+00
5.120000000031989202e+02 2.809374461238065113e+00
5.125000000032309799e+02 2.823420155308015378e+00
5.130000000032630396e+02 2.843820578556381928e+00
5.135000000032949856e+02 2.615035202616360799e+00
5.140000000033270453e+02 2.912547826555463182e+00
5.145000000033591050e+02 2.528775559280488139e+00
5.150000000033911647e+02 2.685121704270781784e+00
5.155000000034231107e+02 2.638169460133306998e+00
5.160000000034551704e+02 2.589782080498904016e+00
5.165000000034872301e+02 2.776396514051643116e+00
5.170000000035192897e+02 2.707472040378205769e+00
5.175000000035512357e+02 2.671589927608811976e+00
5.180000000035832954e+02 3.041448981540308516e+00
5.185000000036153551e+02 2.464131556842672488e+00
5.190000000036474148e+02 2.876342974880851777e+00
5.195000000036793608e+02 2.852762340605355718e+00
5.200000000037114205e+02 2.692202826448004238e+00
5.205000000037434802e+02 2.714476407746603481e+00
5.210000000037755399e+02 2.785409875095870902e+00
5.215000000038075996e+02 2.973666627754775416e+00
5.220000000038395456e+02 2.499110778901337593e+00
5.225000000038716053e+02 2.941976381819152220e+00
5.230000000039036649e+02 2.917360677385861578e+00
5.235000000039357246e+02 2.441939324361754426e+00
5.240000000039676706e+02 3.064420727868715666e+00
5.245000000039997303e+02 2.357314857012012155e+00
5.250000000040317900e+02 3.117762986930690428e+00
5.255000000040638497e+02 2.602813015553793630e+00
5.260000000040957957e+02 2.465670916247170386e+00
5.265000000041278554e+02 3.081953208349696993e+00
5.270000000041599151e+02 2.775820418101866860e+00
5.275000000041919748e+02 2.788582767148791941e+00
5.280000000042239208e+02 2.505375293765624178e+00
5.285000000042559805e+02 2.738736529207602910e+00
5.290000000042880401e+02 2.739594327280392427e+00
5.295000000043200998e+02 2.632321812330114863e+00
5.300000000043521595e+02 2.729436555459616720e+00
5.305000000043841055e+02 2.837457815895290558e+00
5.310000000044161652e+02 2.724295101619807813e+00
5.315000000044482249e+02 2.841287216067349242e+00
5.320000000044802846e+02 2.972520881012091110e+00
5.325000000045122306e+02 2.797931087492723012e+00
5.330000000045442903e+02 2.701625143072072799e+00
5.335000000045763500e+02 2.746760258784438857e+00
5.340000000046084097e+02 2.756782272555099222e+00
5.345000000046403557e+02 2.609087265559677959e+00
5.350000000046724153e+02 2.943578335428367776e+00
5.355000000047044750e+02 3.040361817565667035e+00
5.360000000047365347e+02 2.679524097436738028e+00
5.365000000047684807e+02 2.636888019812991146e+00
5.370000000048005404e+02 2.631781467330271518e+00
5.375000000048326001e+02 2.984809557152444004e+00
5.380000000048646598e+02 2.316680743392464326e+00
5.385000000048967195e+02 2.827748759231377917e+00
5.390000000049286655e+02 3.030740913875130893e+00
5.395000000049607252e+02 2.771063558809752081e+00
5.400000000049927849e+02 2.938888383456020659e+00
5.405000000050248445e+02 2.721945318085174037e+00
5.410000000050567905e+02 2.961538778746849232e+00
5.415000000050888502e+02 2.714229803654168105e+00
5.420000000051209099e+02 2.901056312785180058e+00
5.425000000051529696e+02 2.447694861461788385e+00
5.430000000051849156e+02 2.908814969520577165e+00
5.435000000052169753e+02 2.725233949750318629e+00
5.440000000052490350e+02 2.725878776921397240e+00
5.445000000052810947e+02 2.979436223562341279e+00
5.450000000053130407e+02 2.431177724600578127e+00
5.455000000053451004e+02 2.867257432709680920e+00
5.460000000053771601e+02 2.800594015991114460e+00
5.465000000054092197e+02 2.735213260303513305e+00
5.470000000054411657e+02 3.034913616040959994e+00
5.475000000054732254e+02 2.688578157666686064e+00
5.480000000055052851e+02 2.882357644322618651e+00
5.485000000055373448e+02 2.869194364767134964e+00
5.490000000055694045e+02 3.004434059203079599e+00
5.495000000056013505e+02 2.895592111697003812e+00
5.500000000056334102e+02 2.695603768675588707e+00
5.505000000056654699e+02 2.835002291175910294e+00
5.510000000056975296e+02 2.331722181999432486e+00
5.515000000057294756e+02 3.058564372112375640e+00
5.520000000057615352e+02 2.587417945424413723e+00
5.525000000057935949e+02 2.817663354842371071e+00
5.530000000058256546e+02 2.880838000763234152e+00
5.535000000058576006e+02 2.588117803427743890e+00
5.540000000058896603e+02 2.928181577505070798e+00
5.545000000059217200e+02 2.974300958402202877e+00
5.550000000059537797e+02 2.517827851664796057e+00
5.555000000059857257e+02 2.981548749495157136e+00
5.560000000060177854e+02 2.721442841705100424e+00
5.565000000060498451e+02 2.762097322552983236e+00
5.570000000060819048e+02 2.725892274142197369e+00
5.575000000061139644e+02 2.937274638125306314e+00
5.580000000061459104e+02 2.738149228289353587e+00
5.585000000061779701e+02 2.940229117265408920e+00
5.590000000062100298e+02 2.600569570460224078e+00
5.595000000062420895e+02 2.846618400727245923e+00
5.600000000062740355e+02 3.003122389328245490e+00
5.605000000063060952e+02 2.553532356672453929e+00
5.610000000063381549e+02 2.714058507156027478e+00
5.615000000063702146e+02 2.943179041435021848e+00
5.620000000064021606e+02 2.669802714579730729e+00
5.625000000064342203e+02 2.880248910409961116e+00
5.630000000064662800e+02 2.654015000150114378e+00
5.635000000064983396e+02 2.852238110104298396e+00
5.640000000065302856e+02 2.750800049280301529e+00
5.645000000065623453e+02 2.746431550672500332e+00
5.650000000065944050e+02 2.731302250620565086e+00
5.655000000066264647e+02 2.678095097815182513e+00
5.660000000066585244e+02 2.749790097142406964e+00
5.665000000066904704e+02 2.566938177737110749e+00
5.670000000067225301e+02 2.873329730203324939e+00
5.675000000067545898e+02 2.729562029410680601e+00
5.680000000067866495e+02 2.674178884485416852e+00
5.685000000068185955e+02 2.752850894782136404e+00
5.690000000068506552e+02 3.115189084245000295e+00
5.695000000068827148e+02 2.896046476092140498e+00
5.700000000069147745e+02 2.744704737905951042e+00
5.705000000069467205e+02 2.918205034477809878e+00
5.710000000069787802e+02 2.845700422782352579e+00
5.715000000070108399e+02 2.798584609115004618e+00
5.720000000070428996e+02 2.914178784656654475e+00
5.725000000070748456e+02 2.764594447920358355e+00
5.730000000071069053e+02 2.842426210185128532e+00
5.735000000071389650e+02 2.954328016622824293e+00
5.740000000071710247e+02 2.918749540656097263e+00
5.745000000072030844e+02 2.840039581281633474e+00
5.750000000072350304e+02 2.758815034318145010e+00
5.755000000072670900e+02 2.750178401514086435e+00
5.760000000072991497e+02 2.527710700762263230e+00
5.765000000073312094e+02 2.780012091683262021e+00
5.770000000073631554e+02 2.554190237998227531e+00
5.775000000073952151e+02 2.852456130276270319e+00
5.780000000074272748e+02 3.046757627673083668e+00
5.785000000074593345e+02 2.876750832221262488e+00
5.790000000074912805e+02 2.956605135701212195e+00
5.795000000075233402e+02 2.994629885238250466e+00
5.800000000075553999e+02 2.676314744022423309e+00
5.805000000075874595e+02 2.912661614872244620e+00
5.810000000076194056e+02 2.612773400163754811e+00
5.815000000076514652e+02 2.868949010510738251e+00
5.820000000076835249e+02 2.830986217940977046e+00
5.825000000077155846e+02 2.670321844972599390e+00
5.830000000077476443e+02 2.972381357343310881e+00
5.835000000077795903e+02 2.239068431614067212e+00
5.840000000078116500e+02 3.118864612333120956e+00
5.845000000078437097e+02 2.902710081925209185e+00
5.850000000078757694e+02 2.629110300989558446e+00
5.855000000079077154e+02 3.156034135315755940e+00
5.860000000079397751e+02 2.701707302783003861e+00
5.865000000079718347e+02 2.891946578793769262e+00
5.870000000080038944e+02 2.644543843285963813e+00
5.875000000080358404e+02 2.731876258988172435e+00
5.880000000080679001e+02 2.777928210463643577e+00
5.885000000080999598e+02 3.024455186678671303e+00
5.890000000081320195e+02 2.415570283287150399e+00
5.895000000081639655e+02 2.892672447870773489e+00
5.900000000081960252e+02 2.528631751082176304e+00
5.905000000082280849e+02 3.291169811674179435e+00
5.910000000082601446e+02 2.354244911925921890e+00
5.915000000082920906e+02 3.068440569640979554e+00
5.920000000083241503e+02 2.821237345657146900e+00
5.925000000083562099e+02 2.907667544006488747e+00
5.930000000083882696e+02 2.974507984853182130e+00
5.935000000084203293e+02 2.568787178078691724e+00
5.940000000084522753e+02 2.554905349452140317e+00
5.945000000084843350e+02 2.983712553192253925e+00
5.950000000085163947e+02 2.607323550591409855e+00
5.955000000085484544e+02 2.572394828535323974e+00
5.960000000085804004e+02 3.051685590386419733e+00
5.965000000086124601e+02 2.926905997186260322e+00
5.970000000086445198e+02 2.828325692097268362e+00
5.975000000086765795e+02 2.778980927405349632e+00
5.980000000087085255e+02 3.245531170495037365e+00
5.985000000087405851e+02 2.962258794398766604e+00
5.990000000087726448e+02 2.624449059744097923e+00
5.995000000088047045e+02 3.047910887057593499e+00
6.000000000088366505e+02 3.050321586843832922e+00
6.005000000088687102e+02 2.729338049057290494e+00
6.010000000089007699e+02 2.907827818008378529e+00
6.015000000089328296e+02 2.932709687682838240e+00
6.020000000089648893e+02 2.795721819830686794e+00
6.025000000089968353e+02 2.968976952643196388e+00
6.030000000090288950e+02 2.709595108999225399e+00
6.035000000090609547e+02 2.999580274965415239e+00
6.040000000090930143e+02 3.073560376340253697e+00
6.045000000091249603e+02 2.687615036244758837e+00
6.050000000091570200e+02 2.855145003063805476e+00
6.055000000091890797e+02 2.627023792791591816e+00
6.060000000092211394e+02 3.017649017817559898e+00
6.065000000092530854e+02 2.733341674011577904e+00
6.070000000092851451e+02 2.693649628430748066e+00
6.075000000093172048e+02 2.892503236553185086e+00
6.080000000093492645e+02 2.853795098771219507e+00
6.085000000093812105e+02 2.931119898642318145e+00
6.090000000094132702e+02 3.047708346660616296e+00
6.095000000094453299e+02 2.625716665487461743e+00
6.100000000094773895e+02 2.871759356167394639e+00
6.105000000095094492e+02 2.875980269027692771e+00
6.110000000095413952e+02 2.774398144555898948e+00
6.115000000095734549e+02 2.672645272126916272e+00
6.120000000096055146e+02 2.694187420117234666e+00
6.125000000096375743e+02 3.030039168992397336e+00
6.130000000096695203e+02 2.725360005815503861e+00
6.135000000097015800e+02 2.801776717744409062e+00
6.140000000097336397e+02 2.825675879898945198e+00
6.145000000097656994e+02 2.682489243817192115e+00
6.150000000097976454e+02 2.792089983066563974e+00
6.155000000098297050e+02 3.101769642441927655e+00
6.160000000098617647e+02 2.761460177823786388e+00
6.165000000098938244e+02 2.766820376975968721e+00
6.170000000099257704e+02 2.977191405263886814e+00
6.175000000099578301e+02 2.640878211280495158e+00
6.180000000099898898e+02 2.864164354739702656e+00
6.185000000100219495e+02 2.745556880424056878e+00
6.190000000100540092e+02 2.794972338445521842e+00
6.195000000100859552e+02 2.823976749512693285e+00
6.200000000101180149e+02 2.557700736570883038e+00
6.205000000101500746e+02 3.015603140162318674e+00
6.210000000101821342e+02 2.709639746379849168e+00
6.215000000102140802e+02 2.905993103580838177e+00
6.220000000102461399e+02 2.727016101970098916e+00
6.225000000102781996e+02 2.693264912047570903e+00
6.230000000103102593e+02 2.789813705556589252e+00
6.235000000103422053e+02 2.626552847542979130e+00
6.240000000103742650e+02 2.812188853026058144e+00
6.245000000104063247e+02 2.762066531775519529e+00
6.250000000104383844e+02 3.020914200098991920e+00
6.255000000104703304e+02 2.965134096596762969e+00
6.260000000105023901e+02 2.915592950632244662e+00
6.265000000105344498e+02 2.803518432823370432e+00
6.270000000105665094e+02 3.005684486821615931e+00
6.275000000105985691e+02 2.712993058643143662e+00
6.280000000106305151e+02 2.514074020401268150e+00
6.285000000106625748e+02 3.163290754743315780e+00
6.290000000106946345e+02 2.704905714656208993e+00
6.295000000107266942e+02 2.725212947810186748e+00
6.300000000107586402e+02 2.995751879978473475e+00
6.305000000107906999e+02 2.484935348311587688e+00
6.310000000108227596e+02 2.977280005837624532e+00
6.315000000108548193e+02 2.409071160323464689e+00
6.320000000108867653e+02 2.905406604823427497e+00
6.325000000109188250e+02 2.696719498697201178e+00
6.330000000109508846e+02 2.750898532299420829e+00
6.335000000109829443e+02 2.859771778080742344e+00
6.340000000110148903e+02 2.966572095344722548e+00
6.345000000110469500e+02 2.511023961433871410e+00
6.350000000110790097e+02 3.051555787907887396e+00
6.355000000111110694e+02 2.678130878328549347e+00
6.360000000111430154e+02 2.515415131611053567e+00
6.365000000111750751e+02 2.610729892437813060e+00
6.370000000112071348e+02 2.797306386330435046e+00
6.375000000112391945e+02 2.841726407693790257e+00
6.380000000112712542e+02 2.693569984177516474e+00
6.385000000113032002e+02 2.786655855335754772e+00
6.390000000113352598e+02 2.809437931087110929e+00
6.395000000113673195e+02 2.899371840825959890e+00
6.400000000113993792e+02 2.602216834899594211e+00
6.405000000114313252e+02 3.057490576635353285e+00
6.410000000114633849e+02 2.579033148107058526e+00
6.415000000114954446e+02 2.670939163239332448e+00
6.420000000115275043e+02 2.909334048082429014e+00
6.425000000115594503e+02 2.859768532394571405e+00
6.430000000115915100e+02 2.464902362396993230e+00
6.435000000116235697e+02 2.990340468537243002e+00
6.440000000116556294e+02 2.477994388559379590e+00
6.445000000116875754e+02 3.203370590208447055e+00
6.450000000117196350e+02 2.421185438319503280e+00
6.455000000117516947e+02 2.797953969554896947e+00
6.460000000117837544e+02 2.787355383497139183e+00
6.465000000118158141e+02 2.820985743617631325e+00
6.470000000118477601e+02 2.777288936936808117e+00
6.475000000118798198e+02 2.923718956458662088e+00
6.480000000119118795e+02 2.643797171630786202e+00
6.485000000119439392e+02 2.856643632058609938e+00
6.490000000119758852e+02 2.690038506168559884e+00
6.495000000120079449e+02 2.690081368460420119e+00
6.500000000120400045e+02 2.838016572212964661e+00
6.505000000120720642e+02 2.675057356667401631e+00
6.510000000121040102e+02 2.919336464542446663e+00
6.515000000121360699e+02 2.785828108719358376e+00
6.520000000121681296e+02 2.634544706829078375e+00
6.525000000122001893e+02 2.742939238599297447e+00
6.530000000122321353e+02 2.801781751195906889e+00
6.535000000122641950e+02 2.535874385727395097e+00
6.540000000122962547e+02 2.697065121068417781e+00
6.545000000123283144e+02 2.636236956138473531e+00
6.550000000123603741e+02 2.829257705938674317e+00
6.555000000123923201e+02 2.818570326448580410e+00
6.560000000124243797e+02 3.013088725768887421e+00
6.565000000124564394e+02 3.146373081811665529e+00
6.570000000124884991e+02 2.245940719447022893e+00
6.575000000125204451e+02 3.058459145735190177e+00
6.580000000125525048e+02 2.836280618426630262e+00
6.585000000125845645e+02 2.597813223051066434e+00
6.590000000126166242e+02 3.215837867176925435e+00
6.595000000126485702e+02 2.626722543044575087e+00
6.600000000126806299e+02 2.712302102794422964e+00
6.605000000127126896e+02 3.011527627852942590e+00
6.610000000127447493e+02 2.668499334758427377e+00
6.615000000127766953e+02 3.010674231521891286e+00
6.620000000128087549e+02 2.734941129343168686e+00
6.625000000128408146e+02 2.783247983910742018e+00
6.630000000128728743e+02 2.915562132144768448e+00
6.635000000129049340e+02 2.842982770898395017e+00
6.640000000129368800e+02 2.450997385370869086e+00
6.645000000129689397e+02 2.853659192573974934e+00
6.650000000130009994e+02 3.046206468779879550e+00
6.655000000130330591e+02 2.838577744966205962e+00
6.660000000130650051e+02 2.615430318068390658e+00
6.665000000130970648e+02 2.954895421259588595e+00
6.670000000131291245e+02 2.586998203837576060e+00
6.675000000131611841e+02 2.760120328351645114e+00
6.680000000131931301e+02 2.837393190059498416e+00
6.685000000132251898e+02 3.043154548272656523e+00
6.690000000132572495e+02 3.065985727447435139e+00
6.695000000132893092e+02 2.483210422973605169e+00
6.700000000133212552e+02 2.697214868245751962e+00
6.705000000133533149e+02 2.823402269043879809e+00
6.710000000133853746e+02 2.784400182673731905e+00
6.715000000134174343e+02 2.652948756427211841e+00
6.720000000134494940e+02 3.084799571710107102e+00
6.725000000134814400e+02 2.852629832719192571e+00
6.730000000135134997e+02 2.605143829001624223e+00
6.735000000135455593e+02 3.121622776907199359e+00
6.740000000135776190e+02 2.564261071429325245e+00
6.745000000136095650e+02 2.531719451578689384e+00
6.750000000136416247e+02 3.262766693872723334e+00
6.755000000136736844e+02 3.023492893262643921e+00
6.760000000137057441e+02 2.391937751681788793e+00
6.765000000137376901e+02 2.896499532326594739e+00
6.770000000137697498e+02 2.612213931957356738e+00
6.775000000138018095e+02 2.664085086773803734e+00
6.780000000138338692e+02 2.955665017843805309e+00
6.785000000138658152e+02 2.875766134810716856e+00
6.790000000138978749e+02 3.015094226346536566e+00
6.795000000139299345e+02 3.233494712443400587e+00
6.800000000139619942e+02 2.561959110894246994e+00
6.805000000139939402e+02 2.889028558789418444e+00
6.810000000140259999e+02 2.731702685716161483e+00
6.815000000140580596e+02 2.954437528660768031e+00
6.820000000140901193e+02 2.835632824924521511e+00
6.825000000141221790e+02 2.652543299217147155e+00
6.830000000141541250e+02 2.727056643221814625e+00
6.835000000141861847e+02 2.911267955807769869e+00
6.840000000142182444e+02 2.993519773139484030e+00
6.845000000142503040e+02 2.883847266319656377e+00
6.850000000142822500e+02 2.684005089783732423e+00
6.855000000143143097e+02 2.860120303648914675e+00
6.860000000143463694e+02 3.033440624070482095e+00
6.865000000143784291e+02 2.868790009264848617e+00
6.870000000144103751e+02 2.785695003917530777e+00
6.875000000144424348e+02 2.622838716279023874e+00
6.880000000144744945e+02 2.799924622634613058e+00
6.885000000145065542e+02 2.899166922664484058e+00
6.890000000145385002e+02 2.705472339555322403e+00
6.895000000145705599e+02 2.746314832506341119e+00
6.900000000146026196e+02 2.916151769128678239e+00
6.905000000146346792e+02 2.700347793179732392e+00
6.910000000146667389e+02 3.092154943750991869e+00
6.915000000146986849e+02 2.739756068056885319e+00
6.920000000147307446e+02 2.768176907657398989e+00
6.925000000147628043e+02 3.084250093975578810e+00
6.930000000147948640e+02 2.836774963723162291e+00
6.935000000148268100e+02 2.759423022664856617e+00
6.940000000148588697e+02 2.630772457201445480e+00
6.945000000148909294e+02 2.752554168554871339e+00
6.950000000149229891e+02 2.475948816573424693e+00
6.955000000149549351e+02 3.057222237996734204e+00
6.960000000149869948e+02 2.992021013865664436e+00
6.965000000150190544e+02 2.485970047445524411e+00
6.970000000150511141e+02 2.895108226518536831e+00
6.975000000150830601e+02 2.424101476462365401e+00
6.980000000151151198e+02 2.926727385682172500e+00
6.985000000151471795e+02 2.803364785304546469e+00
6.990000000151792392e+02 2.944503651502905051e+00
6.995000000152112989e+02 2.807947872499523267e+00
7.000000000152432449e+02 2.555351607701068506e+00
7.005000000152753046e+02 3.036543325740257426e+00
7.010000000153073643e+02 3.017319889808062428e+00
7.015000000153394240e+02 2.953629337612061700e+00
7.020000000153713700e+02 2.484819079281648246e+00
7.025000000154034296e+02 3.058672675389109141e+00
7.030000000154354893e+02 2.978491975363874555e+00
7.035000000154675490e+02 2.720255509469586386e+00
7.040000000154994950e+02 2.673931488555324698e+00
7.045000000155315547e+02 2.751229844996407881e+00
7.050000000155636144e+02 2.805710676729674447e+00
7.055000000155956741e+02 2.775278806418727928e+00
7.060000000156276201e+02 2.872984806406797542e+00
7.065000000156596798e+02 2.941016860943953315e+00
7.070000000156917395e+02 3.046687583373964170e+00
7.075000000157237992e+02 2.747776895003462450e+00
7.080000000157558588e+02 2.813314441593588899e+00
7.085000000157878048e+02 2.813865622357148322e+00
7.090000000158198645e+02 2.964651742146500180e+00
7.095000000158519242e+02 2.900870230697940588e+00
7.100000000158839839e+02 2.784273349500116179e+00
7.105000000159159299e+02 2.569375698672542452e+00
7.110000000159479896e+02 2.734917371785557716e+00
7.115000000159800493e+02 3.011229356442329141e+00
7.120000000160121090e+02 2.854908652158588023e+00
7.125000000160440550e+02 2.742302816174061686e+00
7.130000000160761147e+02 2.890280942479436455e+00
7.135000000161081743e+02 2.480728950265683963e+00
7.140000000161402340e+02 2.885013833326883770e+00
7.145000000161721800e+02 2.888671369805921429e+00
7.150000000162042397e+02 2.536696940036385683e+00
7.155000000162362994e+02 2.851098133268754165e+00
7.160000000162683591e+02 2.824079886682987706e+00
7.165000000163003051e+02 2.799221924164290609e+00
7.170000000163323648e+02 2.399779775223035649e+00
7.175000000163644245e+02 2.746886811708018516e+00
7.180000000163964842e+02 2.542178617170824939e+00
7.185000000164285439e+02 2.864887101856159024e+00
7.190000000164604899e+02 2.554498211700581223e+00
7.195000000164925495e+02 2.924687950639696332e+00
7.200000000165246092e+02 2.618213508941861001e+00
7.205000000165566689e+02 2.479576213085916248e+00
7.210000000165886149e+02 3.043334403838392710e+00
7.215000000166206746e+02 2.897387309190760263e+00
7.220000000166527343e+02 2.609861440790470777e+00
7.225000000166847940e+02 2.688245165600645414e+00
7.230000000167167400e+02 2.819833096350693236e+00
7.235000000167487997e+02 2.899977595865366631e+00
7.240000000167808594e+02 2.796298086574918518e+00
7.245000000168129191e+02 2.787264697621713694e+00
7.250000000168448651e+02 2.846483722277745265e+00
7.255000000168769247e+02 2.516882109877638829e+00
7.260000000169089844e+02 2.881220462154880924e+00
7.265000000169410441e+02 3.060048605365008445e+00
7.270000000169731038e+02 2.862672978139183311e+00
7.275000000170050498e+02 2.774400581893803786e+00
7.280000000170371095e+02 2.747038934027012935e+00
7.285000000170691692e+02 2.723853441098135875e+00
7.290000000171012289e+02 2.778965304742380571e+00
7.295000000171331749e+02 3.095041604036393501e+00
7.300000000171652346e+02 3.025564980830801165e+00
7.305000000171972943e+02 2.561339428000159124e+00
7.310000000172293539e+02 2.643420229805534483e+00
7.315000000172612999e+02 2.908065536048773936e+00
7.320000000172933596e+02 2.390704612412971830e+00
7.325000000173254193e+02 3.012143886506508661e+00
7.330000000173574790e+02 3.139224095973984330e+00
7.335000000173894250e+02 2.983381847475773174e+00
7.340000000174214847e+02 2.631886168980119844e+00
7.345000000174535444e+02 2.952658949694346724e+00
7.350000000174856041e+02 2.506181044435727312e+00
7.355000000175176638e+02 2.995945636990075656e+00
7.360000000175496098e+02 2.672975311049075486e+00
7.365000000175816695e+02 2.704528787399847367e+00
7.370000000176137291e+02 3.074754848509650973e+00
7.375000000176457888e+02 2.823772973951816478e+00
7.380000000176777348e+02 2.657224391904881688e+00
7.385000000177097945e+02 3.011251891664363800e+00
7.390000000177418542e+02 2.883457920975083688e+00
7.395000000177739139e+02 2.932760699339008514e+00
7.400000000178058599e+02 2.793207729252147775e+00
7.405000000178379196e+02 2.662649157601375549e+00
7.410000000178699793e+02 2.892925731909880227e+00
7.415000000179020390e+02 2.596125377046946348e+00
7.420000000179339850e+02 2.599219038826386274e+00
7.425000000179660447e+02 3.079119569202511730e+00
7.430000000179981043e+02 2.706605891027273891e+00
7.435000000180301640e+02 2.559284408997011262e+00
7.440000000180622237e+02 3.022562779757000939e+00
7.445000000180941697e+02 2.499347106377486138e+00
7.450000000181262294e+02 2.725137722327866108e+00
7.455000000181582891e+02 2.894581998715722193e+00
7.460000000181903488e+02 2.474594429881769031e+00
7.465000000182222948e+02 2.924131376577419061e+00
7.470000000182543545e+02 2.789598840408197056e+00
7.475000000182864142e+02 2.869029765520973552e+00
7.480000000183184738e+02 2.789978543478941919e+00
7.485000000183504199e+02 2.826554038515528777e+00
7.490000000183824795e+02 2.868566338208927924e+00
7.495000000184145392e+02 2.729707863567464088e+00
7.500000000184465989e+02 3.060930949942152868e+00
7.505000000184785449e+02 2.799993067213769837e+00
7.510000000185106046e+02 3.045303801480410133e+00
7.515000000185426643e+02 2.691900869414429298e+00
7.520000000185747240e+02 2.884359750198535632e+00
7.525000000186067837e+02 2.966073567404091449e+00
7.530000000186387297e+02 2.607489436893057899e+00
7.535000000186707894e+02 3.030499466360492278e+00
7.540000000187028490e+02 2.574649118870681264e+00
7.545000000187349087e+02 2.889769114876384215e+00
7.550000000187668547e+02 2.722212604711691242e+00
7.555000000187989144e+02 2.573449426636700732e+00
7.560000000188309741e+02 3.238807683899730616e+00
7.565000000188630338e+02 2.567164597866296027e+00
7.570000000188949798e+02 2.843462288507447422e+00
7.575000000189270395e+02 2.834073296241280016e+00
7.580000000189590992e+02 2.858143639368700306e+00
7.585000000189911589e+02 2.861011235701754529e+00
7.590000000190231049e+02 2.787030984449709869e+00
7.595000000190551646e+02 2.782259802381167546e+00
7.600000000190872242e+02 2.696649706747447528e+00
7.605000000191192839e+02 2.670535480576162080e+00
7.610000000191512299e+02 2.676102357496550344e+00
7.615000000191832896e+02 2.803079915843450287e+00
7.620000000192153493e+02 2.633925257787526508e+00
7.625000000192474090e+02 2.624984790406161395e+00
7.630000000192794687e+02 2.954428786724245359e+00
7.635000000193114147e+02 2.541518323441201321e+00
7.640000000193434744e+02 2.615529156424635904e+00
7.645000000193755341e+02 2.953132761697806252e+00
7.650000000194075938e+02 2.869527444229567958e+00
7.655000000194395398e+02 2.975596996831928465e+00
7.660000000194715994e+02 2.737415901314499411e+00
7.665000000195036591e+02 2.852170580028303704e+00
7.670000000195357188e+02 2.747686365538293707e+00
7.675000000195676648e+02 3.128605746593323911e+00
7.680000000195997245e+02 2.360310840062647575e+00
7.685000000196317842e+02 3.057956705859085300e+00
7.690000000196638439e+02 2.665242151805556237e+00
7.695000000196957899e+02 3.175484608327410196e+00
7.700000000197278496e+02 2.882367700151660550e+00
7.705000000197599093e+02 2.642990663930232742e+00
7.710000000197919690e+02 2.756869202519904416e+00
7.715000000198240286e+02 2.785849206524698918e+00
7.720000000198559746e+02 2.671470786867068181e+00
7.725000000198880343e+02 3.146696511857892897e+00
7.730000000199200940e+02 2.380739478229606743e+00
7.735000000199521537e+02 2.914717267940059919e+00
7.740000000199840997e+02 2.830435858433537177e+00
7.745000000200161594e+02 2.603319243474348177e+00
7.750000000200482191e+02 2.982107017723246045e+00
7.755000000200802788e+02 2.730125308015002972e+00
7.760000000201122248e+02 2.633717600684712057e+00
7.765000000201442845e+02 2.983302566493853725e+00
7.770000000201763442e+02 2.800259496499047263e+00
7.775000000202084038e+02 2.813815438619291953e+00
7.780000000202403498e+02 2.824823052161292480e+00
7.785000000202724095e+02 2.505594049713913307e+00
7.790000000203044692e+02 3.263684095576992572e+00
7.795000000203365289e+02 2.637064147278142645e+00
7.800000000203685886e+02 2.779322765361819325e+00
7.805000000204005346e+02 2.606333034155333905e+00
7.810000000204325943e+02 2.783057004277989854e+00
7.815000000204646540e+02 2.635157622398665023e+00
7.820000000204967137e+02 3.065427237918449510e+00
7.825000000205286597e+02 2.628914834683504065e+00
7.830000000205607193e+02 2.705513014006065475e+00
7.835000000205927790e+02 2.616523140638617573e+00
7.840000000206248387e+02 2.697414815393246901e+00
7.845000000206567847e+02 2.833004006883933723e+00
7.850000000206888444e+02 2.750406428571274375e+00
7.855000000207209041e+02 2.633204162902199830e+00
7.860000000207529638e+02 2.762019660416345612e+00
7.865000000207849098e+02 2.980752898663324491e+00
7.870000000208169695e+02 2.685915902835696478e+00
7.875000000208490292e+02 2.482932545391097534e+00
7.880000000208810889e+02 3.021339842688940180e+00
7.885000000209131485e+02 2.623612223467147064e+00
7.890000000209450945e+02 2.757521961008013278e+00
7.895000000209771542e+02 2.565587430608052166e+00
7.900000000210092139e+02 2.783567516335125003e+00
7.905000000210412736e+02 3.217267443433937668e+00
7.910000000210732196e+02 2.705211018346085794e+00
7.915000000211052793e+02 2.601149499425969402e+00
7.920000000211373390e+02 2.898562402298565210e+00
7.925000000211693987e+02 2.978126640950571336e+00
7.930000000212013447e+02 2.706624378917050766e+00
7.935000000212334044e+02 2.676425360769448147e+00
7.940000000212654641e+02 2.851851528813689196e+00
7.945000000212975237e+02 2.499415894345527800e+00
7.950000000213294697e+02 3.121862354649077798e+00
7.955000000213615294e+02 2.594813413321414686e+00
7.960000000213935891e+02 2.724277559008073890e+00
7.965000000214256488e+02 3.318095400965341391e+00
7.970000000214577085e+02 2.756232258252783840e+00
7.975000000214896545e+02 2.629932453596738107e+00
7.980000000215217142e+02 2.762697106558217097e+00
7.985000000215537739e+02 2.788980799016533396e+00
7.990000000215858336e+02 3.058976959718167521e+00
7.995000000216177796e+02 2.381281399162417323e+00
8.000000000216498393e+02 2.694746016504077524e+00
8.005000000216818989e+02 2.943709554996019495e+00
8.010000000217139586e+02 2.770881210033106168e+00
8.015000000217459046e+02 3.016717459613692309e+00
8.020000000217779643e+02 2.899978641926552303e+00
8.025000000218100240e+02 3.144856741817293244e+00
8.030000000218420837e+02 2.809185444094943307e+00
8.035000000218740297e+02 3.120281252703310582e+00
8.040000000219060894e+02 2.509293783884434248e+00
8.045000000219381491e+02 2.945645906443222106e+00
8.050000000219702088e+02 2.645461229123670321e+00
8.055000000220021548e+02 2.793692890210302426e+00
8.060000000220342145e+02 3.149375816889923296e+00
8.065000000220662741e+02 2.785297762175690028e+00
8.070000000220983338e+02 2.715032822760725217e+00
8.075000000221303935e+02 2.849091750880881069e+00
8.080000000221623395e+02 2.867651173761584626e+00
8.085000000221943992e+02 2.679182886652388795e+00
8.090000000222264589e+02 2.929674521155805511e+00
8.095000000222585186e+02 2.939808284699557461e+00
8.100000000222904646e+02 2.857404846999397119e+00
8.105000000223225243e+02 2.620807416155773062e+00
8.110000000223545840e+02 2.684353819488706439e+00
8.115000000223866436e+02 2.680982905603459532e+00
8.120000000224185897e+02 2.767466492248900067e+00
8.125000000224506493e+02 2.593207128029264119e+00
8.130000000224827090e+02 2.608875012196198995e+00
8.135000000225147687e+02 3.055525193662814498e+00
8.140000000225467147e+02 2.533416290560317918e+00
8.145000000225787744e+02 2.965789066552787290e+00
8.150000000226108341e+02 2.581550763110324720e+00
8.155000000226428938e+02 2.858862453489414701e+00
8.160000000226749535e+02 2.762742065766378818e+00
8.165000000227068995e+02 2.618473936428476367e+00
8.170000000227389592e+02 2.571468717706599794e+00
8.175000000227710188e+02 2.892384152812760956e+00
8.180000000228030785e+02 2.423310662345325106e+00
8.185000000228350245e+02 2.925393658938725050e+00
8.190000000228670842e+02 2.922412680887134684e+00
8.195000000228991439e+02 2.790648775660122816e+00
8.200000000229312036e+02 2.769688143311888950e+00
8.205000000229631496e+02 2.655432154653849963e+00
8.210000000229952093e+02 2.822246896449374542e+00
8.215000000230272690e+02 2.708045910889281149e+00
8.220000000230593287e+02 2.800804288847068335e+00
8.225000000230912747e+02 2.697073880051541472e+00
8.230000000231233344e+02 2.893509356712439029e+00
8.235000000231553940e+02 2.869399084858752058e+00
8.240000000231874537e+02 2.800544177049153038e+00
8.245000000232195134e+02 2.635116938406548925e+00
8.250000000232514594e+02 3.182270261464410055e+00
8.255000000232835191e+02 2.436842426405871898e+00
8.260000000233155788e+02 2.834993120418884072e+00
8.265000000233476385e+02 2.831693212083368216e+00
8.270000000233795845e+02 2.861510284318150354e+00
8.275000000234116442e+02 2.895448781792050674e+00
8.280000000234437039e+02 2.859255010271820829e+00
8.285000000234757636e+02 2.657311596284946731e+00
8.290000000235077096e+02 2.807106884251352241e+00
8.295000000235397692e+02 2.728126666583240212e+00
8.300000000235718289e+02 2.738386440645171671e+00
8.305000000236038886e+02 3.108412565187021137e+00
8.310000000236358346e+02 2.703392620487561349e+00
8.315000000236678943e+02 2.482009673316937448e+00
8.320000000236999540e+02 2.856050989987935385e+00
8.325000000237320137e+02 2.851702888920057966e+00
8.330000000237640734e+02 2.977248101549855974e+00
8.335000000237960194e+02 2.784828628356871505e+00
8.340000000238280791e+02 2.933884427327520861e+00
8.345000000238601388e+02 2.576480113572061192e+00
8.350000000238921984e+02 2.905660865059660924e+00
8.355000000239241444e+02 2.799620824923974016e+00
8.360000000239562041e+02 2.777504691818707627e+00
8.365000000239882638e+02 2.985740836702090117e+00
8.370000000240203235e+02 2.870045588263788083e+00
8.375000000240522695e+02 2.711448193279254237e+00
8.380000000240843292e+02 2.240090235668118712e+00
8.385000000241163889e+02 3.112719695519854390e+00
8.390000000241484486e+02 2.922436760510730647e+00
8.395000000241803946e+02 2.578849429671676852e+00
8.400000000242124543e+02 2.686675195251775783e+00
8.405000000242445140e+02 2.930898529182307310e+00
8.410000000242765736e+02 2.726066547638192006e+00
8.415000000243086333e+02 2.798215541959763186e+00
8.420000000243405793e+02 3.170087676792395115e+00
8.425000000243726390e+02 2.891775748270798641e+00
8.430000000244046987e+02 2.785219683048202999e+00
8.435000000244367584e+02 3.038129524278318172e+00
8.440000000244687044e+02 2.618418915864331620e+00
8.445000000245007641e+02 2.715838319595220263e+00
8.450000000245328238e+02 2.636892779836285339e+00
8.455000000245648835e+02 2.998835035247154224e+00
8.460000000245968295e+02 2.645423882071978650e+00
8.465000000246288892e+02 3.005544129564694078e+00
8.470000000246609488e+02 2.860890721667681991e+00
8.475000000246930085e+02 2.812818407217936745e+00
8.480000000247249545e+02 2.813241684031134060e+00
8.485000000247570142e+02 2.724621280894544473e+00
8.490000000247890739e+02 2.878841604445976365e+00
8.495000000248211336e+02 2.694074183833975233e+00
8.500000000248530796e+02 2.591482241621407390e+00
8.505000000248851393e+02 2.955561131782264539e+00
8.510000000249171990e+02 2.900182835721647923e+00
8.515000000249492587e+02 2.504981294354978516e+00
8.520000000249813183e+02 2.980094073297963053e+00
8.525000000250132643e+02 2.837566153337144570e+00
8.530000000250453240e+02 2.607515970067848965e+00
8.535000000250773837e+02 2.693358989375416623e+00
8.540000000251094434e+02 3.049994901015252058e+00
8.545000000251413894e+02 2.622809978002336617e+00
8.550000000251734491e+02 2.755762213804922922e+00
8.555000000252055088e+02 2.827820475586792615e+00
8.560000000252375685e+02 2.678654916723443247e+00
8.565000000252695145e+02 2.487414183243231935e+00
8.570000000253015742e+02 3.090631344812009740e+00
8.575000000253336339e+02 2.880814722568288744e+00
8.580000000253656935e+02 2.560896007210303971e+00
8.585000000253976395e+02 3.081865203588441737e+00
8.590000000254296992e+02 2.906932981847851316e+00
8.595000000254617589e+02 2.510817119375131412e+00
8.600000000254938186e+02 3.039167161827754704e+00
8.605000000255258783e+02 2.967158979012285869e+00
8.610000000255578243e+02 2.763443745533276097e+00
8.615000000255898840e+02 2.525673082012652504e+00
8.620000000256219437e+02 2.855748757978900709e+00
8.625000000256540034e+02 2.706376395995034656e+00
8.630000000256859494e+02 3.015771931999816413e+00
8.635000000257180091e+02 3.070614713852181321e+00
8.640000000257500687e+02 2.479368977471423374e+00
8.645000000257821284e+02 2.859470236270585719e+00
8.650000000258140744e+02 2.724155610975847797e+00
8.655000000258461341e+02 2.809408342987935292e+00
8.660000000258781938e+02 2.958313437326915984e+00
8.665000000259102535e+02 2.915091466460226766e+00
8.670000000259421995e+02 2.323859071298454371e+00
8.675000000259742592e+02 2.804322403271501507e+00
8.680000000260063189e+02 2.980160820988102532e+00
8.685000000260383786e+02 2.753899431176512813e+00
8.690000000260704383e+02 2.675444708984916709e+00
8.695000000261023843e+02 2.633183917257408968e+00
8.700000000261344439e+02 2.707265393836933320e+00
8.705000000261665036e+02 2.986162162677861165e+00
8.710000000261985633e+02 2.608441734329267625e+00
8.715000000262305093e+02 2.817882508114249340e+00
8.720000000262625690e+02 2.862417649672002629e+00
8.725000000262946287e+02 2.895669350784687790e+00
8.730000000263266884e+02 2.726397656408680259e+00
8.735000000263586344e+02 2.872916992788299595e+00
8.740000000263906941e+02 3.062070504035511398e+00
8.745000000264227538e+02 2.749856555057727192e+00
8.750000000264548135e+02 2.658269584122866291e+00
8.755000000264867595e+02 2.911147204323127013e+00
8.760000000265188191e+02 2.948110376173639580e+00
8.765000000265508788e+02 2.700726497080841337e+00
8.770000000265829385e+02 2.918407647556308770e+00
8.775000000266149982e+02 2.901876935737751850e+00
8.780000000266469442e+02 3.036071615511764410e+00
8.785000000266790039e+02 2.563143355806727364e+00
8.790000000267110636e+02 2.795335095560472105e+00
8.795000000267431233e+02 3.067397309675801598e+00
8.800000000267750693e+02 2.672962291621371556e+00
8.805000000268071290e+02 3.000150636442507235e+00
8.810000000268391886e+02 2.744226396698641768e+00
8.815000000268712483e+02 2.947218232874921462e+00
8.820000000269031943e+02 2.879236106856455812e+00
8.825000000269352540e+02 2.661400779310484577e+00
8.830000000269673137e+02 3.051224034578641220e+00
8.835000000269993734e+02 2.677937406957568989e+00
8.840000000270313194e+02 2.871211006957459233e+00
8.845000000270633791e+02 3.058303628639226002e+00
8.850000000270954388e+02 3.084151527960136363e+00
8.855000000271274985e+02 2.591859607450434311e+00
8.860000000271595582e+02 2.636737661048531134e+00
8.865000000271915042e+02 2.984773512482536972e+00
8.870000000272235638e+02 2.974617153792643354e+00
8.875000000272556235e+02 2.688876502695370263e+00
8.880000000272876832e+02 2.417219856950051593e+00
8.885000000273196292e+02 2.550595000133612622e+00
8.890000000273516889e+02 2.826540273820904670e+00
8.895000000273837486e+02 2.839720643517620324e+00
8.900000000274158083e+02 2.864600025986451914e+00
8.905000000274477543e+02 2.459131255570067509e+00
8.910000000274798140e+02 2.886286720057136268e+00
8.915000000275118737e+02 2.918057990385775291e+00
8.920000000275439334e+02 2.867676552341250851e+00
8.925000000275758794e+02 2.661543993016354026e+00
8.930000000276079390e+02 2.951097571474424086e+00
8.935000000276399987e+02 2.886070928743579511e+00
8.940000000276720584e+02 2.513442587932156247e+00
8.945000000277040044e+02 2.778857457768261430e+00
8.950000000277360641e+02 2.751780439005811818e+00
8.955000000277681238e+02 2.934899419776307194e+00
8.960000000278001835e+02 2.924952271874826426e+00
8.965000000278322432e+02 2.688396567546036398e+00
8.970000000278641892e+02 2.517438175863033312e+00
8.975000000278962489e+02 2.817425131220412382e+00
8.980000000279283086e+02 3.182638189763132619e+00
8.985000000279603682e+02 2.555078848890366405e+00
8.990000000279923142e+02 2.503801709550142807e+00
8.995000000280243739e+02 3.156102058560725343e+00
9.000000000280564336e+02 2.649911604953454791e+00
9.005000000280884933e+02 2.769200360250813286e+00
9.010000000281204393e+02 2.510887067683700735e+00
9.015000000281524990e+02 2.904747848601559213e+00
9.020000000281845587e+02 2.781790463951785863e+00
9.025000000282166184e+02 2.632901610762228728e+00
9.030000000282485644e+02 2.608106132065978855e+00
9.035000000282806241e+02 3.012821543187956586e+00
9.040000000283126838e+02 2.617524413433904851e+00
9.045000000283447434e+02 3.016634224344186599e+00
9.050000000283768031e+02 2.501408337518662428e+00
9.055000000284087491e+02 2.930293961962993521e+00
9.060000000284408088e+02 2.723963513073358822e+00
9.065000000284728685e+02 2.625719151948540553e+00
9.070000000285049282e+02 3.020826630934684953e+00
9.075000000285368742e+02 2.834285618589744260e+00
9.080000000285689339e+02 3.007359922077216030e+00
9.085000000286009936e+02 2.587490295318268796e+00
9.090000000286330533e+02 2.854896049156491866e+00
9.095000000286649993e+02 2.873272715177529690e+00
9.100000000286970590e+02 2.594319568503976381e+00
9.105000000287291186e+02 2.986687476452451140e+00
9.110000000287611783e+02 2.681140912856800007e+00
9.115000000287931243e+02 2.662349908336206550e+00
9.120000000288251840e+02 2.940074702194538148e+00
9.125000000288572437e+02 2.674566336859601989e+00
9.130000000288893034e+02 2.718040295202165613e+00
9.135000000289213631e+02 2.923563432589975530e+00
9.140000000289533091e+02 2.861462754542087872e+00
9.145000000289853688e+02 2.591807995288412325e+00
9.150000000290174285e+02 2.711804652267627347e+00
9.155000000290494881e+02 2.860496026945438253e+00
9.160000000290814341e+02 2.727492064213234979e+00
9.165000000291134938e+02 2.638322956098910765e+00
9.170000000291455535e+02 3.037074593502585351e+00
9.175000000291776132e+02 2.628778105200320514e+00
9.180000000292095592e+02 2.862412685521868561e+00
9.185000000292416189e+02 3.117349382987657958e+00
9.190000000292736786e+02 2.365413696432653978e+00
9.195000000293057383e+02 2.853703832773076154e+00
9.200000000293376843e+02 2.784353370789637516e+00
9.205000000293697440e+02 2.751956327721019946e+00
9.210000000294018037e+02 2.667646506387448824e+00
9.215000000294338633e+02 2.766010363367941149e+00
9.220000000294659230e+02 3.010379116902051955e+00
9.225000000294978690e+02 2.743321051600508209e+00
9.230000000295299287e+02 2.731395576576473250e+00
9.235000000295619884e+02 3.039122000045658467e+00
9.240000000295940481e+02 2.727044113889433685e+00
9.245000000296259941e+02 2.562072269375347044e+00
9.250000000296580538e+02 2.431964806573486015e+00
9.255000000296901135e+02 3.010335787336323676e+00
9.260000000297221732e+02 2.927252098736388142e+00
9.265000000297541192e+02 2.466632062937349268e+00
9.270000000297861789e+02 2.750911663399118634e+00
9.275000000298182385e+02 2.996870973526827520e+00
9.280000000298502982e+02 3.025976765167031513e+00
9.285000000298822442e+02 2.865318392199630360e+00
9.290000000299143039e+02 3.026268743140051676e+00
9.295000000299463636e+02 2.607568494058694508e+00
9.300000000299784233e+02 2.629400714921339866e+00
9.305000000300104830e+02 2.869706043544426599e+00
9.310000000300424290e+02 2.636747485940643454e+00
9.315000000300744887e+02 2.931100309457227659e+00
9.320000000301065484e+02 2.537062806630907996e+00
9.325000000301386081e+02 2.855363656909727599e+00
9.330000000301705541e+02 2.627640026664501693e+00
9.335000000302026137e+02 2.834278302453217435e+00
9.340000000302346734e+02 2.779710143041599579e+00
9.345000000302667331e+02 2.509651405953728709e+00
9.350000000302986791e+02 2.743461397430697613e+00
9.355000000303307388e+02 2.739627663790731305e+00
9.360000000303627985e+02 2.766229629787459121e+00
9.365000000303948582e+02 3.145737157101075709e+00
9.370000000304268042e+02 3.042075556466631969e+00
9.375000000304588639e+02 2.711213723252997365e+00
9.380000000304909236e+02 2.891972222221547373e+00
9.385000000305229833e+02 3.013559157720079984e+00
9.390000000305549293e+02 2.760382742118144161e+00
9.395000000305869889e+02 2.633116294812968938e+00
9.400000000306190486e+02 3.054141012087046470e+00
9.405000000306511083e+02 2.934598755722693575e+00
9.410000000306831680e+02 2.674568506630148335e+00
9.415000000307151140e+02 2.928224486898635792e+00
9.420000000307471737e+02 2.764216649802122117e+00
9.425000000307792334e+02 2.860548515879668852e+00
9.430000000308112931e+02 2.725307229579518431e+00
9.435000000308432391e+02 2.816073791651075187e+00
9.440000000308752988e+02 2.677532929978949205e+00
9.445000000309073585e+02 2.985106510463777951e+00
9.450000000309394181e+02 3.021058306749255795e+00
9.455000000309713641e+02 2.681053628466654626e+00
9.460000000310034238e+02 2.809347417423096349e+00
9.465000000310354835e+02 2.983943399683527176e+00
9.470000000310675432e+02 2.434500496368736666e+00
9.475000000310994892e+02 2.791991807360773237e+00
9.480000000311315489e+02 3.091260235326075634e+00
9.485000000311636086e+02 2.583610627546504723e+00
9.490000000311956683e+02 2.716003588012174230e+00
9.495000000312277280e+02 3.077977473740615810e+00
9.500000000312596740e+02 2.622629301052130213e+00
9.505000000312917336e+02 2.881042223739143537e+00
9.510000000313237933e+02 2.761868690381603209e+00
9.515000000313558530e+02 2.996532114753147624e+00
9.520000000313877990e+02 2.528553126749692570e+00
9.525000000314198587e+02 2.955800288535190834e+00
9.530000000314519184e+02 2.587397926011138161e+00
9.535000000314839781e+02 2.896424439617669933e+00
9.540000000315159241e+02 3.078858629792157409e+00
9.545000000315479838e+02 2.932163103576498120e+00
9.550000000315800435e+02 2.842681817794917354e+00
9.555000000316121032e+02 2.902158496585000691e+00
9.560000000316440492e+02 2.579651968229614845e+00
9.565000000316761088e+02 2.997548369443633565e+00
9.570000000317081685e+02 2.627229484428388329e+00
9.575000000317402282e+02 2.742561322669344381e+00
9.580000000317722879e+02 2.883099374914528834e+00
9.585000000318042339e+02 3.019164960684681098e+00
9.590000000318362936e+02 2.619452753447387927e+00
9.595000000318683533e+02 2.904741925289405557e+00
9.600000000319004130e+02 2.953171200881708369e+00
9.605000000319323590e+02 2.747926612631754750e+00
9.610000000319644187e+02 2.836869326131444158e+00
9.615000000319964784e+02 2.706083009497763925e+00
9.620000000320285380e+02 2.969970043252697867e+00
9.625000000320604840e+02 2.516784836610370668e+00
9.630000000320925437e+02 3.059411054051259793e+00
9.635000000321246034e+02 2.641946452148085989e+00
9.640000000321566631e+02 2.903811625076299752e+00
9.645000000321886091e+02 2.817585848320270703e+00
9.650000000322206688e+02 2.922659674847854827e+00
9.655000000322527285e+02 2.840924205261306401e+00
9.660000000322847882e+02 3.065656306652733143e+00
9.665000000323168479e+02 2.574815499378155792e+00
9.670000000323487939e+02 2.923419854190532519e+00
9.675000000323808536e+02 2.669519470621248391e+00
9.680000000324129132e+02 2.984565391546384117e+00
9.685000000324449729e+02 2.897056740700937549e+00
9.690000000324769189e+02 2.768974957619080968e+00
9.695000000325089786e+02 2.699777985606993003e+00
9.700000000325410383e+02 2.780273944212908965e+00
9.705000000325730980e+02 3.043177696913730301e+00
9.710000000326050440e+02 2.852831296453223420e+00
9.715000000326371037e+02 3.072929622535163219e+00
9.720000000326691634e+02 2.804188872585045011e+00
9.725000000327012231e+02 2.961900641202879214e+00
9.730000000327331691e+02 2.827386030718172627e+00
9.735000000327652288e+02 2.773776260946532179e+00
9.740000000327972884e+02 2.993706487109850212e+00
9.745000000328293481e+02 2.782019898165629890e+00
9.750000000328614078e+02 2.626660507044890736e+00
9.755000000328933538e+02 2.909995537772767538e+00
9.760000000329254135e+02 2.555323987188508728e+00
9.765000000329574732e+02 2.691007078432247734e+00
9.770000000329895329e+02 2.797183417455128662e+00
9.775000000330214789e+02 2.654196261580059613e+00
9.780000000330535386e+02 2.519749093294831432e+00
9.785000000330855983e+02 2.801221950874842381e+00
9.790000000331176579e+02 2.987791198171332763e+00
9.795000000331496040e+02 2.700575460150834495e+00
9.800000000331816636e+02 2.523795275170848562e+00
9.805000000332137233e+02 2.875945774789626430e+00
9.810000000332457830e+02 2.769240916858864310e+00
9.815000000332777290e+02 2.520018475286271986e+00
9.820000000333097887e+02 2.853386567224969639e+00
9.825000000333418484e+02 2.849858770095463623e+00
9.830000000333739081e+02 2.653504509935056266e+00
9.835000000334058541e+02 2.857965561939928012e+00
9.840000000334379138e+02 2.913119550615483888e+00
9.845000000334699735e+02 2.592799725586653281e+00
9.850000000335020331e+02 2.813729055491410946e+00
9.855000000335340928e+02 2.873806911380912599e+00
9.860000000335660388e+02 2.855168986953051657e+00
9.865000000335980985e+02 2.785976022579585543e+00
9.870000000336301582e+02 2.560706013087219901e+00
9.875000000336622179e+02 3.064533877066314194e+00
9.880000000336941639e+02 2.887165540731150060e+00
9.885000000337262236e+02 2.801353701391509077e+00
9.890000000337582833e+02 2.637483209884654123e+00
9.895000000337903430e+02 2.813289226356475048e+00
9.900000000338222890e+02 3.072134574183261080e+00
9.905000000338543487e+02 2.879859624397280715e+00
9.910000000338864083e+02 2.848804443727657620e+00
9.915000000339184680e+02 2.899700249000817909e+00
9.920000000339504140e+02 2.920110421198313766e+00
9.925000000339824737e+02 2.989519774045848344e+00
9.930000000340145334e+02 2.618381583009884661e+00
9.935000000340465931e+02 2.742297379401338997e+00
9.940000000340786528e+02 2.923889170521912106e+00
9.945000000341105988e+02 2.668100611109513576e+00
9.950000000341426585e+02 2.723208039156047811e+00
9.955000000341747182e+02 2.732491663561608330e+00
9.960000000342067779e+02 2.745654559727638055e+00
9.965000000342387239e+02 2.967766282738874661e+00
9.970000000342707835e+02 2.698806959781590908e+00
9.975000000343028432e+02 2.968691596527753607e+00
9.980000000343349029e+02 2.888018793891407476e+00
9.985000000343668489e+02 2.686542423811273839e+00
9.990000000343989086e+02 2.718886206677876949e+00
9.995000000344309683e+02 3.004923262729516154e+00
1.000000000034463028e+03 2.661196643501670955e+00
