# Time (ps)	CV (angstrom)
9.999999999975766229e+01 5.082908082580446241e+00
1.004999999997559001e+02 6.080893258059441031e+00
1.009999999997541380e+02 5.072064065444739533e+00
1.014999999997533990e+02 6.003332653770454108e+00
1.019999999997629061e+02 5.347233972650955458e+00
1.024999999997724132e+02 5.290729286872933201e+00
1.029999999997819060e+02 5.800577947377862920e+00
1.034999999997914131e+02 5.906709196220433888e+00
1.039999999998009201e+02 5.841480887328279969e+00
1.044999999998104272e+02 5.199431142218299051e+00
1.049999999998199343e+02 5.611427953833455717e+00
1.054999999998294413e+02 5.806043969805151583e+00
1.059999999998389484e+02 5.060877893783114700e+00
1.064999999998484554e+02 6.200211888090493062e+00
1.069999999998579483e+02 5.245960017656612351e+00
1.074999999998674554e+02 5.671908214201200060e+00
1.079999999998769624e+02 5.303882590412499987e+00
1.084999999998864695e+02 5.853695459032035586e+00
1.089999999998959765e+02 5.687927877166326418e+00
1.094999999999054836e+02 5.750522613769909697e+00
1.099999999999149907e+02 5.688756443085742909e+00
1.104999999999244977e+02 5.399788872501581238e+00
1.109999999999339906e+02 5.204610853915727198e+00
1.114999999999434976e+02 5.819969396032587561e+00
1.119999999999530047e+02 5.519547944063794453e+00
1.124999999999625118e+02 5.463659707288830880e+00
1.129999999999720188e+02 5.792389570599129733e+00
1.134999999999815259e+02 5.159228831781054403e+00
1.139999999999910330e+02 5.733675240781595406e+00
1.145000000000005400e+02 5.038956879473655448e+00
1.150000000000100329e+02 6.031801238525360098e+00
1.155000000000195399e+02 5.415465759757783992e+00
1.160000000000290470e+02 5.613026435052766772e+00
1.165000000000385540e+02 5.717853261118862385e+00
1.170000000000480611e+02 5.429421115822018251e+00
1.175000000000575682e+02 5.903261869622764557e+00
1.180000000000670752e+02 4.886506613934963994e+00
1.185000000000765823e+02 6.268777649227085469e+00
1.190000000000860751e+02 5.412108056376369269e+00
1.195000000000955822e+02 5.834193405283834899e+00
1.200000000001050893e+02 5.346684905969008028e+00
1.205000000001145963e+02 5.616291629678614505e+00
1.210000000001241034e+02 6.144324172717927190e+00
1.215000000001336105e+02 4.999478473529852529e+00
1.220000000001431175e+02 5.475813805472040663e+00
1.225000000001526246e+02 5.681804412571795915e+00
1.230000000001621174e+02 5.926227292454280260e+00
1.235000000001716245e+02 5.534868258541774999e+00
1.240000000001811316e+02 5.599750908907195068e+00
1.245000000001906386e+02 5.914994966865497084e+00
1.250000000002001457e+02 4.781968230740217152e+00
1.255000000002096527e+02 6.605776277632577020e+00
1.260000000002191598e+02 5.099146154457764091e+00
1.265000000002286527e+02 5.032481088010161585e+00
1.270000000002381597e+02 5.974258907170066912e+00
1.275000000002476668e+02 4.860184832535945354e+00
1.280000000002571880e+02 5.924605865282535078e+00
1.285000000002666809e+02 5.368755111273318725e+00
1.290000000002761738e+02 5.620980322887243474e+00
1.295000000002856950e+02 5.355639405491841032e+00
1.300000000002951879e+02 5.352112457156461112e+00
1.305000000003047091e+02 5.647218084408484273e+00
1.310000000003142020e+02 5.676284115266447827e+00
1.315000000003237233e+02 5.139082465205161654e+00
1.320000000003332161e+02 5.627856810758804507e+00
1.325000000003427090e+02 4.910478442917264097e+00
1.330000000003522302e+02 5.484392985583458113e+00
1.335000000003617231e+02 6.070206094268774777e+00
1.340000000003712444e+02 5.501968777422788115e+00
1.345000000003807372e+02 5.608800713716070696e+00
1.350000000003902585e+02 5.931420002603931430e+00
1.355000000003997513e+02 5.781888582907050989e+00
1.360000000004092726e+02 5.205170516623365273e+00
1.365000000004187655e+02 5.841652950295543434e+00
1.370000000004282583e+02 5.061162336357230451e+00
1.375000000004377796e+02 5.892340887995953125e+00
1.380000000004472724e+02 5.709179803888863702e+00
1.385000000004567937e+02 5.120936198710261955e+00
1.390000000004662866e+02 6.500888851080392605e+00
1.395000000004758078e+02 5.521419375961421849e+00
1.400000000004853007e+02 5.490963787951330666e+00
1.405000000004947935e+02 5.992777125064885801e+00
1.410000000005043148e+02 5.084259357290988213e+00
1.415000000005138077e+02 6.039721053575847876e+00
1.420000000005233289e+02 4.942179590784809839e+00
1.425000000005328218e+02 5.444483599374128957e+00
1.430000000005423431e+02 5.249272994837584250e+00
1.435000000005518359e+02 5.773885666244891191e+00
1.440000000005613572e+02 5.576500973860772703e+00
1.445000000005708500e+02 5.508386779678437151e+00
1.450000000005803429e+02 5.953829063025707136e+00
1.455000000005898642e+02 5.540588449047530339e+00
1.460000000005993570e+02 5.753626466820116470e+00
1.465000000006088783e+02 5.364442880044696160e+00
1.470000000006183711e+02 5.711199179893568179e+00
1.475000000006278924e+02 5.326842025307249706e+00
1.480000000006373853e+02 5.797584025278870179e+00
1.485000000006468781e+02 5.506437697808139298e+00
1.490000000006563994e+02 5.436066926149123013e+00
1.495000000006658922e+02 5.998323057583445639e+00
1.500000000006754135e+02 5.443366827468646640e+00
1.505000000006849064e+02 5.532207476759400500e+00
1.510000000006944276e+02 5.216972040393489607e+00
1.515000000007039205e+02 5.564009524332631962e+00
1.520000000007134133e+02 5.523340750056258130e+00
1.525000000007229346e+02 4.970409520061520148e+00
1.530000000007324275e+02 5.625211245641428270e+00
1.535000000007419487e+02 5.250489047507761242e+00
1.540000000007514416e+02 5.681468601716114009e+00
1.545000000007609628e+02 5.575901426785481618e+00
1.550000000007704557e+02 5.640101457301263999e+00
1.555000000007799770e+02 5.841332131818082196e+00
1.560000000007894698e+02 5.416988491161363051e+00
1.565000000007989627e+02 6.002765829336896175e+00
1.570000000008084839e+02 5.943478142567529154e+00
1.575000000008179768e+02 5.595178269286859241e+00
1.580000000008274981e+02 6.104279490024432597e+00
1.585000000008369909e+02 5.312061492499678295e+00
1.590000000008465122e+02 5.961473113475684649e+00
1.595000000008560050e+02 5.327176901394786945e+00
1.600000000008654979e+02 5.682109174337558244e+00
1.605000000008750192e+02 5.452878798700329988e+00
1.610000000008845120e+02 5.926923395042317466e+00
1.615000000008940333e+02 5.695847688034708867e+00
1.620000000009035261e+02 5.560051824296870393e+00
1.625000000009130474e+02 5.868614660010027073e+00
1.630000000009225403e+02 5.538128952187057585e+00
1.635000000009320615e+02 5.336356600350223189e+00
1.640000000009415544e+02 5.591817905112127285e+00
1.645000000009510472e+02 5.683730570899066414e+00
1.650000000009605685e+02 5.677580445742423265e+00
1.655000000009700614e+02 5.543876749179248442e+00
1.660000000009795826e+02 5.340888276574457194e+00
1.665000000009890755e+02 5.866463821078164997e+00
1.670000000009985968e+02 4.997087858000588412e+00
1.675000000010080896e+02 6.045685983138799457e+00
1.680000000010175825e+02 5.664897221465894361e+00
1.685000000010271037e+02 5.482400998929880309e+00
1.690000000010365966e+02 5.689268109457326084e+00
1.695000000010461179e+02 5.371647075608257715e+00
1.700000000010556107e+02 4.967338719390200552e+00
1.705000000010651320e+02 6.080326500715956151e+00
1.710000000010746248e+02 5.735531086836497039e+00
1.715000000010841177e+02 4.807254315721332105e+00
1.720000000010936390e+02 6.331224664638430255e+00
1.725000000011031318e+02 5.795233442279914549e+00
1.730000000011126531e+02 5.018090203442649333e+00
1.735000000011221459e+02 5.755966097408907522e+00
1.740000000011316672e+02 5.690461128048228012e+00
1.745000000011411601e+02 5.303336744934994407e+00
1.750000000011506813e+02 5.484476764995847020e+00
1.755000000011601742e+02 6.029800155451208177e+00
1.760000000011696670e+02 5.050243717291590606e+00
1.765000000011791883e+02 5.988173157509924849e+00
1.770000000011886812e+02 4.699122290908262833e+00
1.775000000011982024e+02 5.918412064463238309e+00
1.780000000012076953e+02 5.750451646006320416e+00
1.785000000012172165e+02 5.096067173025333297e+00
1.790000000012267094e+02 6.517403274584148143e+00
1.795000000012362023e+02 4.477471638862325243e+00
1.800000000012457235e+02 5.238056762748175998e+00
1.805000000012552164e+02 6.371143699949989525e+00
1.810000000012647376e+02 4.548806744672116764e+00
1.815000000012742305e+02 6.054224369137273243e+00
1.820000000012837518e+02 6.008622568817012066e+00
1.825000000012932446e+02 5.840809027422857014e+00
1.830000000013027659e+02 5.304553547887679521e+00
1.835000000013122587e+02 5.212196019887755938e+00
1.840000000013217516e+02 5.471838485272688679e+00
1.845000000013312729e+02 5.652484891735260142e+00
1.850000000013407657e+02 5.620133254704167136e+00
1.855000000013502870e+02 5.545781808985990935e+00
1.860000000013597798e+02 5.314735590269209276e+00
1.865000000013693011e+02 5.886487129444327948e+00
1.870000000013787940e+02 5.650892090721383099e+00
1.875000000013882868e+02 5.329337099536629374e+00
1.880000000013978081e+02 5.261382398387866921e+00
1.885000000014073009e+02 5.878877225438151832e+00
1.890000000014168222e+02 5.970527783786303999e+00
1.895000000014263151e+02 4.882873256047198574e+00
1.900000000014358363e+02 5.753352642632078684e+00
1.905000000014453292e+02 5.732886634897761624e+00
1.910000000014548220e+02 5.251185131157889430e+00
1.915000000014643433e+02 6.200309038641059090e+00
1.920000000014738362e+02 5.326397982680702192e+00
1.925000000014833574e+02 5.624709785891385927e+00
1.930000000014928503e+02 5.771435001228510053e+00
1.935000000015023716e+02 5.202241119485637277e+00
1.940000000015118644e+02 5.234747358465665634e+00
1.945000000015213857e+02 5.610371954930482907e+00
1.950000000015308785e+02 5.856177513424557723e+00
1.955000000015403714e+02 5.795579714451694286e+00
1.960000000015498927e+02 5.142062454593247622e+00
1.965000000015593855e+02 5.830025926754724530e+00
1.970000000015689068e+02 6.166330473257370492e+00
1.975000000015783996e+02 5.294898457519179757e+00
1.980000000015879209e+02 5.507905203869233546e+00
1.985000000015974138e+02 5.745476872884347941e+00
1.990000000016069066e+02 5.304832538127555175e+00
1.995000000016164279e+02 6.078337040350027642e+00
2.000000000016259207e+02 5.656130603906404097e+00
2.005000000016354420e+02 5.521780474277486306e+00
2.010000000016449349e+02 5.725591937619873839e+00
2.015000000016544561e+02 5.303872090319798005e+00
2.020000000016639490e+02 5.538872808984286245e+00
2.025000000016734703e+02 5.791355831651085140e+00
2.030000000016789556e+02 5.357909697795482984e+00
2.035000000016659385e+02 5.535486019385835732e+00
2.040000000016529214e+02 5.731183844174297271e+00
2.045000000016398758e+02 5.824278157715191639e+00
2.050000000016268586e+02 5.092557074248162508e+00
2.055000000016138415e+02 6.482703414881516579e+00
2.060000000016008244e+02 5.560735094624385866e+00
2.065000000015878072e+02 5.334064339479693828e+00
2.070000000015747617e+02 5.100870038782293392e+00
2.075000000015617445e+02 5.697805051361559237e+00
2.080000000015487274e+02 5.527779797632312864e+00
2.085000000015357102e+02 5.631370238205078316e+00
2.090000000015226931e+02 5.612522507575401498e+00
2.095000000015096475e+02 5.158394964904938540e+00
2.100000000014966304e+02 5.012595546118015832e+00
2.105000000014836132e+02 5.912408753275690820e+00
2.110000000014705961e+02 6.040347129062157983e+00
2.115000000014575789e+02 5.743874449998328302e+00
2.120000000014445618e+02 5.644719297437979399e+00
2.125000000014315162e+02 5.741661496428998035e+00
2.130000000014184991e+02 5.479507080080346704e+00
2.135000000014054820e+02 5.568599537307871827e+00
2.140000000013924648e+02 5.433124876263980774e+00
2.145000000013794477e+02 6.124933289935473368e+00
2.150000000013664021e+02 5.822271254176393462e+00
2.155000000013533850e+02 4.925756379921207184e+00
2.160000000013403678e+02 5.434683550176194089e+00
2.165000000013273507e+02 5.942622684165392855e+00
2.170000000013143335e+02 5.609118806708165650e+00
2.175000000013013164e+02 5.644765446219024874e+00
2.180000000012882708e+02 5.389902645141281035e+00
2.185000000012752537e+02 5.640791893430506576e+00
2.190000000012622365e+02 5.435953599005212133e+00
2.195000000012492194e+02 5.809736628748006559e+00
2.200000000012362023e+02 5.416250181541086839e+00
2.205000000012231567e+02 4.923328608683270602e+00
2.210000000012101395e+02 5.604895536527587652e+00
2.215000000011971224e+02 5.317558175819668165e+00
2.220000000011841053e+02 5.569725760019456295e+00
2.225000000011710881e+02 5.273672474172833802e+00
2.230000000011580710e+02 5.442671281079030088e+00
2.235000000011450254e+02 5.536255640486810847e+00
2.240000000011320083e+02 5.174396723793525332e+00
2.245000000011189911e+02 6.150722801384522320e+00
2.250000000011059740e+02 4.895685300273700413e+00
2.255000000010929568e+02 5.837678417132519115e+00
2.260000000010799113e+02 5.317602445574268089e+00
2.265000000010668941e+02 5.207878333824526251e+00
2.270000000010538770e+02 5.651673896135819497e+00
2.275000000010408598e+02 5.142124823185743487e+00
2.280000000010278427e+02 5.713812623776870936e+00
2.285000000010148256e+02 5.609815672627269656e+00
2.290000000010017800e+02 5.335385294148663249e+00
2.295000000009887628e+02 5.712172586857373169e+00
2.300000000009757457e+02 5.379294159090126648e+00
2.305000000009627286e+02 5.451494000271747353e+00
2.310000000009497114e+02 5.144800520601251925e+00
2.315000000009366659e+02 5.940315744400304077e+00
2.320000000009236487e+02 5.248568329367941487e+00
2.325000000009106316e+02 5.365136453852176857e+00
2.330000000008976144e+02 6.264572975787852549e+00
2.335000000008845973e+02 5.103833111238760267e+00
2.340000000008715517e+02 5.760956505899973656e+00
2.345000000008585346e+02 5.745571839281246262e+00
2.350000000008455174e+02 5.619939045075772910e+00
2.355000000008325003e+02 5.313314556722223081e+00
2.360000000008194831e+02 5.719778114347032094e+00
2.365000000008064660e+02 5.320094662576965838e+00
2.370000000007934204e+02 5.594201245853095195e+00
2.375000000007804033e+02 5.215744895988976282e+00
2.380000000007673862e+02 5.395951515758635963e+00
2.385000000007543690e+02 5.444378398936146723e+00
2.390000000007413519e+02 5.011381186774989338e+00
2.395000000007283063e+02 5.668940842709416117e+00
2.400000000007152892e+02 5.044185145207146448e+00
2.405000000007022720e+02 5.842456977017548958e+00
2.410000000006892549e+02 5.627408681347658259e+00
2.415000000006762377e+02 5.212801188263068930e+00
2.420000000006632206e+02 5.870725541655766655e+00
2.425000000006501750e+02 4.961401191795719257e+00
2.430000000006371579e+02 6.062330727232890126e+00
2.435000000006241407e+02 5.769180077968622200e+00
2.440000000006111236e+02 5.377666212691393000e+00
2.445000000005981065e+02 5.347594617956573870e+00
2.450000000005850609e+02 5.742962173525456571e+00
2.455000000005720437e+02 5.460411877376849965e+00
2.460000000005590266e+02 6.055084567906918736e+00
2.465000000005460095e+02 5.576720141439691858e+00
2.470000000005329923e+02 5.198025308210873163e+00
2.475000000005199752e+02 5.380766306070173144e+00
2.480000000005069296e+02 5.684724850985261924e+00
2.485000000004939125e+02 5.874805936140414353e+00
2.490000000004808953e+02 5.394420028144642387e+00
2.495000000004678782e+02 5.354954842356352884e+00
2.500000000004548610e+02 5.436860986298762910e+00
2.505000000004418155e+02 6.018846624763348530e+00
2.510000000004287983e+02 5.347919128407737865e+00
2.515000000004157812e+02 6.038153967787073029e+00
2.520000000004027640e+02 4.902836953358544747e+00
2.525000000003897469e+02 6.111440940416117407e+00
2.530000000003767013e+02 4.912181034230567178e+00
2.535000000003636842e+02 5.920430101291143998e+00
2.540000000003506671e+02 6.090553993764727281e+00
2.545000000003376499e+02 5.463292767660115956e+00
2.550000000003246328e+02 5.528160944738239380e+00
2.555000000003116156e+02 5.621231567080732461e+00
2.560000000002985985e+02 5.758159824474065047e+00
2.565000000002855813e+02 5.545787042987738502e+00
2.570000000002725642e+02 5.598629038880628350e+00
2.575000000002594902e+02 5.584353806798334041e+00
2.580000000002464731e+02 5.518345515764306874e+00
2.585000000002334559e+02 6.150517976987165625e+00
2.590000000002204388e+02 5.769115455816461235e+00
2.595000000002074216e+02 5.026246693740344718e+00
2.600000000001944045e+02 5.263672160668585676e+00
2.605000000001813873e+02 5.431750946664040569e+00
2.610000000001683702e+02 5.710021061200276193e+00
2.615000000001553531e+02 5.392609889205176366e+00
2.620000000001423359e+02 5.548338238859312099e+00
2.625000000001292619e+02 5.445065637412486836e+00
2.630000000001162448e+02 5.789147900506527833e+00
2.635000000001032276e+02 5.127913116718104014e+00
2.640000000000902105e+02 5.531072895121240229e+00
2.645000000000771934e+02 5.172902647128272413e+00
2.650000000000641762e+02 5.604149716899229361e+00
2.655000000000511591e+02 5.605117785284625676e+00
2.660000000000381419e+02 5.560724293835064280e+00
2.665000000000251248e+02 5.647133000750727660e+00
2.670000000000121076e+02 5.550422477274732813e+00
2.674999999999990905e+02 5.610329906607425698e+00
2.679999999999860165e+02 5.695414175531671397e+00
2.684999999999729994e+02 5.640468319794528007e+00
2.689999999999599822e+02 4.960275168684913361e+00
2.694999999999469651e+02 5.696227764123213078e+00
2.699999999999339479e+02 5.054264146567310156e+00
2.704999999999209308e+02 5.664560654213900648e+00
2.709999999999079137e+02 5.509453898999430166e+00
2.714999999998948965e+02 5.335681764291258844e+00
2.719999999998818794e+02 5.940358326829104030e+00
2.724999999998688622e+02 5.650871888448926406e+00
2.729999999998558451e+02 6.089691382902987726e+00
2.734999999998427711e+02 5.159278956627580293e+00
2.739999999998297540e+02 6.095093637463289582e+00
2.744999999998167368e+02 5.168925412103855699e+00
2.749999999998037197e+02 5.157758721085194509e+00
2.754999999997907025e+02 6.129090370748018657e+00
2.759999999997776854e+02 5.125405552928850916e+00
2.764999999997646682e+02 6.057325752062555857e+00
2.769999999997516511e+02 5.188555599432048027e+00
2.774999999997386340e+02 5.436874646262828570e+00
2.779999999997256168e+02 5.649447526911668405e+00
2.784999999997125997e+02 5.612282695429101409e+00
2.789999999996995257e+02 5.595949048954005356e+00
2.794999999996865085e+02 5.847875877683789803e+00
2.799999999996734914e+02 5.365021934496167155e+00
2.804999999996604743e+02 5.682369117988342211e+00
2.809999999996474571e+02 5.948655725665581429e+00
2.814999999996344400e+02 5.049987926227318624e+00
2.819999999996214228e+02 5.847800684658357895e+00
2.824999999996084057e+02 5.343572503235737514e+00
2.829999999995953885e+02 5.564050541666412997e+00
2.834999999995823714e+02 5.925536100803746820e+00
2.839999999995693543e+02 5.144885259081918960e+00
2.844999999995562803e+02 6.153603787708488149e+00
2.849999999995432631e+02 5.198815295038400563e+00
2.854999999995302460e+02 6.171228854847921497e+00
2.859999999995172288e+02 5.643026510701407261e+00
2.864999999995042117e+02 4.961791235740262707e+00
2.869999999994911946e+02 5.945476312174542421e+00
2.874999999994781774e+02 5.849665400780405200e+00
2.879999999994651603e+02 5.136525814736418560e+00
2.884999999994521431e+02 5.770297227386660843e+00
2.889999999994391260e+02 5.275422594025119594e+00
2.894999999994261088e+02 5.496010102659828256e+00
2.899999999994130349e+02 5.344840216573169656e+00
2.904999999994000177e+02 5.692309131121169763e+00
2.909999999993870006e+02 5.328229243859392561e+00
2.914999999993739834e+02 5.606117677393172016e+00
2.919999999993609663e+02 5.689918585567623310e+00
2.924999999993479491e+02 5.377155826785684489e+00
2.929999999993349320e+02 5.333710651456415874e+00
2.934999999993219149e+02 5.888983240968968857e+00
2.939999999993088977e+02 5.654567034651765134e+00
2.944999999992958806e+02 5.410369983594072174e+00
2.949999999992828634e+02 5.368613830893927741e+00
2.954999999992697894e+02 5.639086688244388412e+00
2.959999999992567723e+02 5.685054004297771968e+00
2.964999999992437552e+02 5.594382853468427008e+00
2.969999999992307380e+02 5.496836435858670988e+00
2.974999999992177209e+02 5.405059312635163593e+00
2.979999999992047037e+02 5.831278746840117044e+00
2.984999999991916866e+02 5.521704617965192519e+00
2.989999999991786694e+02 5.680038480369995924e+00
2.994999999991656523e+02 5.479980253163472703e+00
2.999999999991526352e+02 5.724251487115878945e+00
3.004999999991396180e+02 5.280512836344426475e+00
3.009999999991265440e+02 5.831620400371889446e+00
3.014999999991135269e+02 5.540366667099816844e+00
3.019999999991005097e+02 5.682112435583820620e+00
3.024999999990874926e+02 5.550359706776788471e+00
3.029999999990744755e+02 5.548499007642144321e+00
3.034999999990614583e+02 5.663537312259770751e+00
3.039999999990484412e+02 5.753692679189866155e+00
3.044999999990354240e+02 5.396904286094086345e+00
3.049999999990224069e+02 5.808784322979928305e+00
3.054999999990093897e+02 5.448342330942909761e+00
3.059999999989963158e+02 5.878534491729442202e+00
3.064999999989832986e+02 5.392140114073339596e+00
3.069999999989702815e+02 5.326776111670663560e+00
3.074999999989572643e+02 5.872484062749158795e+00
3.079999999989442472e+02 5.559307307632907147e+00
3.084999999989312300e+02 5.869127746069149332e+00
3.089999999989182129e+02 5.584297276826264422e+00
3.094999999989051958e+02 5.337059691744743262e+00
3.099999999988921786e+02 5.556327810861635186e+00
3.104999999988791615e+02 5.511252447981482838e+00
3.109999999988661443e+02 5.728117289119353472e+00
3.114999999988530703e+02 5.529116414541049629e+00
3.119999999988400532e+02 5.743243165489792190e+00
3.124999999988270361e+02 5.263525198028124130e+00
3.129999999988140189e+02 5.660970211879991609e+00
3.134999999988010018e+02 5.537228569790965338e+00
3.139999999987879846e+02 5.739182451894588866e+00
3.144999999987749675e+02 5.210071151858803873e+00
3.149999999987619503e+02 5.736124462356063880e+00
3.154999999987489332e+02 5.477998958254321593e+00
3.159999999987359161e+02 5.340548898776633635e+00
3.164999999987228989e+02 5.452579184884813301e+00
3.169999999987098249e+02 5.055570743266048162e+00
3.174999999986968078e+02 5.515751049684998186e+00
3.179999999986837906e+02 5.359019154641623928e+00
3.184999999986707735e+02 5.164762937123573039e+00
3.189999999986577564e+02 5.788518427466857297e+00
3.194999999986447392e+02 5.830635338567955905e+00
3.199999999986317221e+02 5.021960157161027283e+00
3.204999999986187049e+02 5.855284324768899040e+00
3.209999999986056878e+02 5.467438925550854201e+00
3.214999999985926706e+02 5.282738309369692686e+00
3.219999999985796535e+02 5.801661305082579823e+00
3.224999999985665795e+02 5.182688378500985849e+00
3.229999999985535624e+02 5.268108179033631266e+00
3.234999999985405452e+02 6.101485282532039811e+00
3.239999999985275281e+02 5.180281853446164320e+00
3.244999999985145109e+02 5.346476369344468793e+00
3.249999999985014938e+02 5.397819277251892700e+00
3.254999999984884766e+02 5.836801278045265384e+00
3.259999999984754595e+02 5.367279561440919444e+00
3.264999999984624424e+02 4.793212491819185850e+00
3.269999999984494252e+02 5.420974413973376649e+00
3.274999999984364081e+02 5.439084452865049712e+00
3.279999999984233341e+02 5.691512284346320172e+00
3.284999999984103169e+02 5.418584779632379167e+00
3.289999999983972998e+02 5.461667952018111727e+00
3.294999999983842827e+02 5.225011703790801043e+00
3.299999999983712655e+02 5.378731519655366888e+00
3.304999999983582484e+02 5.187167398391990147e+00
3.309999999983452312e+02 5.439411431585559953e+00
3.314999999983322141e+02 5.718165856014065795e+00
3.319999999983191969e+02 5.383548370942486727e+00
3.324999999983061798e+02 5.946442947552737834e+00
3.329999999982931627e+02 5.680901767439130445e+00
3.334999999982800887e+02 5.922390929411241345e+00
3.339999999982670715e+02 5.520174562527788709e+00
3.344999999982540544e+02 5.591096112688887843e+00
3.349999999982410372e+02 5.441343361539455081e+00
3.354999999982280201e+02 5.956951356214489124e+00
3.359999999982150030e+02 5.289704675379541143e+00
3.364999999982019858e+02 5.603175972195608701e+00
3.369999999981889687e+02 5.980900518897161788e+00
3.374999999981759515e+02 5.354024497775061064e+00
3.379999999981629344e+02 5.872426554014185562e+00
3.384999999981499172e+02 5.689319292933388006e+00
3.389999999981368433e+02 5.455599465054089769e+00
3.394999999981238261e+02 5.356456649002075743e+00
3.399999999981108090e+02 6.071442513953912545e+00
3.404999999980977918e+02 5.341378430673437983e+00
3.409999999980847747e+02 5.310250550496454558e+00
3.414999999980717575e+02 5.541215950381404021e+00
3.419999999980587404e+02 5.864032529018621709e+00
3.424999999980457233e+02 4.928761693382933018e+00
3.429999999980327061e+02 5.846289387979044072e+00
3.434999999980196890e+02 5.570933748298032562e+00
3.439999999980066718e+02 5.835318487635660745e+00
3.444999999979935978e+02 5.511163921055469039e+00
3.449999999979805807e+02 4.991107473969952579e+00
3.454999999979675636e+02 6.572417008408836026e+00
3.459999999979545464e+02 5.233663592261324382e+00
3.464999999979415293e+02 6.172649008666442505e+00
3.469999999979285121e+02 5.468587013668207319e+00
3.474999999979154950e+02 5.370219608743725281e+00
3.479999999979024778e+02 5.918954716140522265e+00
3.484999999978894607e+02 5.508137467147759203e+00
3.489999999978764436e+02 5.648553396869323784e+00
3.494999999978633696e+02 5.335843245875234508e+00
3.499999999978503524e+02 5.228123692550938451e+00
3.504999999978373353e+02 5.780225527662127050e+00
3.509999999978243181e+02 5.198741758777257971e+00
3.514999999978113010e+02 6.018783369912319436e+00
3.519999999977982839e+02 5.503186414330056841e+00
3.524999999977852667e+02 5.386894523315298500e+00
3.529999999977722496e+02 5.234076888609124900e+00
3.534999999977592324e+02 5.541895933771167293e+00
3.539999999977462153e+02 6.050230562517332267e+00
3.544999999977331981e+02 5.550723376872639392e+00
3.549999999977201242e+02 5.397088497830609732e+00
3.554999999977071070e+02 5.710221069848891773e+00
3.559999999976940899e+02 5.437094988972156706e+00
3.564999999976810727e+02 5.648519850036510803e+00
3.569999999976680556e+02 5.412829360076492513e+00
3.574999999976550384e+02 5.448164005148002254e+00
3.579999999976420213e+02 5.307199868125063169e+00
3.584999999976290042e+02 5.740522033194390694e+00
3.589999999976159870e+02 5.635367892750675622e+00
3.594999999976029699e+02 5.506849123369206289e+00
3.599999999975899527e+02 5.980980242625152599e+00
3.604999999975768787e+02 5.625641527657988306e+00
3.609999999975638616e+02 5.786497053852823313e+00
3.614999999975508445e+02 4.758423712804063399e+00
3.619999999975378273e+02 5.403837193309202647e+00
3.624999999975248102e+02 5.553754949720695500e+00
3.629999999975117930e+02 5.593542673798427067e+00
3.634999999974987759e+02 5.680984006599661740e+00
3.639999999974857587e+02 5.129586659008221083e+00
3.644999999974727416e+02 5.426119520326626144e+00
3.649999999974597245e+02 5.651754352089490396e+00
3.654999999974467073e+02 5.853860304461513842e+00
3.659999999974336333e+02 5.473112454880353361e+00
3.664999999974206162e+02 5.320818511598886857e+00
3.669999999974075990e+02 5.260208366552409309e+00
3.674999999973945819e+02 5.629097642550026315e+00
3.679999999973815648e+02 5.807470681247507649e+00
3.684999999973685476e+02 5.321397332469177677e+00
3.689999999973555305e+02 5.847736189691634223e+00
3.694999999973425133e+02 4.986991227962038309e+00
3.699999999973294962e+02 5.613829842884526578e+00
3.704999999973164790e+02 5.535840125216901164e+00
3.709999999973034619e+02 5.766031467322721760e+00
3.714999999972903879e+02 5.625895905585753809e+00
3.719999999972773708e+02 5.978483276285808223e+00
3.724999999972643536e+02 5.391713547085083214e+00
3.729999999972513365e+02 6.090423480165427783e+00
3.734999999972383193e+02 5.297375764144179655e+00
3.739999999972253022e+02 5.359826531914116288e+00
3.744999999972122851e+02 5.590760218041157970e+00
3.749999999971992679e+02 5.491703843114766670e+00
3.754999999971862508e+02 5.498885768140177710e+00
3.759999999971732336e+02 5.859375823977583941e+00
3.764999999971602165e+02 5.733713011729365761e+00
3.769999999971471425e+02 5.987930229255431946e+00
3.774999999971341254e+02 5.537913909304093885e+00
3.779999999971211082e+02 5.727077785936129040e+00
3.784999999971080911e+02 5.537431942048015365e+00
3.789999999970950739e+02 5.365251994720473760e+00
3.794999999970820568e+02 5.193178433917855052e+00
3.799999999970690396e+02 6.036885291581427282e+00
3.804999999970560225e+02 5.232612555265522047e+00
3.809999999970430054e+02 5.559297309716236590e+00
3.814999999970299882e+02 4.920249714315373168e+00
3.819999999970169711e+02 5.342929191330663130e+00
3.824999999970038971e+02 5.835736417698474732e+00
3.829999999969908799e+02 5.681303779660890285e+00
3.834999999969778628e+02 5.636763588972808492e+00
3.839999999969648456e+02 5.386542314063834880e+00
3.844999999969518285e+02 5.451729243373464762e+00
3.849999999969388114e+02 5.683298097205039312e+00
3.854999999969257942e+02 5.505261005090651416e+00
3.859999999969127771e+02 5.407277983210746264e+00
3.864999999968997599e+02 4.955031662950612592e+00
3.869999999968867428e+02 5.821673669789660721e+00
3.874999999968737256e+02 5.290864291015742182e+00
3.879999999968606517e+02 5.839516668286301559e+00
3.884999999968476345e+02 5.499354206420518310e+00
3.889999999968346174e+02 5.405839564107777662e+00
3.894999999968216002e+02 5.934447427938097874e+00
3.899999999968085831e+02 5.270955113138495740e+00
3.904999999967955659e+02 5.363519881057000838e+00
3.909999999967825488e+02 5.747523941760967148e+00
3.914999999967695317e+02 5.984554043750571317e+00
3.919999999967565145e+02 5.105278784588896279e+00
3.924999999967434974e+02 5.804680347135014351e+00
3.929999999967304234e+02 5.041563505115677302e+00
3.934999999967174062e+02 5.963261249965164268e+00
3.939999999967043891e+02 5.541683621367301527e+00
3.944999999966913720e+02 5.303722055013887271e+00
3.949999999966783548e+02 5.827594629570184814e+00
3.954999999966653377e+02 5.756087022918912055e+00
3.959999999966523205e+02 5.763954404805884835e+00
3.964999999966393034e+02 5.040892740413393192e+00
3.969999999966262862e+02 5.883398718940266114e+00
3.974999999966132691e+02 5.103778010681932820e+00
3.979999999966002520e+02 6.379962549466922539e+00
3.984999999965871780e+02 4.827156532144607048e+00
3.989999999965741608e+02 6.098761362361052818e+00
3.994999999965611437e+02 5.988636242208473348e+00
3.999999999965481265e+02 5.354402904310528122e+00
4.004999999965351094e+02 4.905403981216159615e+00
4.009999999965220923e+02 5.497477627417815427e+00
4.014999999965090751e+02 5.894692729096453476e+00
4.019999999964960580e+02 5.607852089451636601e+00
4.024999999964830408e+02 5.276907098475611235e+00
4.029999999964700237e+02 5.374309213940494878e+00
4.034999999964570065e+02 5.546942807402037268e+00
4.039999999964439326e+02 5.821071508284294538e+00
4.044999999964309154e+02 5.399330595603390570e+00
4.049999999964178983e+02 5.203437462275289249e+00
4.054999999964048811e+02 5.661753217607757627e+00
4.059999999964079507e+02 5.129618334922930956e+00
4.064999999964400104e+02 5.513624803229331128e+00
4.069999999964720132e+02 5.371018627657604405e+00
4.074999999965040729e+02 5.526529470301061231e+00
4.079999999965360757e+02 6.101385386890965101e+00
4.084999999965681354e+02 5.479575751985870546e+00
4.089999999966001383e+02 5.620317709594093714e+00
4.094999999966321980e+02 5.410560244859749623e+00
4.099999999966642008e+02 5.708993058451991232e+00
4.104999999966962605e+02 6.068295346379371402e+00
4.109999999967282633e+02 5.216458187101947530e+00
4.114999999967603230e+02 5.901905070684929200e+00
4.119999999967923259e+02 5.100733425576287061e+00
4.124999999968243856e+02 5.992396922352329902e+00
4.129999999968563884e+02 5.851949793396143740e+00
4.134999999968884481e+02 5.467595382140896021e+00
4.139999999969205078e+02 6.285365452466629144e+00
4.144999999969525106e+02 5.304537937307303608e+00
4.149999999969845703e+02 6.159561311901293301e+00
4.154999999970165732e+02 5.336213185870838593e+00
4.159999999970486328e+02 5.695710355122993285e+00
4.164999999970806357e+02 5.917607319624710982e+00
4.169999999971126954e+02 5.426585911762151326e+00
4.174999999971446982e+02 5.726307099415690161e+00
4.179999999971767579e+02 5.800272404732346843e+00
4.184999999972087608e+02 6.029972105219504996e+00
4.189999999972408204e+02 5.895302384416089225e+00
4.194999999972728233e+02 5.355812932382248093e+00
4.199999999973048830e+02 5.926896706661859859e+00
4.204999999973368858e+02 6.145681812142091083e+00
4.209999999973689455e+02 5.330176426992576211e+00
4.214999999974009484e+02 5.300791841344618227e+00
4.219999999974330080e+02 5.215193696169663440e+00
4.224999999974650109e+02 5.787087620329631754e+00
4.229999999974970706e+02 5.581099073664448795e+00
4.234999999975291303e+02 5.343080410711836592e+00
4.239999999975611331e+02 5.776536551639370742e+00
4.244999999975931928e+02 5.253335606043494366e+00
4.249999999976251956e+02 5.664506438361073926e+00
4.254999999976572553e+02 5.375401876672754042e+00
4.259999999976892582e+02 5.490328853301649659e+00
4.264999999977213179e+02 5.514614566506404358e+00
4.269999999977533207e+02 5.852057913960302393e+00
4.274999999977853804e+02 5.461898584479332186e+00
4.279999999978173832e+02 5.606490264616679653e+00
4.284999999978494429e+02 5.977846095705061202e+00
4.289999999978814458e+02 5.400591272685353772e+00
4.294999999979135055e+02 5.548563163906869988e+00
4.299999999979455083e+02 5.520054417848098360e+00
4.304999999979775680e+02 5.903140467016026349e+00
4.309999999980095708e+02 5.607806978348609306e+00
4.314999999980416305e+02 5.221482517040871407e+00
4.319999999980736902e+02 5.912641810949024190e+00
4.324999999981056931e+02 5.372160044001737411e+00
4.329999999981377528e+02 5.519315751322757535e+00
4.334999999981697556e+02 5.491981819634349726e+00
4.339999999982018153e+02 5.607062423242843430e+00
4.344999999982338181e+02 5.380699329995778157e+00
4.349999999982658778e+02 5.944854305395590899e+00
4.354999999982978807e+02 5.475943204369039030e+00
4.359999999983299404e+02 6.030557496968176778e+00
4.364999999983619432e+02 5.212601035774228286e+00
4.369999999983940029e+02 5.929561468853645323e+00
4.374999999984260057e+02 5.736183498881747056e+00
4.379999999984580654e+02 5.552885007826455777e+00
4.384999999984900683e+02 5.248829469364686418e+00
4.389999999985221280e+02 5.479942855259044343e+00
4.394999999985541308e+02 5.746000691002775440e+00
4.399999999985861905e+02 5.511580967394967168e+00
4.404999999986182502e+02 5.800225816010364355e+00
4.409999999986502530e+02 5.604187600569887628e+00
4.414999999986823127e+02 5.351330923617161339e+00
4.419999999987143156e+02 5.564101452733864583e+00
4.424999999987463752e+02 5.581422755237696265e+00
4.429999999987783781e+02 5.826437171618406907e+00
4.434999999988104378e+02 5.678010520004644235e+00
4.439999999988424406e+02 5.385010192621288105e+00
4.444999999988745003e+02 5.261376457615070557e+00
4.449999999989065032e+02 5.645989664069048786e+00
4.454999999989385628e+02 5.698856854728767019e+00
4.459999999989705657e+02 5.656076330087421944e+00
4.464999999990026254e+02 6.085077456388195749e+00
4.469999999990346282e+02 5.382650676167134662e+00
4.474999999990666879e+02 5.606448724854474541e+00
4.479999999990986908e+02 4.954652075972213687e+00
4.484999999991307504e+02 6.055231770850638462e+00
4.489999999991627533e+02 5.260417591954915650e+00
4.494999999991948130e+02 6.211454101780198300e+00
4.499999999992268727e+02 5.107135109150080510e+00
4.504999999992588755e+02 5.542145091917077160e+00
4.509999999992909352e+02 5.716257857525127939e+00
4.514999999993229380e+02 5.266715108761839126e+00
4.519999999993549977e+02 5.683113229876935790e+00
4.524999999993870006e+02 5.042770127448550355e+00
4.529999999994190603e+02 5.386155142545735686e+00
4.534999999994510631e+02 5.551687624347053429e+00
4.539999999994831228e+02 5.524152669088971734e+00
4.544999999995151256e+02 5.476784560570107985e+00
4.549999999995471853e+02 5.596419177046665361e+00
4.554999999995791882e+02 5.476741837561536208e+00
4.559999999996112479e+02 5.632813333984293180e+00
4.564999999996432507e+02 5.402338358699849685e+00
4.569999999996753104e+02 5.677317829765947899e+00
4.574999999997073132e+02 5.255095239482185931e+00
4.579999999997393729e+02 5.703917756417502538e+00
4.584999999997714326e+02 5.028151572318535045e+00
4.589999999998034355e+02 5.347478811338864269e+00
4.594999999998354951e+02 5.848769333843842233e+00
4.599999999998674980e+02 5.316043372798048061e+00
4.604999999998995577e+02 5.566158443104558984e+00
4.609999999999315605e+02 5.508462828040398662e+00
4.614999999999636202e+02 5.440036996891959298e+00
4.619999999999956231e+02 5.975223682312075013e+00
4.625000000000276827e+02 5.156284514090550886e+00
4.630000000000596856e+02 5.191086957375532940e+00
4.635000000000917453e+02 5.792580049305782630e+00
4.640000000001237481e+02 5.359272634350541686e+00
4.645000000001558078e+02 4.980016868634851157e+00
4.650000000001878107e+02 5.761693489505556265e+00
4.655000000002198703e+02 5.814015447015668414e+00
4.660000000002518732e+02 5.201584576827929851e+00
4.665000000002839329e+02 6.105885309586351006e+00
4.670000000003159357e+02 5.212804712682821418e+00
4.675000000003479954e+02 5.687669207803491389e+00
4.680000000003800551e+02 5.625044128481320627e+00
4.685000000004120579e+02 5.556328199564262604e+00
4.690000000004441176e+02 5.612571282064688916e+00
4.695000000004761205e+02 5.104062930268553622e+00
4.700000000005081802e+02 5.693060268416815006e+00
4.705000000005401830e+02 6.013124074604315084e+00
4.710000000005722427e+02 5.149314475076667286e+00
4.715000000006042455e+02 5.883608373246944190e+00
4.720000000006363052e+02 5.758558154099682191e+00
4.725000000006683081e+02 5.286939884810984758e+00
4.730000000007003678e+02 6.040342032340544343e+00
4.735000000007323706e+02 5.636575924366724166e+00
4.740000000007644303e+02 4.876505294078545383e+00
4.745000000007964331e+02 6.436636382604752349e+00
4.750000000008284928e+02 4.893557984062002042e+00
4.755000000008604957e+02 5.242176963935495593e+00
4.760000000008925554e+02 6.092535102717313578e+00
4.765000000009246151e+02 5.232379840865162279e+00
4.770000000009566179e+02 5.260286106768740311e+00
4.775000000009886776e+02 5.628027635816654772e+00
4.780000000010206804e+02 4.979687439013234851e+00
4.785000000010527401e+02 5.794392503254192306e+00
4.790000000010847430e+02 5.020209735407897611e+00
4.795000000011168027e+02 5.902186585678697028e+00
4.800000000011488055e+02 5.431974565912740971e+00
4.805000000011808652e+02 4.998952650700569933e+00
4.810000000012128680e+02 6.148591905358787635e+00
4.815000000012449277e+02 4.692891025570816943e+00
4.820000000012769306e+02 5.811294108200696584e+00
4.825000000013089902e+02 5.538786361544769221e+00
4.830000000013409931e+02 5.436878715550111707e+00
4.835000000013730528e+02 6.091712978324299144e+00
4.840000000014050556e+02 5.173565327904774414e+00
4.845000000014371153e+02 5.169843035522371011e+00
4.850000000014691750e+02 5.721217425292127068e+00
4.855000000015011778e+02 5.286442844558631116e+00
4.860000000015332375e+02 5.889118814646782774e+00
4.865000000015652404e+02 5.468791859090210039e+00
4.870000000015973001e+02 5.615294164112675901e+00
4.875000000016293029e+02 5.102365981563964148e+00
4.880000000016613626e+02 5.402832800745315467e+00
4.885000000016933654e+02 5.735870478319466947e+00
4.890000000017254251e+02 5.314723846099148830e+00
4.895000000017574280e+02 5.637679504838196465e+00
4.900000000017894877e+02 5.020222757398658864e+00
4.905000000018214905e+02 5.673492717305610888e+00
4.910000000018535502e+02 5.172546966877185959e+00
4.915000000018855530e+02 5.912959430904797031e+00
4.920000000019176127e+02 5.277991864568154057e+00
4.925000000019496156e+02 5.678695188987052056e+00
4.930000000019816753e+02 5.466486334802399760e+00
4.935000000020136781e+02 5.601546224896567061e+00
4.940000000020457378e+02 5.356288266352172478e+00
4.945000000020777975e+02 5.429419667807492189e+00
4.950000000021098003e+02 5.360645822718610454e+00
4.955000000021418600e+02 5.697683420743504534e+00
4.960000000021738629e+02 5.603731449838221579e+00
4.965000000022059226e+02 5.443701727952755753e+00
4.970000000022379254e+02 5.567322392745146509e+00
4.975000000022699851e+02 5.317888806307120575e+00
4.980000000023019879e+02 5.493316561337052484e+00
4.985000000023340476e+02 5.187978727768602916e+00
4.990000000023660505e+02 6.232934476219410769e+00
4.995000000023981102e+02 5.230211501010125552e+00
5.000000000024301130e+02 5.761443965702556902e+00
5.005000000024621727e+02 6.215641016850513623e+00
5.010000000024941755e+02 5.443021824487797033e+00
5.015000000025262352e+02 6.044158498943195568e+00
5.020000000025582381e+02 5.670117380696213516e+00
5.025000000025902978e+02 5.785278280585632871e+00
5.030000000026223574e+02 5.836595448441789458e+00
5.035000000026543603e+02 5.579697589906744248e+00
5.040000000026864200e+02 6.126398656263761566e+00
5.045000000027184228e+02 5.516692187230766820e+00
5.050000000027504825e+02 5.327644943245309683e+00
5.055000000027824854e+02 5.862490941513339493e+00
5.060000000028145450e+02 5.505701544912916745e+00
5.065000000028465479e+02 5.870542990168547526e+00
5.070000000028786076e+02 5.120101452318722934e+00
5.075000000029106104e+02 5.584464658845168294e+00
5.080000000029426701e+02 5.617835289133430443e+00
5.085000000029746730e+02 5.749169409213862991e+00
5.090000000030067326e+02 5.370071090702833949e+00
5.095000000030387355e+02 5.059785010283478712e+00
5.100000000030707952e+02 5.848122778031542346e+00
5.105000000031027980e+02 5.231527622112479570e+00
5.110000000031348577e+02 6.108419225627703675e+00
5.115000000031668606e+02 5.650830357142688776e+00
5.120000000031989202e+02 5.258153887412935212e+00
5.125000000032309799e+02 5.724515186261345256e+00
5.130000000032630396e+02 4.833368533566781977e+00
5.135000000032949856e+02 5.729919212121505012e+00
5.140000000033270453e+02 5.455690462449208411e+00
5.145000000033591050e+02 5.581206593280604977e+00
5.150000000033911647e+02 5.473259704146803628e+00
5.155000000034231107e+02 5.356387755869760348e+00
5.160000000034551704e+02 5.801546427369801862e+00
5.165000000034872301e+02 5.828049006487321826e+00
5.170000000035192897e+02 6.159737053450794697e+00
5.175000000035512357e+02 5.947892832922306638e+00
5.180000000035832954e+02 5.191269661069133790e+00
5.185000000036153551e+02 6.452825971649826187e+00
5.190000000036474148e+02 5.399895919043917303e+00
5.195000000036793608e+02 5.516466040560319861e+00
5.200000000037114205e+02 5.699683688855595065e+00
5.205000000037434802e+02 5.267702490117752490e+00
5.210000000037755399e+02 5.507842303129191208e+00
5.215000000038075996e+02 5.631409989986781106e+00
5.220000000038395456e+02 4.997050616199155471e+00
5.225000000038716053e+02 5.730779029001092262e+00
5.230000000039036649e+02 5.885356453323004722e+00
5.235000000039357246e+02 5.611720501444503739e+00
5.240000000039676706e+02 5.496009944053207086e+00
5.245000000039997303e+02 5.589817062692819860e+00
5.250000000040317900e+02 5.782393318464022158e+00
5.255000000040638497e+02 5.530723623299027558e+00
5.260000000040957957e+02 5.507073517752053782e+00
5.265000000041278554e+02 5.617798551580734490e+00
5.270000000041599151e+02 5.279655237897839193e+00
5.275000000041919748e+02 5.969033512253334450e+00
5.280000000042239208e+02 4.875056168120800670e+00
5.285000000042559805e+02 5.518773324368470234e+00
5.290000000042880401e+02 5.796545758466744580e+00
5.295000000043200998e+02 5.660295026073210778e+00
5.300000000043521595e+02 5.628568140134852626e+00
5.305000000043841055e+02 5.867953765540705469e+00
5.310000000044161652e+02 5.811392757855094793e+00
5.315000000044482249e+02 5.412870774700430765e+00
5.320000000044802846e+02 5.575785447088018820e+00
5.325000000045122306e+02 5.103938856469319774e+00
5.330000000045442903e+02 5.706115972582997742e+00
5.335000000045763500e+02 5.537605902438799355e+00
5.340000000046084097e+02 5.615989905431397311e+00
5.345000000046403557e+02 5.586338742849307870e+00
5.350000000046724153e+02 5.831727048898621923e+00
5.355000000047044750e+02 5.291940876155573292e+00
5.360000000047365347e+02 5.365786448353945914e+00
5.365000000047684807e+02 5.994520986140419616e+00
5.370000000048005404e+02 5.605703493637217427e+00
5.375000000048326001e+02 5.717304660337465982e+00
5.380000000048646598e+02 5.647404453400561408e+00
5.385000000048967195e+02 5.414842096852598097e+00
5.390000000049286655e+02 5.970623377649610930e+00
5.395000000049607252e+02 5.580193559584940566e+00
5.400000000049927849e+02 5.519602637192548400e+00
5.405000000050248445e+02 6.021120107037122082e+00
5.410000000050567905e+02 5.185707144408015168e+00
5.415000000050888502e+02 5.699393863519886416e+00
5.420000000051209099e+02 5.423547504400450414e+00
5.425000000051529696e+02 5.387966164440939565e+00
5.430000000051849156e+02 5.598850675721532610e+00
5.435000000052169753e+02 5.462683691072784953e+00
5.440000000052490350e+02 5.671413703366153136e+00
5.445000000052810947e+02 5.363114100024107600e+00
5.450000000053130407e+02 5.628118594042892830e+00
5.455000000053451004e+02 5.165079279297557058e+00
5.460000000053771601e+02 5.241034617049320943e+00
5.465000000054092197e+02 5.542429106122163773e+00
5.470000000054411657e+02 4.869411571017517204e+00
5.475000000054732254e+02 5.601787620861465200e+00
5.480000000055052851e+02 5.362058718620824393e+00
5.485000000055373448e+02 5.197266693196018750e+00
5.490000000055694045e+02 6.590531884030173870e+00
5.495000000056013505e+02 5.022572446735933838e+00
5.500000000056334102e+02 5.203600293910744412e+00
5.505000000056654699e+02 5.675920873573571335e+00
5.510000000056975296e+02 5.400171127888974354e+00
5.515000000057294756e+02 5.683871724114478496e+00
5.520000000057615352e+02 5.181755320070201343e+00
5.525000000057935949e+02 5.734878936813731620e+00
5.530000000058256546e+02 5.779732930571138461e+00
5.535000000058576006e+02 5.202019662919980192e+00
5.540000000058896603e+02 5.741311486362442373e+00
5.545000000059217200e+02 5.020573210278491239e+00
5.550000000059537797e+02 5.773265559662056567e+00
5.555000000059857257e+02 5.586758529438373699e+00
5.560000000060177854e+02 5.425108104601965131e+00
5.565000000060498451e+02 5.951107412338068059e+00
5.570000000060819048e+02 5.418024415753716738e+00
5.575000000061139644e+02 5.794515399361044317e+00
5.580000000061459104e+02 5.409506939632984235e+00
5.585000000061779701e+02 5.321475729770612340e+00
5.590000000062100298e+02 6.029263425874292537e+00
5.595000000062420895e+02 5.412038034245552076e+00
5.600000000062740355e+02 6.074903540854648121e+00
5.605000000063060952e+02 5.086558256629595043e+00
5.610000000063381549e+02 4.759037969247622790e+00
5.615000000063702146e+02 5.955137824414006076e+00
5.620000000064021606e+02 6.054099257613747120e+00
5.625000000064342203e+02 5.200617532827490841e+00
5.630000000064662800e+02 6.092954006781895693e+00
5.635000000064983396e+02 5.218490302888059595e+00
5.640000000065302856e+02 5.293465760928058650e+00
5.645000000065623453e+02 5.038733622379900190e+00
5.650000000065944050e+02 5.450260160701239087e+00
5.655000000066264647e+02 5.674419978825323341e+00
5.660000000066585244e+02 5.478846774244869877e+00
5.665000000066904704e+02 5.477387213875973160e+00
5.670000000067225301e+02 5.653287805184140424e+00
5.675000000067545898e+02 5.181485556524044966e+00
5.680000000067866495e+02 5.524181159200939994e+00
5.685000000068185955e+02 5.667561497358903466e+00
5.690000000068506552e+02 5.644137909949014542e+00
5.695000000068827148e+02 5.669344426992026342e+00
5.700000000069147745e+02 5.340927008559628320e+00
5.705000000069467205e+02 5.593607993489977837e+00
5.710000000069787802e+02 5.274106288707132606e+00
5.715000000070108399e+02 5.089611450317652164e+00
5.720000000070428996e+02 6.656942894508282471e+00
5.725000000070748456e+02 5.323432418586653725e+00
5.730000000071069053e+02 5.121831117051277360e+00
5.735000000071389650e+02 5.161392407909873192e+00
5.740000000071710247e+02 5.281550290886087851e+00
5.745000000072030844e+02 5.653978859999911677e+00
5.750000000072350304e+02 5.865012066551705594e+00
5.755000000072670900e+02 5.096967912138890888e+00
5.760000000072991497e+02 5.394457297688203035e+00
5.765000000073312094e+02 6.120911873578275930e+00
5.770000000073631554e+02 5.400821708825024992e+00
5.775000000073952151e+02 5.670350942105179648e+00
5.780000000074272748e+02 5.357568523642472158e+00
5.785000000074593345e+02 5.360444743448620208e+00
5.790000000074912805e+02 5.518439123704775184e+00
5.795000000075233402e+02 5.780144231366975305e+00
5.800000000075553999e+02 5.278114935238336969e+00
5.805000000075874595e+02 5.836050532510606459e+00
5.810000000076194056e+02 5.040465377937696445e+00
5.815000000076514652e+02 5.502538910883815859e+00
5.820000000076835249e+02 5.844987542316071760e+00
5.825000000077155846e+02 5.391144184805788164e+00
5.830000000077476443e+02 5.572782744416262091e+00
5.835000000077795903e+02 5.475184447186754788e+00
5.840000000078116500e+02 5.839273677407737395e+00
5.845000000078437097e+02 5.055951540467405358e+00
5.850000000078757694e+02 5.775577003052434932e+00
5.855000000079077154e+02 5.503620800122460466e+00
5.860000000079397751e+02 5.087734607641029250e+00
5.865000000079718347e+02 5.481510330486030647e+00
5.870000000080038944e+02 5.221872586575642572e+00
5.875000000080358404e+02 5.870392479177268363e+00
5.880000000080679001e+02 5.782787466045048674e+00
5.885000000080999598e+02 4.864832189362967796e+00
5.890000000081320195e+02 5.445818832550078703e+00
5.895000000081639655e+02 5.425174610181746182e+00
5.900000000081960252e+02 5.101652500887440489e+00
5.905000000082280849e+02 5.372228498914970451e+00
5.910000000082601446e+02 5.359522561856501000e+00
5.915000000082920906e+02 5.621552819963212322e+00
5.920000000083241503e+02 5.626246529965396981e+00
5.925000000083562099e+02 5.297783853928830666e+00
5.930000000083882696e+02 5.889112219560921346e+00
5.935000000084203293e+02 5.254626869457545979e+00
5.940000000084522753e+02 5.255927662303063741e+00
5.945000000084843350e+02 5.522779297103622476e+00
5.950000000085163947e+02 5.565936930315289466e+00
5.955000000085484544e+02 5.456376448412240343e+00
5.960000000085804004e+02 5.481804884160307090e+00
5.965000000086124601e+02 5.694287267216850523e+00
5.970000000086445198e+02 5.667081750907801307e+00
5.975000000086765795e+02 5.280010803161026445e+00
5.980000000087085255e+02 5.834904348639258664e+00
5.985000000087405851e+02 5.501671359676471695e+00
5.990000000087726448e+02 4.466830266170639163e+00
5.995000000088047045e+02 5.826337215881320475e+00
6.000000000088366505e+02 5.311482378743669130e+00
6.005000000088687102e+02 5.464259819545302044e+00
6.010000000089007699e+02 6.859161135628942141e+00
6.015000000089328296e+02 4.976291761147296100e+00
6.020000000089648893e+02 5.760320441602433839e+00
6.025000000089968353e+02 5.366311963298034726e+00
6.030000000090288950e+02 5.767969303923801583e+00
6.035000000090609547e+02 5.360510203514512462e+00
6.040000000090930143e+02 5.678775773171190089e+00
6.045000000091249603e+02 5.476666209605243196e+00
6.050000000091570200e+02 5.607290428677793592e+00
6.055000000091890797e+02 5.455574069829655315e+00
6.060000000092211394e+02 5.591811024451953216e+00
6.065000000092530854e+02 5.438928948080848258e+00
6.070000000092851451e+02 5.840346445455858237e+00
6.075000000093172048e+02 5.236684877973524443e+00
6.080000000093492645e+02 5.302834880945356488e+00
6.085000000093812105e+02 5.830413584493578938e+00
6.090000000094132702e+02 5.715123138202014452e+00
6.095000000094453299e+02 5.294501049214143329e+00
6.100000000094773895e+02 5.561033428976837278e+00
6.105000000095094492e+02 5.570631122549806413e+00
6.110000000095413952e+02 5.379817229901667552e+00
6.115000000095734549e+02 5.792750508959047195e+00
6.120000000096055146e+02 5.647434834368006307e+00
6.125000000096375743e+02 5.545621216654559760e+00
6.130000000096695203e+02 5.955453428469803079e+00
6.135000000097015800e+02 4.815434201498891120e+00
6.140000000097336397e+02 6.321880067781632029e+00
6.145000000097656994e+02 5.499118737653860833e+00
6.150000000097976454e+02 5.431723588974715078e+00
6.155000000098297050e+02 5.803558286989036752e+00
6.160000000098617647e+02 4.831346974547191309e+00
6.165000000098938244e+02 5.466704233311900474e+00
6.170000000099257704e+02 5.416474408669309959e+00
6.175000000099578301e+02 5.390571913856126329e+00
6.180000000099898898e+02 5.405255110534071150e+00
6.185000000100219495e+02 6.061166937332069793e+00
6.190000000100540092e+02 5.251373241536446912e+00
6.195000000100859552e+02 5.279938501557963626e+00
6.200000000101180149e+02 5.247841735514301220e+00
6.205000000101500746e+02 5.469130741416535990e+00
6.210000000101821342e+02 6.186760327959413885e+00
6.215000000102140802e+02 5.514160362650199154e+00
6.220000000102461399e+02 5.868350975309438056e+00
6.225000000102781996e+02 5.250361513387499457e+00
6.230000000103102593e+02 5.667060038962970836e+00
6.235000000103422053e+02 5.614068941180938133e+00
6.240000000103742650e+02 5.463575292434363462e+00
6.245000000104063247e+02 5.801631397321458827e+00
6.250000000104383844e+02 5.600024716110315381e+00
6.255000000104703304e+02 5.576650987657317593e+00
6.260000000105023901e+02 5.371921896720202483e+00
6.265000000105344498e+02 5.812632664392245907e+00
6.270000000105665094e+02 4.716029166820694840e+00
6.275000000105985691e+02 5.797839302200755718e+00
6.280000000106305151e+02 5.220160006015212240e+00
6.285000000106625748e+02 5.398941204391238813e+00
6.290000000106946345e+02 5.855082113954660272e+00
6.295000000107266942e+02 5.380935073366806876e+00
6.300000000107586402e+02 5.627912607326763350e+00
6.305000000107906999e+02 5.465041728224300677e+00
6.310000000108227596e+02 4.927176856770270952e+00
6.315000000108548193e+02 6.149706177562487497e+00
6.320000000108867653e+02 5.670938000493718434e+00
6.325000000109188250e+02 5.847752004880854670e+00
6.330000000109508846e+02 5.783023484163828165e+00
6.335000000109829443e+02 5.819739729345879908e+00
6.340000000110148903e+02 5.670627317353273078e+00
6.345000000110469500e+02 5.282853264778751168e+00
6.350000000110790097e+02 5.785675504426644800e+00
6.355000000111110694e+02 5.743563598568213635e+00
6.360000000111430154e+02 5.310387539349487263e+00
6.365000000111750751e+02 5.485513880021140487e+00
6.370000000112071348e+02 5.613966729066136807e+00
6.375000000112391945e+02 5.372068480133057378e+00
6.380000000112712542e+02 5.888303533183679939e+00
6.385000000113032002e+02 5.311753839168251723e+00
6.390000000113352598e+02 5.152132864586352667e+00
6.395000000113673195e+02 6.637961117179568937e+00
6.400000000113993792e+02 4.975860617044067347e+00
6.405000000114313252e+02 4.718409271803653660e+00
6.410000000114633849e+02 6.646610288770601116e+00
6.415000000114954446e+02 5.130605641838816844e+00
6.420000000115275043e+02 5.928181611983417199e+00
6.425000000115594503e+02 5.221049948928266460e+00
6.430000000115915100e+02 5.494596818513817205e+00
6.435000000116235697e+02 5.880857956519294660e+00
6.440000000116556294e+02 5.577316372428551716e+00
6.445000000116875754e+02 5.959565125183895695e+00
6.450000000117196350e+02 5.345613144964328711e+00
6.455000000117516947e+02 5.772498103818614723e+00
6.460000000117837544e+02 5.400734369173689764e+00
6.465000000118158141e+02 5.478022593537195561e+00
6.470000000118477601e+02 5.222609297443212562e+00
6.475000000118798198e+02 5.976928346615106413e+00
6.480000000119118795e+02 5.470362944543838424e+00
6.485000000119439392e+02 5.488831221152619122e+00
6.490000000119758852e+02 5.742494246190183560e+00
6.495000000120079449e+02 5.283459313460999951e+00
6.500000000120400045e+02 5.808018351377502775e+00
6.505000000120720642e+02 5.210487096928384965e+00
6.510000000121040102e+02 5.473266432307423379e+00
6.515000000121360699e+02 5.592210323839749364e+00
6.520000000121681296e+02 5.233009026552736920e+00
6.525000000122001893e+02 5.661149164047509785e+00
6.530000000122321353e+02 5.814888946191929087e+00
6.535000000122641950e+02 5.030961882707683408e+00
6.540000000122962547e+02 5.823730492319588059e+00
6.545000000123283144e+02 5.399817786657092888e+00
6.550000000123603741e+02 4.968285926379725659e+00
6.555000000123923201e+02 5.675585733417673140e+00
6.560000000124243797e+02 5.604394231785458480e+00
6.565000000124564394e+02 4.940105817376952757e+00
6.570000000124884991e+02 5.907419480138756285e+00
6.575000000125204451e+02 5.503579374517395095e+00
6.580000000125525048e+02 5.630498038732652866e+00
6.585000000125845645e+02 5.219572433204271888e+00
6.590000000126166242e+02 5.530280028513112178e+00
6.595000000126485702e+02 5.358922512434213026e+00
6.600000000126806299e+02 5.374966792448214292e+00
6.605000000127126896e+02 5.782351924743939442e+00
6.610000000127447493e+02 5.476461301643687385e+00
6.615000000127766953e+02 5.661557868743547495e+00
6.620000000128087549e+02 5.459051452631610069e+00
6.625000000128408146e+02 5.367856455781076619e+00
6.630000000128728743e+02 5.534533123793991649e+00
6.635000000129049340e+02 5.419974826857814953e+00
6.640000000129368800e+02 5.569179105364364446e+00
6.645000000129689397e+02 5.949829090782144725e+00
6.650000000130009994e+02 5.546309890213323435e+00
6.655000000130330591e+02 5.656854810929787369e+00
6.660000000130650051e+02 5.579675479713007036e+00
6.665000000130970648e+02 5.868493662362609165e+00
6.670000000131291245e+02 5.263081528829771649e+00
6.675000000131611841e+02 5.406333065411196515e+00
6.680000000131931301e+02 5.795919626793251567e+00
6.685000000132251898e+02 5.709548171718940246e+00
6.690000000132572495e+02 6.230266568115593095e+00
6.695000000132893092e+02 5.630906627446052859e+00
6.700000000133212552e+02 5.144029963313181852e+00
6.705000000133533149e+02 5.661800751897259509e+00
6.710000000133853746e+02 5.845840099063006612e+00
6.715000000134174343e+02 5.110646821988781063e+00
6.720000000134494940e+02 5.525387370936195808e+00
6.725000000134814400e+02 5.730780871492832773e+00
6.730000000135134997e+02 5.481217868616319322e+00
6.735000000135455593e+02 5.213004355658783062e+00
6.740000000135776190e+02 6.215110273231402083e+00
6.745000000136095650e+02 4.903631442875820312e+00
6.750000000136416247e+02 6.063518002872619661e+00
6.755000000136736844e+02 5.135846035496856921e+00
6.760000000137057441e+02 5.744807428554774553e+00
6.765000000137376901e+02 5.236241582095160219e+00
6.770000000137697498e+02 5.455892099605942569e+00
6.775000000138018095e+02 5.643395638170968454e+00
6.780000000138338692e+02 5.564979488262562057e+00
6.785000000138658152e+02 5.376734658013920587e+00
6.790000000138978749e+02 5.647533295712221957e+00
6.795000000139299345e+02 5.470019334314290660e+00
6.800000000139619942e+02 5.234412098000663427e+00
6.805000000139939402e+02 6.201696310454520855e+00
6.810000000140259999e+02 5.360780571132246486e+00
6.815000000140580596e+02 5.189459642615465107e+00
6.820000000140901193e+02 6.121179580461235226e+00
6.825000000141221790e+02 5.264708603751131477e+00
6.830000000141541250e+02 5.827547105882029399e+00
6.835000000141861847e+02 5.248463463542881513e+00
6.840000000142182444e+02 5.308301801189010405e+00
6.845000000142503040e+02 5.260500645738825476e+00
6.850000000142822500e+02 5.566811922825153580e+00
6.855000000143143097e+02 5.165053715975242099e+00
6.860000000143463694e+02 6.017821634110585904e+00
6.865000000143784291e+02 5.103551962480724846e+00
6.870000000144103751e+02 5.442315385678064388e+00
6.875000000144424348e+02 5.931571454267578147e+00
6.880000000144744945e+02 5.562966781313991582e+00
6.885000000145065542e+02 5.452315773628693130e+00
6.890000000145385002e+02 5.438533563454815756e+00
6.895000000145705599e+02 5.351980691339038643e+00
6.900000000146026196e+02 5.541305275017755605e+00
6.905000000146346792e+02 5.326615399578417787e+00
6.910000000146667389e+02 5.312798815831821564e+00
6.915000000146986849e+02 5.700870478830188937e+00
6.920000000147307446e+02 5.759201726495487783e+00
6.925000000147628043e+02 4.918999947117517202e+00
6.930000000147948640e+02 5.549092819673139942e+00
6.935000000148268100e+02 5.797862247587322493e+00
6.940000000148588697e+02 5.168767654327248273e+00
6.945000000148909294e+02 5.506770563605599023e+00
6.950000000149229891e+02 5.035378184198926910e+00
6.955000000149549351e+02 5.575984103579589402e+00
6.960000000149869948e+02 5.811443610416685779e+00
6.965000000150190544e+02 5.422392437615190630e+00
6.970000000150511141e+02 5.729248480908742280e+00
6.975000000150830601e+02 5.471509597522081769e+00
6.980000000151151198e+02 6.067209042411902509e+00
6.985000000151471795e+02 5.429461242083071681e+00
6.990000000151792392e+02 5.595395844523184614e+00
6.995000000152112989e+02 5.451402902551458318e+00
7.000000000152432449e+02 5.720437032559297919e+00
7.005000000152753046e+02 5.647019464322549531e+00
7.010000000153073643e+02 5.749025377974567697e+00
7.015000000153394240e+02 5.440011966510549080e+00
7.020000000153713700e+02 5.818729090876304078e+00
7.025000000154034296e+02 4.937245173594246417e+00
7.030000000154354893e+02 5.636057698138411176e+00
7.035000000154675490e+02 5.490521411451535272e+00
7.040000000154994950e+02 5.275899488287028483e+00
7.045000000155315547e+02 5.867041394125469544e+00
7.050000000155636144e+02 5.127756924356136281e+00
7.055000000155956741e+02 5.479682962897676646e+00
7.060000000156276201e+02 5.133473172708250765e+00
7.065000000156596798e+02 4.982457631744501292e+00
7.070000000156917395e+02 5.756420388144420031e+00
7.075000000157237992e+02 5.463410752670881720e+00
7.080000000157558588e+02 5.806612813846094845e+00
7.085000000157878048e+02 5.504834455429684859e+00
7.090000000158198645e+02 5.048378015427689824e+00
7.095000000158519242e+02 5.764581058789415735e+00
7.100000000158839839e+02 5.004658044182523469e+00
7.105000000159159299e+02 6.041454868399910083e+00
7.110000000159479896e+02 5.392972736980194526e+00
7.115000000159800493e+02 5.246583688308457560e+00
7.120000000160121090e+02 5.851048824856098562e+00
7.125000000160440550e+02 5.425475778326346088e+00
7.130000000160761147e+02 6.038569836381268097e+00
7.135000000161081743e+02 5.103145034254237267e+00
7.140000000161402340e+02 5.890479500473942309e+00
7.145000000161721800e+02 5.405725755532534649e+00
7.150000000162042397e+02 5.626099769320136446e+00
7.155000000162362994e+02 5.682534478564946312e+00
7.160000000162683591e+02 5.583920904773306049e+00
7.165000000163003051e+02 5.885258828709313939e+00
7.170000000163323648e+02 5.397347780998474676e+00
7.175000000163644245e+02 5.100767951912724918e+00
7.180000000163964842e+02 5.574450809349672298e+00
7.185000000164285439e+02 5.267432781382063389e+00
7.190000000164604899e+02 5.228346128872673582e+00
7.195000000164925495e+02 6.216554530297825565e+00
7.200000000165246092e+02 5.375524465400516760e+00
7.205000000165566689e+02 5.715991084001619704e+00
7.210000000165886149e+02 4.986958949498169424e+00
7.215000000166206746e+02 5.122610566300645374e+00
7.220000000166527343e+02 5.731859103711456349e+00
7.225000000166847940e+02 4.944969528995725838e+00
7.230000000167167400e+02 5.735224033766875174e+00
7.235000000167487997e+02 5.224749669141995234e+00
7.240000000167808594e+02 5.365964981927135113e+00
7.245000000168129191e+02 5.607630035542291225e+00
7.250000000168448651e+02 5.637434276331688920e+00
7.255000000168769247e+02 5.102212905692269374e+00
7.260000000169089844e+02 5.629411233149125060e+00
7.265000000169410441e+02 5.914095759710112254e+00
7.270000000169731038e+02 5.209358437199158587e+00
7.275000000170050498e+02 5.828948487592878536e+00
7.280000000170371095e+02 5.459495264949846494e+00
7.285000000170691692e+02 5.359540737638595509e+00
7.290000000171012289e+02 5.382571533536385289e+00
7.295000000171331749e+02 5.681325606649139992e+00
7.300000000171652346e+02 5.411545704192219475e+00
7.305000000171972943e+02 5.796944471413193689e+00
7.310000000172293539e+02 5.415721812758809151e+00
7.315000000172612999e+02 5.439089076647868559e+00
7.320000000172933596e+02 5.998418629934635149e+00
7.325000000173254193e+02 5.677309621032618381e+00
7.330000000173574790e+02 5.427724308974478440e+00
7.335000000173894250e+02 5.850926847708517009e+00
7.340000000174214847e+02 5.295060005761303756e+00
7.345000000174535444e+02 5.854268671160449244e+00
7.350000000174856041e+02 5.382674855676601311e+00
7.355000000175176638e+02 5.645070173668370828e+00
7.360000000175496098e+02 5.189130599383463327e+00
7.365000000175816695e+02 5.433967041674270249e+00
7.370000000176137291e+02 5.644074088485121266e+00
7.375000000176457888e+02 5.653096880521997214e+00
7.380000000176777348e+02 5.303821621066617809e+00
7.385000000177097945e+02 5.446141794097749234e+00
7.390000000177418542e+02 5.258742276498235668e+00
7.395000000177739139e+02 5.814465828789157520e+00
7.400000000178058599e+02 5.340167972019645326e+00
7.405000000178379196e+02 5.507783301097326500e+00
7.410000000178699793e+02 5.297228364880406382e+00
7.415000000179020390e+02 5.438821144244613492e+00
7.420000000179339850e+02 5.859135190626249212e+00
7.425000000179660447e+02 5.593216063518616110e+00
7.430000000179981043e+02 4.868378295405830336e+00
7.435000000180301640e+02 6.026801648297061220e+00
7.440000000180622237e+02 5.049244221796574728e+00
7.445000000180941697e+02 5.526708547504743052e+00
7.450000000181262294e+02 5.544679997046057629e+00
7.455000000181582891e+02 5.586259161610783508e+00
7.460000000181903488e+02 5.711793935408265632e+00
7.465000000182222948e+02 5.524169263748539116e+00
7.470000000182543545e+02 5.394450935728981378e+00
7.475000000182864142e+02 5.776389331099328395e+00
7.480000000183184738e+02 5.151294408451937201e+00
7.485000000183504199e+02 5.737089590687437735e+00
7.490000000183824795e+02 5.340085658744412989e+00
7.495000000184145392e+02 5.311933469685540921e+00
7.500000000184465989e+02 5.701819029926823212e+00
7.505000000184785449e+02 5.644273914549472693e+00
7.510000000185106046e+02 5.826769268575815452e+00
7.515000000185426643e+02 5.735742416537009447e+00
7.520000000185747240e+02 5.476002720933043300e+00
7.525000000186067837e+02 5.374996711068257049e+00
7.530000000186387297e+02 5.664257318753087134e+00
7.535000000186707894e+02 5.617623441563789122e+00
7.540000000187028490e+02 5.553179161727640256e+00
7.545000000187349087e+02 5.590171560630526670e+00
7.550000000187668547e+02 5.344071724369371168e+00
7.555000000187989144e+02 5.088025923469713163e+00
7.560000000188309741e+02 6.090198333683570553e+00
7.565000000188630338e+02 4.847084729554943294e+00
7.570000000188949798e+02 6.172693401121525092e+00
7.575000000189270395e+02 5.381597774447831384e+00
7.580000000189590992e+02 5.504967900955486826e+00
7.585000000189911589e+02 5.854184325645207743e+00
7.590000000190231049e+02 5.331084914095077565e+00
7.595000000190551646e+02 5.160938040198766785e+00
7.600000000190872242e+02 5.606226376627144958e+00
7.605000000191192839e+02 5.676799945811786152e+00
7.610000000191512299e+02 5.868676607060693051e+00
7.615000000191832896e+02 4.766670489310893544e+00
7.620000000192153493e+02 5.498198741494145558e+00
7.625000000192474090e+02 5.911669186111118357e+00
7.630000000192794687e+02 5.347009490730373571e+00
7.635000000193114147e+02 5.779150718288483368e+00
7.640000000193434744e+02 5.837633870602231489e+00
7.645000000193755341e+02 5.103286070141900055e+00
7.650000000194075938e+02 6.535478604895924803e+00
7.655000000194395398e+02 5.118298756928185256e+00
7.660000000194715994e+02 5.703801900138127934e+00
7.665000000195036591e+02 6.391803066630015628e+00
7.670000000195357188e+02 5.159015394801188314e+00
7.675000000195676648e+02 5.510681831530475527e+00
7.680000000195997245e+02 5.336002506937710166e+00
7.685000000196317842e+02 5.639766959371188548e+00
7.690000000196638439e+02 5.754433300146563290e+00
7.695000000196957899e+02 5.466073298840817607e+00
7.700000000197278496e+02 5.404355353336459444e+00
7.705000000197599093e+02 5.350741475602990960e+00
7.710000000197919690e+02 5.125514444729160957e+00
7.715000000198240286e+02 5.815968358182430187e+00
7.720000000198559746e+02 5.024321330287541798e+00
7.725000000198880343e+02 5.923470603215871044e+00
7.730000000199200940e+02 5.530113974373603192e+00
7.735000000199521537e+02 4.958787438924620261e+00
7.740000000199840997e+02 5.281085885167225769e+00
7.745000000200161594e+02 5.637456437882372384e+00
7.750000000200482191e+02 5.335385892252257456e+00
7.755000000200802788e+02 5.447858347972150739e+00
7.760000000201122248e+02 6.301372822845625166e+00
7.765000000201442845e+02 4.828866904872866961e+00
7.770000000201763442e+02 5.434237326464961271e+00
7.775000000202084038e+02 5.376136930678357295e+00
7.780000000202403498e+02 6.333529412010136639e+00
7.785000000202724095e+02 4.802000998754761163e+00
7.790000000203044692e+02 5.784568501493225767e+00
7.795000000203365289e+02 5.164321580213967700e+00
7.800000000203685886e+02 5.488829534276823630e+00
7.805000000204005346e+02 5.978007552743139108e+00
7.810000000204325943e+02 5.844729244269477597e+00
7.815000000204646540e+02 5.785758349308123272e+00
7.820000000204967137e+02 5.920476518982236591e+00
7.825000000205286597e+02 5.353559329813843526e+00
7.830000000205607193e+02 5.788410066976092949e+00
7.835000000205927790e+02 5.459161030446393781e+00
7.840000000206248387e+02 5.570468955732137850e+00
7.845000000206567847e+02 5.864359050669682993e+00
7.850000000206888444e+02 5.541684045119858126e+00
7.855000000207209041e+02 5.769713732316700927e+00
7.860000000207529638e+02 5.646150325755377786e+00
7.865000000207849098e+02 5.594704300676340836e+00
7.870000000208169695e+02 5.430567531302775919e+00
7.875000000208490292e+02 5.618996032528564832e+00
7.880000000208810889e+02 5.439892310011069654e+00
7.885000000209131485e+02 5.944168445819831170e+00
7.890000000209450945e+02 5.270285055557150322e+00
7.895000000209771542e+02 5.463625507968663975e+00
7.900000000210092139e+02 5.763142732191222528e+00
7.905000000210412736e+02 5.624203986922438503e+00
7.910000000210732196e+02 5.762548772268128339e+00
7.915000000211052793e+02 5.420723376617264222e+00
7.920000000211373390e+02 6.005232355543417277e+00
7.925000000211693987e+02 5.148733576762731801e+00
7.930000000212013447e+02 5.919292791812501342e+00
7.935000000212334044e+02 5.345890461091708623e+00
7.940000000212654641e+02 5.640342301002999825e+00
7.945000000212975237e+02 5.663456785873364652e+00
7.950000000213294697e+02 5.558353513954183533e+00
7.955000000213615294e+02 6.019840762388255051e+00
7.960000000213935891e+02 5.523719666141734486e+00
7.965000000214256488e+02 5.758726794936847249e+00
7.970000000214577085e+02 5.000217466348161111e+00
7.975000000214896545e+02 5.406075312764882845e+00
7.980000000215217142e+02 5.628208227008409281e+00
7.985000000215537739e+02 5.752819471612244939e+00
7.990000000215858336e+02 5.599217533067986530e+00
7.995000000216177796e+02 5.955413851267442382e+00
8.000000000216498393e+02 5.560142590829700637e+00
8.005000000216818989e+02 5.512675965124580024e+00
8.010000000217139586e+02 5.858561351675133366e+00
8.015000000217459046e+02 5.718609892521161697e+00
8.020000000217779643e+02 5.839681941638244389e+00
8.025000000218100240e+02 5.707661836117194909e+00
8.030000000218420837e+02 5.744147175499237257e+00
8.035000000218740297e+02 5.602098097322813608e+00
8.040000000219060894e+02 5.904026571288309988e+00
8.045000000219381491e+02 5.543371629043529758e+00
8.050000000219702088e+02 5.591265468463353372e+00
8.055000000220021548e+02 5.483802586648866217e+00
8.060000000220342145e+02 5.916530334155498672e+00
8.065000000220662741e+02 5.448271270354987372e+00
8.070000000220983338e+02 5.409364756783861417e+00
8.075000000221303935e+02 6.039883634834918524e+00
8.080000000221623395e+02 5.408767100491586710e+00
8.085000000221943992e+02 4.863974640035968022e+00
8.090000000222264589e+02 6.493265002753982884e+00
8.095000000222585186e+02 5.403026087931722010e+00
8.100000000222904646e+02 5.560644068287522224e+00
8.105000000223225243e+02 6.095526439496628868e+00
8.110000000223545840e+02 5.720172572403805944e+00
8.115000000223866436e+02 5.724672317003762778e+00
8.120000000224185897e+02 5.652280550993393327e+00
8.125000000224506493e+02 5.650770179749114774e+00
8.130000000224827090e+02 5.888628778594756419e+00
8.135000000225147687e+02 5.457866865610148110e+00
8.140000000225467147e+02 6.111133531541410591e+00
8.145000000225787744e+02 5.572205818651775111e+00
8.150000000226108341e+02 5.314917197664539295e+00
8.155000000226428938e+02 5.943498986926196714e+00
8.160000000226749535e+02 5.598629032590538124e+00
8.165000000227068995e+02 5.859064593905044305e+00
8.170000000227389592e+02 5.619735158564555633e+00
8.175000000227710188e+02 5.414824328501438799e+00
8.180000000228030785e+02 5.889863223813414983e+00
8.185000000228350245e+02 5.228693082995067520e+00
8.190000000228670842e+02 5.242003804956153701e+00
8.195000000228991439e+02 5.891091138828660867e+00
8.200000000229312036e+02 5.569542135352183010e+00
8.205000000229631496e+02 5.655153272563708811e+00
8.210000000229952093e+02 5.144454909023557398e+00
8.215000000230272690e+02 5.632003872258144916e+00
8.220000000230593287e+02 5.800943589648262844e+00
8.225000000230912747e+02 5.511291821563857773e+00
8.230000000231233344e+02 5.043944503453698047e+00
8.235000000231553940e+02 6.083195735710547503e+00
8.240000000231874537e+02 5.638656066669560651e+00
8.245000000232195134e+02 5.662737954744655688e+00
8.250000000232514594e+02 5.788848224595608549e+00
8.255000000232835191e+02 5.470357488185705996e+00
8.260000000233155788e+02 5.745835451680687989e+00
8.265000000233476385e+02 5.714107769166867357e+00
8.270000000233795845e+02 5.572101738621344502e+00
8.275000000234116442e+02 5.300704860990491873e+00
8.280000000234437039e+02 5.736521074923213170e+00
8.285000000234757636e+02 5.930863961389890804e+00
8.290000000235077096e+02 5.246203135336783951e+00
8.295000000235397692e+02 6.346573430857968212e+00
8.300000000235718289e+02 5.802274610676539268e+00
8.305000000236038886e+02 5.106442343503021064e+00
8.310000000236358346e+02 5.243583946723019196e+00
8.315000000236678943e+02 6.007682096488957235e+00
8.320000000236999540e+02 5.549665374614964009e+00
8.325000000237320137e+02 4.713305229254749484e+00
8.330000000237640734e+02 6.112373465572411568e+00
8.335000000237960194e+02 5.488751704617372162e+00
8.340000000238280791e+02 5.189412349881444619e+00
8.345000000238601388e+02 5.923217073036656011e+00
8.350000000238921984e+02 6.361692737218264782e+00
8.355000000239241444e+02 4.991784464605212968e+00
8.360000000239562041e+02 5.566433955648328435e+00
8.365000000239882638e+02 5.882573849101395247e+00
8.370000000240203235e+02 5.190174944986439165e+00
8.375000000240522695e+02 6.141311198662229742e+00
8.380000000240843292e+02 5.329698089520598536e+00
8.385000000241163889e+02 6.101735478278834002e+00
8.390000000241484486e+02 5.467230198086159731e+00
8.395000000241803946e+02 5.436359323041743075e+00
8.400000000242124543e+02 5.758469550323686903e+00
8.405000000242445140e+02 5.320789946563333928e+00
8.410000000242765736e+02 5.848341080143626414e+00
8.415000000243086333e+02 5.410354926019230071e+00
8.420000000243405793e+02 5.763752330845729688e+00
8.425000000243726390e+02 5.228339996834287184e+00
8.430000000244046987e+02 5.855652610788520285e+00
8.435000000244367584e+02 5.512270325296533713e+00
8.440000000244687044e+02 5.717317702643376798e+00
8.445000000245007641e+02 5.783712668610835550e+00
8.450000000245328238e+02 5.578473016884981206e+00
8.455000000245648835e+02 5.286633811284162654e+00
8.460000000245968295e+02 5.217424639273226639e+00
8.465000000246288892e+02 5.456830785932757166e+00
8.470000000246609488e+02 5.487752266547930802e+00
8.475000000246930085e+02 5.615009780150312046e+00
8.480000000247249545e+02 5.789116697065620265e+00
8.485000000247570142e+02 5.364884581475087622e+00
8.490000000247890739e+02 5.244404569373978475e+00
8.495000000248211336e+02 5.347953407879726839e+00
8.500000000248530796e+02 5.784002419238659876e+00
8.505000000248851393e+02 5.517358782568612341e+00
8.510000000249171990e+02 5.729241093497927650e+00
8.515000000249492587e+02 5.830411979876131134e+00
8.520000000249813183e+02 5.323021001378252848e+00
8.525000000250132643e+02 5.607645756137945803e+00
8.530000000250453240e+02 5.346264324870837470e+00
8.535000000250773837e+02 6.279350707675571464e+00
8.540000000251094434e+02 4.816474144398916302e+00
8.545000000251413894e+02 5.827744016324043486e+00
8.550000000251734491e+02 5.459348976735641124e+00
8.555000000252055088e+02 5.409347610382967630e+00
8.560000000252375685e+02 5.170265963191129188e+00
8.565000000252695145e+02 5.543563542050117476e+00
8.570000000253015742e+02 4.998587553932020811e+00
8.575000000253336339e+02 6.059543601014794945e+00
8.580000000253656935e+02 5.424361689734282344e+00
8.585000000253976395e+02 5.613881992717603353e+00
8.590000000254296992e+02 5.427920414669982208e+00
8.595000000254617589e+02 5.188843763605652804e+00
8.600000000254938186e+02 5.828426886153394548e+00
8.605000000255258783e+02 5.185058953839304152e+00
8.610000000255578243e+02 5.797082647422639567e+00
8.615000000255898840e+02 5.078086570386604492e+00
8.620000000256219437e+02 5.586177444323222829e+00
8.625000000256540034e+02 5.652032027143661708e+00
8.630000000256859494e+02 5.060414323724015340e+00
8.635000000257180091e+02 5.739703743536725966e+00
8.640000000257500687e+02 5.245109127597424425e+00
8.645000000257821284e+02 5.566796502317481021e+00
8.650000000258140744e+02 5.816772223516814222e+00
8.655000000258461341e+02 5.420308162672777819e+00
8.660000000258781938e+02 5.638977527370412801e+00
8.665000000259102535e+02 5.558725416545032161e+00
8.670000000259421995e+02 5.468485728968567550e+00
8.675000000259742592e+02 5.448634648046539297e+00
8.680000000260063189e+02 5.140601333213533408e+00
8.685000000260383786e+02 5.523438099726736716e+00
8.690000000260704383e+02 5.220681535262762019e+00
8.695000000261023843e+02 5.757628587325685388e+00
8.700000000261344439e+02 5.373310853993984004e+00
8.705000000261665036e+02 5.674122482867504758e+00
8.710000000261985633e+02 5.589151813745031561e+00
8.715000000262305093e+02 5.408902801867673915e+00
8.720000000262625690e+02 5.468599927130553873e+00
8.725000000262946287e+02 5.129006102410866852e+00
8.730000000263266884e+02 5.743388100451145561e+00
8.735000000263586344e+02 5.185043741998797806e+00
8.740000000263906941e+02 5.818218581483634466e+00
8.745000000264227538e+02 5.663303838291597003e+00
8.750000000264548135e+02 5.428181778142616487e+00
8.755000000264867595e+02 5.768387266305802896e+00
8.760000000265188191e+02 5.381038607906881488e+00
8.765000000265508788e+02 5.281417632199498335e+00
8.770000000265829385e+02 5.428777791316913515e+00
8.775000000266149982e+02 5.318012200161108538e+00
8.780000000266469442e+02 5.492334463756771257e+00
8.785000000266790039e+02 5.122290102621486874e+00
8.790000000267110636e+02 5.632025528025828010e+00
8.795000000267431233e+02 5.219391106896329013e+00
8.800000000267750693e+02 5.517905126243140224e+00
8.805000000268071290e+02 5.212956663596996165e+00
8.810000000268391886e+02 5.236467484766786029e+00
8.815000000268712483e+02 5.760596571170465197e+00
8.820000000269031943e+02 5.024234501888516391e+00
8.825000000269352540e+02 5.524459631088750378e+00
8.830000000269673137e+02 5.446250853933451985e+00
8.835000000269993734e+02 5.053315762332860395e+00
8.840000000270313194e+02 5.987341632103316158e+00
8.845000000270633791e+02 5.593068113982477385e+00
8.850000000270954388e+02 5.388737525076277457e+00
8.855000000271274985e+02 5.255864109866558387e+00
8.860000000271595582e+02 5.394502621301761280e+00
8.865000000271915042e+02 5.444404891822592241e+00
8.870000000272235638e+02 5.325923319578277138e+00
8.875000000272556235e+02 5.725299248480610892e+00
8.880000000272876832e+02 5.664187965867159669e+00
8.885000000273196292e+02 5.812008140346628160e+00
8.890000000273516889e+02 5.202700048951673040e+00
8.895000000273837486e+02 5.650977144502828509e+00
8.900000000274158083e+02 5.056885969692270777e+00
8.905000000274477543e+02 5.654114052665818235e+00
8.910000000274798140e+02 5.679934625134715809e+00
8.915000000275118737e+02 5.110376800945542364e+00
8.920000000275439334e+02 5.957930536877062089e+00
8.925000000275758794e+02 4.992256917005400751e+00
8.930000000276079390e+02 5.561864516503323586e+00
8.935000000276399987e+02 5.163584112629311385e+00
8.940000000276720584e+02 5.098637833564297672e+00
8.945000000277040044e+02 6.030299056219315723e+00
8.950000000277360641e+02 5.118523895617611785e+00
8.955000000277681238e+02 5.500501721825298063e+00
8.960000000278001835e+02 5.441467685379163477e+00
8.965000000278322432e+02 5.358773745428081270e+00
8.970000000278641892e+02 5.753692623493802394e+00
8.975000000278962489e+02 5.331443127325425912e+00
8.980000000279283086e+02 5.740560716965601884e+00
8.985000000279603682e+02 5.642344551743644132e+00
8.990000000279923142e+02 5.415599293189681696e+00
8.995000000280243739e+02 5.531401231743238611e+00
9.000000000280564336e+02 5.279571191410465936e+00
9.005000000280884933e+02 5.585692323560776273e+00
9.010000000281204393e+02 5.900274224208034823e+00
9.015000000281524990e+02 5.865830116487185997e+00
9.020000000281845587e+02 5.461144941582852574e+00
9.025000000282166184e+02 5.733814223876481542e+00
9.030000000282485644e+02 5.670408851758803159e+00
9.035000000282806241e+02 4.943811952362549889e+00
9.040000000283126838e+02 5.741773375703687954e+00
9.045000000283447434e+02 5.414235727853415447e+00
9.050000000283768031e+02 5.480279274610366791e+00
9.055000000284087491e+02 5.248823081682652436e+00
9.060000000284408088e+02 5.470735189154908973e+00
9.065000000284728685e+02 5.595241173497555565e+00
9.070000000285049282e+02 5.301305561354663354e+00
9.075000000285368742e+02 5.607992467827456196e+00
9.080000000285689339e+02 5.107295097729365629e+00
9.085000000286009936e+02 5.552542880763962962e+00
9.090000000286330533e+02 5.427291062515987363e+00
9.095000000286649993e+02 5.334175445039853969e+00
9.100000000286970590e+02 5.996279979926845805e+00
9.105000000287291186e+02 5.160287182139263074e+00
9.110000000287611783e+02 5.630797755364209678e+00
9.115000000287931243e+02 5.051717242192049540e+00
9.120000000288251840e+02 5.969585869435364067e+00
9.125000000288572437e+02 5.638393754581731088e+00
9.130000000288893034e+02 5.263774017353506807e+00
9.135000000289213631e+02 5.625189985881044130e+00
9.140000000289533091e+02 5.602200287093906717e+00
9.145000000289853688e+02 5.102290477716478811e+00
9.150000000290174285e+02 5.796508912856338291e+00
9.155000000290494881e+02 5.556622669974671247e+00
9.160000000290814341e+02 6.116266962884981062e+00
9.165000000291134938e+02 4.996889598708044389e+00
9.170000000291455535e+02 5.772573620661944460e+00
9.175000000291776132e+02 5.472516746965672141e+00
9.180000000292095592e+02 4.920618095134889458e+00
9.185000000292416189e+02 6.030093139634066013e+00
9.190000000292736786e+02 5.748071669247262427e+00
9.195000000293057383e+02 5.630219157657240459e+00
9.200000000293376843e+02 5.241619937206447588e+00
9.205000000293697440e+02 5.711703551186581684e+00
9.210000000294018037e+02 5.990104251845094652e+00
9.215000000294338633e+02 5.415711515757520189e+00
9.220000000294659230e+02 5.538144259041983375e+00
9.225000000294978690e+02 6.089082249907456834e+00
9.230000000295299287e+02 4.790493186755023558e+00
9.235000000295619884e+02 6.085630391660708405e+00
9.240000000295940481e+02 5.730268090050708807e+00
9.245000000296259941e+02 5.189887034746271333e+00
9.250000000296580538e+02 5.830621612726714531e+00
9.255000000296901135e+02 5.255001435666737386e+00
9.260000000297221732e+02 5.615362500686900127e+00
9.265000000297541192e+02 5.403337507457733224e+00
9.270000000297861789e+02 6.047458310637109591e+00
9.275000000298182385e+02 5.129177239861964388e+00
9.280000000298502982e+02 5.370092674093259077e+00
9.285000000298822442e+02 5.591600483494571172e+00
9.290000000299143039e+02 5.690899011060691848e+00
9.295000000299463636e+02 5.518399861873434453e+00
9.300000000299784233e+02 5.517594945798913741e+00
9.305000000300104830e+02 5.787394328894801987e+00
9.310000000300424290e+02 5.675425907604799036e+00
9.315000000300744887e+02 5.537057194218037992e+00
9.320000000301065484e+02 5.874850892884249554e+00
9.325000000301386081e+02 5.501238167872846141e+00
9.330000000301705541e+02 5.927175344520851930e+00
9.335000000302026137e+02 5.730010313850398163e+00
9.340000000302346734e+02 5.501134430813775289e+00
9.345000000302667331e+02 6.062564868806778584e+00
9.350000000302986791e+02 4.796597637843419193e+00
9.355000000303307388e+02 6.033206843741997005e+00
9.360000000303627985e+02 6.229207709745278265e+00
9.365000000303948582e+02 5.373903005447968617e+00
9.370000000304268042e+02 5.762445806228296163e+00
9.375000000304588639e+02 4.744764350606088144e+00
9.380000000304909236e+02 5.576611115403222740e+00
9.385000000305229833e+02 5.457432583673864634e+00
9.390000000305549293e+02 5.571990915948849654e+00
9.395000000305869889e+02 6.003051470178019322e+00
9.400000000306190486e+02 5.881530454418568254e+00
9.405000000306511083e+02 5.212859805040384487e+00
9.410000000306831680e+02 5.307017611473076713e+00
9.415000000307151140e+02 5.441665409126706265e+00
9.420000000307471737e+02 5.914369191751222665e+00
9.425000000307792334e+02 5.504154296837836746e+00
9.430000000308112931e+02 5.917583311221594755e+00
9.435000000308432391e+02 5.551486442947288324e+00
9.440000000308752988e+02 5.405343734616671725e+00
9.445000000309073585e+02 6.008089072998871849e+00
9.450000000309394181e+02 5.080632806943024882e+00
9.455000000309713641e+02 5.812961299609183285e+00
9.460000000310034238e+02 5.807705487484495777e+00
9.465000000310354835e+02 5.243861254600076904e+00
9.470000000310675432e+02 5.847972783349106862e+00
9.475000000310994892e+02 5.171244984240304987e+00
9.480000000311315489e+02 5.882318454497808879e+00
9.485000000311636086e+02 5.574009549114288475e+00
9.490000000311956683e+02 5.546101525788763809e+00
9.495000000312277280e+02 5.968228767686243330e+00
9.500000000312596740e+02 5.290688174721987380e+00
9.505000000312917336e+02 5.793712685171938936e+00
9.510000000313237933e+02 5.551527159562477109e+00
9.515000000313558530e+02 5.622441895468901052e+00
9.520000000313877990e+02 5.662824071946818805e+00
9.525000000314198587e+02 5.190551293341126637e+00
9.530000000314519184e+02 5.532647287342592257e+00
9.535000000314839781e+02 5.574771354780964749e+00
9.540000000315159241e+02 5.760461877948679366e+00
9.545000000315479838e+02 5.792754139440840611e+00
9.550000000315800435e+02 5.537875831823720674e+00
9.555000000316121032e+02 5.501594765893400130e+00
9.560000000316440492e+02 5.572615837327382415e+00
9.565000000316761088e+02 5.844745871500715673e+00
9.570000000317081685e+02 5.622442524370331540e+00
9.575000000317402282e+02 5.918760647967709509e+00
9.580000000317722879e+02 5.188475551284055243e+00
9.585000000318042339e+02 5.296237308146469758e+00
9.590000000318362936e+02 5.656416060798909129e+00
9.595000000318683533e+02 5.718538135333542272e+00
9.600000000319004130e+02 6.027763917276522498e+00
9.605000000319323590e+02 5.416970959951106224e+00
9.610000000319644187e+02 6.169239204622318340e+00
9.615000000319964784e+02 5.220527560538362977e+00
9.620000000320285380e+02 5.838992192312299601e+00
9.625000000320604840e+02 5.598803081652585334e+00
9.630000000320925437e+02 5.777932277118433824e+00
9.635000000321246034e+02 5.530422796511332173e+00
9.640000000321566631e+02 5.630526208776667652e+00
9.645000000321886091e+02 5.554087258517671266e+00
9.650000000322206688e+02 5.478927544758938062e+00
9.655000000322527285e+02 5.468953104179907321e+00
9.660000000322847882e+02 5.927513759435337093e+00
9.665000000323168479e+02 5.219783383930649556e+00
9.670000000323487939e+02 5.605230107897197556e+00
9.675000000323808536e+02 5.840607610910284464e+00
9.680000000324129132e+02 5.448982965017856728e+00
9.685000000324449729e+02 5.949009258786951193e+00
9.690000000324769189e+02 4.626526707493360924e+00
9.695000000325089786e+02 5.787114668829156372e+00
9.700000000325410383e+02 6.092076597449399777e+00
9.705000000325730980e+02 5.492523045784304614e+00
9.710000000326050440e+02 5.450757201532435481e+00
9.715000000326371037e+02 5.453027450600821169e+00
9.720000000326691634e+02 5.841135499603671732e+00
9.725000000327012231e+02 5.462207080838600071e+00
9.730000000327331691e+02 5.903647364294305255e+00
9.735000000327652288e+02 5.455990439958142701e+00
9.740000000327972884e+02 5.320208126169693408e+00
9.745000000328293481e+02 5.501111020990987477e+00
9.750000000328614078e+02 5.316803050569121503e+00
9.755000000328933538e+02 5.354740477903987994e+00
9.760000000329254135e+02 5.885169376226631499e+00
9.765000000329574732e+02 5.346358426213872583e+00
9.770000000329895329e+02 5.671158325452232418e+00
9.775000000330214789e+02 5.912926172640023736e+00
9.780000000330535386e+02 5.425429278354790164e+00
9.785000000330855983e+02 5.467868178864480733e+00
9.790000000331176579e+02 5.778234718232428513e+00
9.795000000331496040e+02 5.663968753315885785e+00
9.800000000331816636e+02 5.330823730257388426e+00
9.805000000332137233e+02 5.309069157450331033e+00
9.810000000332457830e+02 5.378749813851956496e+00
9.815000000332777290e+02 5.493848338500108675e+00
9.820000000333097887e+02 5.291649008737265625e+00
9.825000000333418484e+02 5.526630152448041677e+00
9.830000000333739081e+02 5.370078520078900297e+00
9.835000000334058541e+02 5.776677471618933524e+00
9.840000000334379138e+02 5.930911345519355393e+00
9.845000000334699735e+02 5.990307799647607290e+00
9.850000000335020331e+02 5.288826658601900377e+00
9.855000000335340928e+02 4.873294566605105516e+00
9.860000000335660388e+02 6.024150748355350693e+00
9.865000000335980985e+02 6.122773238981714883e+00
9.870000000336301582e+02 4.804445871339027008e+00
9.875000000336622179e+02 5.786312866511855724e+00
9.880000000336941639e+02 6.572533703067652944e+00
9.885000000337262236e+02 5.125908486770661021e+00
9.890000000337582833e+02 4.753779329230475525e+00
9.895000000337903430e+02 6.101107156412303389e+00
9.900000000338222890e+02 5.073097287769939179e+00
9.905000000338543487e+02 5.942356463788295073e+00
9.910000000338864083e+02 5.298360034384840489e+00
9.915000000339184680e+02 5.652860075819710062e+00
9.920000000339504140e+02 5.778537184005362981e+00
9.925000000339824737e+02 5.535927104921253061e+00
9.930000000340145334e+02 5.589122525840140021e+00
9.935000000340465931e+02 5.427862300371694815e+00
9.940000000340786528e+02 5.490154486936652312e+00
9.945000000341105988e+02 5.681801252360337173e+00
9.950000000341426585e+02 5.535680872579606060e+00
9.955000000341747182e+02 5.585803882972927070e+00
9.960000000342067779e+02 5.670166667905305324e+00
9.965000000342387239e+02 5.555756656250800063e+00
9.970000000342707835e+02 5.865226058839054346e+00
9.975000000343028432e+02 5.269870595671843461e+00
9.980000000343349029e+02 5.327041768683395517e+00
9.985000000343668489e+02 6.008792201866190119e+00
9.990000000343989086e+02 5.523859080339566852e+00
9.995000000344309683e+02 5.190891631476715951e+00
1.000000000034463028e+03 5.675067704989280593e+00
