# Time (ps)	CV (angstrom)
9.999999999975766229e+01 -9.068568901711772767e+00
1.004999999997559001e+02 -9.646004623135064904e+00
1.009999999997541380e+02 -9.394572675491396296e+00
1.014999999997533990e+02 -9.470136978246138426e+00
1.019999999997629061e+02 -9.416831000175729827e+00
1.024999999997724132e+02 -9.636533536399069177e+00
1.029999999997819060e+02 -9.100821439626647802e+00
1.034999999997914131e+02 -9.374207190696843384e+00
1.039999999998009201e+02 -9.306752879071542139e+00
1.044999999998104272e+02 -9.544615131379098116e+00
1.049999999998199343e+02 -9.450430586363530949e+00
1.054999999998294413e+02 -9.651004562924418551e+00
1.059999999998389484e+02 -9.552076928791631616e+00
1.064999999998484554e+02 -8.823787997404487271e+00
1.069999999998579483e+02 -9.733739731924819338e+00
1.074999999998674554e+02 -9.311908815147777574e+00
1.079999999998769624e+02 -9.559323118838461752e+00
1.084999999998864695e+02 -9.414879874932895021e+00
1.089999999998959765e+02 -9.616004567684104387e+00
1.094999999999054836e+02 -9.344073503760348842e+00
1.099999999999149907e+02 -9.095311066263523259e+00
1.104999999999244977e+02 -9.781960679188012264e+00
1.109999999999339906e+02 -9.876139500089449186e+00
1.114999999999434976e+02 -9.463176180553951156e+00
1.119999999999530047e+02 -9.557443434695873208e+00
1.124999999999625118e+02 -8.873176576235389135e+00
1.129999999999720188e+02 -9.547660383855580690e+00
1.134999999999815259e+02 -9.568769493446531271e+00
1.139999999999910330e+02 -9.693418453719244710e+00
1.145000000000005400e+02 -9.456666555047359424e+00
1.150000000000100329e+02 -8.610928610403108863e+00
1.155000000000195399e+02 -9.528615934385657127e+00
1.160000000000290470e+02 -9.269955120107423951e+00
1.165000000000385540e+02 -9.594841391387179286e+00
1.170000000000480611e+02 -9.242382626023950110e+00
1.175000000000575682e+02 -9.234756655227371880e+00
1.180000000000670752e+02 -9.452808425207440024e+00
1.185000000000765823e+02 -9.376179479017929808e+00
1.190000000000860751e+02 -9.785092100452249753e+00
1.195000000000955822e+02 -9.243657068329847348e+00
1.200000000001050893e+02 -9.504551567282556235e+00
1.205000000001145963e+02 -9.317490717819639556e+00
1.210000000001241034e+02 -9.812037907852843688e+00
1.215000000001336105e+02 -9.722798064060549805e+00
1.220000000001431175e+02 -9.632570645609577653e+00
1.225000000001526246e+02 -9.411544965601226664e+00
1.230000000001621174e+02 -9.045928801084903270e+00
1.235000000001716245e+02 -9.307078980493990628e+00
1.240000000001811316e+02 -8.927884336545758970e+00
1.245000000001906386e+02 -9.696615645131055672e+00
1.250000000002001457e+02 -9.928170815392892479e+00
1.255000000002096527e+02 -8.834059901071059429e+00
1.260000000002191598e+02 -8.988884170024618925e+00
1.265000000002286527e+02 -9.259807051462704663e+00
1.270000000002381597e+02 -8.876368926889943722e+00
1.275000000002476668e+02 -8.695099219547151037e+00
1.280000000002571880e+02 -9.232112286506007237e+00
1.285000000002666809e+02 -9.392004657604235973e+00
1.290000000002761738e+02 -9.192961670199631286e+00
1.295000000002856950e+02 -9.005817397489941811e+00
1.300000000002951879e+02 -9.559763299369667067e+00
1.305000000003047091e+02 -9.662808070923516013e+00
1.310000000003142020e+02 -9.360723152019925664e+00
1.315000000003237233e+02 -9.433887583329509496e+00
1.320000000003332161e+02 -9.157587675711628350e+00
1.325000000003427090e+02 -8.837872353225289856e+00
1.330000000003522302e+02 -9.008306740881518948e+00
1.335000000003617231e+02 -9.828873213726838642e+00
1.340000000003712444e+02 -9.620848633324415644e+00
1.345000000003807372e+02 -9.717932344927055155e+00
1.350000000003902585e+02 -9.790215365783598855e+00
1.355000000003997513e+02 -9.152036170305903440e+00
1.360000000004092726e+02 -9.799811871340825320e+00
1.365000000004187655e+02 -9.070298720375538082e+00
1.370000000004282583e+02 -9.590819470125012458e+00
1.375000000004377796e+02 -9.165822707192152308e+00
1.380000000004472724e+02 -9.044555233861526489e+00
1.385000000004567937e+02 -9.782134722642506830e+00
1.390000000004662866e+02 -9.807289466472177253e+00
1.395000000004758078e+02 -8.756466142755696680e+00
1.400000000004853007e+02 -9.500859273935478910e+00
1.405000000004947935e+02 -9.638049969840524867e+00
1.410000000005043148e+02 -9.568041344087053091e+00
1.415000000005138077e+02 -9.616270429185242108e+00
1.420000000005233289e+02 -9.239881656355390049e+00
1.425000000005328218e+02 -9.925999325059235545e+00
1.430000000005423431e+02 -9.106587104463535809e+00
1.435000000005518359e+02 -9.381017842897287906e+00
1.440000000005613572e+02 -9.404193928366440858e+00
1.445000000005708500e+02 -9.469155879820517541e+00
1.450000000005803429e+02 -9.225924254028535998e+00
1.455000000005898642e+02 -9.537206117888732848e+00
1.460000000005993570e+02 -9.807811320986672854e+00
1.465000000006088783e+02 -9.137124165016835775e+00
1.470000000006183711e+02 -9.593008640706189638e+00
1.475000000006278924e+02 -9.200664301286508362e+00
1.480000000006373853e+02 -9.826723571942931557e+00
1.485000000006468781e+02 -9.415070410670368872e+00
1.490000000006563994e+02 -9.527689156888968114e+00
1.495000000006658922e+02 -9.215740105983808661e+00
1.500000000006754135e+02 -9.429622210165398144e+00
1.505000000006849064e+02 -9.876415540127821302e+00
1.510000000006944276e+02 -9.472416193493204517e+00
1.515000000007039205e+02 -8.971267125688832778e+00
1.520000000007134133e+02 -9.261898642852141705e+00
1.525000000007229346e+02 -8.877974634685379840e+00
1.530000000007324275e+02 -9.482599111204599751e+00
1.535000000007419487e+02 -9.195914034886639499e+00
1.540000000007514416e+02 -9.163680399550905520e+00
1.545000000007609628e+02 -9.587392130549462266e+00
1.550000000007704557e+02 -9.153044139331337092e+00
1.555000000007799770e+02 -9.440292217342706849e+00
1.560000000007894698e+02 -8.730850827215798304e+00
1.565000000007989627e+02 -9.265651732732534285e+00
1.570000000008084839e+02 -1.024046059197574188e+01
1.575000000008179768e+02 -8.902469498830628325e+00
1.580000000008274981e+02 -9.816953695127343948e+00
1.585000000008369909e+02 -9.061582928834093664e+00
1.590000000008465122e+02 -9.576189214486404921e+00
1.595000000008560050e+02 -9.547564235012025335e+00
1.600000000008654979e+02 -9.513301362862447874e+00
1.605000000008750192e+02 -9.487817441395664630e+00
1.610000000008845120e+02 -9.068939591308760484e+00
1.615000000008940333e+02 -9.310837640323146758e+00
1.620000000009035261e+02 -9.499943042713102415e+00
1.625000000009130474e+02 -9.668067943681043275e+00
1.630000000009225403e+02 -9.024300995782988721e+00
1.635000000009320615e+02 -9.395519470220392577e+00
1.640000000009415544e+02 -9.561729211577299381e+00
1.645000000009510472e+02 -9.078871395947135881e+00
1.650000000009605685e+02 -9.484424573723343244e+00
1.655000000009700614e+02 -9.277812531931537876e+00
1.660000000009795826e+02 -9.700001151269001198e+00
1.665000000009890755e+02 -9.224485684320345769e+00
1.670000000009985968e+02 -9.577336704563943925e+00
1.675000000010080896e+02 -9.521529158231778922e+00
1.680000000010175825e+02 -9.181963098147045699e+00
1.685000000010271037e+02 -9.263727678869523530e+00
1.690000000010365966e+02 -9.159346880713224337e+00
1.695000000010461179e+02 -9.881598065924377394e+00
1.700000000010556107e+02 -9.632513194800347733e+00
1.705000000010651320e+02 -9.266080907379064868e+00
1.710000000010746248e+02 -9.815635286653268565e+00
1.715000000010841177e+02 -9.022875758215993969e+00
1.720000000010936390e+02 -9.078233365973776614e+00
1.725000000011031318e+02 -8.729174416055064611e+00
1.730000000011126531e+02 -9.864917784119988653e+00
1.735000000011221459e+02 -9.200903098971389582e+00
1.740000000011316672e+02 -9.219219631412467919e+00
1.745000000011411601e+02 -9.443005609871173434e+00
1.750000000011506813e+02 -9.205033335482973200e+00
1.755000000011601742e+02 -9.792398567644148955e+00
1.760000000011696670e+02 -8.982933941499771535e+00
1.765000000011791883e+02 -9.861708405874178851e+00
1.770000000011886812e+02 -9.194550233515602855e+00
1.775000000011982024e+02 -9.644653609372593195e+00
1.780000000012076953e+02 -9.334649808667737858e+00
1.785000000012172165e+02 -9.788470348333387250e+00
1.790000000012267094e+02 -9.532583496309509741e+00
1.795000000012362023e+02 -9.142103465413088159e+00
1.800000000012457235e+02 -9.545219604988080420e+00
1.805000000012552164e+02 -9.230626549672681591e+00
1.810000000012647376e+02 -9.414796612956493504e+00
1.815000000012742305e+02 -9.332126073504451114e+00
1.820000000012837518e+02 -9.600455142750980997e+00
1.825000000012932446e+02 -9.478621473043002510e+00
1.830000000013027659e+02 -9.703328808529501970e+00
1.835000000013122587e+02 -9.766993735520539843e+00
1.840000000013217516e+02 -8.914446970618230992e+00
1.845000000013312729e+02 -9.353143432309686034e+00
1.850000000013407657e+02 -9.236936227721269432e+00
1.855000000013502870e+02 -9.005115901813457668e+00
1.860000000013597798e+02 -1.021873707283936561e+01
1.865000000013693011e+02 -9.640434639696547237e+00
1.870000000013787940e+02 -9.273460283174905783e+00
1.875000000013882868e+02 -9.080058810570903916e+00
1.880000000013978081e+02 -8.771269164531830143e+00
1.885000000014073009e+02 -1.003574677939093718e+01
1.890000000014168222e+02 -9.446212354441081871e+00
1.895000000014263151e+02 -9.417901725797364065e+00
1.900000000014358363e+02 -9.131962683368575640e+00
1.905000000014453292e+02 -9.089592945354082687e+00
1.910000000014548220e+02 -9.805693034692492205e+00
1.915000000014643433e+02 -9.178587340600019573e+00
1.920000000014738362e+02 -9.481532931560783695e+00
1.925000000014833574e+02 -9.506338818772757548e+00
1.930000000014928503e+02 -9.620599797456845792e+00
1.935000000015023716e+02 -9.161800529209948252e+00
1.940000000015118644e+02 -8.818683102366630777e+00
1.945000000015213857e+02 -9.185566649787856974e+00
1.950000000015308785e+02 -9.791726170259993367e+00
1.955000000015403714e+02 -9.577001709405500662e+00
1.960000000015498927e+02 -9.019314908216960802e+00
1.965000000015593855e+02 -9.639574942675757541e+00
1.970000000015689068e+02 -9.549319133257334613e+00
1.975000000015783996e+02 -9.747431673123992724e+00
1.980000000015879209e+02 -9.251307925318302594e+00
1.985000000015974138e+02 -9.172918437091507116e+00
1.990000000016069066e+02 -9.210376209188639862e+00
1.995000000016164279e+02 -9.598369430123586454e+00
2.000000000016259207e+02 -9.307378130381865233e+00
2.005000000016354420e+02 -9.502508584131083680e+00
2.010000000016449349e+02 -9.136760480104701543e+00
2.015000000016544561e+02 -9.294638802579685333e+00
2.020000000016639490e+02 -8.965687164288590694e+00
2.025000000016734703e+02 -9.467057752961725470e+00
2.030000000016789556e+02 -9.419259508967796179e+00
2.035000000016659385e+02 -9.223830132291237049e+00
2.040000000016529214e+02 -8.650062110562867446e+00
2.045000000016398758e+02 -9.328234629342720297e+00
2.050000000016268586e+02 -8.982441390078141907e+00
2.055000000016138415e+02 -9.666241689189870812e+00
2.060000000016008244e+02 -8.851528035385372917e+00
2.065000000015878072e+02 -9.130193372332662705e+00
2.070000000015747617e+02 -9.151009631131163502e+00
2.075000000015617445e+02 -8.923342635729166972e+00
2.080000000015487274e+02 -8.770624189771830004e+00
2.085000000015357102e+02 -9.203402409089026293e+00
2.090000000015226931e+02 -1.003862367392657262e+01
2.095000000015096475e+02 -9.606576854804705690e+00
2.100000000014966304e+02 -9.174229815580298819e+00
2.105000000014836132e+02 -9.350226999589102306e+00
2.110000000014705961e+02 -9.734201002564534022e+00
2.115000000014575789e+02 -8.973672540232234596e+00
2.120000000014445618e+02 -9.653857042117699905e+00
2.125000000014315162e+02 -9.574614656430963322e+00
2.130000000014184991e+02 -9.186263897464206352e+00
2.135000000014054820e+02 -9.932224202678678893e+00
2.140000000013924648e+02 -9.132878232889057202e+00
2.145000000013794477e+02 -9.315399710919672671e+00
2.150000000013664021e+02 -8.840806284267129556e+00
2.155000000013533850e+02 -9.208102433561135669e+00
2.160000000013403678e+02 -9.584181674610857016e+00
2.165000000013273507e+02 -9.993989854995120936e+00
2.170000000013143335e+02 -9.252032981093009312e+00
2.175000000013013164e+02 -9.595628986106403246e+00
2.180000000012882708e+02 -9.426393475847081760e+00
2.185000000012752537e+02 -9.664247513208984230e+00
2.190000000012622365e+02 -8.983375089326745666e+00
2.195000000012492194e+02 -9.383158413365709549e+00
2.200000000012362023e+02 -9.431722671934524627e+00
2.205000000012231567e+02 -9.873745960277025446e+00
2.210000000012101395e+02 -9.388205924105365696e+00
2.215000000011971224e+02 -9.741728409283304302e+00
2.220000000011841053e+02 -8.905412663146833552e+00
2.225000000011710881e+02 -9.493964519860108808e+00
2.230000000011580710e+02 -8.841873039949568636e+00
2.235000000011450254e+02 -9.595596713641567632e+00
2.240000000011320083e+02 -8.954485174688045390e+00
2.245000000011189911e+02 -9.424164738004673580e+00
2.250000000011059740e+02 -8.933433294476971653e+00
2.255000000010929568e+02 -8.858603277701742940e+00
2.260000000010799113e+02 -9.199321153251265315e+00
2.265000000010668941e+02 -9.505107021525594391e+00
2.270000000010538770e+02 -9.760634616734174429e+00
2.275000000010408598e+02 -9.317264070758421113e+00
2.280000000010278427e+02 -9.537756976170188139e+00
2.285000000010148256e+02 -9.806302909535688173e+00
2.290000000010017800e+02 -9.514091065027182381e+00
2.295000000009887628e+02 -9.386005306161328221e+00
2.300000000009757457e+02 -9.481035688196140399e+00
2.305000000009627286e+02 -9.290339550680480230e+00
2.310000000009497114e+02 -9.324461976779195638e+00
2.315000000009366659e+02 -9.305861050211607477e+00
2.320000000009236487e+02 -9.204881145504250739e+00
2.325000000009106316e+02 -9.240217267075456320e+00
2.330000000008976144e+02 -9.748285809299989779e+00
2.335000000008845973e+02 -9.310087494474043268e+00
2.340000000008715517e+02 -9.680090088744588428e+00
2.345000000008585346e+02 -9.271596574504437527e+00
2.350000000008455174e+02 -9.129759021138173836e+00
2.355000000008325003e+02 -9.559564747668272133e+00
2.360000000008194831e+02 -9.861237684444143170e+00
2.365000000008064660e+02 -9.447186909386759979e+00
2.370000000007934204e+02 -9.537173296818584944e+00
2.375000000007804033e+02 -9.159172331257062538e+00
2.380000000007673862e+02 -8.889069918274932647e+00
2.385000000007543690e+02 -9.119806933484007061e+00
2.390000000007413519e+02 -9.369347496237086403e+00
2.395000000007283063e+02 -9.265856066795810975e+00
2.400000000007152892e+02 -9.610025089743604809e+00
2.405000000007022720e+02 -9.246996248463535295e+00
2.410000000006892549e+02 -9.524132754153752600e+00
2.415000000006762377e+02 -9.229979496029631747e+00
2.420000000006632206e+02 -9.237223723470364689e+00
2.425000000006501750e+02 -9.430623796602498388e+00
2.430000000006371579e+02 -9.219371169967850221e+00
2.435000000006241407e+02 -9.135478386598022027e+00
2.440000000006111236e+02 -9.097858293634605076e+00
2.445000000005981065e+02 -9.752693458079544797e+00
2.450000000005850609e+02 -9.287513953234718400e+00
2.455000000005720437e+02 -9.670037758989986187e+00
2.460000000005590266e+02 -9.488347002185538059e+00
2.465000000005460095e+02 -9.357954257451128299e+00
2.470000000005329923e+02 -8.748833515546479589e+00
2.475000000005199752e+02 -9.486908389060680236e+00
2.480000000005069296e+02 -8.429813308952367024e+00
2.485000000004939125e+02 -9.419895936941708570e+00
2.490000000004808953e+02 -9.760683365988745308e+00
2.495000000004678782e+02 -9.016032367615654408e+00
2.500000000004548610e+02 -9.606917202818955559e+00
2.505000000004418155e+02 -9.021635844603334675e+00
2.510000000004287983e+02 -8.629312499524155911e+00
2.515000000004157812e+02 -9.149643105227095674e+00
2.520000000004027640e+02 -9.647439962123346646e+00
2.525000000003897469e+02 -1.014350488562126884e+01
2.530000000003767013e+02 -9.573281760790850470e+00
2.535000000003636842e+02 -8.881936357552916661e+00
2.540000000003506671e+02 -8.963491966203365635e+00
2.545000000003376499e+02 -9.657661872534275105e+00
2.550000000003246328e+02 -1.003473218640124998e+01
2.555000000003116156e+02 -9.243322341454693003e+00
2.560000000002985985e+02 -9.801293872908505733e+00
2.565000000002855813e+02 -8.980607947472510233e+00
2.570000000002725642e+02 -9.252679760145751331e+00
2.575000000002594902e+02 -9.486551116740034928e+00
2.580000000002464731e+02 -8.581710185765043519e+00
2.585000000002334559e+02 -9.541852671462944357e+00
2.590000000002204388e+02 -9.617620036003227568e+00
2.595000000002074216e+02 -9.620419794780360689e+00
2.600000000001944045e+02 -8.615830660152454357e+00
2.605000000001813873e+02 -8.668347251850557100e+00
2.610000000001683702e+02 -9.291009229128425417e+00
2.615000000001553531e+02 -9.828525545695857346e+00
2.620000000001423359e+02 -9.586399271279976375e+00
2.625000000001292619e+02 -9.389176216286511334e+00
2.630000000001162448e+02 -9.794986649023366354e+00
2.635000000001032276e+02 -9.136915827913867361e+00
2.640000000000902105e+02 -9.585701347054532917e+00
2.645000000000771934e+02 -9.370209161405636422e+00
2.650000000000641762e+02 -9.854615676843298644e+00
2.655000000000511591e+02 -9.148922013242223983e+00
2.660000000000381419e+02 -9.665504251983275452e+00
2.665000000000251248e+02 -9.550972075283890916e+00
2.670000000000121076e+02 -9.402943097432217456e+00
2.674999999999990905e+02 -9.357015039511781040e+00
2.679999999999860165e+02 -8.933394341208543921e+00
2.684999999999729994e+02 -9.051301903757261513e+00
2.689999999999599822e+02 -9.518397876125748169e+00
2.694999999999469651e+02 -9.135681797453115038e+00
2.699999999999339479e+02 -9.117411290767337917e+00
2.704999999999209308e+02 -9.492987308121200840e+00
2.709999999999079137e+02 -8.769579694468296438e+00
2.714999999998948965e+02 -8.918932330794531183e+00
2.719999999998818794e+02 -9.166617162407435515e+00
2.724999999998688622e+02 -9.729402173042075219e+00
2.729999999998558451e+02 -9.249599652191832888e+00
2.734999999998427711e+02 -9.648710318518135765e+00
2.739999999998297540e+02 -9.600647541722732825e+00
2.744999999998167368e+02 -9.137324850989157810e+00
2.749999999998037197e+02 -9.021200609795657854e+00
2.754999999997907025e+02 -9.214368530947860236e+00
2.759999999997776854e+02 -9.528114668220799999e+00
2.764999999997646682e+02 -9.642751802163569863e+00
2.769999999997516511e+02 -9.198711680136810287e+00
2.774999999997386340e+02 -9.555936321558545998e+00
2.779999999997256168e+02 -9.170036812586650043e+00
2.784999999997125997e+02 -9.965452190046356407e+00
2.789999999996995257e+02 -9.354444269055898431e+00
2.794999999996865085e+02 -9.112566666293229645e+00
2.799999999996734914e+02 -9.550282140850073986e+00
2.804999999996604743e+02 -9.054217892519645261e+00
2.809999999996474571e+02 -9.580179915360252707e+00
2.814999999996344400e+02 -9.307068065827699854e+00
2.819999999996214228e+02 -9.689625925438836163e+00
2.824999999996084057e+02 -8.988247962735524510e+00
2.829999999995953885e+02 -9.118729486122436612e+00
2.834999999995823714e+02 -9.645324209759980505e+00
2.839999999995693543e+02 -9.264813392024366934e+00
2.844999999995562803e+02 -9.778215572046798698e+00
2.849999999995432631e+02 -9.315375942604495307e+00
2.854999999995302460e+02 -9.819947007905332370e+00
2.859999999995172288e+02 -9.449000087337161347e+00
2.864999999995042117e+02 -9.051272239433252764e+00
2.869999999994911946e+02 -9.224819640294356304e+00
2.874999999994781774e+02 -9.629639130132115810e+00
2.879999999994651603e+02 -9.470446731634764248e+00
2.884999999994521431e+02 -9.882477807776661294e+00
2.889999999994391260e+02 -9.573497807720123376e+00
2.894999999994261088e+02 -9.303049684333574376e+00
2.899999999994130349e+02 -8.966286488108506703e+00
2.904999999994000177e+02 -8.773366661908761799e+00
2.909999999993870006e+02 -9.625090230079898390e+00
2.914999999993739834e+02 -9.409396031081264766e+00
2.919999999993609663e+02 -1.011081127877065455e+01
2.924999999993479491e+02 -9.278203413886815909e+00
2.929999999993349320e+02 -9.673524973868159904e+00
2.934999999993219149e+02 -8.952064410137230865e+00
2.939999999993088977e+02 -8.741925820454888196e+00
2.944999999992958806e+02 -9.753713778824385727e+00
2.949999999992828634e+02 -9.596470904241881428e+00
2.954999999992697894e+02 -8.975242875806941356e+00
2.959999999992567723e+02 -1.004878330665858321e+01
2.964999999992437552e+02 -9.647477629589287673e+00
2.969999999992307380e+02 -9.572472823651967389e+00
2.974999999992177209e+02 -9.496715609695216997e+00
2.979999999992047037e+02 -9.075504157650733816e+00
2.984999999991916866e+02 -9.161774127191176120e+00
2.989999999991786694e+02 -8.984129897633676975e+00
2.994999999991656523e+02 -9.396880675021446194e+00
2.999999999991526352e+02 -9.457660201446023152e+00
3.004999999991396180e+02 -9.445772435786054189e+00
3.009999999991265440e+02 -9.984724623235097241e+00
3.014999999991135269e+02 -9.338101195855958991e+00
3.019999999991005097e+02 -9.491293372526921956e+00
3.024999999990874926e+02 -9.292693168924921920e+00
3.029999999990744755e+02 -8.883687973946752692e+00
3.034999999990614583e+02 -9.821701485409175092e+00
3.039999999990484412e+02 -9.601516829963310684e+00
3.044999999990354240e+02 -9.648350393601491604e+00
3.049999999990224069e+02 -9.377643339445576487e+00
3.054999999990093897e+02 -9.033053046177620615e+00
3.059999999989963158e+02 -9.192545429990753192e+00
3.064999999989832986e+02 -9.650625086248494355e+00
3.069999999989702815e+02 -9.800992049083482982e+00
3.074999999989572643e+02 -9.440163379419898249e+00
3.079999999989442472e+02 -8.920935190222676781e+00
3.084999999989312300e+02 -8.823075043322830879e+00
3.089999999989182129e+02 -9.235196377153000569e+00
3.094999999989051958e+02 -9.410787429417359462e+00
3.099999999988921786e+02 -1.005317115556713858e+01
3.104999999988791615e+02 -9.339173414813791041e+00
3.109999999988661443e+02 -8.480916819544727758e+00
3.114999999988530703e+02 -9.235525639167855516e+00
3.119999999988400532e+02 -8.858862893047009024e+00
3.124999999988270361e+02 -9.593535301610648602e+00
3.129999999988140189e+02 -9.211785045614968581e+00
3.134999999988010018e+02 -8.507295119967269059e+00
3.139999999987879846e+02 -9.685800501222781023e+00
3.144999999987749675e+02 -9.265971987279836952e+00
3.149999999987619503e+02 -9.360371391130197338e+00
3.154999999987489332e+02 -9.543912206324268510e+00
3.159999999987359161e+02 -9.102848796893484362e+00
3.164999999987228989e+02 -9.374822613433890339e+00
3.169999999987098249e+02 -8.955500235378206497e+00
3.174999999986968078e+02 -9.393823435384243581e+00
3.179999999986837906e+02 -8.923376961721166012e+00
3.184999999986707735e+02 -9.763296104777927198e+00
3.189999999986577564e+02 -9.097382182990195076e+00
3.194999999986447392e+02 -9.276039956243685936e+00
3.199999999986317221e+02 -9.087665594066464791e+00
3.204999999986187049e+02 -9.863467169901722897e+00
3.209999999986056878e+02 -9.252908820375219889e+00
3.214999999985926706e+02 -9.557972134126000441e+00
3.219999999985796535e+02 -8.883206969543786968e+00
3.224999999985665795e+02 -9.947205124710807311e+00
3.229999999985535624e+02 -9.466555378414494015e+00
3.234999999985405452e+02 -9.791382817237051839e+00
3.239999999985275281e+02 -9.298333010397414000e+00
3.244999999985145109e+02 -9.481928024502034091e+00
3.249999999985014938e+02 -9.495013070391950194e+00
3.254999999984884766e+02 -9.513335325575482671e+00
3.259999999984754595e+02 -9.576942565370169191e+00
3.264999999984624424e+02 -9.041965975842002123e+00
3.269999999984494252e+02 -8.945848880112054147e+00
3.274999999984364081e+02 -9.030253671674266513e+00
3.279999999984233341e+02 -9.259937609370757272e+00
3.284999999984103169e+02 -9.160625157287771714e+00
3.289999999983972998e+02 -9.427793388307105005e+00
3.294999999983842827e+02 -9.279430724551843923e+00
3.299999999983712655e+02 -9.852701306765958122e+00
3.304999999983582484e+02 -9.137535174028547758e+00
3.309999999983452312e+02 -9.103279579053936033e+00
3.314999999983322141e+02 -8.747187766135466447e+00
3.319999999983191969e+02 -1.012370216112494070e+01
3.324999999983061798e+02 -9.511168951113516457e+00
3.329999999982931627e+02 -9.604942373595784844e+00
3.334999999982800887e+02 -9.383148033502743957e+00
3.339999999982670715e+02 -9.273576590576722012e+00
3.344999999982540544e+02 -9.847930528071259459e+00
3.349999999982410372e+02 -9.701278053693158654e+00
3.354999999982280201e+02 -9.032376363947589581e+00
3.359999999982150030e+02 -9.191156494776310026e+00
3.364999999982019858e+02 -9.383916159037928750e+00
3.369999999981889687e+02 -9.699651592752260854e+00
3.374999999981759515e+02 -9.172458635237070723e+00
3.379999999981629344e+02 -9.313701034734979345e+00
3.384999999981499172e+02 -9.562043195951922314e+00
3.389999999981368433e+02 -8.869792438754370067e+00
3.394999999981238261e+02 -9.709589968447222219e+00
3.399999999981108090e+02 -9.303677185377191350e+00
3.404999999980977918e+02 -9.684195951788053591e+00
3.409999999980847747e+02 -9.181531004430064868e+00
3.414999999980717575e+02 -9.360923120196829927e+00
3.419999999980587404e+02 -9.493758249441166086e+00
3.424999999980457233e+02 -9.753973646675182962e+00
3.429999999980327061e+02 -9.641587249853891706e+00
3.434999999980196890e+02 -9.740574528985822766e+00
3.439999999980066718e+02 -8.958365335456759837e+00
3.444999999979935978e+02 -8.685664580696228043e+00
3.449999999979805807e+02 -9.453397015544361182e+00
3.454999999979675636e+02 -9.645415203525997683e+00
3.459999999979545464e+02 -9.915654671038424794e+00
3.464999999979415293e+02 -9.276160031882557888e+00
3.469999999979285121e+02 -9.118839790095011111e+00
3.474999999979154950e+02 -9.155583194484968601e+00
3.479999999979024778e+02 -9.149925706640180678e+00
3.484999999978894607e+02 -9.879097093931617835e+00
3.489999999978764436e+02 -9.238173395891614348e+00
3.494999999978633696e+02 -9.780088611043909808e+00
3.499999999978503524e+02 -9.565653459148116156e+00
3.504999999978373353e+02 -9.743433089573697359e+00
3.509999999978243181e+02 -8.838207226676837891e+00
3.514999999978113010e+02 -9.464628222557154302e+00
3.519999999977982839e+02 -9.332197098916635625e+00
3.524999999977852667e+02 -9.913744634130907230e+00
3.529999999977722496e+02 -9.885826395883320572e+00
3.534999999977592324e+02 -8.817731218902858714e+00
3.539999999977462153e+02 -9.596830737599956862e+00
3.544999999977331981e+02 -9.136445021016340817e+00
3.549999999977201242e+02 -9.775442207733544109e+00
3.554999999977071070e+02 -9.424763071310179541e+00
3.559999999976940899e+02 -9.656606674995794393e+00
3.564999999976810727e+02 -9.154806792461764431e+00
3.569999999976680556e+02 -9.171787048364183903e+00
3.574999999976550384e+02 -9.033822643466050906e+00
3.579999999976420213e+02 -9.343115193583992450e+00
3.584999999976290042e+02 -9.924087390646095130e+00
3.589999999976159870e+02 -9.596247667609935306e+00
3.594999999976029699e+02 -9.507890936508362145e+00
3.599999999975899527e+02 -9.577248618598920515e+00
3.604999999975768787e+02 -9.012278744757590943e+00
3.609999999975638616e+02 -9.293271455681271220e+00
3.614999999975508445e+02 -9.035016116145930809e+00
3.619999999975378273e+02 -9.263609782633333012e+00
3.624999999975248102e+02 -9.084431132240299078e+00
3.629999999975117930e+02 -9.741223185886401126e+00
3.634999999974987759e+02 -9.577273416894824365e+00
3.639999999974857587e+02 -8.909439432782292556e+00
3.644999999974727416e+02 -9.661117480208840647e+00
3.649999999974597245e+02 -9.249092893503719992e+00
3.654999999974467073e+02 -9.457311243393133893e+00
3.659999999974336333e+02 -9.478444281027858409e+00
3.664999999974206162e+02 -9.574098737204423060e+00
3.669999999974075990e+02 -9.449902176461270287e+00
3.674999999973945819e+02 -9.249523691752589372e+00
3.679999999973815648e+02 -9.048354725759372386e+00
3.684999999973685476e+02 -9.205240132598463632e+00
3.689999999973555305e+02 -8.980941144665127496e+00
3.694999999973425133e+02 -9.954135553542178272e+00
3.699999999973294962e+02 -8.796431652300956472e+00
3.704999999973164790e+02 -1.006297892912013303e+01
3.709999999973034619e+02 -9.406800340399360749e+00
3.714999999972903879e+02 -9.169883345545763120e+00
3.719999999972773708e+02 -8.692173237981373646e+00
3.724999999972643536e+02 -9.612983734448590667e+00
3.729999999972513365e+02 -9.557485713968073782e+00
3.734999999972383193e+02 -9.574957201740696533e+00
3.739999999972253022e+02 -9.307744649774097212e+00
3.744999999972122851e+02 -9.450752195951114487e+00
3.749999999971992679e+02 -9.100993314340813711e+00
3.754999999971862508e+02 -9.735685041671938933e+00
3.759999999971732336e+02 -9.627259256331186066e+00
3.764999999971602165e+02 -9.665285101629759623e+00
3.769999999971471425e+02 -9.548253516275202912e+00
3.774999999971341254e+02 -9.614470435001569726e+00
3.779999999971211082e+02 -9.148913083488299236e+00
3.784999999971080911e+02 -9.711503140229666542e+00
3.789999999970950739e+02 -9.524771518312860508e+00
3.794999999970820568e+02 -9.144317619030074340e+00
3.799999999970690396e+02 -9.404326063696563764e+00
3.804999999970560225e+02 -9.024568204626778112e+00
3.809999999970430054e+02 -9.612699285531517646e+00
3.814999999970299882e+02 -9.926385536082388938e+00
3.819999999970169711e+02 -9.243631751049203871e+00
3.824999999970038971e+02 -1.007383082264224683e+01
3.829999999969908799e+02 -9.157641505829122508e+00
3.834999999969778628e+02 -9.208895584833641124e+00
3.839999999969648456e+02 -9.685014977659541557e+00
3.844999999969518285e+02 -9.706918877141509583e+00
3.849999999969388114e+02 -9.241389763953309355e+00
3.854999999969257942e+02 -9.346113785813914276e+00
3.859999999969127771e+02 -9.868529135878880254e+00
3.864999999968997599e+02 -8.744954765860581958e+00
3.869999999968867428e+02 -8.879472157192928705e+00
3.874999999968737256e+02 -9.770719557736814664e+00
3.879999999968606517e+02 -9.130710974353485554e+00
3.884999999968476345e+02 -9.263244197419288284e+00
3.889999999968346174e+02 -9.443719810429927364e+00
3.894999999968216002e+02 -9.781346562863209471e+00
3.899999999968085831e+02 -9.927923802223217464e+00
3.904999999967955659e+02 -9.436861684163059039e+00
3.909999999967825488e+02 -9.146979550692144301e+00
3.914999999967695317e+02 -9.361333329264049041e+00
3.919999999967565145e+02 -9.772507373715914269e+00
3.924999999967434974e+02 -8.866469354905245126e+00
3.929999999967304234e+02 -1.021407965290485187e+01
3.934999999967174062e+02 -9.044069795197582806e+00
3.939999999967043891e+02 -9.756723759582925481e+00
3.944999999966913720e+02 -9.231651258270016314e+00
3.949999999966783548e+02 -9.482931560686939321e+00
3.954999999966653377e+02 -9.755804659038446403e+00
3.959999999966523205e+02 -9.180598624008812436e+00
3.964999999966393034e+02 -1.003827357237206286e+01
3.969999999966262862e+02 -8.865378662818558908e+00
3.974999999966132691e+02 -9.729188426542904722e+00
3.979999999966002520e+02 -8.917223369518245235e+00
3.984999999965871780e+02 -9.528144249368272867e+00
3.989999999965741608e+02 -9.471009174989506008e+00
3.994999999965611437e+02 -9.301372181515583648e+00
3.999999999965481265e+02 -9.599727112607432389e+00
4.004999999965351094e+02 -9.109238266174411791e+00
4.009999999965220923e+02 -9.598498258077725609e+00
4.014999999965090751e+02 -9.490009877964235230e+00
4.019999999964960580e+02 -9.597365394120435766e+00
4.024999999964830408e+02 -9.238933629509689993e+00
4.029999999964700237e+02 -9.520131476206564969e+00
4.034999999964570065e+02 -9.041450013318092616e+00
4.039999999964439326e+02 -9.537174032532874435e+00
4.044999999964309154e+02 -9.345445782836257820e+00
4.049999999964178983e+02 -9.674242375831317631e+00
4.054999999964048811e+02 -1.003399744513636804e+01
4.059999999964079507e+02 -9.248306876833819246e+00
4.064999999964400104e+02 -9.878381551035296582e+00
4.069999999964720132e+02 -9.243144635879694704e+00
4.074999999965040729e+02 -9.476028792754204844e+00
4.079999999965360757e+02 -9.314843533485335669e+00
4.084999999965681354e+02 -9.162634300995165404e+00
4.089999999966001383e+02 -9.329901586184659479e+00
4.094999999966321980e+02 -9.735983938905098611e+00
4.099999999966642008e+02 -9.621758257770766321e+00
4.104999999966962605e+02 -9.843188744252314493e+00
4.109999999967282633e+02 -9.392503203212534402e+00
4.114999999967603230e+02 -9.386317437540117936e+00
4.119999999967923259e+02 -8.817292443253220924e+00
4.124999999968243856e+02 -9.616290415784305878e+00
4.129999999968563884e+02 -9.410107947915454574e+00
4.134999999968884481e+02 -9.789443025317437375e+00
4.139999999969205078e+02 -8.919160562718591478e+00
4.144999999969525106e+02 -9.747241062769637310e+00
4.149999999969845703e+02 -9.895733839912955077e+00
4.154999999970165732e+02 -8.937514129921964923e+00
4.159999999970486328e+02 -9.100806710577939995e+00
4.164999999970806357e+02 -9.264383168906045185e+00
4.169999999971126954e+02 -9.669303355201728678e+00
4.174999999971446982e+02 -1.017557532813209953e+01
4.179999999971767579e+02 -8.989876810507199778e+00
4.184999999972087608e+02 -9.011024547615138047e+00
4.189999999972408204e+02 -9.635994318018820337e+00
4.194999999972728233e+02 -9.988050241404669904e+00
4.199999999973048830e+02 -9.431921919174872215e+00
4.204999999973368858e+02 -9.440176445449818488e+00
4.209999999973689455e+02 -9.203732307829978865e+00
4.214999999974009484e+02 -9.291378396697380637e+00
4.219999999974330080e+02 -9.242713024075586148e+00
4.224999999974650109e+02 -9.705870982420812254e+00
4.229999999974970706e+02 -9.277048171450685388e+00
4.234999999975291303e+02 -9.495987596305154099e+00
4.239999999975611331e+02 -9.608415106246191328e+00
4.244999999975931928e+02 -9.388457970970700117e+00
4.249999999976251956e+02 -9.341282644214469855e+00
4.254999999976572553e+02 -9.164084383333257477e+00
4.259999999976892582e+02 -8.927090337514412610e+00
4.264999999977213179e+02 -9.369883297808344835e+00
4.269999999977533207e+02 -9.477593246078615863e+00
4.274999999977853804e+02 -9.718551411065448065e+00
4.279999999978173832e+02 -9.699094300512820510e+00
4.284999999978494429e+02 -9.820351530279355146e+00
4.289999999978814458e+02 -9.488834069654814130e+00
4.294999999979135055e+02 -9.243384717983076371e+00
4.299999999979455083e+02 -9.147681433677480101e+00
4.304999999979775680e+02 -8.985658409114559930e+00
4.309999999980095708e+02 -9.493267986641134470e+00
4.314999999980416305e+02 -8.869887959626167273e+00
4.319999999980736902e+02 -9.472516499005006807e+00
4.324999999981056931e+02 -9.219641180434324568e+00
4.329999999981377528e+02 -9.479636179427638254e+00
4.334999999981697556e+02 -9.642381990029658567e+00
4.339999999982018153e+02 -9.589392851455045275e+00
4.344999999982338181e+02 -1.018043633566190209e+01
4.349999999982658778e+02 -9.866518591097246826e+00
4.354999999982978807e+02 -9.552130314394556621e+00
4.359999999983299404e+02 -9.096613054956661060e+00
4.364999999983619432e+02 -9.199685431814417669e+00
4.369999999983940029e+02 -9.261807177500537946e+00
4.374999999984260057e+02 -9.553894530946491770e+00
4.379999999984580654e+02 -9.536430299643377850e+00
4.384999999984900683e+02 -9.643168443565283354e+00
4.389999999985221280e+02 -9.764143777703738536e+00
4.394999999985541308e+02 -9.316582962106361165e+00
4.399999999985861905e+02 -9.817601830806470531e+00
4.404999999986182502e+02 -9.460563612025470803e+00
4.409999999986502530e+02 -9.560397161315959735e+00
4.414999999986823127e+02 -9.380576512942806033e+00
4.419999999987143156e+02 -9.417711191077932753e+00
4.424999999987463752e+02 -9.349228814258236042e+00
4.429999999987783781e+02 -8.916704231737577757e+00
4.434999999988104378e+02 -8.959684290755097535e+00
4.439999999988424406e+02 -9.259420818070998038e+00
4.444999999988745003e+02 -9.384463242985010112e+00
4.449999999989065032e+02 -9.867863903149990179e+00
4.454999999989385628e+02 -9.510009831252018486e+00
4.459999999989705657e+02 -9.260758446964347357e+00
4.464999999990026254e+02 -9.218671705946405837e+00
4.469999999990346282e+02 -9.462114208610495680e+00
4.474999999990666879e+02 -9.996247421548734025e+00
4.479999999990986908e+02 -9.205237535227693613e+00
4.484999999991307504e+02 -9.550890277530244887e+00
4.489999999991627533e+02 -9.500663782827871273e+00
4.494999999991948130e+02 -9.303388963092336539e+00
4.499999999992268727e+02 -9.161938980813031819e+00
4.504999999992588755e+02 -9.759996830711337168e+00
4.509999999992909352e+02 -9.405004079475880019e+00
4.514999999993229380e+02 -9.836989378254243022e+00
4.519999999993549977e+02 -9.551225372424255511e+00
4.524999999993870006e+02 -9.681202377833024286e+00
4.529999999994190603e+02 -9.412772407882979309e+00
4.534999999994510631e+02 -8.670484516408240694e+00
4.539999999994831228e+02 -9.819063526927630292e+00
4.544999999995151256e+02 -9.333453172301712897e+00
4.549999999995471853e+02 -9.871229235385682088e+00
4.554999999995791882e+02 -9.245258110184840561e+00
4.559999999996112479e+02 -9.137937418897124076e+00
4.564999999996432507e+02 -9.347228971474200065e+00
4.569999999996753104e+02 -9.474891914876810262e+00
4.574999999997073132e+02 -9.738952092827775076e+00
4.579999999997393729e+02 -9.247186335792875411e+00
4.584999999997714326e+02 -1.019512075378809790e+01
4.589999999998034355e+02 -9.484977805280134788e+00
4.594999999998354951e+02 -9.319004243533015597e+00
4.599999999998674980e+02 -9.559282087699877195e+00
4.604999999998995577e+02 -1.020474108167788962e+01
4.609999999999315605e+02 -9.306868525571031725e+00
4.614999999999636202e+02 -9.769641323742211725e+00
4.619999999999956231e+02 -9.212869704893392964e+00
4.625000000000276827e+02 -9.643460902363381493e+00
4.630000000000596856e+02 -9.589834634238073363e+00
4.635000000000917453e+02 -9.696198603007626815e+00
4.640000000001237481e+02 -9.158017243676562558e+00
4.645000000001558078e+02 -9.274326371131719426e+00
4.650000000001878107e+02 -1.014475525613695517e+01
4.655000000002198703e+02 -9.327398290426344829e+00
4.660000000002518732e+02 -9.354635681121326485e+00
4.665000000002839329e+02 -9.526783621553073900e+00
4.670000000003159357e+02 -9.464380248279322672e+00
4.675000000003479954e+02 -9.315860802099551918e+00
4.680000000003800551e+02 -9.684931541437773461e+00
4.685000000004120579e+02 -9.532156662070288888e+00
4.690000000004441176e+02 -9.690082780154574138e+00
4.695000000004761205e+02 -9.551934110950142554e+00
4.700000000005081802e+02 -9.610068963391062979e+00
4.705000000005401830e+02 -9.599244724880362511e+00
4.710000000005722427e+02 -9.620656704173665474e+00
4.715000000006042455e+02 -9.431710362093152611e+00
4.720000000006363052e+02 -9.586844595781736089e+00
4.725000000006683081e+02 -9.191958922282344346e+00
4.730000000007003678e+02 -9.639228152892235002e+00
4.735000000007323706e+02 -9.134996109886063920e+00
4.740000000007644303e+02 -9.334351769992299097e+00
4.745000000007964331e+02 -9.786577757573585501e+00
4.750000000008284928e+02 -9.465013571996474084e+00
4.755000000008604957e+02 -9.246983391329379742e+00
4.760000000008925554e+02 -9.455595234642069968e+00
4.765000000009246151e+02 -8.660596668700970113e+00
4.770000000009566179e+02 -9.140406309064090351e+00
4.775000000009886776e+02 -9.056712302053231411e+00
4.780000000010206804e+02 -9.613307953007321771e+00
4.785000000010527401e+02 -9.544981739004793297e+00
4.790000000010847430e+02 -9.890731101694381522e+00
4.795000000011168027e+02 -8.703386543776996831e+00
4.800000000011488055e+02 -1.012749374667901314e+01
4.805000000011808652e+02 -9.112350892513354950e+00
4.810000000012128680e+02 -9.819112818909019325e+00
4.815000000012449277e+02 -9.369775979360763785e+00
4.820000000012769306e+02 -9.212796907244172218e+00
4.825000000013089902e+02 -9.427931612469746980e+00
4.830000000013409931e+02 -9.572312578768485736e+00
4.835000000013730528e+02 -9.745785983774515771e+00
4.840000000014050556e+02 -9.300862065681780422e+00
4.845000000014371153e+02 -9.249411575091968984e+00
4.850000000014691750e+02 -9.306784279371303370e+00
4.855000000015011778e+02 -9.383807861233618652e+00
4.860000000015332375e+02 -1.022768052563645824e+01
4.865000000015652404e+02 -9.929800453093717394e+00
4.870000000015973001e+02 -9.574605807384459766e+00
4.875000000016293029e+02 -9.457714425288218152e+00
4.880000000016613626e+02 -9.809279935028071051e+00
4.885000000016933654e+02 -9.512011240688011071e+00
4.890000000017254251e+02 -9.462206123730631191e+00
4.895000000017574280e+02 -9.638197434530864527e+00
4.900000000017894877e+02 -9.020103851559065689e+00
4.905000000018214905e+02 -9.546259469265718778e+00
4.910000000018535502e+02 -9.788078508240095843e+00
4.915000000018855530e+02 -9.639140983902088067e+00
4.920000000019176127e+02 -9.571014929151496986e+00
4.925000000019496156e+02 -9.387721536902571273e+00
4.930000000019816753e+02 -1.012054874000286020e+01
4.935000000020136781e+02 -9.195452957731959032e+00
4.940000000020457378e+02 -9.796183995003504563e+00
4.945000000020777975e+02 -9.246483680208925193e+00
4.950000000021098003e+02 -9.103466840695535467e+00
4.955000000021418600e+02 -9.132417192885657897e+00
4.960000000021738629e+02 -9.367636094105623812e+00
4.965000000022059226e+02 -9.125390082198721942e+00
4.970000000022379254e+02 -9.833729614728536461e+00
4.975000000022699851e+02 -9.290262033625717564e+00
4.980000000023019879e+02 -9.044319107275239134e+00
4.985000000023340476e+02 -1.011535839983368135e+01
4.990000000023660505e+02 -8.914612535602929100e+00
4.995000000023981102e+02 -9.530922844325880661e+00
5.000000000024301130e+02 -9.101166436317521757e+00
5.005000000024621727e+02 -9.626698177355669017e+00
5.010000000024941755e+02 -9.381160594980160639e+00
5.015000000025262352e+02 -9.490576888709448156e+00
5.020000000025582381e+02 -9.523001996015670656e+00
5.025000000025902978e+02 -9.121899424983203275e+00
5.030000000026223574e+02 -9.696689214608614549e+00
5.035000000026543603e+02 -8.332785039563537666e+00
5.040000000026864200e+02 -9.554731875148194220e+00
5.045000000027184228e+02 -9.982078727775606453e+00
5.050000000027504825e+02 -9.168372578400603601e+00
5.055000000027824854e+02 -9.672357437094703414e+00
5.060000000028145450e+02 -9.479482807499165276e+00
5.065000000028465479e+02 -8.953393256601898997e+00
5.070000000028786076e+02 -9.174360999757588786e+00
5.075000000029106104e+02 -9.600165322982505245e+00
5.080000000029426701e+02 -9.437784715613373621e+00
5.085000000029746730e+02 -9.642061777750241092e+00
5.090000000030067326e+02 -9.760166871528019428e+00
5.095000000030387355e+02 -9.122191720524934766e+00
5.100000000030707952e+02 -9.173052284359073383e+00
5.105000000031027980e+02 -9.545844278156232932e+00
5.110000000031348577e+02 -9.519072853146363755e+00
5.115000000031668606e+02 -9.519225422269622428e+00
5.120000000031989202e+02 -9.337988592250150433e+00
5.125000000032309799e+02 -9.156702234740468072e+00
5.130000000032630396e+02 -9.505856216938067149e+00
5.135000000032949856e+02 -9.364091501211415647e+00
5.140000000033270453e+02 -9.399391868543350625e+00
5.145000000033591050e+02 -8.764295851706499718e+00
5.150000000033911647e+02 -9.699039509735168707e+00
5.155000000034231107e+02 -9.095972407696713447e+00
5.160000000034551704e+02 -8.733880111983339134e+00
5.165000000034872301e+02 -9.711168624924242820e+00
5.170000000035192897e+02 -9.376024752889554392e+00
5.175000000035512357e+02 -9.172699647285138980e+00
5.180000000035832954e+02 -9.634817646186801809e+00
5.185000000036153551e+02 -9.485424341449913754e+00
5.190000000036474148e+02 -9.018285604981317150e+00
5.195000000036793608e+02 -9.231894152990827607e+00
5.200000000037114205e+02 -8.750841054490397397e+00
5.205000000037434802e+02 -9.776246641686270777e+00
5.210000000037755399e+02 -9.541152835538740717e+00
5.215000000038075996e+02 -9.852233075021688435e+00
5.220000000038395456e+02 -9.809583605381055449e+00
5.225000000038716053e+02 -9.127082048538964543e+00
5.230000000039036649e+02 -9.059263537836603319e+00
5.235000000039357246e+02 -9.151734020699009875e+00
5.240000000039676706e+02 -9.889628384035612285e+00
5.245000000039997303e+02 -9.452379388214234623e+00
5.250000000040317900e+02 -9.621732613715403559e+00
5.255000000040638497e+02 -9.319709220733571442e+00
5.260000000040957957e+02 -9.539734611919046259e+00
5.265000000041278554e+02 -1.026576227824941157e+01
5.270000000041599151e+02 -9.442989936957081554e+00
5.275000000041919748e+02 -9.231160929192652631e+00
5.280000000042239208e+02 -9.598426542648011761e+00
5.285000000042559805e+02 -9.410547396989754176e+00
5.290000000042880401e+02 -9.127074985879019664e+00
5.295000000043200998e+02 -9.000833118707779690e+00
5.300000000043521595e+02 -9.117831499753490831e+00
5.305000000043841055e+02 -9.392932045808160879e+00
5.310000000044161652e+02 -9.835573795705053968e+00
5.315000000044482249e+02 -9.268526741644379285e+00
5.320000000044802846e+02 -9.155193796411882801e+00
5.325000000045122306e+02 -9.486671278983376254e+00
5.330000000045442903e+02 -9.665877092029411699e+00
5.335000000045763500e+02 -9.487688235663878089e+00
5.340000000046084097e+02 -9.730938338324806480e+00
5.345000000046403557e+02 -9.639055950611620460e+00
5.350000000046724153e+02 -9.370829413899645743e+00
5.355000000047044750e+02 -9.135926551887429525e+00
5.360000000047365347e+02 -9.086303217124957143e+00
5.365000000047684807e+02 -9.052834813409095460e+00
5.370000000048005404e+02 -9.612044138022159956e+00
5.375000000048326001e+02 -9.788503593999189789e+00
5.380000000048646598e+02 -9.625505534654582362e+00
5.385000000048967195e+02 -9.907143603004652022e+00
5.390000000049286655e+02 -9.712460418384043948e+00
5.395000000049607252e+02 -9.595326161646573482e+00
5.400000000049927849e+02 -9.297035503124291722e+00
5.405000000050248445e+02 -9.279227431224136069e+00
5.410000000050567905e+02 -9.265178756578094976e+00
5.415000000050888502e+02 -9.699904553620545045e+00
5.420000000051209099e+02 -9.423207144421654746e+00
5.425000000051529696e+02 -9.794295863569018934e+00
5.430000000051849156e+02 -9.344100488872909338e+00
5.435000000052169753e+02 -9.282196079640952391e+00
5.440000000052490350e+02 -9.872873095436872859e+00
5.445000000052810947e+02 -9.686422920710375806e+00
5.450000000053130407e+02 -9.520767226252470294e+00
5.455000000053451004e+02 -9.476676789101817988e+00
5.460000000053771601e+02 -9.525793283509580434e+00
5.465000000054092197e+02 -9.530866147436169555e+00
5.470000000054411657e+02 -9.305378563676169890e+00
5.475000000054732254e+02 -9.998598342456174848e+00
5.480000000055052851e+02 -9.039816592205658807e+00
5.485000000055373448e+02 -9.472663216166354871e+00
5.490000000055694045e+02 -9.124675247113783527e+00
5.495000000056013505e+02 -8.966922718407834836e+00
5.500000000056334102e+02 -9.383058714087937346e+00
5.505000000056654699e+02 -9.359840001294530865e+00
5.510000000056975296e+02 -9.601949347468279328e+00
5.515000000057294756e+02 -9.568244569747855977e+00
5.520000000057615352e+02 -8.932984497064341056e+00
5.525000000057935949e+02 -8.605832036958769748e+00
5.530000000058256546e+02 -9.546692023405210392e+00
5.535000000058576006e+02 -9.269101516919819872e+00
5.540000000058896603e+02 -9.860656180569753460e+00
5.545000000059217200e+02 -9.462521225585785345e+00
5.550000000059537797e+02 -9.721900257137628287e+00
5.555000000059857257e+02 -9.113892728516942654e+00
5.560000000060177854e+02 -9.622709375472526361e+00
5.565000000060498451e+02 -9.761542373327284139e+00
5.570000000060819048e+02 -9.248497605835998669e+00
5.575000000061139644e+02 -9.102657933428051962e+00
5.580000000061459104e+02 -9.860656066107127415e+00
5.585000000061779701e+02 -9.515635879806705333e+00
5.590000000062100298e+02 -9.966908107054864630e+00
5.595000000062420895e+02 -9.212886621783773933e+00
5.600000000062740355e+02 -9.396099115852130979e+00
5.605000000063060952e+02 -9.774136873164009032e+00
5.610000000063381549e+02 -9.322712759563287932e+00
5.615000000063702146e+02 -9.491174763891187638e+00
5.620000000064021606e+02 -9.036685477785729503e+00
5.625000000064342203e+02 -8.803059619437354044e+00
5.630000000064662800e+02 -9.637454846224981608e+00
5.635000000064983396e+02 -9.557728443381098060e+00
5.640000000065302856e+02 -9.397066235084812647e+00
5.645000000065623453e+02 -9.377838149133076229e+00
5.650000000065944050e+02 -9.586549792635153722e+00
5.655000000066264647e+02 -9.489844684772101857e+00
5.660000000066585244e+02 -9.703776427166717511e+00
5.665000000066904704e+02 -9.052359569483753532e+00
5.670000000067225301e+02 -9.254720249485817618e+00
5.675000000067545898e+02 -1.013953743454185208e+01
5.680000000067866495e+02 -8.829225604796629767e+00
5.685000000068185955e+02 -9.055869553739240629e+00
5.690000000068506552e+02 -1.015275600708809378e+01
5.695000000068827148e+02 -9.412081518198130325e+00
5.700000000069147745e+02 -9.529672499384657769e+00
5.705000000069467205e+02 -9.015331026267210390e+00
5.710000000069787802e+02 -9.135711223349728627e+00
5.715000000070108399e+02 -9.161115050572250951e+00
5.720000000070428996e+02 -9.490139590936522040e+00
5.725000000070748456e+02 -9.202466077572506009e+00
5.730000000071069053e+02 -9.105213760792436162e+00
5.735000000071389650e+02 -9.707608565072304074e+00
5.740000000071710247e+02 -9.604885573973806601e+00
5.745000000072030844e+02 -9.380607419488015353e+00
5.750000000072350304e+02 -9.214350710604373162e+00
5.755000000072670900e+02 -9.914539876547252106e+00
5.760000000072991497e+02 -9.524869820859386493e+00
5.765000000073312094e+02 -9.547280898902339885e+00
5.770000000073631554e+02 -9.230612704828626391e+00
5.775000000073952151e+02 -9.574424825417638729e+00
5.780000000074272748e+02 -9.312818413931957195e+00
5.785000000074593345e+02 -9.466095126679237026e+00
5.790000000074912805e+02 -9.143455902697349202e+00
5.795000000075233402e+02 -9.434324308640967160e+00
5.800000000075553999e+02 -9.498723439438785832e+00
5.805000000075874595e+02 -9.396919247839942813e+00
5.810000000076194056e+02 -9.438577131273019560e+00
5.815000000076514652e+02 -8.951427012703588204e+00
5.820000000076835249e+02 -9.795820540095009576e+00
5.825000000077155846e+02 -9.364120561061513470e+00
5.830000000077476443e+02 -9.248807575826113236e+00
5.835000000077795903e+02 -9.682065995331297970e+00
5.840000000078116500e+02 -9.612192336896395517e+00
5.845000000078437097e+02 -9.655633203159485589e+00
5.850000000078757694e+02 -9.395667551642860715e+00
5.855000000079077154e+02 -9.219639573187322412e+00
5.860000000079397751e+02 -9.231357512471756621e+00
5.865000000079718347e+02 -9.697539100695749426e+00
5.870000000080038944e+02 -9.961364293594643371e+00
5.875000000080358404e+02 -9.009661575012566814e+00
5.880000000080679001e+02 -9.300561074926600114e+00
5.885000000080999598e+02 -9.291086962092794721e+00
5.890000000081320195e+02 -9.541117501637037535e+00
5.895000000081639655e+02 -9.727200080481331668e+00
5.900000000081960252e+02 -9.208798214292723827e+00
5.905000000082280849e+02 -9.586809700590256611e+00
5.910000000082601446e+02 -9.117534437539600134e+00
5.915000000082920906e+02 -9.525310859086847159e+00
5.920000000083241503e+02 -8.925964702431596010e+00
5.925000000083562099e+02 -9.724939870111242612e+00
5.930000000083882696e+02 -9.083878038131098620e+00
5.935000000084203293e+02 -1.025394524064254398e+01
5.940000000084522753e+02 -9.932684172809278067e+00
5.945000000084843350e+02 -8.784315874205852026e+00
5.950000000085163947e+02 -9.547869223366660663e+00
5.955000000085484544e+02 -9.087782659862886803e+00
5.960000000085804004e+02 -9.693640694799261937e+00
5.965000000086124601e+02 -9.787866189971280662e+00
5.970000000086445198e+02 -9.739172509506307307e+00
5.975000000086765795e+02 -9.376517442047171969e+00
5.980000000087085255e+02 -9.350599487446222824e+00
5.985000000087405851e+02 -9.594666003679172661e+00
5.990000000087726448e+02 -9.532538664465716849e+00
5.995000000088047045e+02 -9.872120860518375451e+00
6.000000000088366505e+02 -9.554247924382716306e+00
6.005000000088687102e+02 -1.012791569745412623e+01
6.010000000089007699e+02 -9.664187914885260966e+00
6.015000000089328296e+02 -9.076087679097733840e+00
6.020000000089648893e+02 -9.356686801503878215e+00
6.025000000089968353e+02 -8.602907863975062241e+00
6.030000000090288950e+02 -9.164800338856409212e+00
6.035000000090609547e+02 -8.776584142992676973e+00
6.040000000090930143e+02 -9.689644928231517795e+00
6.045000000091249603e+02 -9.893947337231185912e+00
6.050000000091570200e+02 -9.162585736539732295e+00
6.055000000091890797e+02 -9.479554447187570787e+00
6.060000000092211394e+02 -9.017785227308385387e+00
6.065000000092530854e+02 -9.725285382114702060e+00
6.070000000092851451e+02 -9.052125709567196310e+00
6.075000000093172048e+02 -8.848201944230465799e+00
6.080000000093492645e+02 -9.203037183984070779e+00
6.085000000093812105e+02 -9.545396936660035081e+00
6.090000000094132702e+02 -9.484136873931694467e+00
6.095000000094453299e+02 -9.871195661562619961e+00
6.100000000094773895e+02 -9.619942327399256143e+00
6.105000000095094492e+02 -9.399850461889020181e+00
6.110000000095413952e+02 -9.438098381599802522e+00
6.115000000095734549e+02 -9.314080977739138234e+00
6.120000000096055146e+02 -9.094019496214672316e+00
6.125000000096375743e+02 -9.034170708467607724e+00
6.130000000096695203e+02 -9.639538828907619816e+00
6.135000000097015800e+02 -9.508641493418704016e+00
6.140000000097336397e+02 -9.809670694072085695e+00
6.145000000097656994e+02 -8.663493443041177855e+00
6.150000000097976454e+02 -9.030405668146073594e+00
6.155000000098297050e+02 -9.658021334334573993e+00
6.160000000098617647e+02 -9.404565103175196228e+00
6.165000000098938244e+02 -9.625344660052888912e+00
6.170000000099257704e+02 -9.526171461191848877e+00
6.175000000099578301e+02 -9.486394341267228469e+00
6.180000000099898898e+02 -9.127927379406163055e+00
6.185000000100219495e+02 -8.867042983129453049e+00
6.190000000100540092e+02 -9.468191059861606362e+00
6.195000000100859552e+02 -9.348396933135031617e+00
6.200000000101180149e+02 -9.228375207811520653e+00
6.205000000101500746e+02 -8.734367035400294910e+00
6.210000000101821342e+02 -9.749216295310423774e+00
6.215000000102140802e+02 -9.452131243054523679e+00
6.220000000102461399e+02 -9.819133130849690971e+00
6.225000000102781996e+02 -9.531679345752932520e+00
6.230000000103102593e+02 -9.288786381243236079e+00
6.235000000103422053e+02 -9.689286051804486988e+00
6.240000000103742650e+02 -8.855625179660291835e+00
6.245000000104063247e+02 -9.130761742461618979e+00
6.250000000104383844e+02 -9.084927634846328814e+00
6.255000000104703304e+02 -9.571940392240421147e+00
6.260000000105023901e+02 -9.086571663269593202e+00
6.265000000105344498e+02 -9.451373330069095857e+00
6.270000000105665094e+02 -9.763758647457811080e+00
6.275000000105985691e+02 -9.044712151577320114e+00
6.280000000106305151e+02 -8.950212695835343624e+00
6.285000000106625748e+02 -9.698550388301937275e+00
6.290000000106946345e+02 -9.336633341553003618e+00
6.295000000107266942e+02 -9.996753069976662687e+00
6.300000000107586402e+02 -9.202330042267972132e+00
6.305000000107906999e+02 -9.065517315946316046e+00
6.310000000108227596e+02 -9.522706183609928487e+00
6.315000000108548193e+02 -8.500683459848634271e+00
6.320000000108867653e+02 -9.219750740009734713e+00
6.325000000109188250e+02 -9.574785475336707208e+00
6.330000000109508846e+02 -9.423443683004139260e+00
6.335000000109829443e+02 -9.662540382339962264e+00
6.340000000110148903e+02 -9.161555540138634157e+00
6.345000000110469500e+02 -9.440642360228938657e+00
6.350000000110790097e+02 -9.110805940704810979e+00
6.355000000111110694e+02 -9.283907890343327196e+00
6.360000000111430154e+02 -9.520261461275440595e+00
6.365000000111750751e+02 -9.709857658128521862e+00
6.370000000112071348e+02 -9.376317676848765714e+00
6.375000000112391945e+02 -1.000527064798711585e+01
6.380000000112712542e+02 -8.992490875095194625e+00
6.385000000113032002e+02 -9.414178588986494844e+00
6.390000000113352598e+02 -8.945354295298166392e+00
6.395000000113673195e+02 -9.173225401654370614e+00
6.400000000113993792e+02 -9.827616764645995318e+00
6.405000000114313252e+02 -9.512923904818338272e+00
6.410000000114633849e+02 -9.688481409612879958e+00
6.415000000114954446e+02 -9.837167046118254987e+00
6.420000000115275043e+02 -8.811894149050235825e+00
6.425000000115594503e+02 -9.523241467029603058e+00
6.430000000115915100e+02 -9.181562391144542090e+00
6.435000000116235697e+02 -9.833167879491224284e+00
6.440000000116556294e+02 -9.304843224208822150e+00
6.445000000116875754e+02 -8.728739309277624869e+00
6.450000000117196350e+02 -9.257722431274302721e+00
6.455000000117516947e+02 -9.558285271518865756e+00
6.460000000117837544e+02 -8.943589849709724149e+00
6.465000000118158141e+02 -9.559993206627016349e+00
6.470000000118477601e+02 -9.066369149008464134e+00
6.475000000118798198e+02 -9.778262374446820004e+00
6.480000000119118795e+02 -9.912425489334191653e+00
6.485000000119439392e+02 -9.275622932690444244e+00
6.490000000119758852e+02 -9.045727892564238815e+00
6.495000000120079449e+02 -9.352784173806943713e+00
6.500000000120400045e+02 -9.476403664399612126e+00
6.505000000120720642e+02 -9.014283059934529163e+00
6.510000000121040102e+02 -9.761018822136515283e+00
6.515000000121360699e+02 -9.311039250031987180e+00
6.520000000121681296e+02 -9.684940945891298725e+00
6.525000000122001893e+02 -9.644867765633810208e+00
6.530000000122321353e+02 -9.551771083590720579e+00
6.535000000122641950e+02 -8.727338422962263920e+00
6.540000000122962547e+02 -9.554683878396270202e+00
6.545000000123283144e+02 -9.508172940289140840e+00
6.550000000123603741e+02 -9.376458381100359674e+00
6.555000000123923201e+02 -9.918985918001908431e+00
6.560000000124243797e+02 -9.200539179839784865e+00
6.565000000124564394e+02 -9.004203845310785326e+00
6.570000000124884991e+02 -9.758347781796562259e+00
6.575000000125204451e+02 -9.605891089180897069e+00
6.580000000125525048e+02 -9.173902805342827094e+00
6.585000000125845645e+02 -9.337199619562358777e+00
6.590000000126166242e+02 -9.558435051375187896e+00
6.595000000126485702e+02 -9.131275474501244105e+00
6.600000000126806299e+02 -9.797722457861191003e+00
6.605000000127126896e+02 -9.201560129023553358e+00
6.610000000127447493e+02 -8.842306084163706004e+00
6.615000000127766953e+02 -9.862036896536894304e+00
6.620000000128087549e+02 -9.832221115954533630e+00
6.625000000128408146e+02 -9.325342623666934116e+00
6.630000000128728743e+02 -9.107056500822038103e+00
6.635000000129049340e+02 -8.912055184514585449e+00
6.640000000129368800e+02 -9.418907904973286449e+00
6.645000000129689397e+02 -9.428357435040807033e+00
6.650000000130009994e+02 -9.962615658051902301e+00
6.655000000130330591e+02 -9.316591299651854285e+00
6.660000000130650051e+02 -9.214613884007544442e+00
6.665000000130970648e+02 -9.279804133522906895e+00
6.670000000131291245e+02 -9.686567052532147670e+00
6.675000000131611841e+02 -9.446631460341288644e+00
6.680000000131931301e+02 -9.392280591727143246e+00
6.685000000132251898e+02 -9.882739328185218497e+00
6.690000000132572495e+02 -9.387913078718460369e+00
6.695000000132893092e+02 -9.352725487127933945e+00
6.700000000133212552e+02 -9.156897891839482995e+00
6.705000000133533149e+02 -9.085394879863514461e+00
6.710000000133853746e+02 -9.608890801101782841e+00
6.715000000134174343e+02 -9.804549419069138239e+00
6.720000000134494940e+02 -9.317310827133610474e+00
6.725000000134814400e+02 -9.443500702228497801e+00
6.730000000135134997e+02 -9.312410744449667988e+00
6.735000000135455593e+02 -9.325161697800957938e+00
6.740000000135776190e+02 -9.541395107398152220e+00
6.745000000136095650e+02 -9.291898835911794663e+00
6.750000000136416247e+02 -9.603653057090269840e+00
6.755000000136736844e+02 -9.636015967837696650e+00
6.760000000137057441e+02 -9.789331754933442653e+00
6.765000000137376901e+02 -9.674557505361667253e+00
6.770000000137697498e+02 -8.902034093187531028e+00
6.775000000138018095e+02 -9.442819066587132326e+00
6.780000000138338692e+02 -9.167905145829596592e+00
6.785000000138658152e+02 -9.624697542405099782e+00
6.790000000138978749e+02 -9.029486798422894367e+00
6.795000000139299345e+02 -1.001587542179992241e+01
6.800000000139619942e+02 -9.487110130453542567e+00
6.805000000139939402e+02 -9.509442998665662117e+00
6.810000000140259999e+02 -9.049052034288024515e+00
6.815000000140580596e+02 -9.788627511749877996e+00
6.820000000140901193e+02 -9.958660576739818637e+00
6.825000000141221790e+02 -9.223558187078886306e+00
6.830000000141541250e+02 -9.435432257562590408e+00
6.835000000141861847e+02 -9.370300761245982102e+00
6.840000000142182444e+02 -9.868959055374045164e+00
6.845000000142503040e+02 -9.303769793444837788e+00
6.850000000142822500e+02 -8.880429397864885388e+00
6.855000000143143097e+02 -9.723595036149813353e+00
6.860000000143463694e+02 -9.931209487039035722e+00
6.865000000143784291e+02 -9.640616216869345223e+00
6.870000000144103751e+02 -9.155805304240949738e+00
6.875000000144424348e+02 -9.737302125635649119e+00
6.880000000144744945e+02 -9.946021260671598085e+00
6.885000000145065542e+02 -9.699972795654378643e+00
6.890000000145385002e+02 -9.635932200285934002e+00
6.895000000145705599e+02 -9.499178883604409762e+00
6.900000000146026196e+02 -9.198621367901871793e+00
6.905000000146346792e+02 -9.278528263251109465e+00
6.910000000146667389e+02 -9.506393398144592055e+00
6.915000000146986849e+02 -9.804307917497496305e+00
6.920000000147307446e+02 -9.408349663484010250e+00
6.925000000147628043e+02 -9.144371479421348425e+00
6.930000000147948640e+02 -9.222696836556087518e+00
6.935000000148268100e+02 -9.364937849682217319e+00
6.940000000148588697e+02 -9.866717340551822701e+00
6.945000000148909294e+02 -9.153774323455866835e+00
6.950000000149229891e+02 -1.003404275330576034e+01
6.955000000149549351e+02 -9.129836367909147654e+00
6.960000000149869948e+02 -1.019307478951415646e+01
6.965000000150190544e+02 -8.969859730193858738e+00
6.970000000150511141e+02 -9.211354163887151003e+00
6.975000000150830601e+02 -9.320703389256266291e+00
6.980000000151151198e+02 -9.915911035292577225e+00
6.985000000151471795e+02 -9.022925518837002556e+00
6.990000000151792392e+02 -9.816094052043467855e+00
6.995000000152112989e+02 -9.759924848588592994e+00
7.000000000152432449e+02 -9.664610590437975546e+00
7.005000000152753046e+02 -9.554887359348526843e+00
7.010000000153073643e+02 -1.005450151039700835e+01
7.015000000153394240e+02 -8.802292144159606480e+00
7.020000000153713700e+02 -9.379088416721842236e+00
7.025000000154034296e+02 -8.833649268655950237e+00
7.030000000154354893e+02 -9.275931773276498760e+00
7.035000000154675490e+02 -9.235324168661511735e+00
7.040000000154994950e+02 -9.875934293577985912e+00
7.045000000155315547e+02 -9.447617315518776593e+00
7.050000000155636144e+02 -9.473698091337107385e+00
7.055000000155956741e+02 -9.343494540296186202e+00
7.060000000156276201e+02 -8.961510631092407309e+00
7.065000000156596798e+02 -9.129065155064076009e+00
7.070000000156917395e+02 -9.176916369783619132e+00
7.075000000157237992e+02 -9.478249677530101280e+00
7.080000000157558588e+02 -9.320897193085169619e+00
7.085000000157878048e+02 -8.744250383301542584e+00
7.090000000158198645e+02 -9.137888539759600803e+00
7.095000000158519242e+02 -9.429160807501830277e+00
7.100000000158839839e+02 -9.077173982011878195e+00
7.105000000159159299e+02 -9.294449971491598461e+00
7.110000000159479896e+02 -9.454720920095398995e+00
7.115000000159800493e+02 -9.489415504584057359e+00
7.120000000160121090e+02 -9.218760295110966396e+00
7.125000000160440550e+02 -9.766489136268564408e+00
7.130000000160761147e+02 -9.268799964542830949e+00
7.135000000161081743e+02 -9.355721210887608663e+00
7.140000000161402340e+02 -9.729976182886000302e+00
7.145000000161721800e+02 -9.763590879167242775e+00
7.150000000162042397e+02 -9.467378298921143909e+00
7.155000000162362994e+02 -9.422423386478195440e+00
7.160000000162683591e+02 -9.175061952192338666e+00
7.165000000163003051e+02 -9.424127934023680098e+00
7.170000000163323648e+02 -9.498202106370749576e+00
7.175000000163644245e+02 -9.459562081988277527e+00
7.180000000163964842e+02 -9.474065073061154862e+00
7.185000000164285439e+02 -9.525764255853442108e+00
7.190000000164604899e+02 -8.929059273733997770e+00
7.195000000164925495e+02 -8.622715905731640262e+00
7.200000000165246092e+02 -8.995706930513110322e+00
7.205000000165566689e+02 -9.961518005570502154e+00
7.210000000165886149e+02 -9.125950318559649332e+00
7.215000000166206746e+02 -8.948845000799664717e+00
7.220000000166527343e+02 -9.561604182978781452e+00
7.225000000166847940e+02 -9.212087124241106650e+00
7.230000000167167400e+02 -9.893722272283243413e+00
7.235000000167487997e+02 -9.536850044654965330e+00
7.240000000167808594e+02 -9.623007103199610057e+00
7.245000000168129191e+02 -9.216249344942390564e+00
7.250000000168448651e+02 -9.779520497811208912e+00
7.255000000168769247e+02 -9.091522191513909945e+00
7.260000000169089844e+02 -8.949031070815440359e+00
7.265000000169410441e+02 -8.793944054273513444e+00
7.270000000169731038e+02 -9.048277000481162347e+00
7.275000000170050498e+02 -8.776696799439044128e+00
7.280000000170371095e+02 -9.453559463718983480e+00
7.285000000170691692e+02 -9.013089353708242157e+00
7.290000000171012289e+02 -9.616599595311862814e+00
7.295000000171331749e+02 -9.704424981173772835e+00
7.300000000171652346e+02 -9.329742812579043587e+00
7.305000000171972943e+02 -9.249683848272253428e+00
7.310000000172293539e+02 -9.656316551834478901e+00
7.315000000172612999e+02 -9.557021316647290377e+00
7.320000000172933596e+02 -9.410608163639215817e+00
7.325000000173254193e+02 -9.629672709516720275e+00
7.330000000173574790e+02 -9.433276594601499809e+00
7.335000000173894250e+02 -9.535066839555502938e+00
7.340000000174214847e+02 -9.909640996411217984e+00
7.345000000174535444e+02 -9.799316966260732897e+00
7.350000000174856041e+02 -9.650883720404019428e+00
7.355000000175176638e+02 -9.558718586774018533e+00
7.360000000175496098e+02 -9.316929033344445443e+00
7.365000000175816695e+02 -9.643713297042749488e+00
7.370000000176137291e+02 -9.403942296032992587e+00
7.375000000176457888e+02 -9.381226108089810722e+00
7.380000000176777348e+02 -9.383467583989196115e+00
7.385000000177097945e+02 -9.376819002837514461e+00
7.390000000177418542e+02 -9.278053552285873806e+00
7.395000000177739139e+02 -9.794627181132458560e+00
7.400000000178058599e+02 -9.193409399130324289e+00
7.405000000178379196e+02 -9.458662037549208534e+00
7.410000000178699793e+02 -9.676088434360174517e+00
7.415000000179020390e+02 -9.212821587984196370e+00
7.420000000179339850e+02 -9.542578481651606381e+00
7.425000000179660447e+02 -9.352255479789814530e+00
7.430000000179981043e+02 -1.022619535331118712e+01
7.435000000180301640e+02 -9.245478842897959737e+00
7.440000000180622237e+02 -9.109493333772615387e+00
7.445000000180941697e+02 -9.336275637068695232e+00
7.450000000181262294e+02 -9.603476179977738170e+00
7.455000000181582891e+02 -9.865973842858730691e+00
7.460000000181903488e+02 -8.902701934481900281e+00
7.465000000182222948e+02 -9.149717351038377799e+00
7.470000000182543545e+02 -8.855708883404684428e+00
7.475000000182864142e+02 -9.656845849813310068e+00
7.480000000183184738e+02 -9.513639363562617746e+00
7.485000000183504199e+02 -9.520661490942122995e+00
7.490000000183824795e+02 -9.767887365523705512e+00
7.495000000184145392e+02 -9.434420021081132646e+00
7.500000000184465989e+02 -8.996532337723451178e+00
7.505000000184785449e+02 -9.215956057573066573e+00
7.510000000185106046e+02 -9.734145202942890762e+00
7.515000000185426643e+02 -9.672564631080240005e+00
7.520000000185747240e+02 -9.000440061321366869e+00
7.525000000186067837e+02 -9.444637217229731263e+00
7.530000000186387297e+02 -1.023720565923178683e+01
7.535000000186707894e+02 -8.930511649937626473e+00
7.540000000187028490e+02 -9.675158804092776066e+00
7.545000000187349087e+02 -8.820214706071485722e+00
7.550000000187668547e+02 -8.641223398747216677e+00
7.555000000187989144e+02 -9.045094843072066126e+00
7.560000000188309741e+02 -8.894244389641537296e+00
7.565000000188630338e+02 -8.967036645646560444e+00
7.570000000188949798e+02 -9.688163468034698411e+00
7.575000000189270395e+02 -9.802927937558980176e+00
7.580000000189590992e+02 -9.117822310707696332e+00
7.585000000189911589e+02 -9.607988638231535816e+00
7.590000000190231049e+02 -8.850833118601613592e+00
7.595000000190551646e+02 -9.592386066466019656e+00
7.600000000190872242e+02 -9.768020550232407118e+00
7.605000000191192839e+02 -9.776854255698799179e+00
7.610000000191512299e+02 -8.921560994103023390e+00
7.615000000191832896e+02 -9.883937207166269445e+00
7.620000000192153493e+02 -9.347075087210679811e+00
7.625000000192474090e+02 -9.129346099905157885e+00
7.630000000192794687e+02 -9.388758627831739645e+00
7.635000000193114147e+02 -9.520832832994877037e+00
7.640000000193434744e+02 -9.297741326303226472e+00
7.645000000193755341e+02 -9.550351068088174245e+00
7.650000000194075938e+02 -9.744130849119157389e+00
7.655000000194395398e+02 -9.218293867620610982e+00
7.660000000194715994e+02 -9.503777292327148629e+00
7.665000000195036591e+02 -9.231443882792669697e+00
7.670000000195357188e+02 -9.527098839964425636e+00
7.675000000195676648e+02 -9.530479208141795056e+00
7.680000000195997245e+02 -9.049300395545303743e+00
7.685000000196317842e+02 -9.640960967706650564e+00
7.690000000196638439e+02 -9.587019383494416402e+00
7.695000000196957899e+02 -9.201974695495815482e+00
7.700000000197278496e+02 -9.674116159965620909e+00
7.705000000197599093e+02 -9.038358642314630487e+00
7.710000000197919690e+02 -9.809217165219585866e+00
7.715000000198240286e+02 -9.328138956793212699e+00
7.720000000198559746e+02 -9.227331398385684835e+00
7.725000000198880343e+02 -9.557973355566566909e+00
7.730000000199200940e+02 -9.031595197818472087e+00
7.735000000199521537e+02 -9.267731839127344884e+00
7.740000000199840997e+02 -9.217482303707752678e+00
7.745000000200161594e+02 -9.016672741361070109e+00
7.750000000200482191e+02 -9.092233167934121951e+00
7.755000000200802788e+02 -8.991749139273979452e+00
7.760000000201122248e+02 -1.002969147660272675e+01
7.765000000201442845e+02 -8.852999633013842740e+00
7.770000000201763442e+02 -9.117151968077731539e+00
7.775000000202084038e+02 -8.684472948455299601e+00
7.780000000202403498e+02 -1.002838724058841890e+01
7.785000000202724095e+02 -9.232758078673466429e+00
7.790000000203044692e+02 -9.398822696533034815e+00
7.795000000203365289e+02 -1.000662115123196116e+01
7.800000000203685886e+02 -9.462742369270614518e+00
7.805000000204005346e+02 -9.483006097379385935e+00
7.810000000204325943e+02 -8.957084166554441396e+00
7.815000000204646540e+02 -9.244064666769059357e+00
7.820000000204967137e+02 -9.668584255993591725e+00
7.825000000205286597e+02 -9.552370816067229597e+00
7.830000000205607193e+02 -9.465368274908236401e+00
7.835000000205927790e+02 -9.857566264448857751e+00
7.840000000206248387e+02 -9.110606239305960585e+00
7.845000000206567847e+02 -9.925322868976190094e+00
7.850000000206888444e+02 -9.506772271340240721e+00
7.855000000207209041e+02 -9.882280786428527364e+00
7.860000000207529638e+02 -9.025033403883806926e+00
7.865000000207849098e+02 -9.148984127634276931e+00
7.870000000208169695e+02 -1.001678582553387820e+01
7.875000000208490292e+02 -9.032656020230476202e+00
7.880000000208810889e+02 -8.846248814591211485e+00
7.885000000209131485e+02 -9.440640984770078958e+00
7.890000000209450945e+02 -8.863746240215387928e+00
7.895000000209771542e+02 -9.700162444971986986e+00
7.900000000210092139e+02 -9.521834184182278449e+00
7.905000000210412736e+02 -8.794359582395257391e+00
7.910000000210732196e+02 -9.445478846357005409e+00
7.915000000211052793e+02 -9.461363005353788935e+00
7.920000000211373390e+02 -9.664507956098658426e+00
7.925000000211693987e+02 -9.726628713842105256e+00
7.930000000212013447e+02 -9.080843392875575404e+00
7.935000000212334044e+02 -9.300478959588314609e+00
7.940000000212654641e+02 -8.752165678928806258e+00
7.945000000212975237e+02 -9.786652749659175754e+00
7.950000000213294697e+02 -9.415210676901677900e+00
7.955000000213615294e+02 -9.785304259252203707e+00
7.960000000213935891e+02 -9.329917466672098314e+00
7.965000000214256488e+02 -9.684163682064912848e+00
7.970000000214577085e+02 -8.815629656625482369e+00
7.975000000214896545e+02 -9.589297371594183161e+00
7.980000000215217142e+02 -9.577469557785466492e+00
7.985000000215537739e+02 -9.643125976856801174e+00
7.990000000215858336e+02 -8.871546968796337751e+00
7.995000000216177796e+02 -9.278752191869727994e+00
8.000000000216498393e+02 -9.738584534003797089e+00
8.005000000216818989e+02 -8.983355118011274953e+00
8.010000000217139586e+02 -9.554275235047358095e+00
8.015000000217459046e+02 -9.202999023253489952e+00
8.020000000217779643e+02 -9.772566877486909220e+00
8.025000000218100240e+02 -8.687055562462841607e+00
8.030000000218420837e+02 -8.947711223698622263e+00
8.035000000218740297e+02 -9.097592675354039926e+00
8.040000000219060894e+02 -9.313138958855406102e+00
8.045000000219381491e+02 -9.239749024572123659e+00
8.050000000219702088e+02 -9.665437385584658259e+00
8.055000000220021548e+02 -9.911937084583712476e+00
8.060000000220342145e+02 -8.924916002640721047e+00
8.065000000220662741e+02 -9.598338060785000181e+00
8.070000000220983338e+02 -9.469583147738875439e+00
8.075000000221303935e+02 -9.466956807477249214e+00
8.080000000221623395e+02 -9.748915331988747823e+00
8.085000000221943992e+02 -9.372456480913665899e+00
8.090000000222264589e+02 -8.977767338621521986e+00
8.095000000222585186e+02 -9.045013550834001492e+00
8.100000000222904646e+02 -9.419164176738805239e+00
8.105000000223225243e+02 -9.826816742607878297e+00
8.110000000223545840e+02 -9.469632324045758054e+00
8.115000000223866436e+02 -1.014825060107469490e+01
8.120000000224185897e+02 -9.469747714970537800e+00
8.125000000224506493e+02 -9.148676625547757624e+00
8.130000000224827090e+02 -9.844942793491773259e+00
8.135000000225147687e+02 -9.548351516971937514e+00
8.140000000225467147e+02 -9.596100077123868033e+00
8.145000000225787744e+02 -9.434789084258706993e+00
8.150000000226108341e+02 -9.546016843895502646e+00
8.155000000226428938e+02 -9.049460063323644832e+00
8.160000000226749535e+02 -8.603680047566232503e+00
8.165000000227068995e+02 -9.036877136268644861e+00
8.170000000227389592e+02 -8.972554685149397358e+00
8.175000000227710188e+02 -9.931099145913055537e+00
8.180000000228030785e+02 -9.267553291392628623e+00
8.185000000228350245e+02 -9.410432369180995238e+00
8.190000000228670842e+02 -9.611244770054085507e+00
8.195000000228991439e+02 -9.562432440068066697e+00
8.200000000229312036e+02 -8.714097861410127877e+00
8.205000000229631496e+02 -9.263975121483824182e+00
8.210000000229952093e+02 -9.024363125194177826e+00
8.215000000230272690e+02 -1.004293038125942417e+01
8.220000000230593287e+02 -9.792588681248073357e+00
8.225000000230912747e+02 -9.141427644109718642e+00
8.230000000231233344e+02 -8.864434285221875598e+00
8.235000000231553940e+02 -9.273718272315658595e+00
8.240000000231874537e+02 -9.368896414716040510e+00
8.245000000232195134e+02 -9.941952989737821156e+00
8.250000000232514594e+02 -9.522997694833016169e+00
8.255000000232835191e+02 -9.175693745032020843e+00
8.260000000233155788e+02 -9.460286092342531816e+00
8.265000000233476385e+02 -9.239270946214297453e+00
8.270000000233795845e+02 -9.275584115461994017e+00
8.275000000234116442e+02 -9.523052331420055694e+00
8.280000000234437039e+02 -9.244548705979854120e+00
8.285000000234757636e+02 -8.889256730775661808e+00
8.290000000235077096e+02 -9.410762225069648323e+00
8.295000000235397692e+02 -9.606305378008645590e+00
8.300000000235718289e+02 -9.996982721193187871e+00
8.305000000236038886e+02 -9.641866916609206584e+00
8.310000000236358346e+02 -9.307951669373970560e+00
8.315000000236678943e+02 -9.554619930069206291e+00
8.320000000236999540e+02 -9.345484472031705181e+00
8.325000000237320137e+02 -9.039317027769335766e+00
8.330000000237640734e+02 -9.128701902820637315e+00
8.335000000237960194e+02 -9.643071313387419963e+00
8.340000000238280791e+02 -9.777175343283429854e+00
8.345000000238601388e+02 -9.396814495353410734e+00
8.350000000238921984e+02 -9.383675098026969863e+00
8.355000000239241444e+02 -9.283562760001172975e+00
8.360000000239562041e+02 -9.306055057962202781e+00
8.365000000239882638e+02 -8.588284008762574473e+00
8.370000000240203235e+02 -9.115318592761623151e+00
8.375000000240522695e+02 -9.215964317431424746e+00
8.380000000240843292e+02 -9.278678255230637717e+00
8.385000000241163889e+02 -9.335459476857293382e+00
8.390000000241484486e+02 -9.494222296809844863e+00
8.395000000241803946e+02 -9.363820503673192519e+00
8.400000000242124543e+02 -9.051718917859970404e+00
8.405000000242445140e+02 -9.954597412229569287e+00
8.410000000242765736e+02 -9.686369241725449442e+00
8.415000000243086333e+02 -8.655140496378297854e+00
8.420000000243405793e+02 -9.316088613757882442e+00
8.425000000243726390e+02 -9.401168652260107450e+00
8.430000000244046987e+02 -9.081158334870647053e+00
8.435000000244367584e+02 -9.494069843071985204e+00
8.440000000244687044e+02 -1.008239816339836459e+01
8.445000000245007641e+02 -9.282144045090634066e+00
8.450000000245328238e+02 -9.592367757640060333e+00
8.455000000245648835e+02 -9.620797906214839657e+00
8.460000000245968295e+02 -9.456688526283027585e+00
8.465000000246288892e+02 -9.455176970712157569e+00
8.470000000246609488e+02 -9.170185345857200687e+00
8.475000000246930085e+02 -8.852895874407302301e+00
8.480000000247249545e+02 -9.364444205271901467e+00
8.485000000247570142e+02 -9.629414020461860346e+00
8.490000000247890739e+02 -9.382683978275004222e+00
8.495000000248211336e+02 -1.012829247232001606e+01
8.500000000248530796e+02 -9.371723594721192541e+00
8.505000000248851393e+02 -1.010781810088978361e+01
8.510000000249171990e+02 -9.398989274440173958e+00
8.515000000249492587e+02 -9.053347622348848489e+00
8.520000000249813183e+02 -9.138686398348715656e+00
8.525000000250132643e+02 -9.544753938254386227e+00
8.530000000250453240e+02 -9.952607058717477528e+00
8.535000000250773837e+02 -9.770158686157833117e+00
8.540000000251094434e+02 -9.292278751116814561e+00
8.545000000251413894e+02 -9.365083440374984747e+00
8.550000000251734491e+02 -9.118101064156714841e+00
8.555000000252055088e+02 -9.496740249076522034e+00
8.560000000252375685e+02 -9.596187211617403179e+00
8.565000000252695145e+02 -9.653986690883050059e+00
8.570000000253015742e+02 -9.083804832057280620e+00
8.575000000253336339e+02 -9.074458287114060440e+00
8.580000000253656935e+02 -9.242347363499600732e+00
8.585000000253976395e+02 -9.348059513969394274e+00
8.590000000254296992e+02 -9.013611832620645359e+00
8.595000000254617589e+02 -1.021965956538542031e+01
8.600000000254938186e+02 -9.156421774362417665e+00
8.605000000255258783e+02 -8.995677527747600877e+00
8.610000000255578243e+02 -9.625046587469807235e+00
8.615000000255898840e+02 -9.194415218846151205e+00
8.620000000256219437e+02 -9.841045917925649533e+00
8.625000000256540034e+02 -9.539785908356746447e+00
8.630000000256859494e+02 -8.996278784562933950e+00
8.635000000257180091e+02 -8.956121517809767951e+00
8.640000000257500687e+02 -9.202619784786234547e+00
8.645000000257821284e+02 -1.026881691733875002e+01
8.650000000258140744e+02 -9.454173812469269578e+00
8.655000000258461341e+02 -8.831635433662475165e+00
8.660000000258781938e+02 -9.453815308670613149e+00
8.665000000259102535e+02 -9.143207123265433722e+00
8.670000000259421995e+02 -9.678288703779747593e+00
8.675000000259742592e+02 -9.535126572114828392e+00
8.680000000260063189e+02 -9.365805320495505626e+00
8.685000000260383786e+02 -9.655327321215867897e+00
8.690000000260704383e+02 -9.788784210961662069e+00
8.695000000261023843e+02 -9.715798013307509251e+00
8.700000000261344439e+02 -9.105922206188997947e+00
8.705000000261665036e+02 -8.863381353232865578e+00
8.710000000261985633e+02 -9.754290419441151272e+00
8.715000000262305093e+02 -9.422208245488917555e+00
8.720000000262625690e+02 -8.984384153855453192e+00
8.725000000262946287e+02 -9.965203201434151836e+00
8.730000000263266884e+02 -8.994712684955869619e+00
8.735000000263586344e+02 -9.836687691358976693e+00
8.740000000263906941e+02 -9.697588500475033513e+00
8.745000000264227538e+02 -9.606263192592001232e+00
8.750000000264548135e+02 -9.314155396068791504e+00
8.755000000264867595e+02 -9.542879282854602963e+00
8.760000000265188191e+02 -9.920827298797419758e+00
8.765000000265508788e+02 -9.549788441369294389e+00
8.770000000265829385e+02 -9.491737114700685041e+00
8.775000000266149982e+02 -9.416038747032205336e+00
8.780000000266469442e+02 -9.579227791194909969e+00
8.785000000266790039e+02 -9.399407163692806932e+00
8.790000000267110636e+02 -9.724453220471648507e+00
8.795000000267431233e+02 -8.852469528239986118e+00
8.800000000267750693e+02 -9.511772651310321791e+00
8.805000000268071290e+02 -8.945126882159119219e+00
8.810000000268391886e+02 -9.638641979804202009e+00
8.815000000268712483e+02 -9.100348431009916084e+00
8.820000000269031943e+02 -1.004755666376799361e+01
8.825000000269352540e+02 -9.328481589271016006e+00
8.830000000269673137e+02 -9.956524185779560554e+00
8.835000000269993734e+02 -8.901045981967591558e+00
8.840000000270313194e+02 -8.926234652081905807e+00
8.845000000270633791e+02 -9.050498493390566779e+00
8.850000000270954388e+02 -9.452743235496335217e+00
8.855000000271274985e+02 -9.412761998278954323e+00
8.860000000271595582e+02 -9.352108097087484140e+00
8.865000000271915042e+02 -9.487075201287618498e+00
8.870000000272235638e+02 -9.784017364284476770e+00
8.875000000272556235e+02 -9.720182902329121077e+00
8.880000000272876832e+02 -9.308436105836772612e+00
8.885000000273196292e+02 -9.399000058164931559e+00
8.890000000273516889e+02 -8.826164878604640052e+00
8.895000000273837486e+02 -9.464206845363426268e+00
8.900000000274158083e+02 -9.278674331181546719e+00
8.905000000274477543e+02 -9.702105469360322587e+00
8.910000000274798140e+02 -8.617092538383664291e+00
8.915000000275118737e+02 -9.962827118468046805e+00
8.920000000275439334e+02 -9.474271049403578004e+00
8.925000000275758794e+02 -9.496761936864583475e+00
8.930000000276079390e+02 -8.791642282773125316e+00
8.935000000276399987e+02 -9.407086506168070628e+00
8.940000000276720584e+02 -9.603073113608687095e+00
8.945000000277040044e+02 -9.238502840451218390e+00
8.950000000277360641e+02 -9.701877064097510939e+00
8.955000000277681238e+02 -9.161092148280051362e+00
8.960000000278001835e+02 -9.985351670440499205e+00
8.965000000278322432e+02 -9.460798557488034888e+00
8.970000000278641892e+02 -9.419900195377751473e+00
8.975000000278962489e+02 -9.588906398748241244e+00
8.980000000279283086e+02 -9.572473700565387489e+00
8.985000000279603682e+02 -9.839880343038721833e+00
8.990000000279923142e+02 -9.484269314134028406e+00
8.995000000280243739e+02 -9.515932846226528241e+00
9.000000000280564336e+02 -9.072808767545977204e+00
9.005000000280884933e+02 -9.483791390642277719e+00
9.010000000281204393e+02 -9.500316541044940166e+00
9.015000000281524990e+02 -9.357674154618916162e+00
9.020000000281845587e+02 -9.925606170360133262e+00
9.025000000282166184e+02 -8.923388340356002146e+00
9.030000000282485644e+02 -8.787472586637663952e+00
9.035000000282806241e+02 -9.302313456824920834e+00
9.040000000283126838e+02 -9.590968979022497010e+00
9.045000000283447434e+02 -1.036095728359337897e+01
9.050000000283768031e+02 -9.567001986999926544e+00
9.055000000284087491e+02 -8.783696105416909816e+00
9.060000000284408088e+02 -9.536364891099657015e+00
9.065000000284728685e+02 -9.996373042079836679e+00
9.070000000285049282e+02 -9.316647682384768814e+00
9.075000000285368742e+02 -9.247785646186681419e+00
9.080000000285689339e+02 -8.569941287396583007e+00
9.085000000286009936e+02 -9.040906913896035846e+00
9.090000000286330533e+02 -9.121711999558577588e+00
9.095000000286649993e+02 -9.385927306440075668e+00
9.100000000286970590e+02 -9.639021514948279190e+00
9.105000000287291186e+02 -9.382693100504837957e+00
9.110000000287611783e+02 -9.514577349983246890e+00
9.115000000287931243e+02 -9.518197388765727851e+00
9.120000000288251840e+02 -8.841907000345281986e+00
9.125000000288572437e+02 -9.511773271437743205e+00
9.130000000288893034e+02 -9.208016201707367898e+00
9.135000000289213631e+02 -1.005031712924636089e+01
9.140000000289533091e+02 -9.241246804991162023e+00
9.145000000289853688e+02 -9.731078304309990656e+00
9.150000000290174285e+02 -9.387967227246516444e+00
9.155000000290494881e+02 -9.516409834301967408e+00
9.160000000290814341e+02 -9.525832287386007735e+00
9.165000000291134938e+02 -9.893500906356701208e+00
9.170000000291455535e+02 -9.256098532551847669e+00
9.175000000291776132e+02 -9.967260949586947305e+00
9.180000000292095592e+02 -9.522493201821207620e+00
9.185000000292416189e+02 -9.220596365469614142e+00
9.190000000292736786e+02 -8.967348569866265606e+00
9.195000000293057383e+02 -9.259651526194895510e+00
9.200000000293376843e+02 -9.519556969814551906e+00
9.205000000293697440e+02 -9.530328240706298359e+00
9.210000000294018037e+02 -9.662460440074671197e+00
9.215000000294338633e+02 -9.044139502447201551e+00
9.220000000294659230e+02 -9.095984027285661355e+00
9.225000000294978690e+02 -9.388584902247622210e+00
9.230000000295299287e+02 -9.762190312276400661e+00
9.235000000295619884e+02 -9.128460271455205444e+00
9.240000000295940481e+02 -9.497959567155051630e+00
9.245000000296259941e+02 -9.415570718442962672e+00
9.250000000296580538e+02 -8.829524304974942339e+00
9.255000000296901135e+02 -9.650550743400406972e+00
9.260000000297221732e+02 -9.438722557340987862e+00
9.265000000297541192e+02 -9.302156760370909439e+00
9.270000000297861789e+02 -1.011025383725835702e+01
9.275000000298182385e+02 -8.910195043472684873e+00
9.280000000298502982e+02 -9.170037597047157263e+00
9.285000000298822442e+02 -9.273209808335634463e+00
9.290000000299143039e+02 -9.636193297089198140e+00
9.295000000299463636e+02 -9.725907887349240610e+00
9.300000000299784233e+02 -9.583534904466889159e+00
9.305000000300104830e+02 -9.754655281329020156e+00
9.310000000300424290e+02 -9.594087624976008755e+00
9.315000000300744887e+02 -9.110792756243997204e+00
9.320000000301065484e+02 -9.884362488013165304e+00
9.325000000301386081e+02 -9.769429252709420197e+00
9.330000000301705541e+02 -9.528730082539629720e+00
9.335000000302026137e+02 -9.379765331033665277e+00
9.340000000302346734e+02 -9.552938299465363770e+00
9.345000000302667331e+02 -9.455697005109744424e+00
9.350000000302986791e+02 -9.292506463734898858e+00
9.355000000303307388e+02 -9.666455424860881607e+00
9.360000000303627985e+02 -9.802902168795039728e+00
9.365000000303948582e+02 -9.044835682678916911e+00
9.370000000304268042e+02 -9.201017677566326824e+00
9.375000000304588639e+02 -9.893404548663315978e+00
9.380000000304909236e+02 -9.636720752359140718e+00
9.385000000305229833e+02 -9.443051307424561003e+00
9.390000000305549293e+02 -8.989734519317147843e+00
9.395000000305869889e+02 -9.146116269902723417e+00
9.400000000306190486e+02 -1.007950580804466156e+01
9.405000000306511083e+02 -9.125909300350583564e+00
9.410000000306831680e+02 -9.345896133464375310e+00
9.415000000307151140e+02 -9.372884453416157058e+00
9.420000000307471737e+02 -9.137807977337786269e+00
9.425000000307792334e+02 -9.312282065440109946e+00
9.430000000308112931e+02 -9.024050140187945601e+00
9.435000000308432391e+02 -9.487877096277619771e+00
9.440000000308752988e+02 -9.830744145750028196e+00
9.445000000309073585e+02 -9.573619115358125597e+00
9.450000000309394181e+02 -9.823569688991991455e+00
9.455000000309713641e+02 -9.392335225850356295e+00
9.460000000310034238e+02 -9.200306488265221461e+00
9.465000000310354835e+02 -9.357746162401186396e+00
9.470000000310675432e+02 -9.872127348112851308e+00
9.475000000310994892e+02 -9.604791456555103579e+00
9.480000000311315489e+02 -9.389406195364976782e+00
9.485000000311636086e+02 -9.234119906222003848e+00
9.490000000311956683e+02 -9.319362019276063336e+00
9.495000000312277280e+02 -9.021151152397163031e+00
9.500000000312596740e+02 -9.285727382064893121e+00
9.505000000312917336e+02 -9.390673052741238536e+00
9.510000000313237933e+02 -9.651664679858173557e+00
9.515000000313558530e+02 -9.647853175614329757e+00
9.520000000313877990e+02 -9.605937565087085517e+00
9.525000000314198587e+02 -9.337374708817387514e+00
9.530000000314519184e+02 -9.100607381683541774e+00
9.535000000314839781e+02 -9.680077988660967137e+00
9.540000000315159241e+02 -9.059908237051168101e+00
9.545000000315479838e+02 -9.197122424646016370e+00
9.550000000315800435e+02 -8.777104576427442240e+00
9.555000000316121032e+02 -9.504209224334694284e+00
9.560000000316440492e+02 -8.871374627227229581e+00
9.565000000316761088e+02 -9.539930777296827813e+00
9.570000000317081685e+02 -9.767665659799499522e+00
9.575000000317402282e+02 -9.151897947444849635e+00
9.580000000317722879e+02 -9.586829522678440796e+00
9.585000000318042339e+02 -9.296529982630358901e+00
9.590000000318362936e+02 -8.954374043611480261e+00
9.595000000318683533e+02 -8.935686984047096715e+00
9.600000000319004130e+02 -9.494364921553652081e+00
9.605000000319323590e+02 -9.511105838379203092e+00
9.610000000319644187e+02 -9.209377356128541692e+00
9.615000000319964784e+02 -9.281161534605370633e+00
9.620000000320285380e+02 -9.059209105151779795e+00
9.625000000320604840e+02 -9.777625044237817420e+00
9.630000000320925437e+02 -9.480710935309398124e+00
9.635000000321246034e+02 -8.572408938886619367e+00
9.640000000321566631e+02 -9.714292301904947635e+00
9.645000000321886091e+02 -9.276303994770884742e+00
9.650000000322206688e+02 -9.019769469113354532e+00
9.655000000322527285e+02 -9.434447362421215288e+00
9.660000000322847882e+02 -9.568856033709401743e+00
9.665000000323168479e+02 -9.695989032678797415e+00
9.670000000323487939e+02 -9.243086099364575148e+00
9.675000000323808536e+02 -9.728166852185928803e+00
9.680000000324129132e+02 -8.855952530003680323e+00
9.685000000324449729e+02 -9.153323128033195033e+00
9.690000000324769189e+02 -9.130947637264469563e+00
9.695000000325089786e+02 -9.639893385536135284e+00
9.700000000325410383e+02 -9.650237706495088830e+00
9.705000000325730980e+02 -8.569120108106279332e+00
9.710000000326050440e+02 -9.417344194160355286e+00
9.715000000326371037e+02 -8.724514447860947541e+00
9.720000000326691634e+02 -9.001394847233399332e+00
9.725000000327012231e+02 -9.808562988437628860e+00
9.730000000327331691e+02 -9.256888645978992969e+00
9.735000000327652288e+02 -9.733635220288901380e+00
9.740000000327972884e+02 -9.121083948489037141e+00
9.745000000328293481e+02 -8.784717649839976161e+00
9.750000000328614078e+02 -9.280468777900821920e+00
9.755000000328933538e+02 -9.571229107824377635e+00
9.760000000329254135e+02 -9.426644869273172134e+00
9.765000000329574732e+02 -9.440604597623311278e+00
9.770000000329895329e+02 -9.479181672907717626e+00
9.775000000330214789e+02 -9.314122315137161934e+00
9.780000000330535386e+02 -9.500564368445031604e+00
9.785000000330855983e+02 -9.613578333122294595e+00
9.790000000331176579e+02 -9.963251983224852282e+00
9.795000000331496040e+02 -9.434167300865004435e+00
9.800000000331816636e+02 -8.774756070704006206e+00
9.805000000332137233e+02 -9.587010931873646058e+00
9.810000000332457830e+02 -9.562205712059952845e+00
9.815000000332777290e+02 -9.399344181660946873e+00
9.820000000333097887e+02 -9.480033448622238623e+00
9.825000000333418484e+02 -8.745935505767622686e+00
9.830000000333739081e+02 -9.723129363019323179e+00
9.835000000334058541e+02 -9.440438194436401531e+00
9.840000000334379138e+02 -9.434123996682989954e+00
9.845000000334699735e+02 -9.781613328491889803e+00
9.850000000335020331e+02 -9.368133511111476963e+00
9.855000000335340928e+02 -9.499954167558847473e+00
9.860000000335660388e+02 -9.426856140064280964e+00
9.865000000335980985e+02 -9.951240227082356782e+00
9.870000000336301582e+02 -9.516956499101400624e+00
9.875000000336622179e+02 -9.665272707603975277e+00
9.880000000336941639e+02 -9.870380368631403556e+00
9.885000000337262236e+02 -9.606154727999516751e+00
9.890000000337582833e+02 -9.488318974500877800e+00
9.895000000337903430e+02 -9.610627191403683156e+00
9.900000000338222890e+02 -8.960917679781886136e+00
9.905000000338543487e+02 -9.656884947747126802e+00
9.910000000338864083e+02 -9.399435110236018076e+00
9.915000000339184680e+02 -9.410215000806450902e+00
9.920000000339504140e+02 -9.238833535156098620e+00
9.925000000339824737e+02 -9.606949045649031405e+00
9.930000000340145334e+02 -9.589165663616151747e+00
9.935000000340465931e+02 -8.944358970182445745e+00
9.940000000340786528e+02 -9.223612043992394760e+00
9.945000000341105988e+02 -8.724440987589058949e+00
9.950000000341426585e+02 -9.212707721811861816e+00
9.955000000341747182e+02 -9.596647824295747142e+00
9.960000000342067779e+02 -9.061341019748272885e+00
9.965000000342387239e+02 -8.896137065155253154e+00
9.970000000342707835e+02 -9.548699528860272068e+00
9.975000000343028432e+02 -9.125940047146608336e+00
9.980000000343349029e+02 -9.662757928566554355e+00
9.985000000343668489e+02 -9.210161338020895982e+00
9.990000000343989086e+02 -9.499514392112239136e+00
9.995000000344309683e+02 -9.714485358256574443e+00
1.000000000034463028e+03 -9.587560332996361012e+00
