# Time (ps)	CV (angstrom)
9.999999999975766229e+01 1.036148027247462799e+01
1.004999999997559001e+02 1.059728505224101092e+01
1.009999999997541380e+02 1.019767077761445151e+01
1.014999999997533990e+02 1.086886021812941827e+01
1.019999999997629061e+02 1.057254428770162313e+01
1.024999999997724132e+02 1.090178166840463447e+01
1.029999999997819060e+02 1.069066107501150853e+01
1.034999999997914131e+02 1.086470378971714190e+01
1.039999999998009201e+02 1.043841326130659475e+01
1.044999999998104272e+02 1.085144597154950041e+01
1.049999999998199343e+02 1.018907634362857095e+01
1.054999999998294413e+02 1.116318806624895466e+01
1.059999999998389484e+02 9.854807585418448923e+00
1.064999999998484554e+02 1.101744094021207054e+01
1.069999999998579483e+02 1.045540251618465533e+01
1.074999999998674554e+02 1.101475982938204368e+01
1.079999999998769624e+02 1.038045248183586544e+01
1.084999999998864695e+02 1.078952080191569607e+01
1.089999999998959765e+02 1.047378616508745530e+01
1.094999999999054836e+02 1.050986783490239240e+01
1.099999999999149907e+02 1.049344570773175533e+01
1.104999999999244977e+02 1.037977576376625777e+01
1.109999999999339906e+02 1.055486905403465947e+01
1.114999999999434976e+02 1.052346746624120577e+01
1.119999999999530047e+02 1.056351543301395779e+01
1.124999999999625118e+02 1.080487956070038535e+01
1.129999999999720188e+02 1.067635282601102453e+01
1.134999999999815259e+02 1.057235066751623265e+01
1.139999999999910330e+02 1.091320384400297350e+01
1.145000000000005400e+02 1.029982469318888505e+01
1.150000000000100329e+02 1.115278231737579695e+01
1.155000000000195399e+02 1.025103433596219027e+01
1.160000000000290470e+02 1.073550835696567773e+01
1.165000000000385540e+02 1.030846491173243606e+01
1.170000000000480611e+02 1.083774712714131638e+01
1.175000000000575682e+02 1.019621020749735330e+01
1.180000000000670752e+02 1.070537505614186102e+01
1.185000000000765823e+02 1.061278355151972441e+01
1.190000000000860751e+02 1.036271647318175937e+01
1.195000000000955822e+02 1.045567587386136310e+01
1.200000000001050893e+02 1.044964043676883847e+01
1.205000000001145963e+02 1.049321717363916662e+01
1.210000000001241034e+02 1.036958179955377446e+01
1.215000000001336105e+02 1.022924084969351455e+01
1.220000000001431175e+02 1.086228396963512743e+01
1.225000000001526246e+02 1.042660631120968340e+01
1.230000000001621174e+02 1.059781255095713348e+01
1.235000000001716245e+02 1.039046976929185817e+01
1.240000000001811316e+02 1.044847055276762937e+01
1.245000000001906386e+02 1.044781635036975942e+01
1.250000000002001457e+02 1.079085863575041415e+01
1.255000000002096527e+02 1.058404753084838035e+01
1.260000000002191598e+02 1.076752406201096512e+01
1.265000000002286527e+02 1.068812987227996203e+01
1.270000000002381597e+02 1.068070635015320669e+01
1.275000000002476668e+02 1.036053614831729952e+01
1.280000000002571880e+02 1.113198941695944555e+01
1.285000000002666809e+02 1.027093946453588735e+01
1.290000000002761738e+02 1.056898946030944053e+01
1.295000000002856950e+02 1.012926215729897450e+01
1.300000000002951879e+02 1.006248669315386479e+01
1.305000000003047091e+02 1.048407145644393346e+01
1.310000000003142020e+02 1.044393094385659104e+01
1.315000000003237233e+02 1.043804419597160305e+01
1.320000000003332161e+02 1.105851636198343435e+01
1.325000000003427090e+02 1.027900883613920335e+01
1.330000000003522302e+02 1.089924715814910705e+01
1.335000000003617231e+02 1.038863463184548230e+01
1.340000000003712444e+02 1.048414183654761445e+01
1.345000000003807372e+02 1.045206133888302347e+01
1.350000000003902585e+02 1.025184070836242611e+01
1.355000000003997513e+02 1.044360535803984114e+01
1.360000000004092726e+02 1.110281386310814788e+01
1.365000000004187655e+02 1.032591609251487696e+01
1.370000000004282583e+02 1.075780323805023997e+01
1.375000000004377796e+02 1.068901379703413923e+01
1.380000000004472724e+02 1.014562967799909465e+01
1.385000000004567937e+02 1.051618412165372263e+01
1.390000000004662866e+02 1.035009403145585871e+01
1.395000000004758078e+02 1.031967040316772710e+01
1.400000000004853007e+02 1.061099594959526371e+01
1.405000000004947935e+02 1.054115893120716763e+01
1.410000000005043148e+02 1.103961813632806255e+01
1.415000000005138077e+02 1.025971696999804728e+01
1.420000000005233289e+02 1.085440639911564631e+01
1.425000000005328218e+02 1.040678951174028022e+01
1.430000000005423431e+02 1.068334142365490536e+01
1.435000000005518359e+02 1.039489425677670376e+01
1.440000000005613572e+02 1.088792241466739341e+01
1.445000000005708500e+02 1.048757071141263886e+01
1.450000000005803429e+02 1.043460797006862428e+01
1.455000000005898642e+02 1.069803938749912753e+01
1.460000000005993570e+02 1.044103855385459845e+01
1.465000000006088783e+02 1.061012684650144244e+01
1.470000000006183711e+02 1.032431287734952186e+01
1.475000000006278924e+02 1.058926794747223887e+01
1.480000000006373853e+02 1.054253353661055392e+01
1.485000000006468781e+02 1.067453898360957076e+01
1.490000000006563994e+02 1.081919939858088142e+01
1.495000000006658922e+02 1.047745441411315248e+01
1.500000000006754135e+02 1.083233574175482161e+01
1.505000000006849064e+02 1.057495536394417712e+01
1.510000000006944276e+02 1.035943266435902999e+01
1.515000000007039205e+02 1.027152856180531337e+01
1.520000000007134133e+02 1.072980807095723677e+01
1.525000000007229346e+02 1.041327680792671018e+01
1.530000000007324275e+02 1.073511534668412182e+01
1.535000000007419487e+02 1.010282799673728782e+01
1.540000000007514416e+02 1.055568033175181952e+01
1.545000000007609628e+02 1.005176439123472143e+01
1.550000000007704557e+02 1.125637078675956282e+01
1.555000000007799770e+02 1.009401573537575914e+01
1.560000000007894698e+02 1.119081466642209577e+01
1.565000000007989627e+02 1.045531541781343599e+01
1.570000000008084839e+02 1.069639661560039379e+01
1.575000000008179768e+02 1.068866995334028580e+01
1.580000000008274981e+02 1.083776139919892678e+01
1.585000000008369909e+02 1.050638923022549243e+01
1.590000000008465122e+02 1.103699254869533952e+01
1.595000000008560050e+02 1.025351729126381350e+01
1.600000000008654979e+02 1.080383702680093627e+01
1.605000000008750192e+02 1.020823953578335797e+01
1.610000000008845120e+02 1.081773281843758916e+01
1.615000000008940333e+02 1.082239565570506734e+01
1.620000000009035261e+02 1.061615299249123900e+01
1.625000000009130474e+02 1.055905097164112050e+01
1.630000000009225403e+02 1.030723659082765309e+01
1.635000000009320615e+02 1.074704838551271990e+01
1.640000000009415544e+02 1.054693287528465540e+01
1.645000000009510472e+02 1.045935469789306183e+01
1.650000000009605685e+02 1.019345012981595922e+01
1.655000000009700614e+02 1.083269430327299965e+01
1.660000000009795826e+02 1.076680573331582558e+01
1.665000000009890755e+02 1.075639003702396934e+01
1.670000000009985968e+02 1.023635173930833275e+01
1.675000000010080896e+02 1.047793965567566588e+01
1.680000000010175825e+02 1.051982618172916695e+01
1.685000000010271037e+02 1.085166972998091772e+01
1.690000000010365966e+02 1.072837828903550417e+01
1.695000000010461179e+02 1.045892401487333601e+01
1.700000000010556107e+02 1.079514414923314547e+01
1.705000000010651320e+02 1.035448988759948463e+01
1.710000000010746248e+02 1.015664008609858193e+01
1.715000000010841177e+02 1.097012882928983579e+01
1.720000000010936390e+02 1.005899204906766009e+01
1.725000000011031318e+02 1.066495574414140712e+01
1.730000000011126531e+02 1.025032249923732586e+01
1.735000000011221459e+02 1.065124265863831887e+01
1.740000000011316672e+02 1.052631345056135537e+01
1.745000000011411601e+02 1.058622042290656751e+01
1.750000000011506813e+02 1.113068885293508181e+01
1.755000000011601742e+02 1.036808194382039972e+01
1.760000000011696670e+02 1.047713089680001275e+01
1.765000000011791883e+02 1.042385199563238096e+01
1.770000000011886812e+02 1.094532784835384120e+01
1.775000000011982024e+02 9.966761909815298637e+00
1.780000000012076953e+02 1.088652888307514743e+01
1.785000000012172165e+02 1.070747484968036822e+01
1.790000000012267094e+02 1.036981873954047551e+01
1.795000000012362023e+02 1.133795235562947212e+01
1.800000000012457235e+02 1.043910888319840247e+01
1.805000000012552164e+02 1.066537469932928239e+01
1.810000000012647376e+02 1.061811759019534485e+01
1.815000000012742305e+02 1.029200047264017570e+01
1.820000000012837518e+02 1.087945138071207651e+01
1.825000000012932446e+02 1.058066627069086074e+01
1.830000000013027659e+02 1.073893864130248588e+01
1.835000000013122587e+02 1.027864704542871088e+01
1.840000000013217516e+02 1.076358556261653554e+01
1.845000000013312729e+02 1.018773495786240169e+01
1.850000000013407657e+02 1.102208646468950981e+01
1.855000000013502870e+02 1.087646407923685210e+01
1.860000000013597798e+02 1.052288919099757436e+01
1.865000000013693011e+02 1.093985477857338040e+01
1.870000000013787940e+02 1.020052331710589044e+01
1.875000000013882868e+02 1.047721275408781239e+01
1.880000000013978081e+02 1.052608231537802652e+01
1.885000000014073009e+02 1.077961419833346390e+01
1.890000000014168222e+02 1.032865286932918103e+01
1.895000000014263151e+02 1.070680177758025131e+01
1.900000000014358363e+02 1.032078805478554884e+01
1.905000000014453292e+02 1.054345178959303198e+01
1.910000000014548220e+02 1.058822176656758529e+01
1.915000000014643433e+02 1.045733323937704995e+01
1.920000000014738362e+02 1.088490419358284100e+01
1.925000000014833574e+02 1.051305162220833544e+01
1.930000000014928503e+02 1.084756800980564684e+01
1.935000000015023716e+02 1.000641655953874043e+01
1.940000000015118644e+02 1.102574410294012175e+01
1.945000000015213857e+02 1.071169061662920541e+01
1.950000000015308785e+02 1.061890497271585510e+01
1.955000000015403714e+02 1.037730965454205823e+01
1.960000000015498927e+02 1.078158090595539242e+01
1.965000000015593855e+02 1.056975760021395772e+01
1.970000000015689068e+02 1.045527152936531934e+01
1.975000000015783996e+02 1.058999730385997751e+01
1.980000000015879209e+02 1.045973049102771846e+01
1.985000000015974138e+02 1.085325396384299879e+01
1.990000000016069066e+02 1.045870752407009441e+01
1.995000000016164279e+02 1.039420201915827491e+01
2.000000000016259207e+02 1.068826235907392430e+01
2.005000000016354420e+02 1.053034438093967573e+01
2.010000000016449349e+02 1.059195335536822924e+01
2.015000000016544561e+02 1.058647472214897611e+01
2.020000000016639490e+02 1.007947253965002865e+01
2.025000000016734703e+02 1.063058063365090788e+01
2.030000000016789556e+02 1.078193990197019403e+01
2.035000000016659385e+02 1.064220968202541151e+01
2.040000000016529214e+02 1.054671262677031862e+01
2.045000000016398758e+02 1.033782554790029629e+01
2.050000000016268586e+02 1.014693207990308288e+01
2.055000000016138415e+02 1.072564552736223753e+01
2.060000000016008244e+02 1.062358080795645421e+01
2.065000000015878072e+02 1.089437559778680509e+01
2.070000000015747617e+02 1.038854038396508628e+01
2.075000000015617445e+02 1.063996163534578621e+01
2.080000000015487274e+02 1.048318164904009642e+01
2.085000000015357102e+02 1.049556383468093301e+01
2.090000000015226931e+02 1.034319003981206286e+01
2.095000000015096475e+02 1.066244232062364894e+01
2.100000000014966304e+02 1.067354528249824597e+01
2.105000000014836132e+02 1.063752951582276118e+01
2.110000000014705961e+02 1.038624257882244528e+01
2.115000000014575789e+02 1.101701700937356598e+01
2.120000000014445618e+02 1.006286446287432135e+01
2.125000000014315162e+02 9.976575542255671891e+00
2.130000000014184991e+02 1.054985822606938761e+01
2.135000000014054820e+02 1.010641249190604896e+01
2.140000000013924648e+02 1.065743764952552475e+01
2.145000000013794477e+02 1.037452729259725004e+01
2.150000000013664021e+02 1.067284677599000098e+01
2.155000000013533850e+02 1.090127865904609195e+01
2.160000000013403678e+02 1.014049175114788781e+01
2.165000000013273507e+02 1.063575394622433734e+01
2.170000000013143335e+02 1.054314002895973346e+01
2.175000000013013164e+02 1.067979700065063220e+01
2.180000000012882708e+02 1.039356907063570645e+01
2.185000000012752537e+02 1.062366953350771936e+01
2.190000000012622365e+02 1.046115523979834805e+01
2.195000000012492194e+02 1.048287476629051262e+01
2.200000000012362023e+02 1.087230347676029751e+01
2.205000000012231567e+02 1.059352820157540265e+01
2.210000000012101395e+02 1.075909407816936181e+01
2.215000000011971224e+02 1.069342664485527372e+01
2.220000000011841053e+02 1.059697130147746158e+01
2.225000000011710881e+02 9.905101647711974877e+00
2.230000000011580710e+02 1.089026344545774450e+01
2.235000000011450254e+02 1.074746338585175565e+01
2.240000000011320083e+02 1.022992701316072761e+01
2.245000000011189911e+02 1.050701188000516950e+01
2.250000000011059740e+02 1.061123660410766512e+01
2.255000000010929568e+02 1.052206064720208900e+01
2.260000000010799113e+02 1.068148704275137284e+01
2.265000000010668941e+02 1.032968019077325295e+01
2.270000000010538770e+02 1.051036466356254806e+01
2.275000000010408598e+02 1.053358242341651518e+01
2.280000000010278427e+02 1.085918559480449552e+01
2.285000000010148256e+02 1.040982957060333014e+01
2.290000000010017800e+02 1.070840492804416932e+01
2.295000000009887628e+02 1.025145736551231934e+01
2.300000000009757457e+02 1.081067622112177773e+01
2.305000000009627286e+02 1.067639575598607315e+01
2.310000000009497114e+02 1.074343920380988138e+01
2.315000000009366659e+02 1.068791974330953742e+01
2.320000000009236487e+02 1.077905542796374938e+01
2.325000000009106316e+02 1.070832921916198899e+01
2.330000000008976144e+02 1.028531027255599639e+01
2.335000000008845973e+02 1.085558069211010057e+01
2.340000000008715517e+02 1.009117604636167975e+01
2.345000000008585346e+02 1.098175243736382001e+01
2.350000000008455174e+02 1.048520715507909529e+01
2.355000000008325003e+02 1.086998210839804457e+01
2.360000000008194831e+02 1.037099403942285925e+01
2.365000000008064660e+02 1.067289010969490626e+01
2.370000000007934204e+02 1.044154415980531780e+01
2.375000000007804033e+02 1.055251395780380363e+01
2.380000000007673862e+02 1.085387467154303387e+01
2.385000000007543690e+02 1.050023639243608997e+01
2.390000000007413519e+02 1.025424926048869878e+01
2.395000000007283063e+02 1.049139748177084996e+01
2.400000000007152892e+02 1.060195912732398504e+01
2.405000000007022720e+02 1.070081446474805276e+01
2.410000000006892549e+02 1.047546088059139002e+01
2.415000000006762377e+02 1.048735658253915659e+01
2.420000000006632206e+02 1.076170591822928202e+01
2.425000000006501750e+02 1.065578867057651280e+01
2.430000000006371579e+02 1.055361255259091990e+01
2.435000000006241407e+02 1.022627501588805110e+01
2.440000000006111236e+02 1.071083737124515878e+01
2.445000000005981065e+02 1.035612867457331987e+01
2.450000000005850609e+02 1.064967528849093270e+01
2.455000000005720437e+02 1.066088594516465982e+01
2.460000000005590266e+02 1.076838571705082082e+01
2.465000000005460095e+02 1.047090661710083026e+01
2.470000000005329923e+02 1.070761206414545619e+01
2.475000000005199752e+02 1.060186964718838887e+01
2.480000000005069296e+02 1.042774912039091717e+01
2.485000000004939125e+02 1.077945695506821089e+01
2.490000000004808953e+02 1.013758383948951902e+01
2.495000000004678782e+02 1.115832121380646313e+01
2.500000000004548610e+02 1.008876005634068029e+01
2.505000000004418155e+02 1.068980462346657667e+01
2.510000000004287983e+02 1.060657396046198997e+01
2.515000000004157812e+02 1.097709283198492436e+01
2.520000000004027640e+02 1.067427711672154444e+01
2.525000000003897469e+02 1.057160506477325512e+01
2.530000000003767013e+02 1.063583490910844631e+01
2.535000000003636842e+02 1.017957683562898374e+01
2.540000000003506671e+02 1.032153249354732338e+01
2.545000000003376499e+02 1.025074823949995562e+01
2.550000000003246328e+02 1.043939740926260029e+01
2.555000000003116156e+02 1.087869964041607318e+01
2.560000000002985985e+02 1.038117526992314232e+01
2.565000000002855813e+02 1.106507197663611386e+01
2.570000000002725642e+02 1.009033403105698667e+01
2.575000000002594902e+02 1.090193192436998260e+01
2.580000000002464731e+02 1.044564282472303951e+01
2.585000000002334559e+02 1.048638897173707996e+01
2.590000000002204388e+02 1.055869280040803382e+01
2.595000000002074216e+02 1.091114129424671653e+01
2.600000000001944045e+02 1.026303291688547148e+01
2.605000000001813873e+02 1.061616952167464945e+01
2.610000000001683702e+02 1.028935419980294341e+01
2.615000000001553531e+02 1.049288111030837989e+01
2.620000000001423359e+02 1.041129076609424686e+01
2.625000000001292619e+02 1.080493341657461670e+01
2.630000000001162448e+02 1.048234981482205264e+01
2.635000000001032276e+02 1.024384546748977343e+01
2.640000000000902105e+02 1.079593592465037943e+01
2.645000000000771934e+02 1.023202030260286044e+01
2.650000000000641762e+02 1.041373075516224667e+01
2.655000000000511591e+02 1.059955098599163037e+01
2.660000000000381419e+02 1.044557493731374009e+01
2.665000000000251248e+02 1.052732052751588832e+01
2.670000000000121076e+02 1.068850577934648172e+01
2.674999999999990905e+02 1.055485740696382990e+01
2.679999999999860165e+02 1.068125439092428230e+01
2.684999999999729994e+02 1.068514950261904595e+01
2.689999999999599822e+02 1.029948455987015699e+01
2.694999999999469651e+02 1.028636139732335941e+01
2.699999999999339479e+02 1.002782075684080354e+01
2.704999999999209308e+02 1.059917661816513323e+01
2.709999999999079137e+02 1.051898108932882536e+01
2.714999999998948965e+02 1.046005905447528583e+01
2.719999999998818794e+02 1.085697061137556219e+01
2.724999999998688622e+02 1.049875579599797426e+01
2.729999999998558451e+02 1.045397317184516872e+01
2.734999999998427711e+02 1.058457431501162027e+01
2.739999999998297540e+02 1.073122961348951954e+01
2.744999999998167368e+02 1.057364855327329067e+01
2.749999999998037197e+02 1.050343623902627321e+01
2.754999999997907025e+02 1.063799600753132424e+01
2.759999999997776854e+02 1.055634327031215669e+01
2.764999999997646682e+02 1.065931552609118604e+01
2.769999999997516511e+02 1.035358665834076852e+01
2.774999999997386340e+02 1.064128136025928306e+01
2.779999999997256168e+02 1.032682354049893902e+01
2.784999999997125997e+02 1.052475128797270543e+01
2.789999999996995257e+02 9.856677737479978774e+00
2.794999999996865085e+02 1.058250725045893326e+01
2.799999999996734914e+02 1.056790700694739016e+01
2.804999999996604743e+02 1.033254214392992232e+01
2.809999999996474571e+02 1.101397208447982123e+01
2.814999999996344400e+02 1.039557342087859837e+01
2.819999999996214228e+02 1.077304697770311925e+01
2.824999999996084057e+02 1.078255843378321188e+01
2.829999999995953885e+02 1.062649649027839693e+01
2.834999999995823714e+02 1.035643910680721902e+01
2.839999999995693543e+02 1.042112443576064784e+01
2.844999999995562803e+02 1.059637301478583993e+01
2.849999999995432631e+02 1.075629184853327303e+01
2.854999999995302460e+02 1.043734746865446006e+01
2.859999999995172288e+02 1.076473723193940835e+01
2.864999999995042117e+02 1.030201536552521979e+01
2.869999999994911946e+02 1.037868292650266078e+01
2.874999999994781774e+02 1.083931071493954512e+01
2.879999999994651603e+02 1.053149628267504490e+01
2.884999999994521431e+02 1.074286322749180833e+01
2.889999999994391260e+02 1.027543824756982005e+01
2.894999999994261088e+02 1.034974005968879318e+01
2.899999999994130349e+02 1.050725473197171134e+01
2.904999999994000177e+02 1.057774389009223448e+01
2.909999999993870006e+02 1.046825618009475889e+01
2.914999999993739834e+02 1.054702035123662185e+01
2.919999999993609663e+02 1.097358853025700220e+01
2.924999999993479491e+02 1.054336660336428899e+01
2.929999999993349320e+02 1.040581040550194203e+01
2.934999999993219149e+02 1.080219205184326015e+01
2.939999999993088977e+02 1.012964171411761782e+01
2.944999999992958806e+02 1.068762664042117372e+01
2.949999999992828634e+02 1.005345974111395613e+01
2.954999999992697894e+02 1.070218153583907927e+01
2.959999999992567723e+02 1.055117649316171935e+01
2.964999999992437552e+02 1.081564160729084634e+01
2.969999999992307380e+02 1.044779251821688604e+01
2.974999999992177209e+02 1.058790218950070461e+01
2.979999999992047037e+02 1.026364402601377179e+01
2.984999999991916866e+02 1.090540591983437757e+01
2.989999999991786694e+02 1.014939363976582243e+01
2.994999999991656523e+02 1.049126677428802168e+01
2.999999999991526352e+02 1.057159649915958255e+01
3.004999999991396180e+02 1.056292498477604092e+01
3.009999999991265440e+02 1.072277322188848103e+01
3.014999999991135269e+02 1.033591516035459534e+01
3.019999999991005097e+02 1.082307241068085268e+01
3.024999999990874926e+02 1.037668278410196088e+01
3.029999999990744755e+02 1.056607083703968541e+01
3.034999999990614583e+02 1.043144761523414488e+01
3.039999999990484412e+02 1.062567982743718709e+01
3.044999999990354240e+02 1.045077286864493971e+01
3.049999999990224069e+02 1.033097271698204445e+01
3.054999999990093897e+02 1.054570454726605355e+01
3.059999999989963158e+02 1.050883097085595352e+01
3.064999999989832986e+02 1.071757518902915152e+01
3.069999999989702815e+02 1.029519920032312719e+01
3.074999999989572643e+02 1.085807612672302547e+01
3.079999999989442472e+02 1.029454595112171233e+01
3.084999999989312300e+02 1.084702445919780267e+01
3.089999999989182129e+02 1.037529923319014280e+01
3.094999999989051958e+02 1.096486514156995185e+01
3.099999999988921786e+02 1.049873663537420754e+01
3.104999999988791615e+02 1.105866915836137210e+01
3.109999999988661443e+02 1.028838872917013703e+01
3.114999999988530703e+02 1.105497156728826091e+01
3.119999999988400532e+02 1.027028148315313771e+01
3.124999999988270361e+02 1.115362936928664972e+01
3.129999999988140189e+02 9.897318916157844981e+00
3.134999999988010018e+02 1.111017135984642401e+01
3.139999999987879846e+02 1.015579177586876547e+01
3.144999999987749675e+02 1.044017485106950005e+01
3.149999999987619503e+02 1.043867683928155010e+01
3.154999999987489332e+02 1.085223129252406693e+01
3.159999999987359161e+02 1.069979363848072040e+01
3.164999999987228989e+02 1.049559443537910575e+01
3.169999999987098249e+02 1.063968515325834829e+01
3.174999999986968078e+02 1.087479346422270865e+01
3.179999999986837906e+02 1.041902211088721941e+01
3.184999999986707735e+02 1.078487686391927092e+01
3.189999999986577564e+02 1.024861035675087706e+01
3.194999999986447392e+02 1.065921980846700023e+01
3.199999999986317221e+02 1.050334557671904889e+01
3.204999999986187049e+02 1.050751775606137883e+01
3.209999999986056878e+02 1.034480456482794253e+01
3.214999999985926706e+02 1.094172703931914903e+01
3.219999999985796535e+02 1.053378268556082631e+01
3.224999999985665795e+02 1.074064111447217229e+01
3.229999999985535624e+02 1.059902773666541620e+01
3.234999999985405452e+02 1.076660451863443413e+01
3.239999999985275281e+02 1.079025080984834339e+01
3.244999999985145109e+02 1.073139144614345142e+01
3.249999999985014938e+02 1.045332639675768860e+01
3.254999999984884766e+02 1.063040633826729042e+01
3.259999999984754595e+02 1.046380346791873706e+01
3.264999999984624424e+02 1.094082597668519874e+01
3.269999999984494252e+02 1.049917083234109327e+01
3.274999999984364081e+02 1.097182701516527281e+01
3.279999999984233341e+02 1.056488754115952133e+01
3.284999999984103169e+02 1.069839648551477040e+01
3.289999999983972998e+02 1.042819525731280983e+01
3.294999999983842827e+02 1.035394707424497796e+01
3.299999999983712655e+02 1.041580820380447392e+01
3.304999999983582484e+02 1.061045244173722679e+01
3.309999999983452312e+02 1.073053025861742604e+01
3.314999999983322141e+02 1.076913374389605771e+01
3.319999999983191969e+02 1.051065824421633366e+01
3.324999999983061798e+02 1.038579738355992177e+01
3.329999999982931627e+02 1.068176303793735471e+01
3.334999999982800887e+02 1.041184082390382137e+01
3.339999999982670715e+02 1.029242132809923227e+01
3.344999999982540544e+02 1.069513363475371648e+01
3.349999999982410372e+02 1.044846120789625665e+01
3.354999999982280201e+02 1.056983046494079126e+01
3.359999999982150030e+02 1.058724262444652453e+01
3.364999999982019858e+02 1.091148545149540183e+01
3.369999999981889687e+02 1.031294443826265983e+01
3.374999999981759515e+02 1.023407165970670540e+01
3.379999999981629344e+02 1.086564122837151913e+01
3.384999999981499172e+02 1.036088379317411601e+01
3.389999999981368433e+02 1.045394972259742516e+01
3.394999999981238261e+02 1.037352069875921146e+01
3.399999999981108090e+02 1.098867276729120057e+01
3.404999999980977918e+02 1.064985317526159925e+01
3.409999999980847747e+02 1.045271819595008367e+01
3.414999999980717575e+02 1.056217123265543911e+01
3.419999999980587404e+02 1.082453926146546941e+01
3.424999999980457233e+02 1.018277854302765917e+01
3.429999999980327061e+02 1.070429401729821883e+01
3.434999999980196890e+02 1.051187905453280358e+01
3.439999999980066718e+02 1.076557188186669123e+01
3.444999999979935978e+02 1.023141570521523569e+01
3.449999999979805807e+02 1.029795845481521788e+01
3.454999999979675636e+02 1.049070323748705569e+01
3.459999999979545464e+02 1.066994780651744179e+01
3.464999999979415293e+02 1.057977357559579801e+01
3.469999999979285121e+02 1.089145368995669827e+01
3.474999999979154950e+02 1.046933523683208911e+01
3.479999999979024778e+02 1.109828081926375631e+01
3.484999999978894607e+02 1.026539506472277807e+01
3.489999999978764436e+02 1.124600340928442854e+01
3.494999999978633696e+02 1.006531805556108239e+01
3.499999999978503524e+02 1.073698518066988505e+01
3.504999999978373353e+02 1.032190261546533705e+01
3.509999999978243181e+02 1.045301626529171912e+01
3.514999999978113010e+02 1.105785484908155603e+01
3.519999999977982839e+02 1.042750861572958954e+01
3.524999999977852667e+02 1.098758835119120647e+01
3.529999999977722496e+02 1.027983298565524528e+01
3.534999999977592324e+02 1.072526172722351490e+01
3.539999999977462153e+02 1.005728097929057974e+01
3.544999999977331981e+02 1.126240361091806008e+01
3.549999999977201242e+02 1.009299447405808969e+01
3.554999999977071070e+02 1.085660329561885362e+01
3.559999999976940899e+02 1.037310764114893402e+01
3.564999999976810727e+02 1.047294350500331106e+01
3.569999999976680556e+02 1.073399044085197573e+01
3.574999999976550384e+02 1.047764383471704974e+01
3.579999999976420213e+02 1.025323272196255786e+01
3.584999999976290042e+02 1.110635155653459627e+01
3.589999999976159870e+02 1.047798565525035919e+01
3.594999999976029699e+02 1.072941043544746265e+01
3.599999999975899527e+02 1.028100583978630134e+01
3.604999999975768787e+02 1.068198816160163567e+01
3.609999999975638616e+02 1.032187128885293959e+01
3.614999999975508445e+02 1.063991960831135763e+01
3.619999999975378273e+02 1.068482089443253713e+01
3.624999999975248102e+02 1.041233682919692782e+01
3.629999999975117930e+02 1.102839145551891598e+01
3.634999999974987759e+02 1.017969374024625218e+01
3.639999999974857587e+02 1.069322096345283768e+01
3.644999999974727416e+02 1.040843863159019911e+01
3.649999999974597245e+02 1.095664163585131590e+01
3.654999999974467073e+02 1.031966591097381425e+01
3.659999999974336333e+02 1.073240654654744652e+01
3.664999999974206162e+02 1.020413361254959561e+01
3.669999999974075990e+02 1.065441006557070303e+01
3.674999999973945819e+02 1.042861810427175762e+01
3.679999999973815648e+02 1.070978134193982534e+01
3.684999999973685476e+02 1.049504165485992502e+01
3.689999999973555305e+02 1.075090992696117098e+01
3.694999999973425133e+02 1.080844101098531773e+01
3.699999999973294962e+02 1.050624784058611816e+01
3.704999999973164790e+02 1.087251258185582969e+01
3.709999999973034619e+02 1.029849698966997806e+01
3.714999999972903879e+02 1.094314226619395036e+01
3.719999999972773708e+02 1.091041317143602640e+01
3.724999999972643536e+02 1.018474750334141454e+01
3.729999999972513365e+02 1.079602582129281707e+01
3.734999999972383193e+02 1.027111220425360827e+01
3.739999999972253022e+02 9.973090795599665270e+00
3.744999999972122851e+02 1.077526663531211426e+01
3.749999999971992679e+02 9.895732781718711735e+00
3.754999999971862508e+02 1.087355497314463371e+01
3.759999999971732336e+02 1.032399257566737383e+01
3.764999999971602165e+02 1.035109875356312870e+01
3.769999999971471425e+02 1.081498193419074916e+01
3.774999999971341254e+02 1.041009834964655667e+01
3.779999999971211082e+02 1.053177336365561878e+01
3.784999999971080911e+02 1.104796659780954116e+01
3.789999999970950739e+02 1.077361564253309822e+01
3.794999999970820568e+02 1.018459673831462808e+01
3.799999999970690396e+02 1.110723650066757706e+01
3.804999999970560225e+02 1.031000330670589449e+01
3.809999999970430054e+02 1.093003688732354917e+01
3.814999999970299882e+02 1.066008774892866384e+01
3.819999999970169711e+02 1.018184988233785049e+01
3.824999999970038971e+02 1.106980019035695051e+01
3.829999999969908799e+02 9.889612894786962372e+00
3.834999999969778628e+02 1.078231078906379636e+01
3.839999999969648456e+02 1.025114938567466361e+01
3.844999999969518285e+02 1.066703836854073018e+01
3.849999999969388114e+02 1.059023474541645982e+01
3.854999999969257942e+02 1.075811842149945896e+01
3.859999999969127771e+02 1.053900556671617039e+01
3.864999999968997599e+02 1.100234888463089433e+01
3.869999999968867428e+02 1.040766423592977041e+01
3.874999999968737256e+02 1.053830584280796323e+01
3.879999999968606517e+02 1.012945207006115922e+01
3.884999999968476345e+02 1.053013350402732407e+01
3.889999999968346174e+02 1.080349763159934717e+01
3.894999999968216002e+02 1.066288025322686828e+01
3.899999999968085831e+02 1.069909333732716838e+01
3.904999999967955659e+02 1.015484567188288167e+01
3.909999999967825488e+02 1.039015957995336414e+01
3.914999999967695317e+02 1.038508988453491533e+01
3.919999999967565145e+02 1.057588144049480228e+01
3.924999999967434974e+02 1.077081410135026829e+01
3.929999999967304234e+02 1.067548843799021796e+01
3.934999999967174062e+02 1.026328285917703198e+01
3.939999999967043891e+02 1.041762371584422375e+01
3.944999999966913720e+02 1.040303582727274900e+01
3.949999999966783548e+02 1.089172340264820349e+01
3.954999999966653377e+02 1.040584135628622953e+01
3.959999999966523205e+02 1.098992542132529593e+01
3.964999999966393034e+02 1.018740325490134957e+01
3.969999999966262862e+02 1.068136409796215247e+01
3.974999999966132691e+02 1.038453406002399326e+01
3.979999999966002520e+02 1.086221784798141066e+01
3.984999999965871780e+02 1.022914273113432060e+01
3.989999999965741608e+02 1.065436544103241445e+01
3.994999999965611437e+02 1.064704776419586629e+01
3.999999999965481265e+02 1.071854391796780170e+01
4.004999999965351094e+02 1.058648053564811775e+01
4.009999999965220923e+02 1.067245795321840518e+01
4.014999999965090751e+02 1.059575747672286994e+01
4.019999999964960580e+02 1.064249923866311143e+01
4.024999999964830408e+02 1.097111809430954033e+01
4.029999999964700237e+02 1.035257200101992758e+01
4.034999999964570065e+02 1.077858580193537996e+01
4.039999999964439326e+02 1.080379251937226925e+01
4.044999999964309154e+02 1.095091373508504873e+01
4.049999999964178983e+02 1.035183126972855305e+01
4.054999999964048811e+02 1.064820664565785613e+01
4.059999999964079507e+02 1.045278091712449964e+01
4.064999999964400104e+02 1.043972258722599555e+01
4.069999999964720132e+02 1.048915422328380309e+01
4.074999999965040729e+02 1.050054742117732332e+01
4.079999999965360757e+02 1.053928875424336553e+01
4.084999999965681354e+02 1.078618582135427850e+01
4.089999999966001383e+02 1.056331871369473241e+01
4.094999999966321980e+02 1.066090619876037593e+01
4.099999999966642008e+02 1.088253229785511245e+01
4.104999999966962605e+02 1.045561869085073425e+01
4.109999999967282633e+02 1.046297630201048534e+01
4.114999999967603230e+02 1.050616241682021901e+01
4.119999999967923259e+02 1.089860005534862353e+01
4.124999999968243856e+02 1.017312052793876020e+01
4.129999999968563884e+02 1.047607221985784065e+01
4.134999999968884481e+02 1.032829365641905994e+01
4.139999999969205078e+02 1.040107618221143859e+01
4.144999999969525106e+02 1.056087737034044949e+01
4.149999999969845703e+02 1.061926456066052893e+01
4.154999999970165732e+02 1.059234336751821459e+01
4.159999999970486328e+02 1.050065378461527743e+01
4.164999999970806357e+02 1.021979851690751850e+01
4.169999999971126954e+02 1.092394080085745500e+01
4.174999999971446982e+02 1.028092126023584818e+01
4.179999999971767579e+02 1.086101388113002386e+01
4.184999999972087608e+02 1.051127573684009953e+01
4.189999999972408204e+02 1.052838621400020003e+01
4.194999999972728233e+02 1.054505209664011112e+01
4.199999999973048830e+02 1.060561748781237590e+01
4.204999999973368858e+02 1.064696863758534384e+01
4.209999999973689455e+02 1.063720702085023895e+01
4.214999999974009484e+02 1.063033661383503947e+01
4.219999999974330080e+02 1.054036429956260079e+01
4.224999999974650109e+02 1.095424314289154388e+01
4.229999999974970706e+02 1.032917974159325958e+01
4.234999999975291303e+02 1.085230527282702795e+01
4.239999999975611331e+02 9.947916559152547578e+00
4.244999999975931928e+02 1.117310479506525311e+01
4.249999999976251956e+02 1.001701243884126846e+01
4.254999999976572553e+02 1.072634491884786456e+01
4.259999999976892582e+02 1.071091506796224913e+01
4.264999999977213179e+02 1.062293465805171522e+01
4.269999999977533207e+02 1.077733536207583498e+01
4.274999999977853804e+02 1.029313046935235221e+01
4.279999999978173832e+02 1.079987452432467876e+01
4.284999999978494429e+02 1.083701015731216089e+01
4.289999999978814458e+02 1.066169512933858776e+01
4.294999999979135055e+02 1.057348587183896527e+01
4.299999999979455083e+02 1.074553438503005154e+01
4.304999999979775680e+02 1.051146421190489377e+01
4.309999999980095708e+02 1.054298936516112128e+01
4.314999999980416305e+02 1.068261912446899409e+01
4.319999999980736902e+02 1.094434131546850253e+01
4.324999999981056931e+02 1.046112718711885137e+01
4.329999999981377528e+02 1.058041618151093033e+01
4.334999999981697556e+02 1.050866377998203660e+01
4.339999999982018153e+02 1.074992868219518272e+01
4.344999999982338181e+02 1.096223543408179957e+01
4.349999999982658778e+02 1.049250507425165324e+01
4.354999999982978807e+02 1.060292927311501998e+01
4.359999999983299404e+02 1.044970199719231019e+01
4.364999999983619432e+02 1.088471066552119559e+01
4.369999999983940029e+02 1.052344652564598348e+01
4.374999999984260057e+02 1.083213910824029469e+01
4.379999999984580654e+02 1.014807244246086348e+01
4.384999999984900683e+02 1.026818887784253143e+01
4.389999999985221280e+02 1.069664839441223236e+01
4.394999999985541308e+02 1.022595213486362198e+01
4.399999999985861905e+02 1.068279750350325408e+01
4.404999999986182502e+02 1.061766134665945138e+01
4.409999999986502530e+02 1.055248873164001999e+01
4.414999999986823127e+02 1.037619309134894330e+01
4.419999999987143156e+02 1.062541162005939732e+01
4.424999999987463752e+02 1.057549824357602830e+01
4.429999999987783781e+02 1.053978104596926002e+01
4.434999999988104378e+02 1.123642533950908451e+01
4.439999999988424406e+02 1.007950661599686093e+01
4.444999999988745003e+02 1.085596446780192714e+01
4.449999999989065032e+02 9.749904817797041545e+00
4.454999999989385628e+02 1.077110170144183243e+01
4.459999999989705657e+02 1.059185711873155178e+01
4.464999999990026254e+02 1.027040381305079464e+01
4.469999999990346282e+02 1.053140313901493208e+01
4.474999999990666879e+02 1.048446264417051488e+01
4.479999999990986908e+02 1.043195848446233498e+01
4.484999999991307504e+02 1.054474554406978548e+01
4.489999999991627533e+02 1.087400794919972391e+01
4.494999999991948130e+02 1.055402823734143070e+01
4.499999999992268727e+02 1.059031006144133080e+01
4.504999999992588755e+02 1.031960167854139421e+01
4.509999999992909352e+02 1.043258880201178229e+01
4.514999999993229380e+02 1.050447356697357648e+01
4.519999999993549977e+02 1.096230468256575463e+01
4.524999999993870006e+02 1.004487351338831935e+01
4.529999999994190603e+02 1.060259739686661185e+01
4.534999999994510631e+02 1.029252488307683677e+01
4.539999999994831228e+02 1.067513147616343971e+01
4.544999999995151256e+02 1.035929961105697750e+01
4.549999999995471853e+02 1.067744692582447819e+01
4.554999999995791882e+02 1.068907555741195736e+01
4.559999999996112479e+02 1.053756157882076749e+01
4.564999999996432507e+02 1.042741747623712101e+01
4.569999999996753104e+02 1.061845118351199169e+01
4.574999999997073132e+02 1.061681608828692625e+01
4.579999999997393729e+02 1.010036301833566341e+01
4.584999999997714326e+02 1.084934200619933975e+01
4.589999999998034355e+02 1.032126873953062329e+01
4.594999999998354951e+02 1.069161845051037218e+01
4.599999999998674980e+02 1.089535873858516268e+01
4.604999999998995577e+02 1.030395633567320601e+01
4.609999999999315605e+02 1.092278737014908430e+01
4.614999999999636202e+02 1.043312683944035868e+01
4.619999999999956231e+02 1.078609396882196236e+01
4.625000000000276827e+02 1.024797922611780621e+01
4.630000000000596856e+02 1.075249372971561534e+01
4.635000000000917453e+02 1.046913674062510680e+01
4.640000000001237481e+02 1.086650722667817526e+01
4.645000000001558078e+02 1.059075547886866175e+01
4.650000000001878107e+02 1.060446026786727103e+01
4.655000000002198703e+02 1.070116377723315360e+01
4.660000000002518732e+02 1.060335261757556324e+01
4.665000000002839329e+02 1.065181264166058206e+01
4.670000000003159357e+02 1.061055375246121280e+01
4.675000000003479954e+02 1.088296092161463235e+01
4.680000000003800551e+02 1.024113412966835313e+01
4.685000000004120579e+02 1.067421226268920975e+01
4.690000000004441176e+02 1.026929911900520942e+01
4.695000000004761205e+02 1.039763926504914515e+01
4.700000000005081802e+02 1.071249642613500441e+01
4.705000000005401830e+02 1.066641129208455041e+01
4.710000000005722427e+02 1.044380899709848620e+01
4.715000000006042455e+02 1.062208800069637604e+01
4.720000000006363052e+02 1.083368939133949560e+01
4.725000000006683081e+02 1.015179244766443567e+01
4.730000000007003678e+02 1.040546160699206268e+01
4.735000000007323706e+02 1.059820823030196202e+01
4.740000000007644303e+02 1.083587876052348697e+01
4.745000000007964331e+02 1.063115003521744484e+01
4.750000000008284928e+02 1.062375920125316675e+01
4.755000000008604957e+02 1.078209107606551598e+01
4.760000000008925554e+02 1.057413801992316493e+01
4.765000000009246151e+02 1.078836793197625177e+01
4.770000000009566179e+02 1.054135048454530654e+01
4.775000000009886776e+02 1.064635072055103038e+01
4.780000000010206804e+02 1.034364938208003082e+01
4.785000000010527401e+02 1.075752818156225032e+01
4.790000000010847430e+02 1.027578951868742330e+01
4.795000000011168027e+02 1.080974012591652844e+01
4.800000000011488055e+02 1.020377861828811561e+01
4.805000000011808652e+02 1.072385802030721003e+01
4.810000000012128680e+02 1.032849638470782239e+01
4.815000000012449277e+02 1.094361140855275849e+01
4.820000000012769306e+02 1.059677130038151738e+01
4.825000000013089902e+02 1.071162996036183124e+01
4.830000000013409931e+02 1.090904894126155078e+01
4.835000000013730528e+02 1.035709807540669480e+01
4.840000000014050556e+02 1.054939557922152282e+01
4.845000000014371153e+02 1.069236316210305660e+01
4.850000000014691750e+02 1.043798371859890928e+01
4.855000000015011778e+02 1.048187560234510052e+01
4.860000000015332375e+02 1.080689320875931614e+01
4.865000000015652404e+02 1.060232261949347432e+01
4.870000000015973001e+02 1.052812106775458822e+01
4.875000000016293029e+02 1.091977431877426774e+01
4.880000000016613626e+02 1.062734523193176450e+01
4.885000000016933654e+02 1.053379500805218960e+01
4.890000000017254251e+02 1.088764527523145276e+01
4.895000000017574280e+02 1.043158714705823087e+01
4.900000000017894877e+02 1.044944304235446708e+01
4.905000000018214905e+02 1.075992925610888484e+01
4.910000000018535502e+02 1.031422199898915260e+01
4.915000000018855530e+02 1.083648714254130141e+01
4.920000000019176127e+02 1.025634173913993052e+01
4.925000000019496156e+02 1.094728716467791152e+01
4.930000000019816753e+02 9.900891201994395985e+00
4.935000000020136781e+02 1.090681092608485159e+01
4.940000000020457378e+02 1.000383108178558622e+01
4.945000000020777975e+02 1.106779078219544132e+01
4.950000000021098003e+02 1.037852457926820904e+01
4.955000000021418600e+02 1.062918381136465129e+01
4.960000000021738629e+02 1.038953521507761657e+01
4.965000000022059226e+02 1.053821013653904792e+01
4.970000000022379254e+02 1.048396948237016346e+01
4.975000000022699851e+02 1.083306437005602874e+01
4.980000000023019879e+02 1.042076364454711879e+01
4.985000000023340476e+02 1.091848186854059577e+01
4.990000000023660505e+02 1.024428114233661091e+01
4.995000000023981102e+02 1.069011781155510654e+01
5.000000000024301130e+02 1.054252930787644971e+01
5.005000000024621727e+02 1.051805013204795536e+01
5.010000000024941755e+02 1.043926423293468986e+01
5.015000000025262352e+02 1.060658353543457189e+01
5.020000000025582381e+02 1.059628552865423146e+01
5.025000000025902978e+02 1.048537876654375900e+01
5.030000000026223574e+02 1.040779697815899141e+01
5.035000000026543603e+02 1.080480102525788766e+01
5.040000000026864200e+02 1.024151452934751738e+01
5.045000000027184228e+02 1.049196739427084246e+01
5.050000000027504825e+02 1.045998159444332742e+01
5.055000000027824854e+02 1.094528977714570317e+01
5.060000000028145450e+02 1.009724830743185287e+01
5.065000000028465479e+02 1.079937471182100417e+01
5.070000000028786076e+02 1.050458658715488625e+01
5.075000000029106104e+02 1.053444494004235388e+01
5.080000000029426701e+02 1.065156812868002234e+01
5.085000000029746730e+02 1.052375618454357742e+01
5.090000000030067326e+02 1.072759655041773996e+01
5.095000000030387355e+02 1.007150886847882454e+01
5.100000000030707952e+02 1.031574268500057379e+01
5.105000000031027980e+02 1.045741193149694404e+01
5.110000000031348577e+02 1.088653111632054760e+01
5.115000000031668606e+02 1.046778150156240272e+01
5.120000000031989202e+02 1.077919187163628045e+01
5.125000000032309799e+02 1.061326563050552529e+01
5.130000000032630396e+02 1.039407694114459701e+01
5.135000000032949856e+02 1.077746356231302727e+01
5.140000000033270453e+02 1.051285164534466965e+01
5.145000000033591050e+02 1.060075593923720660e+01
5.150000000033911647e+02 1.057417430221489951e+01
5.155000000034231107e+02 1.054152926389929057e+01
5.160000000034551704e+02 1.058295833427053623e+01
5.165000000034872301e+02 1.026526668744732973e+01
5.170000000035192897e+02 1.083640735971792957e+01
5.175000000035512357e+02 1.029484193270716119e+01
5.180000000035832954e+02 1.070220979598651390e+01
5.185000000036153551e+02 1.070519560097582001e+01
5.190000000036474148e+02 1.036743739953642063e+01
5.195000000036793608e+02 1.050978158981281219e+01
5.200000000037114205e+02 1.068087847098294496e+01
5.205000000037434802e+02 1.091988183546221514e+01
5.210000000037755399e+02 1.061923947300449811e+01
5.215000000038075996e+02 1.045381646180251245e+01
5.220000000038395456e+02 1.044224605182702525e+01
5.225000000038716053e+02 1.040069014200855690e+01
5.230000000039036649e+02 1.046968306462992970e+01
5.235000000039357246e+02 1.056172410873126566e+01
5.240000000039676706e+02 1.042253136624997190e+01
5.245000000039997303e+02 1.088156837333489868e+01
5.250000000040317900e+02 1.054161509331147961e+01
5.255000000040638497e+02 1.032722284919640465e+01
5.260000000040957957e+02 1.064458169282818822e+01
5.265000000041278554e+02 1.035972561477957044e+01
5.270000000041599151e+02 9.984937055902383563e+00
5.275000000041919748e+02 1.039525794852762353e+01
5.280000000042239208e+02 1.051783081308034973e+01
5.285000000042559805e+02 1.076449596978715739e+01
5.290000000042880401e+02 1.060821111170196573e+01
5.295000000043200998e+02 1.066085109077745585e+01
5.300000000043521595e+02 1.044720261140135698e+01
5.305000000043841055e+02 1.083409942247945068e+01
5.310000000044161652e+02 1.033281416284745546e+01
5.315000000044482249e+02 1.093091615582444298e+01
5.320000000044802846e+02 1.042964749222838350e+01
5.325000000045122306e+02 1.055029368811999646e+01
5.330000000045442903e+02 1.047106088072388808e+01
5.335000000045763500e+02 1.086201561541826166e+01
5.340000000046084097e+02 1.052539189443071876e+01
5.345000000046403557e+02 1.068270285296121180e+01
5.350000000046724153e+02 1.057384731639684361e+01
5.355000000047044750e+02 1.050633980679418755e+01
5.360000000047365347e+02 1.014263171876672942e+01
5.365000000047684807e+02 1.083860499907363995e+01
5.370000000048005404e+02 1.024179698473868427e+01
5.375000000048326001e+02 1.084868613986594887e+01
5.380000000048646598e+02 1.007438244601056354e+01
5.385000000048967195e+02 1.097370700688288991e+01
5.390000000049286655e+02 1.051476526147387069e+01
5.395000000049607252e+02 1.086874096050776117e+01
5.400000000049927849e+02 1.043252029169029704e+01
5.405000000050248445e+02 1.050563421501940198e+01
5.410000000050567905e+02 1.054214669736421328e+01
5.415000000050888502e+02 1.029368410684083734e+01
5.420000000051209099e+02 1.035487420859956487e+01
5.425000000051529696e+02 1.019016226527849689e+01
5.430000000051849156e+02 1.078000595912173409e+01
5.435000000052169753e+02 1.015910318069251161e+01
5.440000000052490350e+02 1.091833080264424893e+01
5.445000000052810947e+02 1.021283059303366869e+01
5.450000000053130407e+02 1.062153184905039538e+01
5.455000000053451004e+02 1.008254005604942982e+01
5.460000000053771601e+02 1.107254127798192478e+01
5.465000000054092197e+02 1.011080959965849324e+01
5.470000000054411657e+02 1.079608170926380595e+01
5.475000000054732254e+02 1.077255592826905861e+01
5.480000000055052851e+02 1.037802900319030286e+01
5.485000000055373448e+02 1.067522969160563306e+01
5.490000000055694045e+02 1.070234717035041250e+01
5.495000000056013505e+02 1.070091954836278170e+01
5.500000000056334102e+02 1.057262657301324360e+01
5.505000000056654699e+02 1.032379802321782236e+01
5.510000000056975296e+02 1.050962710318466264e+01
5.515000000057294756e+02 1.071331848781955109e+01
5.520000000057615352e+02 1.052912107025412958e+01
5.525000000057935949e+02 1.091029154640485999e+01
5.530000000058256546e+02 1.039937038586564100e+01
5.535000000058576006e+02 1.064596861528011829e+01
5.540000000058896603e+02 1.054674311359083916e+01
5.545000000059217200e+02 1.093942285789136193e+01
5.550000000059537797e+02 1.031834310492736861e+01
5.555000000059857257e+02 1.094735795659772393e+01
5.560000000060177854e+02 1.044251334158110112e+01
5.565000000060498451e+02 1.028865187720888841e+01
5.570000000060819048e+02 1.071250240345935723e+01
5.575000000061139644e+02 1.054615440818038508e+01
5.580000000061459104e+02 1.052059251601631118e+01
5.585000000061779701e+02 1.086108930925437299e+01
5.590000000062100298e+02 1.019282876637553414e+01
5.595000000062420895e+02 1.054963592912541159e+01
5.600000000062740355e+02 1.034676303069927528e+01
5.605000000063060952e+02 1.073950485974735791e+01
5.610000000063381549e+02 1.063468979516606971e+01
5.615000000063702146e+02 1.086858719514241400e+01
5.620000000064021606e+02 1.071884582883888370e+01
5.625000000064342203e+02 1.063711095545944474e+01
5.630000000064662800e+02 1.061613847713441139e+01
5.635000000064983396e+02 1.056771063480121953e+01
5.640000000065302856e+02 1.065230405369612043e+01
5.645000000065623453e+02 1.068854278814728076e+01
5.650000000065944050e+02 1.051760029255751761e+01
5.655000000066264647e+02 1.061215756080786576e+01
5.660000000066585244e+02 1.070511029415572146e+01
5.665000000066904704e+02 1.056368102672477605e+01
5.670000000067225301e+02 1.051843719298328672e+01
5.675000000067545898e+02 1.081503707283292925e+01
5.680000000067866495e+02 1.055737904156197793e+01
5.685000000068185955e+02 1.092455584803436608e+01
5.690000000068506552e+02 1.054909639873947746e+01
5.695000000068827148e+02 1.063635018525343412e+01
5.700000000069147745e+02 1.073357333857131657e+01
5.705000000069467205e+02 1.077081058925629087e+01
5.710000000069787802e+02 1.033297265804921317e+01
5.715000000070108399e+02 1.053899034276726887e+01
5.720000000070428996e+02 1.032377010437932796e+01
5.725000000070748456e+02 1.054891329756848251e+01
5.730000000071069053e+02 1.047790036659624668e+01
5.735000000071389650e+02 1.079889725531648992e+01
5.740000000071710247e+02 1.046619158087592716e+01
5.745000000072030844e+02 1.087130455972077847e+01
5.750000000072350304e+02 1.036392263890210508e+01
5.755000000072670900e+02 1.072679897586122344e+01
5.760000000072991497e+02 1.075480585944799827e+01
5.765000000073312094e+02 1.067729788872737728e+01
5.770000000073631554e+02 1.047722340041456057e+01
5.775000000073952151e+02 1.054265241613590653e+01
5.780000000074272748e+02 1.065701173398090518e+01
5.785000000074593345e+02 1.063379221255367746e+01
5.790000000074912805e+02 1.088259226319851258e+01
5.795000000075233402e+02 1.040379762785988227e+01
5.800000000075553999e+02 1.061740087385083164e+01
5.805000000075874595e+02 1.042425872425924815e+01
5.810000000076194056e+02 1.024252647139394590e+01
5.815000000076514652e+02 1.087354411114905517e+01
5.820000000076835249e+02 1.067405642732781601e+01
5.825000000077155846e+02 1.070083126991930200e+01
5.830000000077476443e+02 1.052200820286262228e+01
5.835000000077795903e+02 1.055480785265079646e+01
5.840000000078116500e+02 1.051906745658589237e+01
5.845000000078437097e+02 1.072759129491281271e+01
5.850000000078757694e+02 1.042925275728593704e+01
5.855000000079077154e+02 1.063843313914398614e+01
5.860000000079397751e+02 1.065763160851044766e+01
5.865000000079718347e+02 1.062314635388757900e+01
5.870000000080038944e+02 1.039406113052376135e+01
5.875000000080358404e+02 1.023666993030902717e+01
5.880000000080679001e+02 1.081675853712099666e+01
5.885000000080999598e+02 1.042198556006440135e+01
5.890000000081320195e+02 1.092161174052543160e+01
5.895000000081639655e+02 1.068840109605100963e+01
5.900000000081960252e+02 1.076927103522952400e+01
5.905000000082280849e+02 1.046627983593397992e+01
5.910000000082601446e+02 1.067973537320851918e+01
5.915000000082920906e+02 1.060794889893442772e+01
5.920000000083241503e+02 1.091270379507383836e+01
5.925000000083562099e+02 1.054663481210544518e+01
5.930000000083882696e+02 1.103720063879419477e+01
5.935000000084203293e+02 1.029095253125749743e+01
5.940000000084522753e+02 1.072053296577033166e+01
5.945000000084843350e+02 1.065597518741865990e+01
5.950000000085163947e+02 1.047793726217480526e+01
5.955000000085484544e+02 1.106870543075791069e+01
5.960000000085804004e+02 1.026721052344215046e+01
5.965000000086124601e+02 1.084987049609414811e+01
5.970000000086445198e+02 1.048791002774337677e+01
5.975000000086765795e+02 1.046929302362239333e+01
5.980000000087085255e+02 1.019870821616235013e+01
5.985000000087405851e+02 1.063073591614910995e+01
5.990000000087726448e+02 1.056142491034440667e+01
5.995000000088047045e+02 1.041948267943217132e+01
6.000000000088366505e+02 1.037507144215800103e+01
6.005000000088687102e+02 1.037983990426335801e+01
6.010000000089007699e+02 1.093571217988461797e+01
6.015000000089328296e+02 1.060366038303289038e+01
6.020000000089648893e+02 1.070799692571612560e+01
6.025000000089968353e+02 1.062373339453913168e+01
6.030000000090288950e+02 1.033656621916241569e+01
6.035000000090609547e+02 1.042584444125800935e+01
6.040000000090930143e+02 1.075981133418159175e+01
6.045000000091249603e+02 9.981524704598093933e+00
6.050000000091570200e+02 1.058760434642480064e+01
6.055000000091890797e+02 1.049741574648718512e+01
6.060000000092211394e+02 1.065468462806404659e+01
6.065000000092530854e+02 1.021647547661271105e+01
6.070000000092851451e+02 1.074453219471403465e+01
6.075000000093172048e+02 1.028174746248705063e+01
6.080000000093492645e+02 1.074285123617447368e+01
6.085000000093812105e+02 1.015274983743283599e+01
6.090000000094132702e+02 1.064613148872997073e+01
6.095000000094453299e+02 1.035433929296094568e+01
6.100000000094773895e+02 1.077814891253609630e+01
6.105000000095094492e+02 1.051068674987084606e+01
6.110000000095413952e+02 1.084837171503053455e+01
6.115000000095734549e+02 1.053885331173481887e+01
6.120000000096055146e+02 1.088008785041036575e+01
6.125000000096375743e+02 1.045458169158397510e+01
6.130000000096695203e+02 1.070730898195352943e+01
6.135000000097015800e+02 1.046149937316853773e+01
6.140000000097336397e+02 1.088123522609969029e+01
6.145000000097656994e+02 1.028335352960919913e+01
6.150000000097976454e+02 1.049387456443561462e+01
6.155000000098297050e+02 1.034445421119202635e+01
6.160000000098617647e+02 1.060151116433528706e+01
6.165000000098938244e+02 1.002570593694326462e+01
6.170000000099257704e+02 1.059093214891961843e+01
6.175000000099578301e+02 1.041482675964825155e+01
6.180000000099898898e+02 1.061805786597978063e+01
6.185000000100219495e+02 1.036207087292668483e+01
6.190000000100540092e+02 1.033210807976253420e+01
6.195000000100859552e+02 1.071379224785575701e+01
6.200000000101180149e+02 1.092739937110115278e+01
6.205000000101500746e+02 1.047819436735373522e+01
6.210000000101821342e+02 1.073893281786069664e+01
6.215000000102140802e+02 9.907128580753365554e+00
6.220000000102461399e+02 1.069150296993930738e+01
6.225000000102781996e+02 9.861361950620180394e+00
6.230000000103102593e+02 1.088047078397290335e+01
6.235000000103422053e+02 1.006275950500327987e+01
6.240000000103742650e+02 1.051570150333839848e+01
6.245000000104063247e+02 1.077024137288945660e+01
6.250000000104383844e+02 1.019510298546269844e+01
6.255000000104703304e+02 1.056370128246833318e+01
6.260000000105023901e+02 1.066318130504203765e+01
6.265000000105344498e+02 1.057668401589382334e+01
6.270000000105665094e+02 1.048325907064624829e+01
6.275000000105985691e+02 1.073150574501838683e+01
6.280000000106305151e+02 1.035422130848534827e+01
6.285000000106625748e+02 1.071667712587507815e+01
6.290000000106946345e+02 1.051169543107881132e+01
6.295000000107266942e+02 1.057914862530269673e+01
6.300000000107586402e+02 1.100576089102318100e+01
6.305000000107906999e+02 1.056608954790584676e+01
6.310000000108227596e+02 1.083059899151484906e+01
6.315000000108548193e+02 1.021455509584865240e+01
6.320000000108867653e+02 1.066252093342173346e+01
6.325000000109188250e+02 1.050699857134486415e+01
6.330000000109508846e+02 1.037517523146257581e+01
6.335000000109829443e+02 1.062150194597573005e+01
6.340000000110148903e+02 1.031786064581298135e+01
6.345000000110469500e+02 1.046504382644774189e+01
6.350000000110790097e+02 1.076806638083414747e+01
6.355000000111110694e+02 1.030826297297132399e+01
6.360000000111430154e+02 1.060493267518521776e+01
6.365000000111750751e+02 1.072984760230349011e+01
6.370000000112071348e+02 1.056289877244806341e+01
6.375000000112391945e+02 1.056389094479725443e+01
6.380000000112712542e+02 1.043445528356622276e+01
6.385000000113032002e+02 1.027498686264853589e+01
6.390000000113352598e+02 1.102882913430875611e+01
6.395000000113673195e+02 1.051531013817221805e+01
6.400000000113993792e+02 1.089508832533344318e+01
6.405000000114313252e+02 1.041650696077391913e+01
6.410000000114633849e+02 1.029509069355213313e+01
6.415000000114954446e+02 1.091367973628574717e+01
6.420000000115275043e+02 1.063107946409771820e+01
6.425000000115594503e+02 1.040795115228285006e+01
6.430000000115915100e+02 1.063312047846902253e+01
6.435000000116235697e+02 1.077376776411923309e+01
6.440000000116556294e+02 1.039232429440453309e+01
6.445000000116875754e+02 1.083654172836461171e+01
6.450000000117196350e+02 1.031442973856607637e+01
6.455000000117516947e+02 1.072200579047035873e+01
6.460000000117837544e+02 1.045467611494362004e+01
6.465000000118158141e+02 1.099071680472403578e+01
6.470000000118477601e+02 1.054209317497392817e+01
6.475000000118798198e+02 1.030672759877791655e+01
6.480000000119118795e+02 1.037030838998361126e+01
6.485000000119439392e+02 1.094488609440672278e+01
6.490000000119758852e+02 1.047529444156626433e+01
6.495000000120079449e+02 1.101478743356261525e+01
6.500000000120400045e+02 1.044130416831164965e+01
6.505000000120720642e+02 1.056895691805760684e+01
6.510000000121040102e+02 1.046214523937029917e+01
6.515000000121360699e+02 1.086986553405941791e+01
6.520000000121681296e+02 1.065440470429570397e+01
6.525000000122001893e+02 1.072929944040736139e+01
6.530000000122321353e+02 1.065948503294970173e+01
6.535000000122641950e+02 1.019857118080972036e+01
6.540000000122962547e+02 1.086491116821802549e+01
6.545000000123283144e+02 1.056750578753804604e+01
6.550000000123603741e+02 1.082859507734935889e+01
6.555000000123923201e+02 1.051920848146541054e+01
6.560000000124243797e+02 1.050922044093561425e+01
6.565000000124564394e+02 1.035057838173236711e+01
6.570000000124884991e+02 1.076134900233407876e+01
6.575000000125204451e+02 1.072716982105747618e+01
6.580000000125525048e+02 1.074897313606891558e+01
6.585000000125845645e+02 1.062880777355470130e+01
6.590000000126166242e+02 1.014320975349557585e+01
6.595000000126485702e+02 1.043254260135485900e+01
6.600000000126806299e+02 1.065661857085705577e+01
6.605000000127126896e+02 1.033756154996201815e+01
6.610000000127447493e+02 1.098212201302513158e+01
6.615000000127766953e+02 1.030271768603678417e+01
6.620000000128087549e+02 1.072295106196469661e+01
6.625000000128408146e+02 1.046265479635580320e+01
6.630000000128728743e+02 1.069161905260736489e+01
6.635000000129049340e+02 1.057879603242019506e+01
6.640000000129368800e+02 1.054408221451043559e+01
6.645000000129689397e+02 1.056348054911408951e+01
6.650000000130009994e+02 1.068080053884896508e+01
6.655000000130330591e+02 1.078223510689123543e+01
6.660000000130650051e+02 1.030484535488922049e+01
6.665000000130970648e+02 1.060840255079212824e+01
6.670000000131291245e+02 1.042175143241813018e+01
6.675000000131611841e+02 1.067497748066966956e+01
6.680000000131931301e+02 1.041724550831328955e+01
6.685000000132251898e+02 1.098178051200964589e+01
6.690000000132572495e+02 1.012743966680151786e+01
6.695000000132893092e+02 1.050368791003725022e+01
6.700000000133212552e+02 1.065806134225283408e+01
6.705000000133533149e+02 1.037272761521119158e+01
6.710000000133853746e+02 1.121153558436787812e+01
6.715000000134174343e+02 1.031242602829112442e+01
6.720000000134494940e+02 1.085739833682727529e+01
6.725000000134814400e+02 1.031185344504159929e+01
6.730000000135134997e+02 1.051375837742649111e+01
6.735000000135455593e+02 1.019070752725819595e+01
6.740000000135776190e+02 1.085785069909750256e+01
6.745000000136095650e+02 1.055314679042603920e+01
6.750000000136416247e+02 1.067460320613628610e+01
6.755000000136736844e+02 1.045209856204976617e+01
6.760000000137057441e+02 1.065646939585001540e+01
6.765000000137376901e+02 1.072911202140445042e+01
6.770000000137697498e+02 1.054808836997296240e+01
6.775000000138018095e+02 1.099783315087360869e+01
6.780000000138338692e+02 1.038386895565508361e+01
6.785000000138658152e+02 1.078951644156696688e+01
6.790000000138978749e+02 1.045909706828840591e+01
6.795000000139299345e+02 1.030851061406634273e+01
6.800000000139619942e+02 1.061729996366681306e+01
6.805000000139939402e+02 1.044913025832328302e+01
6.810000000140259999e+02 1.099572003940931708e+01
6.815000000140580596e+02 1.059120987587795781e+01
6.820000000140901193e+02 1.059259745261528707e+01
6.825000000141221790e+02 1.065755900287212654e+01
6.830000000141541250e+02 1.047505819538473126e+01
6.835000000141861847e+02 1.051844520036648234e+01
6.840000000142182444e+02 1.049940381693313540e+01
6.845000000142503040e+02 1.044303576624866636e+01
6.850000000142822500e+02 1.084583741265895540e+01
6.855000000143143097e+02 1.049263501215441430e+01
6.860000000143463694e+02 1.040672634857589074e+01
6.865000000143784291e+02 1.061236627532540489e+01
6.870000000144103751e+02 1.056347554583233439e+01
6.875000000144424348e+02 1.072911099101009214e+01
6.880000000144744945e+02 1.074999769175235187e+01
6.885000000145065542e+02 1.037078604775306445e+01
6.890000000145385002e+02 1.038511244528613098e+01
6.895000000145705599e+02 1.044054361219749971e+01
6.900000000146026196e+02 1.042501836829769246e+01
6.905000000146346792e+02 1.052323638781028414e+01
6.910000000146667389e+02 1.082729114999729525e+01
6.915000000146986849e+02 1.043611163297073929e+01
6.920000000147307446e+02 1.058036949713918773e+01
6.925000000147628043e+02 1.065862816980520655e+01
6.930000000147948640e+02 1.080516169415302485e+01
6.935000000148268100e+02 1.016280479269352632e+01
6.940000000148588697e+02 1.070231073590782778e+01
6.945000000148909294e+02 1.006038008091863034e+01
6.950000000149229891e+02 1.077735672896619690e+01
6.955000000149549351e+02 1.013589119463786581e+01
6.960000000149869948e+02 1.058493119667382842e+01
6.965000000150190544e+02 1.027840427332052720e+01
6.970000000150511141e+02 1.092225372990123589e+01
6.975000000150830601e+02 1.036912381023851992e+01
6.980000000151151198e+02 1.050886982197982000e+01
6.985000000151471795e+02 1.044320545972222369e+01
6.990000000151792392e+02 1.056944967760529330e+01
6.995000000152112989e+02 1.101279717932007074e+01
7.000000000152432449e+02 1.037615951380746004e+01
7.005000000152753046e+02 1.046797405047494500e+01
7.010000000153073643e+02 1.042000961494773570e+01
7.015000000153394240e+02 1.069681039818945223e+01
7.020000000153713700e+02 1.091714125880520569e+01
7.025000000154034296e+02 1.054053416317962544e+01
7.030000000154354893e+02 1.056407539797894657e+01
7.035000000154675490e+02 1.059525535881740765e+01
7.040000000154994950e+02 1.027596657099746302e+01
7.045000000155315547e+02 1.111979367937827590e+01
7.050000000155636144e+02 1.053862260991526512e+01
7.055000000155956741e+02 1.103638075498524707e+01
7.060000000156276201e+02 1.036784563855400343e+01
7.065000000156596798e+02 1.071953508547008482e+01
7.070000000156917395e+02 1.005120287659254075e+01
7.075000000157237992e+02 1.085028534852510873e+01
7.080000000157558588e+02 1.044776977199023804e+01
7.085000000157878048e+02 1.063295562713717146e+01
7.090000000158198645e+02 1.036602070573921353e+01
7.095000000158519242e+02 1.028395454799722586e+01
7.100000000158839839e+02 1.075051701800307136e+01
7.105000000159159299e+02 1.049923265359354652e+01
7.110000000159479896e+02 1.061745285504099456e+01
7.115000000159800493e+02 1.038459912968741250e+01
7.120000000160121090e+02 1.058188596664844106e+01
7.125000000160440550e+02 1.061429778007890690e+01
7.130000000160761147e+02 1.082475749766820705e+01
7.135000000161081743e+02 1.040757431615025297e+01
7.140000000161402340e+02 1.036715630026462165e+01
7.145000000161721800e+02 1.093253065520671719e+01
7.150000000162042397e+02 1.069024096215175668e+01
7.155000000162362994e+02 1.048079645465461240e+01
7.160000000162683591e+02 1.100838534920858081e+01
7.165000000163003051e+02 1.075125663794683106e+01
7.170000000163323648e+02 1.031065882932888655e+01
7.175000000163644245e+02 1.068317792334868166e+01
7.180000000163964842e+02 1.054155730289118509e+01
7.185000000164285439e+02 1.055316619418533541e+01
7.190000000164604899e+02 1.031670402267649678e+01
7.195000000164925495e+02 1.072771577795260356e+01
7.200000000165246092e+02 1.031442638809076406e+01
7.205000000165566689e+02 1.085397957680999426e+01
7.210000000165886149e+02 1.027008230349109752e+01
7.215000000166206746e+02 1.092685985056890807e+01
7.220000000166527343e+02 1.017112556569413861e+01
7.225000000166847940e+02 1.029476617215372158e+01
7.230000000167167400e+02 1.027384155666127086e+01
7.235000000167487997e+02 1.038779207326139620e+01
7.240000000167808594e+02 1.078693273906776717e+01
7.245000000168129191e+02 1.070611001481752922e+01
7.250000000168448651e+02 1.055443890654143857e+01
7.255000000168769247e+02 1.070931990507339648e+01
7.260000000169089844e+02 1.035535393147910455e+01
7.265000000169410441e+02 1.054209696834518439e+01
7.270000000169731038e+02 1.059424564096255672e+01
7.275000000170050498e+02 1.058069567930170862e+01
7.280000000170371095e+02 1.075572820068195945e+01
7.285000000170691692e+02 1.014123783710221183e+01
7.290000000171012289e+02 1.045733105350049641e+01
7.295000000171331749e+02 1.069992054678133897e+01
7.300000000171652346e+02 1.108368946515758324e+01
7.305000000171972943e+02 1.092210696335830811e+01
7.310000000172293539e+02 1.021631204347934130e+01
7.315000000172612999e+02 1.062656216320969804e+01
7.320000000172933596e+02 1.036219847102813318e+01
7.325000000173254193e+02 1.051755874605166419e+01
7.330000000173574790e+02 1.009175884525501488e+01
7.335000000173894250e+02 1.087119668121717275e+01
7.340000000174214847e+02 1.034447594012320693e+01
7.345000000174535444e+02 1.056120267438262417e+01
7.350000000174856041e+02 1.039561444694700398e+01
7.355000000175176638e+02 1.085549281571177005e+01
7.360000000175496098e+02 1.071595800991024916e+01
7.365000000175816695e+02 1.069363045127568768e+01
7.370000000176137291e+02 1.050096205843787267e+01
7.375000000176457888e+02 1.058168558751965271e+01
7.380000000176777348e+02 1.005266069380228799e+01
7.385000000177097945e+02 1.049092368401864661e+01
7.390000000177418542e+02 1.055848948862415249e+01
7.395000000177739139e+02 1.076890857320530515e+01
7.400000000178058599e+02 1.065259613050970167e+01
7.405000000178379196e+02 1.064000343012419769e+01
7.410000000178699793e+02 1.068881786279301593e+01
7.415000000179020390e+02 1.099368947010403019e+01
7.420000000179339850e+02 1.072405765628941943e+01
7.425000000179660447e+02 1.058324804893838866e+01
7.430000000179981043e+02 1.029972719935099335e+01
7.435000000180301640e+02 1.038896416749575735e+01
7.440000000180622237e+02 1.042573700234436984e+01
7.445000000180941697e+02 1.082229145531350412e+01
7.450000000181262294e+02 1.031217432467727058e+01
7.455000000181582891e+02 1.081628305993840655e+01
7.460000000181903488e+02 1.037634035980060432e+01
7.465000000182222948e+02 1.017742586507098856e+01
7.470000000182543545e+02 1.062443848270569013e+01
7.475000000182864142e+02 1.050048116796164699e+01
7.480000000183184738e+02 1.040554817998488168e+01
7.485000000183504199e+02 1.058334877798933960e+01
7.490000000183824795e+02 1.081252451525166514e+01
7.495000000184145392e+02 1.062064874943415127e+01
7.500000000184465989e+02 1.045814365069665186e+01
7.505000000184785449e+02 1.035955432699990375e+01
7.510000000185106046e+02 1.038624504041064256e+01
7.515000000185426643e+02 1.044955667569976576e+01
7.520000000185747240e+02 1.055641633467287654e+01
7.525000000186067837e+02 1.053741957290698572e+01
7.530000000186387297e+02 1.056464897888510812e+01
7.535000000186707894e+02 1.075841494505180407e+01
7.540000000187028490e+02 1.064018630469993454e+01
7.545000000187349087e+02 1.071288223068934009e+01
7.550000000187668547e+02 1.035475738720500871e+01
7.555000000187989144e+02 1.042238212011580600e+01
7.560000000188309741e+02 1.044798014882927539e+01
7.565000000188630338e+02 1.035002101649705963e+01
7.570000000188949798e+02 1.072306121050766059e+01
7.575000000189270395e+02 1.081048208815231426e+01
7.580000000189590992e+02 1.029524350311299763e+01
7.585000000189911589e+02 1.098650325691074059e+01
7.590000000190231049e+02 1.043340316843928051e+01
7.595000000190551646e+02 1.066949131018935581e+01
7.600000000190872242e+02 1.020293669565980110e+01
7.605000000191192839e+02 1.101231094241590291e+01
7.610000000191512299e+02 9.997865033344558228e+00
7.615000000191832896e+02 1.055477672699655223e+01
7.620000000192153493e+02 1.069930681016450613e+01
7.625000000192474090e+02 1.081428739055769483e+01
7.630000000192794687e+02 1.034430907945451494e+01
7.635000000193114147e+02 1.096511424472121554e+01
7.640000000193434744e+02 1.040033424422748354e+01
7.645000000193755341e+02 1.090176193912938629e+01
7.650000000194075938e+02 1.016532742744178108e+01
7.655000000194395398e+02 1.052603463259678307e+01
7.660000000194715994e+02 1.052872806018169349e+01
7.665000000195036591e+02 1.089767625532640238e+01
7.670000000195357188e+02 1.012403250463555260e+01
7.675000000195676648e+02 1.096708913299591259e+01
7.680000000195997245e+02 1.037551106690287206e+01
7.685000000196317842e+02 1.072253664461323375e+01
7.690000000196638439e+02 1.053723076185872110e+01
7.695000000196957899e+02 1.031163596776743496e+01
7.700000000197278496e+02 1.087541642383588503e+01
7.705000000197599093e+02 1.026274998306940844e+01
7.710000000197919690e+02 1.054045283001055822e+01
7.715000000198240286e+02 1.054721609009469852e+01
7.720000000198559746e+02 1.067572130610797920e+01
7.725000000198880343e+02 1.077002235412313702e+01
7.730000000199200940e+02 1.061441226468734378e+01
7.735000000199521537e+02 1.072243331481670303e+01
7.740000000199840997e+02 1.075490314457633900e+01
7.745000000200161594e+02 1.026754010500415681e+01
7.750000000200482191e+02 1.097138659245715786e+01
7.755000000200802788e+02 1.058541045095315170e+01
7.760000000201122248e+02 1.018513152687764389e+01
7.765000000201442845e+02 1.016453470941825898e+01
7.770000000201763442e+02 1.089820671911796879e+01
7.775000000202084038e+02 1.065873913421123476e+01
7.780000000202403498e+02 1.032209931396963221e+01
7.785000000202724095e+02 1.085678042085466011e+01
7.790000000203044692e+02 1.026659797725355006e+01
7.795000000203365289e+02 1.060178660726901434e+01
7.800000000203685886e+02 1.033953149065896859e+01
7.805000000204005346e+02 1.082739445847613702e+01
7.810000000204325943e+02 1.079642662111592344e+01
7.815000000204646540e+02 1.051721456715644898e+01
7.820000000204967137e+02 1.025387813276000948e+01
7.825000000205286597e+02 1.061929580264731676e+01
7.830000000205607193e+02 1.040279131098844623e+01
7.835000000205927790e+02 1.074684151803740484e+01
7.840000000206248387e+02 1.088152429729704274e+01
7.845000000206567847e+02 1.084035467359563043e+01
7.850000000206888444e+02 1.072552684382139887e+01
7.855000000207209041e+02 1.073563046525444697e+01
7.860000000207529638e+02 1.053022639022726104e+01
7.865000000207849098e+02 1.054399996656657557e+01
7.870000000208169695e+02 1.052731343451470103e+01
7.875000000208490292e+02 1.056811420269775503e+01
7.880000000208810889e+02 1.035658501090472505e+01
7.885000000209131485e+02 1.067663400321224998e+01
7.890000000209450945e+02 1.048227712552699842e+01
7.895000000209771542e+02 1.047452359707999570e+01
7.900000000210092139e+02 1.068877308957433137e+01
7.905000000210412736e+02 1.086417927182657017e+01
7.910000000210732196e+02 1.063022196511274409e+01
7.915000000211052793e+02 1.062424789775944944e+01
7.920000000211373390e+02 1.067411761293635664e+01
7.925000000211693987e+02 1.075272035308566210e+01
7.930000000212013447e+02 1.035020100874710813e+01
7.935000000212334044e+02 1.093111901545644571e+01
7.940000000212654641e+02 1.073400333022560993e+01
7.945000000212975237e+02 1.122057485252078557e+01
7.950000000213294697e+02 1.059413658488280419e+01
7.955000000213615294e+02 1.057139797659475811e+01
7.960000000213935891e+02 1.038970246457790125e+01
7.965000000214256488e+02 1.046503182184188852e+01
7.970000000214577085e+02 1.103241122196718749e+01
7.975000000214896545e+02 1.057950456145641027e+01
7.980000000215217142e+02 1.113525368800804394e+01
7.985000000215537739e+02 1.033440395826772118e+01
7.990000000215858336e+02 1.069455890127915687e+01
7.995000000216177796e+02 1.051043187458883210e+01
8.000000000216498393e+02 1.054799447506718479e+01
8.005000000216818989e+02 1.043504456440681238e+01
8.010000000217139586e+02 1.083224194245155303e+01
8.015000000217459046e+02 1.041397581507770376e+01
8.020000000217779643e+02 1.073597945602002213e+01
8.025000000218100240e+02 1.031239987169690231e+01
8.030000000218420837e+02 1.068694102770030341e+01
8.035000000218740297e+02 1.043576604207579095e+01
8.040000000219060894e+02 1.072055955617760326e+01
8.045000000219381491e+02 9.997760939008793812e+00
8.050000000219702088e+02 1.097956078023562831e+01
8.055000000220021548e+02 1.026092551946623566e+01
8.060000000220342145e+02 1.099599230917908166e+01
8.065000000220662741e+02 1.021356560505535072e+01
8.070000000220983338e+02 1.095602107970926831e+01
8.075000000221303935e+02 1.023370822022557292e+01
8.080000000221623395e+02 1.056419810986053953e+01
8.085000000221943992e+02 1.036237498113921518e+01
8.090000000222264589e+02 1.104773917215929124e+01
8.095000000222585186e+02 1.044645269007130572e+01
8.100000000222904646e+02 1.097254610179732559e+01
8.105000000223225243e+02 1.023421943847044879e+01
8.110000000223545840e+02 1.104381933148297179e+01
8.115000000223866436e+02 1.027719202965418965e+01
8.120000000224185897e+02 1.078474390796954019e+01
8.125000000224506493e+02 1.060612853306507830e+01
8.130000000224827090e+02 1.104328678468255198e+01
8.135000000225147687e+02 1.052634483115168429e+01
8.140000000225467147e+02 1.103485248599285740e+01
8.145000000225787744e+02 1.036178330140491788e+01
8.150000000226108341e+02 1.021077257801510996e+01
8.155000000226428938e+02 1.073448064022059434e+01
8.160000000226749535e+02 1.062628237087830918e+01
8.165000000227068995e+02 1.046473536217842515e+01
8.170000000227389592e+02 1.041715193225124203e+01
8.175000000227710188e+02 1.094994053570457559e+01
8.180000000228030785e+02 1.028113615516333113e+01
8.185000000228350245e+02 1.117332689031242943e+01
8.190000000228670842e+02 1.065086889955514415e+01
8.195000000228991439e+02 1.071502150808031217e+01
8.200000000229312036e+02 1.050309060679098927e+01
8.205000000229631496e+02 1.077847558805448358e+01
8.210000000229952093e+02 1.069577439635757266e+01
8.215000000230272690e+02 1.056751478679262846e+01
8.220000000230593287e+02 1.064583840864462871e+01
8.225000000230912747e+02 1.028284353405987339e+01
8.230000000231233344e+02 1.089599442110154115e+01
8.235000000231553940e+02 9.951035721754386998e+00
8.240000000231874537e+02 1.080995560166890890e+01
8.245000000232195134e+02 1.058463252473636729e+01
8.250000000232514594e+02 1.070381122136957508e+01
8.255000000232835191e+02 1.069957559872984376e+01
8.260000000233155788e+02 1.021742179741981005e+01
8.265000000233476385e+02 1.078333169422119298e+01
8.270000000233795845e+02 1.012337234949675668e+01
8.275000000234116442e+02 1.072767804602006692e+01
8.280000000234437039e+02 1.059297735664496898e+01
8.285000000234757636e+02 1.083562353261072175e+01
8.290000000235077096e+02 1.041806474856264408e+01
8.295000000235397692e+02 1.095650989763666594e+01
8.300000000235718289e+02 1.071592432795861605e+01
8.305000000236038886e+02 1.063393472482749580e+01
8.310000000236358346e+02 1.049517262177560539e+01
8.315000000236678943e+02 1.093503115536103998e+01
8.320000000236999540e+02 1.059597742810911747e+01
8.325000000237320137e+02 1.081661013001912863e+01
8.330000000237640734e+02 1.012994935733123292e+01
8.335000000237960194e+02 1.068306875176585002e+01
8.340000000238280791e+02 1.058261236789185489e+01
8.345000000238601388e+02 1.043246376151582311e+01
8.350000000238921984e+02 1.011505180294726358e+01
8.355000000239241444e+02 1.081489874522889494e+01
8.360000000239562041e+02 1.073513508442504616e+01
8.365000000239882638e+02 1.060361719735313102e+01
8.370000000240203235e+02 1.079871990212346766e+01
8.375000000240522695e+02 1.078533654755164051e+01
8.380000000240843292e+02 1.011514537220847032e+01
8.385000000241163889e+02 1.090756566432814978e+01
8.390000000241484486e+02 1.029276466612233776e+01
8.395000000241803946e+02 1.050650660369855416e+01
8.400000000242124543e+02 1.054937814159423937e+01
8.405000000242445140e+02 1.093415863047668068e+01
8.410000000242765736e+02 1.063738616327611552e+01
8.415000000243086333e+02 1.080347863407311770e+01
8.420000000243405793e+02 1.067213580905996295e+01
8.425000000243726390e+02 1.037919612126656155e+01
8.430000000244046987e+02 1.047983918818652427e+01
8.435000000244367584e+02 1.071972395387380672e+01
8.440000000244687044e+02 1.053694510061915857e+01
8.445000000245007641e+02 1.055981891440834985e+01
8.450000000245328238e+02 1.059889798557121843e+01
8.455000000245648835e+02 1.065079655143112447e+01
8.460000000245968295e+02 1.064270050211852947e+01
8.465000000246288892e+02 1.035788838637874676e+01
8.470000000246609488e+02 1.092867729100451690e+01
8.475000000246930085e+02 1.038054216505802074e+01
8.480000000247249545e+02 1.061276973198801876e+01
8.485000000247570142e+02 1.041629692440745636e+01
8.490000000247890739e+02 1.069036901162344932e+01
8.495000000248211336e+02 1.055440919454756887e+01
8.500000000248530796e+02 1.061428632538681072e+01
8.505000000248851393e+02 1.050924657973695986e+01
8.510000000249171990e+02 1.069330285610931419e+01
8.515000000249492587e+02 1.034144207519579872e+01
8.520000000249813183e+02 1.015128582735047402e+01
8.525000000250132643e+02 1.082587023499036150e+01
8.530000000250453240e+02 1.059524606796409429e+01
8.535000000250773837e+02 1.047323514349099405e+01
8.540000000251094434e+02 1.049634064094793295e+01
8.545000000251413894e+02 1.067187975239841258e+01
8.550000000251734491e+02 1.037697564100244030e+01
8.555000000252055088e+02 1.079811801748214783e+01
8.560000000252375685e+02 1.031581592878956499e+01
8.565000000252695145e+02 1.052589885587828888e+01
8.570000000253015742e+02 1.053702040578914279e+01
8.575000000253336339e+02 1.043187207381406800e+01
8.580000000253656935e+02 1.041900753764521248e+01
8.585000000253976395e+02 1.057061758639529003e+01
8.590000000254296992e+02 1.029982953095822928e+01
8.595000000254617589e+02 1.112079688871425809e+01
8.600000000254938186e+02 1.043688230242312720e+01
8.605000000255258783e+02 1.090888209729892822e+01
8.610000000255578243e+02 1.070884137984516826e+01
8.615000000255898840e+02 1.035374630870708401e+01
8.620000000256219437e+02 1.043063307148228169e+01
8.625000000256540034e+02 1.038775466018669391e+01
8.630000000256859494e+02 1.087457792344815033e+01
8.635000000257180091e+02 1.018760139046565527e+01
8.640000000257500687e+02 1.120190601469922775e+01
8.645000000257821284e+02 1.031032610978627062e+01
8.650000000258140744e+02 1.062642951739295505e+01
8.655000000258461341e+02 1.053287994637898883e+01
8.660000000258781938e+02 1.047436475335509698e+01
8.665000000259102535e+02 1.043087316547464916e+01
8.670000000259421995e+02 1.082494332246587021e+01
8.675000000259742592e+02 1.048633867501654926e+01
8.680000000260063189e+02 1.062995709009614309e+01
8.685000000260383786e+02 1.065597018333275336e+01
8.690000000260704383e+02 1.111639550896452633e+01
8.695000000261023843e+02 1.042033812733587617e+01
8.700000000261344439e+02 1.072231438635013667e+01
8.705000000261665036e+02 1.034682864551065862e+01
8.710000000261985633e+02 1.012034487721559195e+01
8.715000000262305093e+02 1.072933034292217513e+01
8.720000000262625690e+02 1.056171761101500017e+01
8.725000000262946287e+02 1.032998542789742835e+01
8.730000000263266884e+02 1.077519342892622056e+01
8.735000000263586344e+02 1.023587414814973506e+01
8.740000000263906941e+02 1.068287379988473873e+01
8.745000000264227538e+02 1.038077921473625231e+01
8.750000000264548135e+02 1.091686949235508841e+01
8.755000000264867595e+02 1.020433391767455511e+01
8.760000000265188191e+02 1.077592315508466037e+01
8.765000000265508788e+02 1.041569344322446788e+01
8.770000000265829385e+02 1.044531467908706546e+01
8.775000000266149982e+02 1.070569264138906007e+01
8.780000000266469442e+02 1.023260469883396517e+01
8.785000000266790039e+02 1.104361308139172237e+01
8.790000000267110636e+02 1.047320790568041105e+01
8.795000000267431233e+02 1.090551524430174624e+01
8.800000000267750693e+02 1.057229412699439663e+01
8.805000000268071290e+02 1.038004108815818682e+01
8.810000000268391886e+02 1.103452862212618868e+01
8.815000000268712483e+02 1.047962449093547299e+01
8.820000000269031943e+02 1.111324008501470928e+01
8.825000000269352540e+02 1.025331892655663246e+01
8.830000000269673137e+02 1.091925234190263794e+01
8.835000000269993734e+02 1.001302556653362785e+01
8.840000000270313194e+02 1.104277904433130075e+01
8.845000000270633791e+02 1.013468689455836724e+01
8.850000000270954388e+02 1.081831330932592650e+01
8.855000000271274985e+02 1.066437923791795583e+01
8.860000000271595582e+02 1.084527046644341475e+01
8.865000000271915042e+02 1.082078194910435975e+01
8.870000000272235638e+02 1.080221461643095360e+01
8.875000000272556235e+02 1.082403517208738641e+01
8.880000000272876832e+02 1.064193332129100611e+01
8.885000000273196292e+02 1.024388175899942688e+01
8.890000000273516889e+02 1.090382957238019657e+01
8.895000000273837486e+02 1.036362534999405582e+01
8.900000000274158083e+02 1.097842495474364988e+01
8.905000000274477543e+02 1.032931109130887393e+01
8.910000000274798140e+02 1.010693431414719257e+01
8.915000000275118737e+02 1.053091995957810134e+01
8.920000000275439334e+02 1.049070231003233467e+01
8.925000000275758794e+02 1.073473427892410470e+01
8.930000000276079390e+02 1.076854013187486458e+01
8.935000000276399987e+02 1.049206031574075837e+01
8.940000000276720584e+02 1.092685328759690755e+01
8.945000000277040044e+02 1.059447775969725924e+01
8.950000000277360641e+02 1.065940871084485586e+01
8.955000000277681238e+02 1.070071176723176087e+01
8.960000000278001835e+02 1.063739099176842906e+01
8.965000000278322432e+02 1.061748837088523878e+01
8.970000000278641892e+02 9.970211460816411631e+00
8.975000000278962489e+02 1.075898250871379780e+01
8.980000000279283086e+02 1.043875958437752693e+01
8.985000000279603682e+02 1.083546834017182903e+01
8.990000000279923142e+02 1.041989352111698430e+01
8.995000000280243739e+02 1.103409051820481324e+01
9.000000000280564336e+02 1.035037019835920091e+01
9.005000000280884933e+02 1.058779990501525958e+01
9.010000000281204393e+02 1.044872267621717832e+01
9.015000000281524990e+02 1.059015781114081456e+01
9.020000000281845587e+02 1.021145214074906882e+01
9.025000000282166184e+02 1.014071525081873126e+01
9.030000000282485644e+02 1.082115061176359561e+01
9.035000000282806241e+02 1.021755136602450520e+01
9.040000000283126838e+02 1.126203376227940112e+01
9.045000000283447434e+02 1.042751236673746718e+01
9.050000000283768031e+02 1.073319091941083592e+01
9.055000000284087491e+02 1.036376874645881507e+01
9.060000000284408088e+02 1.069563722005726802e+01
9.065000000284728685e+02 1.057518580026123800e+01
9.070000000285049282e+02 1.062690731193298177e+01
9.075000000285368742e+02 1.072037433250700822e+01
9.080000000285689339e+02 1.064069292030202085e+01
9.085000000286009936e+02 1.007623185963558043e+01
9.090000000286330533e+02 9.870930625601085140e+00
9.095000000286649993e+02 1.080513505604483804e+01
9.100000000286970590e+02 1.028320287764833907e+01
9.105000000287291186e+02 1.055983897418655637e+01
9.110000000287611783e+02 1.050360814240053031e+01
9.115000000287931243e+02 1.034424650965037884e+01
9.120000000288251840e+02 1.105198909526997220e+01
9.125000000288572437e+02 1.038326349468107779e+01
9.130000000288893034e+02 1.094146646271645906e+01
9.135000000289213631e+02 1.017815940842543121e+01
9.140000000289533091e+02 1.098714209363696881e+01
9.145000000289853688e+02 1.060189067813717578e+01
9.150000000290174285e+02 1.068393097655309631e+01
9.155000000290494881e+02 1.043818537542634317e+01
9.160000000290814341e+02 1.018937358382539848e+01
9.165000000291134938e+02 1.068963958213486620e+01
9.170000000291455535e+02 1.078324388692193203e+01
9.175000000291776132e+02 1.035370448950685152e+01
9.180000000292095592e+02 1.063094313005856506e+01
9.185000000292416189e+02 1.068734260980192197e+01
9.190000000292736786e+02 1.066521759530310121e+01
9.195000000293057383e+02 1.084510940864442574e+01
9.200000000293376843e+02 1.045909314628592668e+01
9.205000000293697440e+02 1.083205857351194901e+01
9.210000000294018037e+02 1.026604102450516365e+01
9.215000000294338633e+02 1.073639007294926984e+01
9.220000000294659230e+02 1.039391908297072753e+01
9.225000000294978690e+02 1.069673208519029650e+01
9.230000000295299287e+02 1.055368443996179373e+01
9.235000000295619884e+02 1.084553473084424091e+01
9.240000000295940481e+02 1.075807473072114284e+01
9.245000000296259941e+02 1.059850207790665344e+01
9.250000000296580538e+02 1.056895375507339629e+01
9.255000000296901135e+02 1.028181848437194468e+01
9.260000000297221732e+02 1.088320161262034169e+01
9.265000000297541192e+02 1.068594788153011876e+01
9.270000000297861789e+02 1.050911192557170715e+01
9.275000000298182385e+02 1.055575850848238417e+01
9.280000000298502982e+02 1.099635136337625596e+01
9.285000000298822442e+02 1.033714308418298344e+01
9.290000000299143039e+02 1.081157748624010217e+01
9.295000000299463636e+02 1.051105351281004197e+01
9.300000000299784233e+02 1.090181963450531732e+01
9.305000000300104830e+02 1.013583036917749958e+01
9.310000000300424290e+02 1.063242399739805855e+01
9.315000000300744887e+02 1.063516482160919630e+01
9.320000000301065484e+02 1.059882523650400898e+01
9.325000000301386081e+02 1.057953727154552404e+01
9.330000000301705541e+02 1.073617952535162878e+01
9.335000000302026137e+02 1.038140721259966170e+01
9.340000000302346734e+02 1.057825714506022940e+01
9.345000000302667331e+02 1.087678044581596382e+01
9.350000000302986791e+02 1.043865095359187833e+01
9.355000000303307388e+02 1.047608913248960860e+01
9.360000000303627985e+02 1.069440179639939004e+01
9.365000000303948582e+02 1.039064735678957874e+01
9.370000000304268042e+02 1.099678810356833836e+01
9.375000000304588639e+02 1.072754058104193930e+01
9.380000000304909236e+02 1.057064101001587630e+01
9.385000000305229833e+02 1.078493449893548295e+01
9.390000000305549293e+02 1.044947593880180392e+01
9.395000000305869889e+02 1.055086773969134306e+01
9.400000000306190486e+02 1.021720295106707788e+01
9.405000000306511083e+02 1.052958628205033165e+01
9.410000000306831680e+02 1.036000925316190546e+01
9.415000000307151140e+02 1.068791584045509602e+01
9.420000000307471737e+02 1.026791008538290306e+01
9.425000000307792334e+02 1.094148030894082169e+01
9.430000000308112931e+02 1.031941962868818763e+01
9.435000000308432391e+02 1.091527892778044162e+01
9.440000000308752988e+02 1.048916881507225085e+01
9.445000000309073585e+02 1.083291917560616291e+01
9.450000000309394181e+02 1.025741906487258781e+01
9.455000000309713641e+02 1.088457559705095612e+01
9.460000000310034238e+02 1.018652750300707055e+01
9.465000000310354835e+02 1.083166792478801810e+01
9.470000000310675432e+02 1.041864934999693126e+01
9.475000000310994892e+02 1.057535872063624716e+01
9.480000000311315489e+02 1.039811423756177611e+01
9.485000000311636086e+02 1.057144678136032567e+01
9.490000000311956683e+02 1.023072253291648792e+01
9.495000000312277280e+02 1.059397438574473682e+01
9.500000000312596740e+02 1.072704184464639354e+01
9.505000000312917336e+02 1.034075100869805475e+01
9.510000000313237933e+02 1.065418380798223374e+01
9.515000000313558530e+02 1.053036943506300460e+01
9.520000000313877990e+02 1.060958635382170456e+01
9.525000000314198587e+02 1.038461139002148315e+01
9.530000000314519184e+02 1.059614710234777135e+01
9.535000000314839781e+02 1.068204116872080256e+01
9.540000000315159241e+02 1.018057544135506909e+01
9.545000000315479838e+02 1.063625953793741274e+01
9.550000000315800435e+02 1.042687922659695765e+01
9.555000000316121032e+02 1.059565064618309194e+01
9.560000000316440492e+02 1.043825758788197078e+01
9.565000000316761088e+02 1.045323665227147991e+01
9.570000000317081685e+02 1.077219854213080907e+01
9.575000000317402282e+02 1.067727960432866219e+01
9.580000000317722879e+02 1.023692855247133515e+01
9.585000000318042339e+02 1.054571215799195372e+01
9.590000000318362936e+02 1.001736153122904582e+01
9.595000000318683533e+02 1.069663905938729265e+01
9.600000000319004130e+02 1.049253713055132131e+01
9.605000000319323590e+02 1.054209870287718509e+01
9.610000000319644187e+02 1.060720785108198960e+01
9.615000000319964784e+02 1.075580481062656091e+01
9.620000000320285380e+02 1.036976541930000373e+01
9.625000000320604840e+02 1.105489171543038651e+01
9.630000000320925437e+02 1.009509561306948555e+01
9.635000000321246034e+02 1.035931022688284386e+01
9.640000000321566631e+02 1.025112959435958437e+01
9.645000000321886091e+02 1.054566256263834134e+01
9.650000000322206688e+02 1.064756204941258488e+01
9.655000000322527285e+02 1.063853957718068877e+01
9.660000000322847882e+02 1.055959839377083043e+01
9.665000000323168479e+02 1.032151823126657852e+01
9.670000000323487939e+02 1.057121570942125643e+01
9.675000000323808536e+02 1.040423773695248322e+01
9.680000000324129132e+02 1.047299882007366989e+01
9.685000000324449729e+02 1.048836880836052643e+01
9.690000000324769189e+02 1.053408494844573084e+01
9.695000000325089786e+02 1.054388586658360971e+01
9.700000000325410383e+02 1.061278530763128813e+01
9.705000000325730980e+02 1.070137447479334902e+01
9.710000000326050440e+02 1.037187925405311262e+01
9.715000000326371037e+02 1.070944006380701374e+01
9.720000000326691634e+02 1.038614304563780344e+01
9.725000000327012231e+02 1.068326949698735895e+01
9.730000000327331691e+02 1.022177673878537796e+01
9.735000000327652288e+02 1.047202075744986871e+01
9.740000000327972884e+02 1.019867974527922350e+01
9.745000000328293481e+02 1.071510430596835484e+01
9.750000000328614078e+02 1.045758349519927499e+01
9.755000000328933538e+02 1.086477796005985041e+01
9.760000000329254135e+02 1.053886112006316722e+01
9.765000000329574732e+02 1.046397805592213714e+01
9.770000000329895329e+02 1.049986028488677192e+01
9.775000000330214789e+02 1.035066504395980935e+01
9.780000000330535386e+02 1.005264984172624310e+01
9.785000000330855983e+02 1.053853767207056435e+01
9.790000000331176579e+02 1.023860365921145821e+01
9.795000000331496040e+02 1.081863699795441569e+01
9.800000000331816636e+02 1.062478746173869126e+01
9.805000000332137233e+02 1.102130692794593436e+01
9.810000000332457830e+02 1.025546756268502513e+01
9.815000000332777290e+02 1.097261782263669438e+01
9.820000000333097887e+02 1.053395861659821620e+01
9.825000000333418484e+02 1.081174558259366414e+01
9.830000000333739081e+02 1.019409393230607108e+01
9.835000000334058541e+02 1.055596794560360330e+01
9.840000000334379138e+02 1.060427233406817038e+01
9.845000000334699735e+02 1.060864183833231422e+01
9.850000000335020331e+02 1.066631649966172901e+01
9.855000000335340928e+02 1.085083755514309445e+01
9.860000000335660388e+02 1.060848614060503792e+01
9.865000000335980985e+02 1.045675462137718448e+01
9.870000000336301582e+02 1.027451113714745468e+01
9.875000000336622179e+02 1.042214821931798774e+01
9.880000000336941639e+02 1.072998695009109937e+01
9.885000000337262236e+02 1.021687849345317289e+01
9.890000000337582833e+02 1.133766836917877896e+01
9.895000000337903430e+02 9.920553055577320478e+00
9.900000000338222890e+02 1.104691184293749373e+01
9.905000000338543487e+02 1.040883104218863586e+01
9.910000000338864083e+02 1.085209168171007121e+01
9.915000000339184680e+02 1.040050036312998039e+01
9.920000000339504140e+02 1.054838071367984398e+01
9.925000000339824737e+02 1.081745167649553352e+01
9.930000000340145334e+02 1.053226268033147406e+01
9.935000000340465931e+02 1.064449335882278014e+01
9.940000000340786528e+02 1.031392173597831885e+01
9.945000000341105988e+02 1.089978721811114326e+01
9.950000000341426585e+02 1.038260406601889052e+01
9.955000000341747182e+02 1.049722550126901766e+01
9.960000000342067779e+02 1.110698904270093657e+01
9.965000000342387239e+02 1.020152504160842533e+01
9.970000000342707835e+02 1.072455840758643930e+01
9.975000000343028432e+02 1.020381284385248222e+01
9.980000000343349029e+02 1.042962728702608288e+01
9.985000000343668489e+02 1.083563483210870437e+01
9.990000000343989086e+02 1.048474619586997925e+01
9.995000000344309683e+02 1.080407922330356030e+01
1.000000000034463028e+03 1.050755466406053706e+01
