4540.03833559
4693.78029966
4665.35784369
4598.24036645
4552.81808979
4557.26629958
4604.95307339
4644.4112534
4692.31681055
4607.16372503
4680.66971181
4506.95706185
4580.07180838
4601.10555568
4675.29794309
4613.30579036
4590.80267498
4591.43439559
4572.49778047
4624.38110208
4609.46703901
4667.11253156
4600.91669426
4640.00625565
4630.8356758
4608.01063656
4567.8428867
4669.6905634
4631.7733026
4577.7982393
4608.41464266
4714.16164259
4665.74134395
4565.34673681
4603.66582356
4737.86936499
4606.04416465
4654.82023996
4622.73259786
4681.58531793
4707.44494414
4606.63066672
4598.35481871
4599.09517838
4611.74187184
4659.91824877
4678.04479509
4640.45490543
4625.2103754
4604.23900141
4601.36503214
4677.58865728
4594.8999271
4579.49648516
4514.836264
4612.10157524
4657.98925486
4604.61848595
4584.47111827
4638.62145693
4589.24755892
4668.54348809
4600.69596951
4671.47999761
4594.00441483
4573.19937671
4587.5946113
4612.38784037
4575.76576407
4636.72169697
4670.23435618
4585.91260517
4594.16981934
4615.06933008
4595.17278168
4569.20913401
4669.9141211
4608.34199748
4528.65053746
4668.7814757
4656.35267212
4532.67386863
4601.53083039
4563.96201228
4642.12426666
4634.30318547
4580.63333416
4613.37409507
4633.61825279
4637.73661328
4682.60296059
4608.2735017
4612.24580676
4571.40349184
4610.83509665
4658.14405499
4605.87280879
4615.56165614
4622.39372089
4589.69754425
4597.75552502
4648.91490736
4724.89883694
4586.17057996
4620.25261567
4643.26446065
4650.60007037
4629.05154363
4632.50819189
4630.0321692
4534.24304174
4639.1818173
4664.05680451
4691.56539574
4595.24617863
4642.66068988
4594.81160498
4562.23910235
4561.17043835
4687.90800541
4621.45546579
4673.65891272
4670.6437766
4588.75476276
4556.1179536
4607.34533298
4643.39619533
4723.39162172
4527.75606978
4587.94408841
4700.1591199
4636.27904988
4608.88872114
4521.26523225
4566.93644095
4666.73332551
4570.32461316
4607.48767429
4655.27321024
4673.14283446
4552.24888821
4631.67079569
4593.05208961
4644.56372496
4660.61965326
4627.21261068
4577.59323878
4652.24518371
4652.67542841
4613.72527013
4580.93451115
4590.4903449
4575.09316309
4655.04613669
4645.56999297
4672.24429403
4618.43267081
4623.23787975
4710.54884767
4587.62634224
4635.84701916
4545.2769078
4559.35301488
4591.93186574
4700.80749621
4602.40846104
4603.78015133
4519.97784162
4629.35647465
4651.06285224
4660.99721274
4578.67921934
4609.10120837
4662.42475025
4595.86335992
4603.33946063
4576.62658831
4553.59813507
4669.32144392
4673.17750775
4676.86908182
4679.6850083
4665.04837538
4581.90127187
4616.93401813
4630.89115523
4667.02865445
4635.94055374
4685.89945044
4666.10990035
4606.58164015
4595.10005414
4590.58454689
4653.87850828
4540.55558871
4611.89720941
4658.84722913
4622.81959325
4577.54843594
4615.97705017
4608.56450389
4564.85991599
4627.16712884
4602.18569331
4671.91291506
4643.49707785
4699.61475641
4515.0878306
4617.35614244
4614.85578929
4550.76559856
4620.90965906
4642.29275653
4645.84722209
4660.16248766
4638.65312479
4697.40683051
4656.74747538
4612.96650496
4574.76535589
4637.55029801
4686.57929736
4681.49582031
4560.86188565
4650.70145012
4592.80296853
4562.61908396
4620.37691067
4680.96204217
4653.37359216
4611.45315307
4590.45774017
4672.32129378
4578.05028643
4651.72573958
4558.19173775
4624.85793897
4685.14676796
4609.30956732
4626.02454703
4582.79109221
4658.26450801
4597.55306714
4675.11159411
4606.44505585
4717.08415899
4602.48800664
4624.20883433
4719.88625829
4596.69454491
4560.34153642
4574.01992408
4593.04299567
4553.83797766
4628.04984059
4683.54596276
4603.10396482
4618.71087627
4633.4064044
4666.42740942
4575.86121848
4664.03100646
4630.00666248
4655.46140274
4589.12939057
4653.31361723
4652.45108619
4581.26881801
4691.11402448
4616.15074631
4644.72635728
4589.26745241
4647.06441928
4613.02339243
4644.9343189
4629.89536539
4588.98506757
4608.74299537
4677.08295186
4619.74020252
4676.15727118
4621.38747451
4677.43931929
4561.30968461
4550.02082607
4608.01831541
4621.56473529
4647.00688889
4645.84762305
4579.9765249
4560.45282574
4562.42695134
4638.74739693
4611.16203786
4642.13147283
4567.30093488
4681.66498199
4642.98592784
4692.66534617
4619.6432911
4672.81032431
4636.72548195
4662.01256914
4661.64330925
4619.85206306
4619.80475754
4596.68660458
4546.88406001
4667.42993154
4658.97416047
4622.27337943
4608.2278954
4610.12667024
4636.38863905
4614.96874319
4668.48181302
4616.78679193
4674.84583769
4676.7130849
4660.60892706
4662.02263844
4611.72356144
4668.97119127
4604.54030223
4553.84903948
4618.35335089
4603.83372648
4666.04798409
4654.80907031
4516.29924321
4548.08338726
4628.46111508
4768.22169711
4576.7260918
4593.66653138
4633.87113528
4676.80615312
4643.23711154
4578.75934265
4632.91165209
4545.46108835
4648.99538508
4580.01557531
4683.46245005
4635.51747271
4665.72156193
4592.56294491
4559.66919009
4548.36551299
4679.45301338
4638.72276387
4624.55939049
4574.07233961
4579.66925126
4552.83599135
4661.39034771
4617.26299074
4623.2303602
4645.21351229
4633.48699341
4631.37877002
4582.79354898
4556.10931493
4626.87954916
4657.90724061
4644.76576714
4586.06145424
4603.27810778
4602.37626435
4584.12105289
4622.19068135
4616.99590427
4571.493829
4623.23612871
4622.57630641
4561.95172128
4581.48686815
4656.30586457
4625.86599891
4632.30994069
4571.64222937
4648.40519966
4566.24598736
4555.75999272
4638.1965087
4651.58752933
4544.95547114
4597.61394175
4624.4253501
4624.75874946
4619.78643736
4622.98159737
4631.99924447
4614.38540413
4624.30657901
4669.50765745
4729.23457716
4602.67181475
4515.38188405
4627.55361494
4645.69548581
4650.92259631
4690.53953832
4629.85046965
4595.03777232
4606.26615178
4663.57276406
4569.68607299
4596.0421353
4634.48457461
4605.30222459
4641.04539974
4602.09529113
4584.5844729
4627.54999145
4666.9810553
4552.48644673
4622.60831041
4734.36729577
4631.20743429
4582.3453174
4614.43947377
4615.91698306
4601.90729849
4683.92674295
4634.80635441
4672.76499749
4566.0586377
4605.08247979
4641.4453569
4580.36917565
4688.56778186
4673.84750488
4590.25091966
4614.53328
4605.60863951
4662.43960738
4664.99909603
4659.42576309
4615.94992146
4671.69152512
4652.13265548
4719.34736734
4645.93611023
4549.93421988
4596.57889152
4610.88154876
4716.17714974
4667.14716308
4694.27707145
4581.58719636
4613.77198364
4574.43371842
4644.66892259
4678.03033282
4636.45300807
4637.65576095
4621.55779434
4724.54045977
4571.69758423
4626.19049781
4621.74436519
4629.37355544
4655.52835762
4623.9665156
4604.43505415
4621.10634394
4596.64593191
4617.09762714
4586.62060969
4649.88165541
4523.7152164
4599.44186544
4668.86304915
4633.49185447
4614.03229026
4651.99145528
4602.5216092
4633.18986805
4584.26249588
4624.72190468
4590.53026555
4678.14326019
4548.66551777
4640.12569162
4542.78340825
4795.79567052
4707.64031648
4624.31590341
4572.29193745
4573.8938017
4664.52869865
4603.11101963
4620.35921644
4577.88720346
4571.29472508
4633.910419
4611.77366659
4599.03269345
