4296.55774927
4340.30564317
4389.80560977
4244.74655359
4326.40837946
4362.97217102
4327.78992653
4420.00290517
4359.713442
4352.96639513
4328.48900691
4348.08616833
4233.57028689
4357.24196716
4369.32960704
4371.57713077
4404.041242
4381.09258491
4302.32019484
4343.77783441
4327.24895207
4312.17261693
4340.82131678
4354.22368183
4410.11220643
4390.48181268
4380.36875638
4417.73627917
4317.14814946
4389.84517989
4324.18030636
4273.78430409
4389.74143941
4298.95235261
4345.45129825
4272.5412694
4287.44917574
4427.62379877
4274.2678926
4412.97022826
4226.55889202
4360.81612525
4240.09278236
4323.39348305
4338.67270457
4329.37355913
4297.49424202
4331.52434129
4279.87680051
4352.47800916
4283.9743024
4454.75283787
4424.03336212
4334.4703571
4354.02080543
4316.83563545
4310.78329027
4384.63038852
4400.52293877
4279.8668786
4348.07213428
4322.16933776
4419.29848225
4377.97786704
4454.84826236
4381.5667632
4455.34971334
4348.49481963
4317.66732041
4341.32868136
4385.71210373
4420.40186598
4343.23766272
4343.69164714
4402.00386322
4513.40095621
4398.71672203
4342.50731771
4386.01332276
4347.52263461
4368.02602404
4394.61527016
4201.36318706
4378.10834553
4375.97219322
4348.72246058
4380.18089117
4442.16861979
4359.32751241
4414.5539426
4371.61570933
4442.55196394
4408.10028649
4389.08992823
4346.7403969
4347.0870607
4399.21634006
4319.38911006
4339.21889448
4381.05567904
4398.57061805
4375.84591568
4467.57938466
4359.90012735
4405.65515637
4290.44642491
4355.90842949
4384.05607088
4338.13169735
4391.49505051
4389.60570656
4285.04885104
4309.6438696
4406.44917332
4371.24328101
4440.92150242
4424.52863597
4478.51228025
4393.87343065
4346.00842817
4313.51295123
4382.90783897
4287.73627382
4284.32155536
4323.01374983
4340.11178091
4342.62470166
4295.56571895
4404.50911103
4251.03591097
4422.58749792
4309.49726868
4366.2853169
4403.38101091
4254.59128544
4383.95893383
4373.21591522
4292.42635959
4345.53510262
4414.67083741
4432.31205818
4343.80436332
4337.11992852
4251.42293032
4329.88940406
4344.73623794
4426.83005476
4310.9476441
4407.21486806
4276.3148631
4373.20050428
4353.12023319
4258.72821257
4299.18669378
4301.06932296
4269.91787533
4362.03128081
4334.53647136
4274.74058426
4385.77595381
4237.45619172
4333.15581596
4352.46885041
4354.02786498
4254.03428179
4354.37177195
4331.44799961
4441.82060645
4399.14723217
4410.53594391
4323.04680033
4378.88039971
4341.65195394
4397.72285973
4247.21466142
4336.30933646
4362.44838423
4373.74626809
4314.83633964
4453.9657712
4420.55958672
4369.21287002
4453.95645622
4329.58318543
4374.18012901
4263.58563616
4296.24599213
4348.5239323
4300.00914441
4325.94441887
4351.40005325
4297.61291624
4361.58150722
4288.16741332
4432.08893052
4304.8412311
4317.11878284
4321.5961315
4337.04997444
4327.65674275
4376.03516443
4377.05353484
4236.62728304
4379.93262456
4316.64002603
4266.12491073
4310.21566226
4324.60363964
4397.95484704
4375.81261958
4341.14212052
4398.18816224
4414.46042121
4346.59688421
4342.2320875
4343.01708457
4271.29264197
4394.81174096
4411.09392332
4309.49393296
4356.74521677
4424.74586011
4376.56652421
4361.72404845
4346.19606022
4340.18433176
4285.15921631
4397.95801273
4459.94193134
4431.10192689
4325.7664273
4404.72346626
4285.79613516
4353.54431557
4359.20051496
4279.07855911
4364.71912128
4281.77459814
4331.68048673
4297.39295127
4222.24751093
4265.62300204
4355.67046836
4424.55685081
4413.82341221
4427.69122297
4404.65629863
4367.42493032
4403.75348699
4359.96354643
4205.47895745
4343.44291544
4336.67932844
4344.79107531
4373.46064255
4334.01428659
4389.74794012
4430.23041207
4308.45384588
4409.56632974
4361.33763176
4422.56242204
4289.18858701
4346.57264106
4405.27901544
4422.55999936
4361.62266408
4308.67542484
4350.10936994
4346.42305029
4385.87118301
4376.2767628
4413.47864749
4384.56630749
4399.61212628
4293.40122705
4336.86578977
4406.67489825
4450.91136299
4447.42322612
4403.29885117
4489.07311783
4298.13755961
4327.032767
4406.73795256
4334.04648422
4387.32190151
4332.98830994
4215.48698346
4262.50582667
4342.87583163
4334.62906281
4327.54767428
4299.58878646
4367.14538459
4317.22474652
4347.70650643
4419.38962016
4289.29635465
4372.28517127
4345.15645649
4280.85612208
4455.54365401
4329.96156339
4287.93423137
4327.46534191
4371.78355761
4363.41151556
4302.21216856
4334.416745
4334.99435246
4285.90914001
4329.52411082
4281.57576713
4392.15029518
4356.12005893
4392.43068195
4298.27947879
4380.54128953
4382.41294436
4361.31910309
4263.76842862
4367.88389578
4364.61105738
4330.92435022
4272.20289696
4354.44497179
4353.82518196
4247.23722916
4367.2715188
4342.18252707
4421.46591233
4363.24640784
4347.02953336
4418.3831371
4344.7296351
4397.64708329
4421.49941766
4415.81823954
4396.91756841
4301.35898104
4370.80037231
4423.63917079
4266.1618733
4401.6795844
4325.27904875
4444.90771007
4388.40382624
4380.98827047
4447.05312284
4395.46130806
4288.35068738
4366.3701971
4391.48442047
4330.23031191
4203.56914334
4336.06011011
4352.54121704
4348.34271686
4373.9135065
4302.72762752
4393.86197678
4372.44832937
4368.16982578
4338.28273054
4306.26636005
4399.55654676
4441.95782646
4369.1076869
4271.70353973
4367.82455258
4402.78098412
4327.78045394
4392.77987912
4462.3981298
4384.5760446
4297.61785185
4294.33763998
4309.92514915
4373.34963169
4354.79023814
4304.58806381
4347.24040463
4337.36347479
4314.14090386
4393.89337667
4304.94380296
4344.6278795
4357.49685333
4417.12546414
4362.63979319
4328.03968491
4333.2238181
4330.29685391
4344.87691421
4287.34334698
4412.27788608
4320.78084109
4405.69339405
4384.34878482
4447.17106065
4383.46508654
4264.51756493
4394.2823799
4332.4018192
4387.43211253
4315.70289994
4291.70762536
4378.1271717
4377.67729663
4388.83432048
4458.49291284
4458.87026472
4316.90204861
4321.31558917
4287.25551244
4422.01876078
4397.90014126
4472.30184816
4357.45682205
4291.64356611
4288.020006
4338.21356184
4271.15351085
4342.57770068
4386.2877476
4392.00053616
4476.11670284
4356.58488951
4418.1832769
4368.4207921
4337.17711867
4373.0936173
4332.10599857
4321.50699374
4456.19340264
4383.27586142
4373.73537968
4295.86620477
4419.14394927
4251.73490451
4357.34331736
4318.73081845
4351.03681561
4249.43331931
4316.23155251
4360.40240724
4404.30500464
4295.1582466
4465.02544261
4392.32382123
4353.08821233
4384.29665828
4390.13637778
4396.71299223
4397.30751515
4340.40501861
4251.26183821
4321.36147368
4232.48795701
4355.40552254
4400.69185261
4333.84006387
4339.52066999
4303.27413567
4243.98890802
4374.95313042
4353.11385829
4324.44507092
4305.85000962
4390.64619612
4391.89315482
4370.10907238
4339.31708708
4347.58982549
4250.08126804
4334.49081104
4314.44570962
4438.66419023
4374.67871326
4380.54123814
4365.61750595
4369.66956042
4426.75125431
4388.88473158
4346.26143535
4350.40943389
4424.27388236
4364.70285083
4342.33411555
4383.19248792
4381.21923798
4386.1231848
4360.93048499
4348.41461325
4306.36957108
4437.73707916
4281.87596853
4310.52735473
