# Time (ps)	CV (angstrom)
9.999999999975766229e+01 1.676575448435095206e+00
1.004999999997559001e+02 1.359484597917888671e+00
1.009999999997541380e+02 1.239219119293913263e+00
1.014999999997533990e+02 1.461867852991430849e+00
1.019999999997629061e+02 1.693220862282492023e+00
1.024999999997724132e+02 1.455322526936490890e+00
1.029999999997819060e+02 1.193348944084850372e+00
1.034999999997914131e+02 1.409265159536031708e+00
1.039999999998009201e+02 1.283316972814009693e+00
1.044999999998104272e+02 1.250688719380518066e+00
1.049999999998199343e+02 1.545027324570227512e+00
1.054999999998294413e+02 1.283834511218860275e+00
1.059999999998389484e+02 1.423476161767517789e+00
1.064999999998484554e+02 1.777071896298156206e+00
1.069999999998579483e+02 1.448968795386402331e+00
1.074999999998674554e+02 1.267593019034164437e+00
1.079999999998769624e+02 1.275068453901628374e+00
1.084999999998864695e+02 1.263727249506901185e+00
1.089999999998959765e+02 1.113171182357660216e+00
1.094999999999054836e+02 1.273276495260091679e+00
1.099999999999149907e+02 1.590464312673294689e+00
1.104999999999244977e+02 1.387768698941301615e+00
1.109999999999339906e+02 1.559029625355291326e+00
1.114999999999434976e+02 1.630859077100711207e+00
1.119999999999530047e+02 1.048289566755584046e+00
1.124999999999625118e+02 1.388068345760972822e+00
1.129999999999720188e+02 1.296609388120101736e+00
1.134999999999815259e+02 1.258211663432437843e+00
1.139999999999910330e+02 1.156126310358093656e+00
1.145000000000005400e+02 1.277717650134567062e+00
1.150000000000100329e+02 1.403159645096887953e+00
1.155000000000195399e+02 1.201453339238307105e+00
1.160000000000290470e+02 1.541006465058829100e+00
1.165000000000385540e+02 1.332812734681417144e+00
1.170000000000480611e+02 1.290776377486388737e+00
1.175000000000575682e+02 1.297197698938945987e+00
1.180000000000670752e+02 1.316300006319653937e+00
1.185000000000765823e+02 1.395149951534032873e+00
1.190000000000860751e+02 1.188542119449581325e+00
1.195000000000955822e+02 1.167112240502291565e+00
1.200000000001050893e+02 1.542287552792805494e+00
1.205000000001145963e+02 1.124639603712902280e+00
1.210000000001241034e+02 1.038473990083921272e+00
1.215000000001336105e+02 1.482475625105783568e+00
1.220000000001431175e+02 8.371092989879034274e-01
1.225000000001526246e+02 1.468661640461309537e+00
1.230000000001621174e+02 1.131554256097657696e+00
1.235000000001716245e+02 1.302462720778447380e+00
1.240000000001811316e+02 1.539272451028613764e+00
1.245000000001906386e+02 1.370671760614436518e+00
1.250000000002001457e+02 1.597393567183091001e+00
1.255000000002096527e+02 1.215856282296896129e+00
1.260000000002191598e+02 1.375389955162069855e+00
1.265000000002286527e+02 1.359298974959958439e+00
1.270000000002381597e+02 1.455795255711671121e+00
1.275000000002476668e+02 1.343556364031729400e+00
1.280000000002571880e+02 1.489612135233940649e+00
1.285000000002666809e+02 1.264935379981601882e+00
1.290000000002761738e+02 1.575924619847820063e+00
1.295000000002856950e+02 1.521472559120863766e+00
1.300000000002951879e+02 1.412143697989837410e+00
1.305000000003047091e+02 1.404027624519543327e+00
1.310000000003142020e+02 1.343577466655581754e+00
1.315000000003237233e+02 1.602334672369716495e+00
1.320000000003332161e+02 1.514202733055445949e+00
1.325000000003427090e+02 1.622422171588418838e+00
1.330000000003522302e+02 1.230225791363172894e+00
1.335000000003617231e+02 1.282865056380671831e+00
1.340000000003712444e+02 1.511529868303793211e+00
1.345000000003807372e+02 1.277823247090470238e+00
1.350000000003902585e+02 1.193560594314858836e+00
1.355000000003997513e+02 1.300714328195235803e+00
1.360000000004092726e+02 1.561099953696148290e+00
1.365000000004187655e+02 1.457620427294951559e+00
1.370000000004282583e+02 1.413975527200512339e+00
1.375000000004377796e+02 1.468617700177787366e+00
1.380000000004472724e+02 1.181904026177297728e+00
1.385000000004567937e+02 1.510705855504976380e+00
1.390000000004662866e+02 1.365148442801514150e+00
1.395000000004758078e+02 1.613039388962589804e+00
1.400000000004853007e+02 1.338397895158603967e+00
1.405000000004947935e+02 1.212104526164584417e+00
1.410000000005043148e+02 1.427456334133277105e+00
1.415000000005138077e+02 1.490704962437329861e+00
1.420000000005233289e+02 1.427826221798190298e+00
1.425000000005328218e+02 9.860134950068358828e-01
1.430000000005423431e+02 1.194164612350261390e+00
1.435000000005518359e+02 1.248240052166559311e+00
1.440000000005613572e+02 1.188097531614950908e+00
1.445000000005708500e+02 1.472391594371332824e+00
1.450000000005803429e+02 1.242579471047842388e+00
1.455000000005898642e+02 1.288314638390836597e+00
1.460000000005993570e+02 1.281333463650349946e+00
1.465000000006088783e+02 1.434831678655853926e+00
1.470000000006183711e+02 1.055951750539482648e+00
1.475000000006278924e+02 1.541493796589233245e+00
1.480000000006373853e+02 1.497028799823263867e+00
1.485000000006468781e+02 1.515609575062023540e+00
1.490000000006563994e+02 1.371087522759724120e+00
1.495000000006658922e+02 1.803393500121594606e+00
1.500000000006754135e+02 1.855516725587642135e+00
1.505000000006849064e+02 1.157357067353077973e+00
1.510000000006944276e+02 1.398538789954312911e+00
1.515000000007039205e+02 1.199727645137947052e+00
1.520000000007134133e+02 1.358335583725892581e+00
1.525000000007229346e+02 1.420488898492495711e+00
1.530000000007324275e+02 1.471361086652951400e+00
1.535000000007419487e+02 1.648238945582952031e+00
1.540000000007514416e+02 1.193050998224022274e+00
1.545000000007609628e+02 1.462922881982621881e+00
1.550000000007704557e+02 9.776718536336482801e-01
1.555000000007799770e+02 1.497082487527725103e+00
1.560000000007894698e+02 1.399258840814484817e+00
1.565000000007989627e+02 1.134956891765397380e+00
1.570000000008084839e+02 1.471105973936611910e+00
1.575000000008179768e+02 1.222560883110151320e+00
1.580000000008274981e+02 1.529289256398862706e+00
1.585000000008369909e+02 1.357061540946474354e+00
1.590000000008465122e+02 9.700763531102741810e-01
1.595000000008560050e+02 1.403068313701104852e+00
1.600000000008654979e+02 1.616192804208319345e+00
1.605000000008750192e+02 1.111772580319738246e+00
1.610000000008845120e+02 1.237542434629416599e+00
1.615000000008940333e+02 1.526369187914313308e+00
1.620000000009035261e+02 1.397159190242454940e+00
1.625000000009130474e+02 1.276257189397223879e+00
1.630000000009225403e+02 1.445131680392305551e+00
1.635000000009320615e+02 1.214988247422223777e+00
1.640000000009415544e+02 1.176586161766544070e+00
1.645000000009510472e+02 1.399785217946861282e+00
1.650000000009605685e+02 1.233761376133000187e+00
1.655000000009700614e+02 1.477534437548078117e+00
1.660000000009795826e+02 1.387429893801119807e+00
1.665000000009890755e+02 1.323830300662896198e+00
1.670000000009985968e+02 1.277447844766621543e+00
1.675000000010080896e+02 1.195658680315412559e+00
1.680000000010175825e+02 1.573785166014428860e+00
1.685000000010271037e+02 1.323104950097813148e+00
1.690000000010365966e+02 1.167483905605656735e+00
1.695000000010461179e+02 1.366844032554570765e+00
1.700000000010556107e+02 1.301072974984553765e+00
1.705000000010651320e+02 1.291195037611522656e+00
1.710000000010746248e+02 1.220249080587276103e+00
1.715000000010841177e+02 1.291727625656002409e+00
1.720000000010936390e+02 1.345417913999253479e+00
1.725000000011031318e+02 1.343732293718080228e+00
1.730000000011126531e+02 1.322012334016204216e+00
1.735000000011221459e+02 1.472504545730286329e+00
1.740000000011316672e+02 1.235372300750466223e+00
1.745000000011411601e+02 1.214902491167684895e+00
1.750000000011506813e+02 1.286178700471016123e+00
1.755000000011601742e+02 1.272864232785789307e+00
1.760000000011696670e+02 1.621205544362465112e+00
1.765000000011791883e+02 1.382721625729924408e+00
1.770000000011886812e+02 1.549649871576287197e+00
1.775000000011982024e+02 1.520526043362070867e+00
1.780000000012076953e+02 1.251183280442221823e+00
1.785000000012172165e+02 1.518763207629746370e+00
1.790000000012267094e+02 1.541008819228356419e+00
1.795000000012362023e+02 1.348399487631369409e+00
1.800000000012457235e+02 1.186156408009917618e+00
1.805000000012552164e+02 2.019953386985397170e+00
1.810000000012647376e+02 1.302662645847503908e+00
1.815000000012742305e+02 1.413707981613371967e+00
1.820000000012837518e+02 1.307127562622277139e+00
1.825000000012932446e+02 1.402618575215204721e+00
1.830000000013027659e+02 1.301041047281050744e+00
1.835000000013122587e+02 1.371353342315593249e+00
1.840000000013217516e+02 1.405075689353986634e+00
1.845000000013312729e+02 1.392471793404620906e+00
1.850000000013407657e+02 1.417214788237251000e+00
1.855000000013502870e+02 1.638105037319645296e+00
1.860000000013597798e+02 1.416216396988816628e+00
1.865000000013693011e+02 1.483537727915365201e+00
1.870000000013787940e+02 1.461242927233070477e+00
1.875000000013882868e+02 1.413447371114304740e+00
1.880000000013978081e+02 1.444302373885761215e+00
1.885000000014073009e+02 1.455738114167798303e+00
1.890000000014168222e+02 1.227583942418685847e+00
1.895000000014263151e+02 1.149522158540689398e+00
1.900000000014358363e+02 1.386582598784795728e+00
1.905000000014453292e+02 1.624084830062104468e+00
1.910000000014548220e+02 1.403360593999658068e+00
1.915000000014643433e+02 1.537836412811435904e+00
1.920000000014738362e+02 1.331494013285570155e+00
1.925000000014833574e+02 9.260937822476721371e-01
1.930000000014928503e+02 1.340481210835655190e+00
1.935000000015023716e+02 1.583997824747670036e+00
1.940000000015118644e+02 1.106000456485435324e+00
1.945000000015213857e+02 1.443295338078417034e+00
1.950000000015308785e+02 1.679652430733856505e+00
1.955000000015403714e+02 1.384330184099913819e+00
1.960000000015498927e+02 1.521699488630987140e+00
1.965000000015593855e+02 1.588233708856585880e+00
1.970000000015689068e+02 1.681607453555875598e+00
1.975000000015783996e+02 1.378185220886762430e+00
1.980000000015879209e+02 1.517392532541110173e+00
1.985000000015974138e+02 1.429829352506438944e+00
1.990000000016069066e+02 1.469130148171642336e+00
1.995000000016164279e+02 1.846313442069176025e+00
2.000000000016259207e+02 1.677582649287299166e+00
2.005000000016354420e+02 1.480536349324965473e+00
2.010000000016449349e+02 1.279341899377302250e+00
2.015000000016544561e+02 1.355807330570095948e+00
2.020000000016639490e+02 1.487801636095354096e+00
2.025000000016734703e+02 1.723295661952283897e+00
2.030000000016789556e+02 1.337014393372255805e+00
2.035000000016659385e+02 1.420134295404071656e+00
2.040000000016529214e+02 1.531591222322659096e+00
2.045000000016398758e+02 1.326739520001328110e+00
2.050000000016268586e+02 1.323665667412725178e+00
2.055000000016138415e+02 1.211841101881046212e+00
2.060000000016008244e+02 1.394119842921192731e+00
2.065000000015878072e+02 1.469288996129584746e+00
2.070000000015747617e+02 1.363327787111611400e+00
2.075000000015617445e+02 1.354273139075641730e+00
2.080000000015487274e+02 1.551189561238204284e+00
2.085000000015357102e+02 1.425849403062266152e+00
2.090000000015226931e+02 1.143490543203918186e+00
2.095000000015096475e+02 1.345248733868875668e+00
2.100000000014966304e+02 1.523704697430857680e+00
2.105000000014836132e+02 1.228757536832623787e+00
2.110000000014705961e+02 1.249189939974933994e+00
2.115000000014575789e+02 1.512865061666158306e+00
2.120000000014445618e+02 1.180103749532317892e+00
2.125000000014315162e+02 1.326281945537403972e+00
2.130000000014184991e+02 1.321693768303761063e+00
2.135000000014054820e+02 1.553064387350354902e+00
2.140000000013924648e+02 1.420310148630059111e+00
2.145000000013794477e+02 1.558206370797463158e+00
2.150000000013664021e+02 1.396257408213487317e+00
2.155000000013533850e+02 1.353295171932434426e+00
2.160000000013403678e+02 1.360925112534985271e+00
2.165000000013273507e+02 1.394935196813095191e+00
2.170000000013143335e+02 1.261894449448697886e+00
2.175000000013013164e+02 1.385325338039176124e+00
2.180000000012882708e+02 1.224466068530834617e+00
2.185000000012752537e+02 1.829435370071179179e+00
2.190000000012622365e+02 1.277484583484760794e+00
2.195000000012492194e+02 1.667315667045393468e+00
2.200000000012362023e+02 1.516871328930693208e+00
2.205000000012231567e+02 1.347004069113055813e+00
2.210000000012101395e+02 1.179144821371463259e+00
2.215000000011971224e+02 1.285397936072234737e+00
2.220000000011841053e+02 1.342792354000889699e+00
2.225000000011710881e+02 1.359496464835716401e+00
2.230000000011580710e+02 1.575122487665389093e+00
2.235000000011450254e+02 1.249275598169470314e+00
2.240000000011320083e+02 1.395163973315221018e+00
2.245000000011189911e+02 1.656133219353179031e+00
2.250000000011059740e+02 1.295970071985173000e+00
2.255000000010929568e+02 1.529911192405008613e+00
2.260000000010799113e+02 1.570601530964443215e+00
2.265000000010668941e+02 1.538326736587341648e+00
2.270000000010538770e+02 1.231584555783003410e+00
2.275000000010408598e+02 1.406220724840290925e+00
2.280000000010278427e+02 1.317170699618271934e+00
2.285000000010148256e+02 1.349932158118018366e+00
2.290000000010017800e+02 9.345682349587223214e-01
2.295000000009887628e+02 1.502820688823182316e+00
2.300000000009757457e+02 1.510877331125739520e+00
2.305000000009627286e+02 1.348270473090557697e+00
2.310000000009497114e+02 1.411285925447523848e+00
2.315000000009366659e+02 1.507168257506310338e+00
2.320000000009236487e+02 1.229250815902550364e+00
2.325000000009106316e+02 1.383189674010634862e+00
2.330000000008976144e+02 1.442515619185060105e+00
2.335000000008845973e+02 1.498663255224055524e+00
2.340000000008715517e+02 1.332938903079148307e+00
2.345000000008585346e+02 1.382347400825475470e+00
2.350000000008455174e+02 1.366383598693171608e+00
2.355000000008325003e+02 1.591931444316958766e+00
2.360000000008194831e+02 1.377750878737377338e+00
2.365000000008064660e+02 1.440591307138696653e+00
2.370000000007934204e+02 1.341697472978659711e+00
2.375000000007804033e+02 1.251963396254900607e+00
2.380000000007673862e+02 1.243846798841853341e+00
2.385000000007543690e+02 1.672500308815509928e+00
2.390000000007413519e+02 1.469044914153576187e+00
2.395000000007283063e+02 1.459422630461684856e+00
2.400000000007152892e+02 1.527770634624678880e+00
2.405000000007022720e+02 1.217898600288320310e+00
2.410000000006892549e+02 1.002962640030613084e+00
2.415000000006762377e+02 1.374397445758877012e+00
2.420000000006632206e+02 1.330050224798608793e+00
2.425000000006501750e+02 1.315989673020248052e+00
2.430000000006371579e+02 1.578635506963278035e+00
2.435000000006241407e+02 1.590509905967285142e+00
2.440000000006111236e+02 1.456462966102145096e+00
2.445000000005981065e+02 1.492512091261543272e+00
2.450000000005850609e+02 1.229898032011692566e+00
2.455000000005720437e+02 1.662859212623024385e+00
2.460000000005590266e+02 1.073844688201994080e+00
2.465000000005460095e+02 1.575228280082114463e+00
2.470000000005329923e+02 1.725399126067969524e+00
2.475000000005199752e+02 1.097791085189099070e+00
2.480000000005069296e+02 1.357410421771163334e+00
2.485000000004939125e+02 1.568962805433705254e+00
2.490000000004808953e+02 1.057488164530053121e+00
2.495000000004678782e+02 1.251726473606098677e+00
2.500000000004548610e+02 1.550512247845294178e+00
2.505000000004418155e+02 1.151501813999049828e+00
2.510000000004287983e+02 1.220695447919757370e+00
2.515000000004157812e+02 1.394888877989022946e+00
2.520000000004027640e+02 1.709049247342161015e+00
2.525000000003897469e+02 1.177828887622578424e+00
2.530000000003767013e+02 1.606821973507026158e+00
2.535000000003636842e+02 1.548607827752670474e+00
2.540000000003506671e+02 1.207333689694667145e+00
2.545000000003376499e+02 1.382982633973719899e+00
2.550000000003246328e+02 1.419547563842143534e+00
2.555000000003116156e+02 1.956783151369066553e+00
2.560000000002985985e+02 1.118375390661515700e+00
2.565000000002855813e+02 1.320589737932178487e+00
2.570000000002725642e+02 1.521827589174258977e+00
2.575000000002594902e+02 1.078926872968844375e+00
2.580000000002464731e+02 1.325912415961733481e+00
2.585000000002334559e+02 1.689047044943362330e+00
2.590000000002204388e+02 1.396130188932918736e+00
2.595000000002074216e+02 1.267399140601242147e+00
2.600000000001944045e+02 1.407297771847122902e+00
2.605000000001813873e+02 1.257767913229807411e+00
2.610000000001683702e+02 1.672407822238400676e+00
2.615000000001553531e+02 1.273652114296482507e+00
2.620000000001423359e+02 1.602160682458942276e+00
2.625000000001292619e+02 1.303949518939910845e+00
2.630000000001162448e+02 1.389546223657234680e+00
2.635000000001032276e+02 1.364503407987028183e+00
2.640000000000902105e+02 1.140933794275825086e+00
2.645000000000771934e+02 1.718429856614683393e+00
2.650000000000641762e+02 1.523745079244936518e+00
2.655000000000511591e+02 1.397060289553534895e+00
2.660000000000381419e+02 1.574385929189004329e+00
2.665000000000251248e+02 1.229219094286299052e+00
2.670000000000121076e+02 1.482790839345997203e+00
2.674999999999990905e+02 1.200386358371490214e+00
2.679999999999860165e+02 1.258186398404822715e+00
2.684999999999729994e+02 1.533866002483583957e+00
2.689999999999599822e+02 1.372917514867655342e+00
2.694999999999469651e+02 1.162871488178049750e+00
2.699999999999339479e+02 1.257866757150110315e+00
2.704999999999209308e+02 1.114547495974170133e+00
2.709999999999079137e+02 1.512217963569652213e+00
2.714999999998948965e+02 1.105532154066447337e+00
2.719999999998818794e+02 1.776533670553100075e+00
2.724999999998688622e+02 1.312058968446551566e+00
2.729999999998558451e+02 1.257059721580184197e+00
2.734999999998427711e+02 1.541697651271939806e+00
2.739999999998297540e+02 1.635746896642075843e+00
2.744999999998167368e+02 1.470134022302668209e+00
2.749999999998037197e+02 1.506473439320789254e+00
2.754999999997907025e+02 1.494329925549380933e+00
2.759999999997776854e+02 1.281081905960297140e+00
2.764999999997646682e+02 9.855839914377790834e-01
2.769999999997516511e+02 1.355732521733915119e+00
2.774999999997386340e+02 1.653866572926084189e+00
2.779999999997256168e+02 1.350330413903666260e+00
2.784999999997125997e+02 1.366220467220466084e+00
2.789999999996995257e+02 1.839548609333576001e+00
2.794999999996865085e+02 1.601802189744728988e+00
2.799999999996734914e+02 1.410943118562330678e+00
2.804999999996604743e+02 1.262528393520920389e+00
2.809999999996474571e+02 1.248655976554455149e+00
2.814999999996344400e+02 1.314951570122457225e+00
2.819999999996214228e+02 1.473205085594939234e+00
2.824999999996084057e+02 1.420130380932232539e+00
2.829999999995953885e+02 1.525982334710183297e+00
2.834999999995823714e+02 1.784520057378461644e+00
2.839999999995693543e+02 1.827211139226110337e+00
2.844999999995562803e+02 1.475358859812844425e+00
2.849999999995432631e+02 1.309005160372285648e+00
2.854999999995302460e+02 1.338828109544785372e+00
2.859999999995172288e+02 1.468188433521965264e+00
2.864999999995042117e+02 1.217181074984205580e+00
2.869999999994911946e+02 1.288665035322109853e+00
2.874999999994781774e+02 1.374325851494344164e+00
2.879999999994651603e+02 1.151017177511931555e+00
2.884999999994521431e+02 1.322140565286038738e+00
2.889999999994391260e+02 1.294030141454040495e+00
2.894999999994261088e+02 1.215538192866843614e+00
2.899999999994130349e+02 1.347586315561773995e+00
2.904999999994000177e+02 1.265671517768929943e+00
2.909999999993870006e+02 1.402384838691249636e+00
2.914999999993739834e+02 1.388611323035497280e+00
2.919999999993609663e+02 1.469648326858038034e+00
2.924999999993479491e+02 8.939248192961118944e-01
2.929999999993349320e+02 1.274569736438922352e+00
2.934999999993219149e+02 1.579923835977649516e+00
2.939999999993088977e+02 1.316876215828579610e+00
2.944999999992958806e+02 1.237694743818304799e+00
2.949999999992828634e+02 1.021731055974439251e+00
2.954999999992697894e+02 1.564505329692130964e+00
2.959999999992567723e+02 1.036236874251526219e+00
2.964999999992437552e+02 1.262261426643193296e+00
2.969999999992307380e+02 1.441461440688725837e+00
2.974999999992177209e+02 1.426332851642844624e+00
2.979999999992047037e+02 1.500737944342576791e+00
2.984999999991916866e+02 1.148922737470320810e+00
2.989999999991786694e+02 1.287672182940006627e+00
2.994999999991656523e+02 1.326358791723377895e+00
2.999999999991526352e+02 1.466082150835165798e+00
3.004999999991396180e+02 1.524926455474208575e+00
3.009999999991265440e+02 1.587241045987294097e+00
3.014999999991135269e+02 9.433165530074486549e-01
3.019999999991005097e+02 1.456541348364096100e+00
3.024999999990874926e+02 1.545846772747104581e+00
3.029999999990744755e+02 1.237991845566428939e+00
3.034999999990614583e+02 1.222980114466356794e+00
3.039999999990484412e+02 1.573634319879906096e+00
3.044999999990354240e+02 1.125814051759638001e+00
3.049999999990224069e+02 1.310902531689190464e+00
3.054999999990093897e+02 1.933941003517230861e+00
3.059999999989963158e+02 1.252362257358901720e+00
3.064999999989832986e+02 1.548482384551729929e+00
3.069999999989702815e+02 1.569295409898478155e+00
3.074999999989572643e+02 9.916717347098489288e-01
3.079999999989442472e+02 1.543734515487236170e+00
3.084999999989312300e+02 1.295265737824917274e+00
3.089999999989182129e+02 1.331682614141851628e+00
3.094999999989051958e+02 1.168529261240526917e+00
3.099999999988921786e+02 1.163216829378801220e+00
3.104999999988791615e+02 1.406855336759138542e+00
3.109999999988661443e+02 1.398765101981292336e+00
3.114999999988530703e+02 1.402265481045497753e+00
3.119999999988400532e+02 1.431076678286311576e+00
3.124999999988270361e+02 1.370510410960809500e+00
3.129999999988140189e+02 1.030799883205289147e+00
3.134999999988010018e+02 1.640050017339460098e+00
3.139999999987879846e+02 1.465713074429680240e+00
3.144999999987749675e+02 1.124541067154703589e+00
3.149999999987619503e+02 1.301656119961530633e+00
3.154999999987489332e+02 1.614808032768079826e+00
3.159999999987359161e+02 1.434271369679200658e+00
3.164999999987228989e+02 1.250084563198279541e+00
3.169999999987098249e+02 1.413391232793974828e+00
3.174999999986968078e+02 1.489146827327063605e+00
3.179999999986837906e+02 1.723766621980116875e+00
3.184999999986707735e+02 1.408483939493490045e+00
3.189999999986577564e+02 1.720985117359121075e+00
3.194999999986447392e+02 8.768482548560873058e-01
3.199999999986317221e+02 1.033942974475715149e+00
3.204999999986187049e+02 1.691325639843860307e+00
3.209999999986056878e+02 1.364841948641144720e+00
3.214999999985926706e+02 1.314847207748053970e+00
3.219999999985796535e+02 1.488543315930400901e+00
3.224999999985665795e+02 1.240139115892699984e+00
3.229999999985535624e+02 1.063966348553876839e+00
3.234999999985405452e+02 1.434560912619104789e+00
3.239999999985275281e+02 1.161625216320756104e+00
3.244999999985145109e+02 1.366861496124400333e+00
3.249999999985014938e+02 1.035417780911376706e+00
3.254999999984884766e+02 1.504404666162091342e+00
3.259999999984754595e+02 1.203875488824850404e+00
3.264999999984624424e+02 1.452148588788271022e+00
3.269999999984494252e+02 1.466593970154334015e+00
3.274999999984364081e+02 1.461746033009129198e+00
3.279999999984233341e+02 1.785741327792510491e+00
3.284999999984103169e+02 1.637233211778311492e+00
3.289999999983972998e+02 1.430811880388716650e+00
3.294999999983842827e+02 1.249520863852682018e+00
3.299999999983712655e+02 1.519672853882840347e+00
3.304999999983582484e+02 1.306442568639061719e+00
3.309999999983452312e+02 1.456334113088150639e+00
3.314999999983322141e+02 1.444885695037263718e+00
3.319999999983191969e+02 1.292200106111073943e+00
3.324999999983061798e+02 9.984263918342087818e-01
3.329999999982931627e+02 1.117821891621785690e+00
3.334999999982800887e+02 1.334372558262487907e+00
3.339999999982670715e+02 1.647999156029297474e+00
3.344999999982540544e+02 1.357943581949846656e+00
3.349999999982410372e+02 1.249651334748497433e+00
3.354999999982280201e+02 1.215867931443004757e+00
3.359999999982150030e+02 9.622051567133140804e-01
3.364999999982019858e+02 1.445892681230758203e+00
3.369999999981889687e+02 1.475223647241481695e+00
3.374999999981759515e+02 1.223951885648000060e+00
3.379999999981629344e+02 1.151945119057323996e+00
3.384999999981499172e+02 1.667590819345538211e+00
3.389999999981368433e+02 1.492750586814155289e+00
3.394999999981238261e+02 1.554638188754969175e+00
3.399999999981108090e+02 1.539054215826199057e+00
3.404999999980977918e+02 1.363256789262524693e+00
3.409999999980847747e+02 1.362008190395653351e+00
3.414999999980717575e+02 1.384239286440493100e+00
3.419999999980587404e+02 1.510366140619413100e+00
3.424999999980457233e+02 1.228060938221662068e+00
3.429999999980327061e+02 1.474017965927028051e+00
3.434999999980196890e+02 1.257537072902552122e+00
3.439999999980066718e+02 1.654383536844867830e+00
3.444999999979935978e+02 1.208702977548368418e+00
3.449999999979805807e+02 1.519187128251417995e+00
3.454999999979675636e+02 1.288461909485515644e+00
3.459999999979545464e+02 1.270617110516748305e+00
3.464999999979415293e+02 1.597156687113435281e+00
3.469999999979285121e+02 9.810497981227503939e-01
3.474999999979154950e+02 1.563281014932589086e+00
3.479999999979024778e+02 1.209523458091052328e+00
3.484999999978894607e+02 8.656700047239351825e-01
3.489999999978764436e+02 1.371509138359532809e+00
3.494999999978633696e+02 1.446992813060269611e+00
3.499999999978503524e+02 9.253154498689940555e-01
3.504999999978373353e+02 1.456375173597030726e+00
3.509999999978243181e+02 1.446061193551786861e+00
3.514999999978113010e+02 1.254482589852069063e+00
3.519999999977982839e+02 1.833406272738588250e+00
3.524999999977852667e+02 1.086977486309172569e+00
3.529999999977722496e+02 1.565192028650443490e+00
3.534999999977592324e+02 1.353457201753339501e+00
3.539999999977462153e+02 1.314774837394990792e+00
3.544999999977331981e+02 1.325095352666652682e+00
3.549999999977201242e+02 1.711476934270759420e+00
3.554999999977071070e+02 1.607531973578203210e+00
3.559999999976940899e+02 1.689140991960863758e+00
3.564999999976810727e+02 1.612374850904359613e+00
3.569999999976680556e+02 1.320561061305636219e+00
3.574999999976550384e+02 1.598703683824236110e+00
3.579999999976420213e+02 1.601506324842786100e+00
3.584999999976290042e+02 1.586827251606000022e+00
3.589999999976159870e+02 1.515619519679873184e+00
3.594999999976029699e+02 1.420499770283714991e+00
3.599999999975899527e+02 1.528441900955265664e+00
3.604999999975768787e+02 1.235292841845150758e+00
3.609999999975638616e+02 1.332143619647075061e+00
3.614999999975508445e+02 1.396924877630852935e+00
3.619999999975378273e+02 9.719902520961881676e-01
3.624999999975248102e+02 1.304559708894937442e+00
3.629999999975117930e+02 1.551364099753701709e+00
3.634999999974987759e+02 1.372861141583928246e+00
3.639999999974857587e+02 1.228960759735713504e+00
3.644999999974727416e+02 1.392395939832265839e+00
3.649999999974597245e+02 1.262362618624056854e+00
3.654999999974467073e+02 1.182863044448955403e+00
3.659999999974336333e+02 1.394904346768156111e+00
3.664999999974206162e+02 1.565045454228352062e+00
3.669999999974075990e+02 1.484015750647188936e+00
3.674999999973945819e+02 1.504709701318349468e+00
3.679999999973815648e+02 1.186211743600775970e+00
3.684999999973685476e+02 1.808943458908170765e+00
3.689999999973555305e+02 1.370525773286731974e+00
3.694999999973425133e+02 1.181261889640807583e+00
3.699999999973294962e+02 1.226148917501667768e+00
3.704999999973164790e+02 1.083627343493031470e+00
3.709999999973034619e+02 1.520699282040300693e+00
3.714999999972903879e+02 1.281101421485850933e+00
3.719999999972773708e+02 1.331445649096381079e+00
3.724999999972643536e+02 1.079227965945319889e+00
3.729999999972513365e+02 1.388899122795687946e+00
3.734999999972383193e+02 1.526379278315797894e+00
3.739999999972253022e+02 1.238477507649338616e+00
3.744999999972122851e+02 1.495061829097649397e+00
3.749999999971992679e+02 1.061172814109574203e+00
3.754999999971862508e+02 1.405144607597565320e+00
3.759999999971732336e+02 1.296206908758996024e+00
3.764999999971602165e+02 1.236805758938516853e+00
3.769999999971471425e+02 1.438599904013766917e+00
3.774999999971341254e+02 1.315262146783944930e+00
3.779999999971211082e+02 1.437681366333404487e+00
3.784999999971080911e+02 1.270204376915235800e+00
3.789999999970950739e+02 1.213144574537445397e+00
3.794999999970820568e+02 1.481546525649977575e+00
3.799999999970690396e+02 1.363032854908694080e+00
3.804999999970560225e+02 1.246023490556404489e+00
3.809999999970430054e+02 1.592699352617567454e+00
3.814999999970299882e+02 1.319307664106735833e+00
3.819999999970169711e+02 9.365887116673323742e-01
3.824999999970038971e+02 1.085550173117720618e+00
3.829999999969908799e+02 1.417785322542433057e+00
3.834999999969778628e+02 1.374418013093907431e+00
3.839999999969648456e+02 1.614454725071740038e+00
3.844999999969518285e+02 1.170095421119904167e+00
3.849999999969388114e+02 1.433429436821865188e+00
3.854999999969257942e+02 1.355201578927305528e+00
3.859999999969127771e+02 1.413328792084991958e+00
3.864999999968997599e+02 1.176391321801783185e+00
3.869999999968867428e+02 1.342517926772858194e+00
3.874999999968737256e+02 1.224189937208957524e+00
3.879999999968606517e+02 1.387257441631521981e+00
3.884999999968476345e+02 1.252348684322410532e+00
3.889999999968346174e+02 1.439403023693504924e+00
3.894999999968216002e+02 1.193912291257541947e+00
3.899999999968085831e+02 1.657025518266455055e+00
3.904999999967955659e+02 1.110937792878753827e+00
3.909999999967825488e+02 1.136598716418258714e+00
3.914999999967695317e+02 1.615741651906146048e+00
3.919999999967565145e+02 1.398245623375466318e+00
3.924999999967434974e+02 1.607588648992199110e+00
3.929999999967304234e+02 1.657432241002958717e+00
3.934999999967174062e+02 1.171449226933354959e+00
3.939999999967043891e+02 7.502589020347234516e-01
3.944999999966913720e+02 1.442604154340649814e+00
3.949999999966783548e+02 1.515011740131124718e+00
3.954999999966653377e+02 1.341160515574322920e+00
3.959999999966523205e+02 1.380426242580778506e+00
3.964999999966393034e+02 1.565776083483869874e+00
3.969999999966262862e+02 1.263783181463061789e+00
3.974999999966132691e+02 1.599308944184019809e+00
3.979999999966002520e+02 1.478380115116703752e+00
3.984999999965871780e+02 1.537696260100854362e+00
3.989999999965741608e+02 1.008567634598750651e+00
3.994999999965611437e+02 1.323982148630352906e+00
3.999999999965481265e+02 1.502331644222964613e+00
4.004999999965351094e+02 1.230382275185364360e+00
4.009999999965220923e+02 1.450769861556657547e+00
4.014999999965090751e+02 1.812018329555461271e+00
4.019999999964960580e+02 9.158030706291234724e-01
4.024999999964830408e+02 1.181032694543861394e+00
4.029999999964700237e+02 1.593470083041367280e+00
4.034999999964570065e+02 1.405873986202110126e+00
4.039999999964439326e+02 1.366262068325550194e+00
4.044999999964309154e+02 1.144565494180716625e+00
4.049999999964178983e+02 1.331951169329486317e+00
4.054999999964048811e+02 1.118268378763207727e+00
4.059999999964079507e+02 1.365049176552117549e+00
4.064999999964400104e+02 1.289711523604251786e+00
4.069999999964720132e+02 1.147572980371272866e+00
4.074999999965040729e+02 1.848884077185764196e+00
4.079999999965360757e+02 1.482376636702946060e+00
4.084999999965681354e+02 1.649124608329222141e+00
4.089999999966001383e+02 1.551007276651378941e+00
4.094999999966321980e+02 1.188492628965134745e+00
4.099999999966642008e+02 1.488902313607069150e+00
4.104999999966962605e+02 1.018476087037690547e+00
4.109999999967282633e+02 1.228292787502884176e+00
4.114999999967603230e+02 1.323915143199243527e+00
4.119999999967923259e+02 1.118549314526009697e+00
4.124999999968243856e+02 8.255860802443377722e-01
4.129999999968563884e+02 1.747021620929636754e+00
4.134999999968884481e+02 1.255955042939469690e+00
4.139999999969205078e+02 1.426103739911690260e+00
4.144999999969525106e+02 1.618700647254509573e+00
4.149999999969845703e+02 1.374346504274973402e+00
4.154999999970165732e+02 1.594370078006330793e+00
4.159999999970486328e+02 1.417358584578426894e+00
4.164999999970806357e+02 1.492658173835043955e+00
4.169999999971126954e+02 1.414788759614115099e+00
4.174999999971446982e+02 1.119103857234001298e+00
4.179999999971767579e+02 1.469515503543761259e+00
4.184999999972087608e+02 1.447155254934099577e+00
4.189999999972408204e+02 1.363983074560826569e+00
4.194999999972728233e+02 1.368550066481968974e+00
4.199999999973048830e+02 1.320827210590483247e+00
4.204999999973368858e+02 1.458410756738371505e+00
4.209999999973689455e+02 1.628070169905810882e+00
4.214999999974009484e+02 1.409678587809882311e+00
4.219999999974330080e+02 1.375717795021890621e+00
4.224999999974650109e+02 1.762400020290133762e+00
4.229999999974970706e+02 1.416980032271244028e+00
4.234999999975291303e+02 1.529455900701983673e+00
4.239999999975611331e+02 1.256364885616934490e+00
4.244999999975931928e+02 1.155326226857725569e+00
4.249999999976251956e+02 1.109748099946212596e+00
4.254999999976572553e+02 1.576617426782739750e+00
4.259999999976892582e+02 1.297371849066401905e+00
4.264999999977213179e+02 1.148789163070585984e+00
4.269999999977533207e+02 1.419114823044815621e+00
4.274999999977853804e+02 1.581204306952202154e+00
4.279999999978173832e+02 1.292011204067264662e+00
4.284999999978494429e+02 1.490114850124298895e+00
4.289999999978814458e+02 1.332721695701524656e+00
4.294999999979135055e+02 1.370748166490666664e+00
4.299999999979455083e+02 1.401326060158359033e+00
4.304999999979775680e+02 1.390268414481267811e+00
4.309999999980095708e+02 1.284198834568990311e+00
4.314999999980416305e+02 9.551410892611051917e-01
4.319999999980736902e+02 1.384888844899166971e+00
4.324999999981056931e+02 1.428820946004979664e+00
4.329999999981377528e+02 1.506047279935119887e+00
4.334999999981697556e+02 1.432808216780443900e+00
4.339999999982018153e+02 1.132349260889515152e+00
4.344999999982338181e+02 1.349929052039786637e+00
4.349999999982658778e+02 1.321059807793653285e+00
4.354999999982978807e+02 1.435504063885985282e+00
4.359999999983299404e+02 1.210643089813312478e+00
4.364999999983619432e+02 1.351669796134662649e+00
4.369999999983940029e+02 1.190551685007259053e+00
4.374999999984260057e+02 1.517381640303275381e+00
4.379999999984580654e+02 1.379569067655739056e+00
4.384999999984900683e+02 1.410015002723426836e+00
4.389999999985221280e+02 1.569464931904049010e+00
4.394999999985541308e+02 1.795600396024749745e+00
4.399999999985861905e+02 1.268669622769874605e+00
4.404999999986182502e+02 1.366142997621086819e+00
4.409999999986502530e+02 1.462655301022134591e+00
4.414999999986823127e+02 1.584476240882379816e+00
4.419999999987143156e+02 1.382888945146803827e+00
4.424999999987463752e+02 1.020630540929132080e+00
4.429999999987783781e+02 1.115481385677366655e+00
4.434999999988104378e+02 1.612012100654611091e+00
4.439999999988424406e+02 1.379918140166845220e+00
4.444999999988745003e+02 1.590524411466588850e+00
4.449999999989065032e+02 1.369977759572795328e+00
4.454999999989385628e+02 1.171226347884363417e+00
4.459999999989705657e+02 1.350245783906177888e+00
4.464999999990026254e+02 1.745297780715508340e+00
4.469999999990346282e+02 1.235386870626532074e+00
4.474999999990666879e+02 1.098787758441571727e+00
4.479999999990986908e+02 1.490377254761339199e+00
4.484999999991307504e+02 1.485898723240404840e+00
4.489999999991627533e+02 1.358269577781837212e+00
4.494999999991948130e+02 1.285734147161353702e+00
4.499999999992268727e+02 1.506618671442409241e+00
4.504999999992588755e+02 1.489161658618197936e+00
4.509999999992909352e+02 1.373091088504842849e+00
4.514999999993229380e+02 1.509487973480412970e+00
4.519999999993549977e+02 1.457666292016153609e+00
4.524999999993870006e+02 1.379114014915378439e+00
4.529999999994190603e+02 1.328894815804309459e+00
4.534999999994510631e+02 1.197404149089286607e+00
4.539999999994831228e+02 1.363997762361040200e+00
4.544999999995151256e+02 1.469061355984306427e+00
4.549999999995471853e+02 1.276353751227239375e+00
4.554999999995791882e+02 1.496111606996378907e+00
4.559999999996112479e+02 1.148541005430494977e+00
4.564999999996432507e+02 1.171383113440706447e+00
4.569999999996753104e+02 1.340622963917160293e+00
4.574999999997073132e+02 1.274234285563064617e+00
4.579999999997393729e+02 1.504020930901700748e+00
4.584999999997714326e+02 1.396588916032605487e+00
4.589999999998034355e+02 1.147254123604126486e+00
4.594999999998354951e+02 1.668462451398789570e+00
4.599999999998674980e+02 1.322316155468698851e+00
4.604999999998995577e+02 1.395020798851182464e+00
4.609999999999315605e+02 1.454341416897710682e+00
4.614999999999636202e+02 1.426460406188365670e+00
4.619999999999956231e+02 1.127467441343318555e+00
4.625000000000276827e+02 1.600698941277459486e+00
4.630000000000596856e+02 1.796081919754630718e+00
4.635000000000917453e+02 1.243920753633289689e+00
4.640000000001237481e+02 1.563803141044710854e+00
4.645000000001558078e+02 1.570683144658018726e+00
4.650000000001878107e+02 1.533832019015575421e+00
4.655000000002198703e+02 1.573115164959783208e+00
4.660000000002518732e+02 1.662090120883280342e+00
4.665000000002839329e+02 1.683732928156735031e+00
4.670000000003159357e+02 1.047759976810350935e+00
4.675000000003479954e+02 1.387434891333885423e+00
4.680000000003800551e+02 1.278300679447151644e+00
4.685000000004120579e+02 1.336874837114809811e+00
4.690000000004441176e+02 1.754059483287162102e+00
4.695000000004761205e+02 1.247554006204711463e+00
4.700000000005081802e+02 1.338207430451324509e+00
4.705000000005401830e+02 9.233943670570436968e-01
4.710000000005722427e+02 1.250094428104997712e+00
4.715000000006042455e+02 1.265036685318096987e+00
4.720000000006363052e+02 1.042467419380385341e+00
4.725000000006683081e+02 1.776487858204580883e+00
4.730000000007003678e+02 1.406576237282058273e+00
4.735000000007323706e+02 1.164998845280759809e+00
4.740000000007644303e+02 1.347913334832180121e+00
4.745000000007964331e+02 1.227421091440368706e+00
4.750000000008284928e+02 1.424783436373771472e+00
4.755000000008604957e+02 1.282685367470255189e+00
4.760000000008925554e+02 1.370377188313200545e+00
4.765000000009246151e+02 1.416743410530061809e+00
4.770000000009566179e+02 1.375933009277693131e+00
4.775000000009886776e+02 1.298551611638490755e+00
4.780000000010206804e+02 1.419192134566955588e+00
4.785000000010527401e+02 1.423535656709484565e+00
4.790000000010847430e+02 1.487583353491304772e+00
4.795000000011168027e+02 1.659763366763655767e+00
4.800000000011488055e+02 1.445477580014706609e+00
4.805000000011808652e+02 1.220644021926345690e+00
4.810000000012128680e+02 1.502507749178554564e+00
4.815000000012449277e+02 1.194104664400888138e+00
4.820000000012769306e+02 1.229313786403076536e+00
4.825000000013089902e+02 1.406217832444323079e+00
4.830000000013409931e+02 1.180186781584846134e+00
4.835000000013730528e+02 1.458864805096533379e+00
4.840000000014050556e+02 1.475928750665826961e+00
4.845000000014371153e+02 1.078317687384016565e+00
4.850000000014691750e+02 1.224523917875685930e+00
4.855000000015011778e+02 1.352354842787036660e+00
4.860000000015332375e+02 1.289401625113403949e+00
4.865000000015652404e+02 1.203427065637439508e+00
4.870000000015973001e+02 1.410856224172492013e+00
4.875000000016293029e+02 1.333433862972950967e+00
4.880000000016613626e+02 1.184972141103450394e+00
4.885000000016933654e+02 1.451891426404402941e+00
4.890000000017254251e+02 1.379755439452131860e+00
4.895000000017574280e+02 1.424894009743362222e+00
4.900000000017894877e+02 1.443868815535580108e+00
4.905000000018214905e+02 1.313813579980936064e+00
4.910000000018535502e+02 1.261523843958867852e+00
4.915000000018855530e+02 1.672269648086422311e+00
4.920000000019176127e+02 1.392106008578314791e+00
4.925000000019496156e+02 1.463256121696866918e+00
4.930000000019816753e+02 1.522205727867813385e+00
4.935000000020136781e+02 1.625939684665637319e+00
4.940000000020457378e+02 1.610427599060592518e+00
4.945000000020777975e+02 1.293332720389381851e+00
4.950000000021098003e+02 1.375616813235174485e+00
4.955000000021418600e+02 1.389589181682790109e+00
4.960000000021738629e+02 1.328540946032482628e+00
4.965000000022059226e+02 1.371463835534940667e+00
4.970000000022379254e+02 1.324099478621804105e+00
4.975000000022699851e+02 1.342982941452368184e+00
4.980000000023019879e+02 1.446337096524227261e+00
4.985000000023340476e+02 1.547138326182565304e+00
4.990000000023660505e+02 1.670152561792058732e+00
4.995000000023981102e+02 1.121725586690565102e+00
5.000000000024301130e+02 1.272254333599076359e+00
5.005000000024621727e+02 1.399422862144714674e+00
5.010000000024941755e+02 1.224085873043366357e+00
5.015000000025262352e+02 1.457525410326008686e+00
5.020000000025582381e+02 1.289233012312614113e+00
5.025000000025902978e+02 1.300872981810155871e+00
5.030000000026223574e+02 1.012312956841787015e+00
5.035000000026543603e+02 1.189433591818973346e+00
5.040000000026864200e+02 1.184670815906808006e+00
5.045000000027184228e+02 1.320664994127344283e+00
5.050000000027504825e+02 1.412468073235901178e+00
5.055000000027824854e+02 1.200878041714159350e+00
5.060000000028145450e+02 1.382191058423994034e+00
5.065000000028465479e+02 1.239166557540338109e+00
5.070000000028786076e+02 1.086692042678831793e+00
5.075000000029106104e+02 1.166940771108657682e+00
5.080000000029426701e+02 1.410366282473777710e+00
5.085000000029746730e+02 1.340641075542386540e+00
5.090000000030067326e+02 1.136274212977725684e+00
5.095000000030387355e+02 1.738927592040764081e+00
5.100000000030707952e+02 1.377040678571678223e+00
5.105000000031027980e+02 1.556903083436685264e+00
5.110000000031348577e+02 1.511914234921989397e+00
5.115000000031668606e+02 1.213700491299671613e+00
5.120000000031989202e+02 1.444923803359773329e+00
5.125000000032309799e+02 1.566794595146859814e+00
5.130000000032630396e+02 1.205559897751219633e+00
5.135000000032949856e+02 1.161611237976283295e+00
5.140000000033270453e+02 1.307204282721488475e+00
5.145000000033591050e+02 1.259627319814218493e+00
5.150000000033911647e+02 1.280205583671798264e+00
5.155000000034231107e+02 1.347959530626803959e+00
5.160000000034551704e+02 1.238834611923081086e+00
5.165000000034872301e+02 1.327251516146887411e+00
5.170000000035192897e+02 1.386936693878891402e+00
5.175000000035512357e+02 1.154430452601140855e+00
5.180000000035832954e+02 1.262187208154269547e+00
5.185000000036153551e+02 1.997854311073829159e+00
5.190000000036474148e+02 1.385713369938690542e+00
5.195000000036793608e+02 1.531468208216406390e+00
5.200000000037114205e+02 1.054108223438481984e+00
5.205000000037434802e+02 1.363292165630707542e+00
5.210000000037755399e+02 1.705404549014145621e+00
5.215000000038075996e+02 1.088918279786777576e+00
5.220000000038395456e+02 1.180049381326278235e+00
5.225000000038716053e+02 1.623653834386753703e+00
5.230000000039036649e+02 1.302194044778506088e+00
5.235000000039357246e+02 1.385143324561274314e+00
5.240000000039676706e+02 1.435665434698576215e+00
5.245000000039997303e+02 1.523455646080144277e+00
5.250000000040317900e+02 1.561916716487255608e+00
5.255000000040638497e+02 1.432364474141891497e+00
5.260000000040957957e+02 1.800967264836591974e+00
5.265000000041278554e+02 1.436051547421132391e+00
5.270000000041599151e+02 1.238888492339367708e+00
5.275000000041919748e+02 1.376774584541837099e+00
5.280000000042239208e+02 1.434632190758400760e+00
5.285000000042559805e+02 9.636957053936990869e-01
5.290000000042880401e+02 1.210564374080775885e+00
5.295000000043200998e+02 1.519535382242564792e+00
5.300000000043521595e+02 1.467076877909575749e+00
5.305000000043841055e+02 1.602643821028037374e+00
5.310000000044161652e+02 1.637455126559018703e+00
5.315000000044482249e+02 1.013941082344961719e+00
5.320000000044802846e+02 1.301990110561256575e+00
5.325000000045122306e+02 1.493717857732435039e+00
5.330000000045442903e+02 1.515136893934603934e+00
5.335000000045763500e+02 1.493268076116553988e+00
5.340000000046084097e+02 1.071720376166516608e+00
5.345000000046403557e+02 1.469870667249092655e+00
5.350000000046724153e+02 1.441158897440166120e+00
5.355000000047044750e+02 1.429320380417971714e+00
5.360000000047365347e+02 1.413832419745452151e+00
5.365000000047684807e+02 1.212549407175298910e+00
5.370000000048005404e+02 1.606824567449199881e+00
5.375000000048326001e+02 1.848969874477003561e+00
5.380000000048646598e+02 1.058066460663814601e+00
5.385000000048967195e+02 1.545779685066250630e+00
5.390000000049286655e+02 1.358916242655707318e+00
5.395000000049607252e+02 1.254336103104642719e+00
5.400000000049927849e+02 1.408820713765577048e+00
5.405000000050248445e+02 1.226829787328371335e+00
5.410000000050567905e+02 1.165489167690279437e+00
5.415000000050888502e+02 1.391154780115982037e+00
5.420000000051209099e+02 1.289816691023275341e+00
5.425000000051529696e+02 1.325220581027375610e+00
5.430000000051849156e+02 1.238162771988705391e+00
5.435000000052169753e+02 1.521818050921767584e+00
5.440000000052490350e+02 1.520562372773549109e+00
5.445000000052810947e+02 1.546795052803757953e+00
5.450000000053130407e+02 1.394555496325692534e+00
5.455000000053451004e+02 1.175053856806255848e+00
5.460000000053771601e+02 1.459946047459845575e+00
5.465000000054092197e+02 1.578476497075042673e+00
5.470000000054411657e+02 1.412215998498716818e+00
5.475000000054732254e+02 1.353272381713328754e+00
5.480000000055052851e+02 1.282884272766651401e+00
5.485000000055373448e+02 1.166619077645153935e+00
5.490000000055694045e+02 1.384292652971470305e+00
5.495000000056013505e+02 1.547254526918401929e+00
5.500000000056334102e+02 1.072147266345999661e+00
5.505000000056654699e+02 1.261697573197769984e+00
5.510000000056975296e+02 9.200846996476604867e-01
5.515000000057294756e+02 1.296721595967804674e+00
5.520000000057615352e+02 1.547146518094245193e+00
5.525000000057935949e+02 1.338994819071601228e+00
5.530000000058256546e+02 1.371337211037824577e+00
5.535000000058576006e+02 1.254302157326235179e+00
5.540000000058896603e+02 1.391322889182040834e+00
5.545000000059217200e+02 1.631991418160664953e+00
5.550000000059537797e+02 1.053365604609561412e+00
5.555000000059857257e+02 1.249398317622915533e+00
5.560000000060177854e+02 1.366611920669864144e+00
5.565000000060498451e+02 1.084602181445251112e+00
5.570000000060819048e+02 1.127759894546164876e+00
5.575000000061139644e+02 1.429370332633847385e+00
5.580000000061459104e+02 1.011904270524500937e+00
5.585000000061779701e+02 1.346266205803453131e+00
5.590000000062100298e+02 1.567509387440768398e+00
5.595000000062420895e+02 1.576648640045419381e+00
5.600000000062740355e+02 1.231818604927586769e+00
5.605000000063060952e+02 9.774143956093961361e-01
5.610000000063381549e+02 1.534652885228002583e+00
5.615000000063702146e+02 1.381154563755715881e+00
5.620000000064021606e+02 1.299610158394842507e+00
5.625000000064342203e+02 1.115310179279043190e+00
5.630000000064662800e+02 1.427311479228722479e+00
5.635000000064983396e+02 1.169466883811916658e+00
5.640000000065302856e+02 1.495058057166332111e+00
5.645000000065623453e+02 1.454079146379507970e+00
5.650000000065944050e+02 1.303177859017081497e+00
5.655000000066264647e+02 1.497453797138650566e+00
5.660000000066585244e+02 1.298961339643635249e+00
5.665000000066904704e+02 1.273474179147732199e+00
5.670000000067225301e+02 1.804820810111644969e+00
5.675000000067545898e+02 1.243535608802370351e+00
5.680000000067866495e+02 1.447867266404858411e+00
5.685000000068185955e+02 1.466552784427521239e+00
5.690000000068506552e+02 1.609954004316777265e+00
5.695000000068827148e+02 1.579933422845003932e+00
5.700000000069147745e+02 1.440032834630241343e+00
5.705000000069467205e+02 1.307229809206394977e+00
5.710000000069787802e+02 1.408826487193945765e+00
5.715000000070108399e+02 1.398856767276549729e+00
5.720000000070428996e+02 1.329574310300565498e+00
5.725000000070748456e+02 1.387104340014738257e+00
5.730000000071069053e+02 1.272792388887206805e+00
5.735000000071389650e+02 1.402561557052622865e+00
5.740000000071710247e+02 1.424529131229258505e+00
5.745000000072030844e+02 1.157506996957415213e+00
5.750000000072350304e+02 1.438989745123520958e+00
5.755000000072670900e+02 1.361544811928956156e+00
5.760000000072991497e+02 1.223569946895504357e+00
5.765000000073312094e+02 1.348092603066780137e+00
5.770000000073631554e+02 1.748695580967382757e+00
5.775000000073952151e+02 1.499871066914132189e+00
5.780000000074272748e+02 1.509614638919278162e+00
5.785000000074593345e+02 1.073216994308935357e+00
5.790000000074912805e+02 1.397749008990597730e+00
5.795000000075233402e+02 1.350398996527429896e+00
5.800000000075553999e+02 1.250450481519834511e+00
5.805000000075874595e+02 1.275795514959999322e+00
5.810000000076194056e+02 1.367210157244942437e+00
5.815000000076514652e+02 1.327128741946973278e+00
5.820000000076835249e+02 1.651646175217085455e+00
5.825000000077155846e+02 1.524779438220292382e+00
5.830000000077476443e+02 1.633460271913306894e+00
5.835000000077795903e+02 1.311955345089307778e+00
5.840000000078116500e+02 1.127181176876280722e+00
5.845000000078437097e+02 1.180974573248292581e+00
5.850000000078757694e+02 1.443363991701272164e+00
5.855000000079077154e+02 1.018095483124789480e+00
5.860000000079397751e+02 1.410203806544015448e+00
5.865000000079718347e+02 1.467334457192840391e+00
5.870000000080038944e+02 1.559026340514938047e+00
5.875000000080358404e+02 1.250051201846329452e+00
5.880000000080679001e+02 1.477140136423752637e+00
5.885000000080999598e+02 1.324488817788669115e+00
5.890000000081320195e+02 1.185943218757910866e+00
5.895000000081639655e+02 1.073957772549450906e+00
5.900000000081960252e+02 1.586997966392388770e+00
5.905000000082280849e+02 1.534207798659783517e+00
5.910000000082601446e+02 1.022754869222571417e+00
5.915000000082920906e+02 1.205034374503856531e+00
5.920000000083241503e+02 1.492497527802391755e+00
5.925000000083562099e+02 1.149280589985112178e+00
5.930000000083882696e+02 1.683024263555947808e+00
5.935000000084203293e+02 1.507530013531380053e+00
5.940000000084522753e+02 1.308410460860515601e+00
5.945000000084843350e+02 1.229437428319986703e+00
5.950000000085163947e+02 1.516009308249331999e+00
5.955000000085484544e+02 1.229249606330970135e+00
5.960000000085804004e+02 1.142064837245386544e+00
5.965000000086124601e+02 1.476699885582251515e+00
5.970000000086445198e+02 1.305582678900176097e+00
5.975000000086765795e+02 1.100690464899529708e+00
5.980000000087085255e+02 1.282342274474375321e+00
5.985000000087405851e+02 1.575577867860128656e+00
5.990000000087726448e+02 1.393724497499551962e+00
5.995000000088047045e+02 1.394391052285792520e+00
6.000000000088366505e+02 1.581606492932699171e+00
6.005000000088687102e+02 1.376503742825734289e+00
6.010000000089007699e+02 1.474972758995752420e+00
6.015000000089328296e+02 1.637691640412376914e+00
6.020000000089648893e+02 1.088517505746318559e+00
6.025000000089968353e+02 1.352359591633892189e+00
6.030000000090288950e+02 1.181137678954643500e+00
6.035000000090609547e+02 1.572275369186848959e+00
6.040000000090930143e+02 1.658899795320107007e+00
6.045000000091249603e+02 1.312333364655337231e+00
6.050000000091570200e+02 1.165150711494473912e+00
6.055000000091890797e+02 1.651696004340520441e+00
6.060000000092211394e+02 1.354196530356524431e+00
6.065000000092530854e+02 1.398040713891320008e+00
6.070000000092851451e+02 1.291494010910719803e+00
6.075000000093172048e+02 1.610576161612290003e+00
6.080000000093492645e+02 1.385621835381498412e+00
6.085000000093812105e+02 1.479427129097864224e+00
6.090000000094132702e+02 1.302774363080122733e+00
6.095000000094453299e+02 1.139740674469831072e+00
6.100000000094773895e+02 1.574024294475780961e+00
6.105000000095094492e+02 1.295697004351219261e+00
6.110000000095413952e+02 8.862543392847089807e-01
6.115000000095734549e+02 1.641894479042610211e+00
6.120000000096055146e+02 1.398941711676754185e+00
6.125000000096375743e+02 1.476224856883841863e+00
6.130000000096695203e+02 1.427750033701641108e+00
6.135000000097015800e+02 1.351372041812586300e+00
6.140000000097336397e+02 1.521857916458233317e+00
6.145000000097656994e+02 1.433375668570146866e+00
6.150000000097976454e+02 1.326277271537813274e+00
6.155000000098297050e+02 1.276430137450682789e+00
6.160000000098617647e+02 1.333209483759528746e+00
6.165000000098938244e+02 1.627731252961327257e+00
6.170000000099257704e+02 1.055800699559231504e+00
6.175000000099578301e+02 1.094450754716667085e+00
6.180000000099898898e+02 1.634314058238528489e+00
6.185000000100219495e+02 1.460285860905915500e+00
6.190000000100540092e+02 1.478118411641239804e+00
6.195000000100859552e+02 1.283044890282678097e+00
6.200000000101180149e+02 1.400974331418585628e+00
6.205000000101500746e+02 1.221802110434202948e+00
6.210000000101821342e+02 1.335643962786279948e+00
6.215000000102140802e+02 1.160277166102906321e+00
6.220000000102461399e+02 1.450609118370164818e+00
6.225000000102781996e+02 1.606294807353404019e+00
6.230000000103102593e+02 1.483692386863788126e+00
6.235000000103422053e+02 1.041354171750428881e+00
6.240000000103742650e+02 1.483633512524242137e+00
6.245000000104063247e+02 1.375824197775531443e+00
6.250000000104383844e+02 1.594543613983100627e+00
6.255000000104703304e+02 1.169489824441584780e+00
6.260000000105023901e+02 1.366620710872184175e+00
6.265000000105344498e+02 1.144847691655446420e+00
6.270000000105665094e+02 1.584874968111687377e+00
6.275000000105985691e+02 1.458741657293974203e+00
6.280000000106305151e+02 1.388578512323078273e+00
6.285000000106625748e+02 1.433582334205117936e+00
6.290000000106946345e+02 1.689574872862283472e+00
6.295000000107266942e+02 1.158343360726228344e+00
6.300000000107586402e+02 1.418731991915213708e+00
6.305000000107906999e+02 1.379146818372196215e+00
6.310000000108227596e+02 1.306311118420290240e+00
6.315000000108548193e+02 1.726951233915877237e+00
6.320000000108867653e+02 1.370286985863902185e+00
6.325000000109188250e+02 1.569463723678371947e+00
6.330000000109508846e+02 1.363169816207820739e+00
6.335000000109829443e+02 1.253114597263416119e+00
6.340000000110148903e+02 1.389961683945150739e+00
6.345000000110469500e+02 1.400849545683654274e+00
6.350000000110790097e+02 1.307099420264151490e+00
6.355000000111110694e+02 1.301750099147156892e+00
6.360000000111430154e+02 1.394027906016541474e+00
6.365000000111750751e+02 1.558755379293190080e+00
6.370000000112071348e+02 1.349210534229885683e+00
6.375000000112391945e+02 1.356215779438822100e+00
6.380000000112712542e+02 1.594738832033578468e+00
6.385000000113032002e+02 1.118689495154748581e+00
6.390000000113352598e+02 1.428391115996431981e+00
6.395000000113673195e+02 1.475788567687078778e+00
6.400000000113993792e+02 1.442151602602681049e+00
6.405000000114313252e+02 1.470740168759613775e+00
6.410000000114633849e+02 1.413818582964036841e+00
6.415000000114954446e+02 1.396923178015897049e+00
6.420000000115275043e+02 9.663990201729034668e-01
6.425000000115594503e+02 1.234651185216852243e+00
6.430000000115915100e+02 1.323486742799935945e+00
6.435000000116235697e+02 1.267014307260039274e+00
6.440000000116556294e+02 1.251116690477693361e+00
6.445000000116875754e+02 1.482353309244732520e+00
6.450000000117196350e+02 1.166755366700330754e+00
6.455000000117516947e+02 1.062811927072117690e+00
6.460000000117837544e+02 1.305793237963847719e+00
6.465000000118158141e+02 1.537193955997552264e+00
6.470000000118477601e+02 1.319733855520378141e+00
6.475000000118798198e+02 1.671834354733733985e+00
6.480000000119118795e+02 1.125631580935791964e+00
6.485000000119439392e+02 1.120890049510973485e+00
6.490000000119758852e+02 1.421506721062055556e+00
6.495000000120079449e+02 1.178950089106397536e+00
6.500000000120400045e+02 1.408540368494223927e+00
6.505000000120720642e+02 1.568923784837157331e+00
6.510000000121040102e+02 1.169350123561720967e+00
6.515000000121360699e+02 1.311955178906800690e+00
6.520000000121681296e+02 1.354980364367927681e+00
6.525000000122001893e+02 1.474467546176211119e+00
6.530000000122321353e+02 1.344140830360798677e+00
6.535000000122641950e+02 1.317335240786981165e+00
6.540000000122962547e+02 9.016672573546971048e-01
6.545000000123283144e+02 1.388984539677955210e+00
6.550000000123603741e+02 1.601816325500833305e+00
6.555000000123923201e+02 1.507375974419336684e+00
6.560000000124243797e+02 1.090452788587065625e+00
6.565000000124564394e+02 1.446322446065234191e+00
6.570000000124884991e+02 1.259909998171155454e+00
6.575000000125204451e+02 1.066094077145914865e+00
6.580000000125525048e+02 1.182918138930855845e+00
6.585000000125845645e+02 1.647435095175623809e+00
6.590000000126166242e+02 1.492616381445643459e+00
6.595000000126485702e+02 1.365380270139648022e+00
6.600000000126806299e+02 1.274047076496506614e+00
6.605000000127126896e+02 1.226579826486305036e+00
6.610000000127447493e+02 1.136417243211825356e+00
6.615000000127766953e+02 1.388984520950678814e+00
6.620000000128087549e+02 1.422671558145621296e+00
6.625000000128408146e+02 1.618310597788851002e+00
6.630000000128728743e+02 1.449755888584413732e+00
6.635000000129049340e+02 1.380775922752628171e+00
6.640000000129368800e+02 1.208564913760602932e+00
6.645000000129689397e+02 1.417753142861113425e+00
6.650000000130009994e+02 1.599762951487002427e+00
6.655000000130330591e+02 1.398066244875769248e+00
6.660000000130650051e+02 1.213877341522720643e+00
6.665000000130970648e+02 1.473635542587361957e+00
6.670000000131291245e+02 1.514666507503070969e+00
6.675000000131611841e+02 1.049987255301539690e+00
6.680000000131931301e+02 1.136613023081302964e+00
6.685000000132251898e+02 1.469537966426234687e+00
6.690000000132572495e+02 1.525789122235354123e+00
6.695000000132893092e+02 1.179028079506082349e+00
6.700000000133212552e+02 1.530014532169873487e+00
6.705000000133533149e+02 1.454092124536731534e+00
6.710000000133853746e+02 1.416349988589292730e+00
6.715000000134174343e+02 1.459492533510763135e+00
6.720000000134494940e+02 1.541145673029410412e+00
6.725000000134814400e+02 1.114164829849687788e+00
6.730000000135134997e+02 1.311353012299312004e+00
6.735000000135455593e+02 1.553742096824980656e+00
6.740000000135776190e+02 1.304398571406269580e+00
6.745000000136095650e+02 1.421037632550485652e+00
6.750000000136416247e+02 1.642957417319644620e+00
6.755000000136736844e+02 1.374372740055162412e+00
6.760000000137057441e+02 1.311825448706654296e+00
6.765000000137376901e+02 1.330036044816481855e+00
6.770000000137697498e+02 1.603007830824079827e+00
6.775000000138018095e+02 1.360956630724609706e+00
6.780000000138338692e+02 1.366101060625250385e+00
6.785000000138658152e+02 1.266728999170314118e+00
6.790000000138978749e+02 1.490284451315341263e+00
6.795000000139299345e+02 1.584585760102267482e+00
6.800000000139619942e+02 1.521136660542264041e+00
6.805000000139939402e+02 1.272728701995630152e+00
6.810000000140259999e+02 1.366636172201975974e+00
6.815000000140580596e+02 1.154712321757600080e+00
6.820000000140901193e+02 1.577758802064169519e+00
6.825000000141221790e+02 9.050434276147282242e-01
6.830000000141541250e+02 1.417121389390555208e+00
6.835000000141861847e+02 1.273084211578591196e+00
6.840000000142182444e+02 1.372237991468288953e+00
6.845000000142503040e+02 1.375582998814294911e+00
6.850000000142822500e+02 1.495629955097868891e+00
6.855000000143143097e+02 1.130588971013485766e+00
6.860000000143463694e+02 1.262177575175274846e+00
6.865000000143784291e+02 1.559249725179802093e+00
6.870000000144103751e+02 1.234349642724837270e+00
6.875000000144424348e+02 1.329943097469820534e+00
6.880000000144744945e+02 1.734912995532085001e+00
6.885000000145065542e+02 1.258339388344708043e+00
6.890000000145385002e+02 1.393208718712204419e+00
6.895000000145705599e+02 1.725009699961403076e+00
6.900000000146026196e+02 1.353783553597512235e+00
6.905000000146346792e+02 1.091956896902292140e+00
6.910000000146667389e+02 1.688469254467504177e+00
6.915000000146986849e+02 1.371936375793200158e+00
6.920000000147307446e+02 1.494798555252055738e+00
6.925000000147628043e+02 1.332378498674734457e+00
6.930000000147948640e+02 1.320470110232515371e+00
6.935000000148268100e+02 1.244250359047689214e+00
6.940000000148588697e+02 1.353949414626909320e+00
6.945000000148909294e+02 1.425530231674967396e+00
6.950000000149229891e+02 1.217171622173813805e+00
6.955000000149549351e+02 1.453919308856655546e+00
6.960000000149869948e+02 1.552647851100868559e+00
6.965000000150190544e+02 1.410710515094914186e+00
6.970000000150511141e+02 1.280971887438451029e+00
6.975000000150830601e+02 1.523933215188131740e+00
6.980000000151151198e+02 1.288565439820825942e+00
6.985000000151471795e+02 1.312099252911118619e+00
6.990000000151792392e+02 1.746153726275490481e+00
6.995000000152112989e+02 1.016332078774234038e+00
7.000000000152432449e+02 1.564460297169579350e+00
7.005000000152753046e+02 1.376299670417169274e+00
7.010000000153073643e+02 1.356746315978159867e+00
7.015000000153394240e+02 1.391613025364971223e+00
7.020000000153713700e+02 1.585619939786915511e+00
7.025000000154034296e+02 1.599407146457346718e+00
7.030000000154354893e+02 1.541444957297105400e+00
7.035000000154675490e+02 1.483348637604333886e+00
7.040000000154994950e+02 1.144383295604403772e+00
7.045000000155315547e+02 1.441846418410639208e+00
7.050000000155636144e+02 1.299358612691844606e+00
7.055000000155956741e+02 1.259610877304578658e+00
7.060000000156276201e+02 1.384149843570205762e+00
7.065000000156596798e+02 1.585617252022154089e+00
7.070000000156917395e+02 1.184888418069448779e+00
7.075000000157237992e+02 1.385707101795929708e+00
7.080000000157558588e+02 1.445861637823719015e+00
7.085000000157878048e+02 1.101768898147958531e+00
7.090000000158198645e+02 1.257740776364852930e+00
7.095000000158519242e+02 1.172435114423008073e+00
7.100000000158839839e+02 1.486043806966435454e+00
7.105000000159159299e+02 1.094358779624706512e+00
7.110000000159479896e+02 1.188149085729938825e+00
7.115000000159800493e+02 1.336183369260816933e+00
7.120000000160121090e+02 1.505838682779065518e+00
7.125000000160440550e+02 1.301205334971276439e+00
7.130000000160761147e+02 8.842861284860609183e-01
7.135000000161081743e+02 1.521646042147985378e+00
7.140000000161402340e+02 1.740959809444563300e+00
7.145000000161721800e+02 1.395552995288993792e+00
7.150000000162042397e+02 1.473454324772626389e+00
7.155000000162362994e+02 1.647354262412794812e+00
7.160000000162683591e+02 1.312617694231500431e+00
7.165000000163003051e+02 1.240633911058457217e+00
7.170000000163323648e+02 1.412636009615833244e+00
7.175000000163644245e+02 1.356728591526901395e+00
7.180000000163964842e+02 1.306185656010492302e+00
7.185000000164285439e+02 1.662016987770239540e+00
7.190000000164604899e+02 1.171580393914745999e+00
7.195000000164925495e+02 1.116221458840521930e+00
7.200000000165246092e+02 1.350170290304365306e+00
7.205000000165566689e+02 1.371983055258463535e+00
7.210000000165886149e+02 1.039128082523992358e+00
7.215000000166206746e+02 1.554411010243081925e+00
7.220000000166527343e+02 1.269920603537066484e+00
7.225000000166847940e+02 1.454487214223280755e+00
7.230000000167167400e+02 1.318774904875527287e+00
7.235000000167487997e+02 1.397843344128466780e+00
7.240000000167808594e+02 1.586580201638881915e+00
7.245000000168129191e+02 1.616287890491564072e+00
7.250000000168448651e+02 1.435520694245888018e+00
7.255000000168769247e+02 1.230422380034969843e+00
7.260000000169089844e+02 1.313265372504818451e+00
7.265000000169410441e+02 1.291600596251269994e+00
7.270000000169731038e+02 1.663308065199056829e+00
7.275000000170050498e+02 1.634146750614399624e+00
7.280000000170371095e+02 1.479185726396333944e+00
7.285000000170691692e+02 1.554269152154014622e+00
7.290000000171012289e+02 1.610014808357086880e+00
7.295000000171331749e+02 1.268125091958418160e+00
7.300000000171652346e+02 1.178881601166485327e+00
7.305000000171972943e+02 1.779030335105135308e+00
7.310000000172293539e+02 1.181604245072396919e+00
7.315000000172612999e+02 1.504536689708971808e+00
7.320000000172933596e+02 1.549093379241353041e+00
7.325000000173254193e+02 1.232381566042185739e+00
7.330000000173574790e+02 1.334603998738348007e+00
7.335000000173894250e+02 1.446367830557533152e+00
7.340000000174214847e+02 1.351766535233580591e+00
7.345000000174535444e+02 1.152694615638369724e+00
7.350000000174856041e+02 1.433211722977193014e+00
7.355000000175176638e+02 1.195313872886823781e+00
7.360000000175496098e+02 1.206211569692144048e+00
7.365000000175816695e+02 1.577404467908888774e+00
7.370000000176137291e+02 1.455111130424530330e+00
7.375000000176457888e+02 1.455536838475617323e+00
7.380000000176777348e+02 1.387007875382016087e+00
7.385000000177097945e+02 1.247846651749877633e+00
7.390000000177418542e+02 1.314442833518417508e+00
7.395000000177739139e+02 1.374812877179040216e+00
7.400000000178058599e+02 1.524559114791958603e+00
7.405000000178379196e+02 1.220358393463045310e+00
7.410000000178699793e+02 1.402363311124627199e+00
7.415000000179020390e+02 1.073675787999883724e+00
7.420000000179339850e+02 7.915692013869195520e-01
7.425000000179660447e+02 1.427856891647832249e+00
7.430000000179981043e+02 1.443683165406684621e+00
7.435000000180301640e+02 1.188290914874635007e+00
7.440000000180622237e+02 1.306768780709239852e+00
7.445000000180941697e+02 1.787935074832101234e+00
7.450000000181262294e+02 1.304992484078491000e+00
7.455000000181582891e+02 1.499279105308733984e+00
7.460000000181903488e+02 1.566135340421472621e+00
7.465000000182222948e+02 1.174143373292288350e+00
7.470000000182543545e+02 1.565443270116470442e+00
7.475000000182864142e+02 1.425388928361265073e+00
7.480000000183184738e+02 1.208609225308102664e+00
7.485000000183504199e+02 1.692657744619292748e+00
7.490000000183824795e+02 1.352455115445218681e+00
7.495000000184145392e+02 1.366073122877618173e+00
7.500000000184465989e+02 1.554564892017492816e+00
7.505000000184785449e+02 1.123776651949127459e+00
7.510000000185106046e+02 1.445804658577296564e+00
7.515000000185426643e+02 1.583878685177058321e+00
7.520000000185747240e+02 1.243150924994002482e+00
7.525000000186067837e+02 1.394603624718002921e+00
7.530000000186387297e+02 1.551000080318478691e+00
7.535000000186707894e+02 1.555544057827206172e+00
7.540000000187028490e+02 1.609285966925373401e+00
7.545000000187349087e+02 1.558349939312151156e+00
7.550000000187668547e+02 1.288574232316410217e+00
7.555000000187989144e+02 1.384551151593758744e+00
7.560000000188309741e+02 1.429150652430752455e+00
7.565000000188630338e+02 1.345295975882272899e+00
7.570000000188949798e+02 1.255843772592883933e+00
7.575000000189270395e+02 1.128159135828526116e+00
7.580000000189590992e+02 1.413427152368705642e+00
7.585000000189911589e+02 1.456090709720309295e+00
7.590000000190231049e+02 1.277398427460076924e+00
7.595000000190551646e+02 1.407814408982482668e+00
7.600000000190872242e+02 1.208120456502024709e+00
7.605000000191192839e+02 1.305246026162335760e+00
7.610000000191512299e+02 1.668741961578987354e+00
7.615000000191832896e+02 1.093994521609412907e+00
7.620000000192153493e+02 1.316567613015528382e+00
7.625000000192474090e+02 1.254990259788537621e+00
7.630000000192794687e+02 1.292252879016880351e+00
7.635000000193114147e+02 1.320001035713534332e+00
7.640000000193434744e+02 1.206331718648462781e+00
7.645000000193755341e+02 1.510274207756532538e+00
7.650000000194075938e+02 1.145227156312862205e+00
7.655000000194395398e+02 1.633296542161819742e+00
7.660000000194715994e+02 1.440601804104589378e+00
7.665000000195036591e+02 1.379135618052295786e+00
7.670000000195357188e+02 1.535428891173785670e+00
7.675000000195676648e+02 1.425212126522706235e+00
7.680000000195997245e+02 1.428849962705477594e+00
7.685000000196317842e+02 1.335436281766102740e+00
7.690000000196638439e+02 1.283132071629761839e+00
7.695000000196957899e+02 1.464206200104708255e+00
7.700000000197278496e+02 1.429772635805987457e+00
7.705000000197599093e+02 1.317176396908078972e+00
7.710000000197919690e+02 1.357451933500213315e+00
7.715000000198240286e+02 1.209367896764687256e+00
7.720000000198559746e+02 1.462496440071722859e+00
7.725000000198880343e+02 1.277667268305360482e+00
7.730000000199200940e+02 1.526737921217741212e+00
7.735000000199521537e+02 1.415586694287905845e+00
7.740000000199840997e+02 1.465006049195170412e+00
7.745000000200161594e+02 1.290541882150143094e+00
7.750000000200482191e+02 1.290966246616264135e+00
7.755000000200802788e+02 1.421239177540326581e+00
7.760000000201122248e+02 1.614030300723866329e+00
7.765000000201442845e+02 1.661440755551502946e+00
7.770000000201763442e+02 1.686355119630234656e+00
7.775000000202084038e+02 1.458165178089210423e+00
7.780000000202403498e+02 1.370766944375065854e+00
7.785000000202724095e+02 1.652496978243488845e+00
7.790000000203044692e+02 1.545510438667291542e+00
7.795000000203365289e+02 1.175182571756396843e+00
7.800000000203685886e+02 1.552646921986919892e+00
7.805000000204005346e+02 1.272945211625279294e+00
7.810000000204325943e+02 1.673201682775355303e+00
7.815000000204646540e+02 1.295989262326675107e+00
7.820000000204967137e+02 1.162626659158194853e+00
7.825000000205286597e+02 1.441084597089138164e+00
7.830000000205607193e+02 1.404891917467597340e+00
7.835000000205927790e+02 1.279600623063999576e+00
7.840000000206248387e+02 1.087077666373645224e+00
7.845000000206567847e+02 1.211324556127523211e+00
7.850000000206888444e+02 1.249869385173861147e+00
7.855000000207209041e+02 1.451660716388084582e+00
7.860000000207529638e+02 1.306406882013038340e+00
7.865000000207849098e+02 1.046085858117501211e+00
7.870000000208169695e+02 1.719480321772181242e+00
7.875000000208490292e+02 1.344115958125539745e+00
7.880000000208810889e+02 1.163225538022012895e+00
7.885000000209131485e+02 1.230698825813145048e+00
7.890000000209450945e+02 1.668679524811339743e+00
7.895000000209771542e+02 1.257203339106100382e+00
7.900000000210092139e+02 1.293921232007470667e+00
7.905000000210412736e+02 1.296436758818258372e+00
7.910000000210732196e+02 1.755526267531225759e+00
7.915000000211052793e+02 1.116509893516210328e+00
7.920000000211373390e+02 1.414929013103991107e+00
7.925000000211693987e+02 1.275456963031450508e+00
7.930000000212013447e+02 1.142817617577084555e+00
7.935000000212334044e+02 1.346978461650182979e+00
7.940000000212654641e+02 1.507819218648380089e+00
7.945000000212975237e+02 1.410331829367536871e+00
7.950000000213294697e+02 1.189661548395215096e+00
7.955000000213615294e+02 1.528390145461108629e+00
7.960000000213935891e+02 1.724512900503034407e+00
7.965000000214256488e+02 1.244666578270016588e+00
7.970000000214577085e+02 1.468544305816003703e+00
7.975000000214896545e+02 1.008496040596274179e+00
7.980000000215217142e+02 1.405431200533967306e+00
7.985000000215537739e+02 1.569344442988593213e+00
7.990000000215858336e+02 1.197489222369370943e+00
7.995000000216177796e+02 1.385930716656784023e+00
8.000000000216498393e+02 1.717331518086374631e+00
8.005000000216818989e+02 1.264490348267563347e+00
8.010000000217139586e+02 1.521476565475597287e+00
8.015000000217459046e+02 1.568137565080375273e+00
8.020000000217779643e+02 9.474928829691056098e-01
8.025000000218100240e+02 1.298591344185433760e+00
8.030000000218420837e+02 1.574159606801441180e+00
8.035000000218740297e+02 1.022749812939993896e+00
8.040000000219060894e+02 1.134929249483957125e+00
8.045000000219381491e+02 1.280518431356695963e+00
8.050000000219702088e+02 1.452313477178192258e+00
8.055000000220021548e+02 1.560881425694556235e+00
8.060000000220342145e+02 1.375800418546729409e+00
8.065000000220662741e+02 1.320538802159192837e+00
8.070000000220983338e+02 1.212918316402525676e+00
8.075000000221303935e+02 1.499969214494198511e+00
8.080000000221623395e+02 1.645374000888354393e+00
8.085000000221943992e+02 1.262059965264115347e+00
8.090000000222264589e+02 1.378383681799900229e+00
8.095000000222585186e+02 1.299287933089666947e+00
8.100000000222904646e+02 1.267130638827811184e+00
8.105000000223225243e+02 1.261644737605791322e+00
8.110000000223545840e+02 8.326144852994440404e-01
8.115000000223866436e+02 1.567980672613890736e+00
8.120000000224185897e+02 1.409092547322564171e+00
8.125000000224506493e+02 1.639270679358538985e+00
8.130000000224827090e+02 1.201306713867693166e+00
8.135000000225147687e+02 1.561700088007747178e+00
8.140000000225467147e+02 1.439213283155772238e+00
8.145000000225787744e+02 1.006921615077192023e+00
8.150000000226108341e+02 1.504777511439250315e+00
8.155000000226428938e+02 1.546791063849774828e+00
8.160000000226749535e+02 1.413081835172846024e+00
8.165000000227068995e+02 1.432565967174472377e+00
8.170000000227389592e+02 1.592573301273292774e+00
8.175000000227710188e+02 1.268559801435072298e+00
8.180000000228030785e+02 1.450215064356372485e+00
8.185000000228350245e+02 1.556594413406524824e+00
8.190000000228670842e+02 1.589488810514464223e+00
8.195000000228991439e+02 1.237197891720469789e+00
8.200000000229312036e+02 1.680625083530325359e+00
8.205000000229631496e+02 1.325293576979820198e+00
8.210000000229952093e+02 1.489906974855450983e+00
8.215000000230272690e+02 1.472933284654320385e+00
8.220000000230593287e+02 1.234194044741629970e+00
8.225000000230912747e+02 1.118781866528969937e+00
8.230000000231233344e+02 1.068384592391399490e+00
8.235000000231553940e+02 1.758642160167254609e+00
8.240000000231874537e+02 1.569975288857479834e+00
8.245000000232195134e+02 1.120339039614770549e+00
8.250000000232514594e+02 1.576134135323523422e+00
8.255000000232835191e+02 1.324583084130294575e+00
8.260000000233155788e+02 1.520339448520880987e+00
8.265000000233476385e+02 1.296719319429879391e+00
8.270000000233795845e+02 1.520693861875974218e+00
8.275000000234116442e+02 1.321512565206080625e+00
8.280000000234437039e+02 1.436464991673940261e+00
8.285000000234757636e+02 1.317528651577422716e+00
8.290000000235077096e+02 1.460160137579985307e+00
8.295000000235397692e+02 9.774876035574125988e-01
8.300000000235718289e+02 1.467214766494703504e+00
8.305000000236038886e+02 1.384496817954585568e+00
8.310000000236358346e+02 1.157045548525505563e+00
8.315000000236678943e+02 1.339559369882381556e+00
8.320000000236999540e+02 1.405568221019050101e+00
8.325000000237320137e+02 1.657332434153364842e+00
8.330000000237640734e+02 1.419314166930792043e+00
8.335000000237960194e+02 1.231655736942347090e+00
8.340000000238280791e+02 1.442658874331623320e+00
8.345000000238601388e+02 1.509491876822748102e+00
8.350000000238921984e+02 1.388869669774908999e+00
8.355000000239241444e+02 1.288400534007575260e+00
8.360000000239562041e+02 1.455222830960722913e+00
8.365000000239882638e+02 1.404805446541618874e+00
8.370000000240203235e+02 1.495866082800233920e+00
8.375000000240522695e+02 1.359877207431408053e+00
8.380000000240843292e+02 1.416070241098045246e+00
8.385000000241163889e+02 1.325805145053205125e+00
8.390000000241484486e+02 1.353954754790009929e+00
8.395000000241803946e+02 1.386083381066641085e+00
8.400000000242124543e+02 1.394428730028401064e+00
8.405000000242445140e+02 1.646978541239075389e+00
8.410000000242765736e+02 1.343882023349347810e+00
8.415000000243086333e+02 1.410070782361901864e+00
8.420000000243405793e+02 1.574874350446813676e+00
8.425000000243726390e+02 1.275961902373965895e+00
8.430000000244046987e+02 1.242870980998660224e+00
8.435000000244367584e+02 1.389306076668774148e+00
8.440000000244687044e+02 1.296457483492206464e+00
8.445000000245007641e+02 1.436315987352581036e+00
8.450000000245328238e+02 1.141062031386126607e+00
8.455000000245648835e+02 1.441509788601049502e+00
8.460000000245968295e+02 1.405119531342956307e+00
8.465000000246288892e+02 1.330224334863770563e+00
8.470000000246609488e+02 1.348378835489800531e+00
8.475000000246930085e+02 1.144914630429271440e+00
8.480000000247249545e+02 1.332767819166813528e+00
8.485000000247570142e+02 9.994935395790690569e-01
8.490000000247890739e+02 1.646973345113081466e+00
8.495000000248211336e+02 1.517471620858434234e+00
8.500000000248530796e+02 1.139856605092340658e+00
8.505000000248851393e+02 1.390159332082701926e+00
8.510000000249171990e+02 1.691014552443821595e+00
8.515000000249492587e+02 1.614870691225084753e+00
8.520000000249813183e+02 1.746043603264296973e+00
8.525000000250132643e+02 1.402593060749542042e+00
8.530000000250453240e+02 1.775193443809212068e+00
8.535000000250773837e+02 1.476114043123699648e+00
8.540000000251094434e+02 1.500739072376497729e+00
8.545000000251413894e+02 1.385302393800326604e+00
8.550000000251734491e+02 1.592230288689588935e+00
8.555000000252055088e+02 1.242445825366101042e+00
8.560000000252375685e+02 1.324320071093927353e+00
8.565000000252695145e+02 1.542133262031899044e+00
8.570000000253015742e+02 1.202059342103959150e+00
8.575000000253336339e+02 1.353418107795774983e+00
8.580000000253656935e+02 1.320468871221172291e+00
8.585000000253976395e+02 1.412047972758701420e+00
8.590000000254296992e+02 1.139954541476902561e+00
8.595000000254617589e+02 1.447136988451511286e+00
8.600000000254938186e+02 1.475440733282159300e+00
8.605000000255258783e+02 1.430347071730283970e+00
8.610000000255578243e+02 1.526677684208735730e+00
8.615000000255898840e+02 1.598608246713086656e+00
8.620000000256219437e+02 1.271951923511414062e+00
8.625000000256540034e+02 1.422975016008108717e+00
8.630000000256859494e+02 1.415902705406888229e+00
8.635000000257180091e+02 1.429185653601534822e+00
8.640000000257500687e+02 1.331884677429378883e+00
8.645000000257821284e+02 1.163047097501054505e+00
8.650000000258140744e+02 1.350753364703239479e+00
8.655000000258461341e+02 1.608081523592407081e+00
8.660000000258781938e+02 1.491567630292879532e+00
8.665000000259102535e+02 1.186336796538591365e+00
8.670000000259421995e+02 1.325075443185588009e+00
8.675000000259742592e+02 1.425471994739279991e+00
8.680000000260063189e+02 1.478560528109573280e+00
8.685000000260383786e+02 1.398315694929757047e+00
8.690000000260704383e+02 1.273445093551436091e+00
8.695000000261023843e+02 1.257620003274217524e+00
8.700000000261344439e+02 1.407908877897216859e+00
8.705000000261665036e+02 1.492817062398177352e+00
8.710000000261985633e+02 1.132970159043329206e+00
8.715000000262305093e+02 1.671005519664529482e+00
8.720000000262625690e+02 1.250367731495701795e+00
8.725000000262946287e+02 1.584301254384642199e+00
8.730000000263266884e+02 1.390694659844260217e+00
8.735000000263586344e+02 1.124542180343093500e+00
8.740000000263906941e+02 1.470002037401931139e+00
8.745000000264227538e+02 1.393741793408227236e+00
8.750000000264548135e+02 1.181170503338349498e+00
8.755000000264867595e+02 1.398901003807184296e+00
8.760000000265188191e+02 1.448055471409538830e+00
8.765000000265508788e+02 1.552511609234254797e+00
8.770000000265829385e+02 1.644281530896694932e+00
8.775000000266149982e+02 1.470353570125681353e+00
8.780000000266469442e+02 1.169105402306378494e+00
8.785000000266790039e+02 1.040443283136824659e+00
8.790000000267110636e+02 1.268825061680243893e+00
8.795000000267431233e+02 1.589650262047238138e+00
8.800000000267750693e+02 1.272214421731317380e+00
8.805000000268071290e+02 1.359427116584864370e+00
8.810000000268391886e+02 1.477682658247493563e+00
8.815000000268712483e+02 1.307945992468158458e+00
8.820000000269031943e+02 1.420944933707969815e+00
8.825000000269352540e+02 1.645468841298138418e+00
8.830000000269673137e+02 1.554374832187606303e+00
8.835000000269993734e+02 1.279486440282816773e+00
8.840000000270313194e+02 1.139589112349263189e+00
8.845000000270633791e+02 1.270478275866115059e+00
8.850000000270954388e+02 1.490150177161112754e+00
8.855000000271274985e+02 1.288539871572099926e+00
8.860000000271595582e+02 1.603359453832850390e+00
8.865000000271915042e+02 1.391470061951462167e+00
8.870000000272235638e+02 1.211832411207728333e+00
8.875000000272556235e+02 1.095020556403220935e+00
8.880000000272876832e+02 1.465878556136299915e+00
8.885000000273196292e+02 1.462531682637648656e+00
8.890000000273516889e+02 1.369402554583681653e+00
8.895000000273837486e+02 1.200770981247048841e+00
8.900000000274158083e+02 1.572298701527716114e+00
8.905000000274477543e+02 1.318952371938747259e+00
8.910000000274798140e+02 1.004297881123634051e+00
8.915000000275118737e+02 1.008885621881406403e+00
8.920000000275439334e+02 1.184503610579777710e+00
8.925000000275758794e+02 1.516171322558416135e+00
8.930000000276079390e+02 1.206445948222736320e+00
8.935000000276399987e+02 1.459106718403354375e+00
8.940000000276720584e+02 1.119410671180333328e+00
8.945000000277040044e+02 2.036674404719613474e+00
8.950000000277360641e+02 1.338512111515941960e+00
8.955000000277681238e+02 1.699352386618820709e+00
8.960000000278001835e+02 1.280170119156672337e+00
8.965000000278322432e+02 1.549244682236105453e+00
8.970000000278641892e+02 1.702367456130070567e+00
8.975000000278962489e+02 1.488349631157312558e+00
8.980000000279283086e+02 1.551105072051691680e+00
8.985000000279603682e+02 1.658127432372080934e+00
8.990000000279923142e+02 1.099530920682983748e+00
8.995000000280243739e+02 1.347102850886984227e+00
9.000000000280564336e+02 1.324911737812936030e+00
9.005000000280884933e+02 1.365227818858858688e+00
9.010000000281204393e+02 1.496235347778541280e+00
9.015000000281524990e+02 8.227219032031880541e-01
9.020000000281845587e+02 1.538353085688462407e+00
9.025000000282166184e+02 1.013714868636869770e+00
9.030000000282485644e+02 1.651610105094665215e+00
9.035000000282806241e+02 1.281412741510822961e+00
9.040000000283126838e+02 1.356009487057524998e+00
9.045000000283447434e+02 1.288530935947662881e+00
9.050000000283768031e+02 1.274227440150465407e+00
9.055000000284087491e+02 1.112171391861242142e+00
9.060000000284408088e+02 1.410594593182564527e+00
9.065000000284728685e+02 1.297161141210019020e+00
9.070000000285049282e+02 1.268140874921511729e+00
9.075000000285368742e+02 1.517148612121099971e+00
9.080000000285689339e+02 1.641151304623471363e+00
9.085000000286009936e+02 1.369802227036794440e+00
9.090000000286330533e+02 1.339611882507579788e+00
9.095000000286649993e+02 1.210564366009994952e+00
9.100000000286970590e+02 1.643302006199202525e+00
9.105000000287291186e+02 1.422834765079201258e+00
9.110000000287611783e+02 1.352095526115093538e+00
9.115000000287931243e+02 1.855419545129582959e+00
9.120000000288251840e+02 1.683349147902158061e+00
9.125000000288572437e+02 1.676846169542756781e+00
9.130000000288893034e+02 1.112422434877211375e+00
9.135000000289213631e+02 1.315058484922032367e+00
9.140000000289533091e+02 1.165166593053907018e+00
9.145000000289853688e+02 1.360728535478251899e+00
9.150000000290174285e+02 1.469270825883857157e+00
9.155000000290494881e+02 1.328194806284844764e+00
9.160000000290814341e+02 1.308069549965801937e+00
9.165000000291134938e+02 1.656988092869661200e+00
9.170000000291455535e+02 1.359730431374791548e+00
9.175000000291776132e+02 1.310434725755611263e+00
9.180000000292095592e+02 1.605683961499109857e+00
9.185000000292416189e+02 1.740974797410062891e+00
9.190000000292736786e+02 1.602882899559880725e+00
9.195000000293057383e+02 1.552632975136163607e+00
9.200000000293376843e+02 1.311616947854160609e+00
9.205000000293697440e+02 1.480801973540048611e+00
9.210000000294018037e+02 1.382715172659576108e+00
9.215000000294338633e+02 1.379049047425581653e+00
9.220000000294659230e+02 1.382401701534281990e+00
9.225000000294978690e+02 1.747815370797397572e+00
9.230000000295299287e+02 1.311622047114764600e+00
9.235000000295619884e+02 1.614715944885521726e+00
9.240000000295940481e+02 1.652623911830703785e+00
9.245000000296259941e+02 1.421092631159413866e+00
9.250000000296580538e+02 1.629293319999886247e+00
9.255000000296901135e+02 1.799664273853133878e+00
9.260000000297221732e+02 1.695971556584821016e+00
9.265000000297541192e+02 1.341244778734224097e+00
9.270000000297861789e+02 1.418084927592314637e+00
9.275000000298182385e+02 1.107435599868270559e+00
9.280000000298502982e+02 1.447475154081048210e+00
9.285000000298822442e+02 1.329355873404674204e+00
9.290000000299143039e+02 1.204366460314424625e+00
9.295000000299463636e+02 1.323282366184409975e+00
9.300000000299784233e+02 1.281568624371158371e+00
9.305000000300104830e+02 1.341945781270967419e+00
9.310000000300424290e+02 1.464172759851377847e+00
9.315000000300744887e+02 1.268493909698629407e+00
9.320000000301065484e+02 1.634780034716739827e+00
9.325000000301386081e+02 1.488638295647849885e+00
9.330000000301705541e+02 1.505085927338482454e+00
9.335000000302026137e+02 1.510833744220356101e+00
9.340000000302346734e+02 1.396075890653910800e+00
9.345000000302667331e+02 1.225314353430748460e+00
9.350000000302986791e+02 1.339358648592174017e+00
9.355000000303307388e+02 1.465874689718920987e+00
9.360000000303627985e+02 1.335171900869779993e+00
9.365000000303948582e+02 1.362280870619577255e+00
9.370000000304268042e+02 1.590746776036873200e+00
9.375000000304588639e+02 1.159758267897573525e+00
9.380000000304909236e+02 1.326151331104113984e+00
9.385000000305229833e+02 1.477949994096191988e+00
9.390000000305549293e+02 1.197432879760955915e+00
9.395000000305869889e+02 1.449346383425901053e+00
9.400000000306190486e+02 1.383655669015108725e+00
9.405000000306511083e+02 1.183322816970974189e+00
9.410000000306831680e+02 1.230157147842114496e+00
9.415000000307151140e+02 1.443134644898418140e+00
9.420000000307471737e+02 1.413647770945251292e+00
9.425000000307792334e+02 1.557735139580558981e+00
9.430000000308112931e+02 1.736679925907443245e+00
9.435000000308432391e+02 1.517099360053492108e+00
9.440000000308752988e+02 1.048603958512096979e+00
9.445000000309073585e+02 1.455859531673109331e+00
9.450000000309394181e+02 1.490459822544988544e+00
9.455000000309713641e+02 1.039447387689776514e+00
9.460000000310034238e+02 1.226146297701703913e+00
9.465000000310354835e+02 1.385310579147657650e+00
9.470000000310675432e+02 1.392066329246120171e+00
9.475000000310994892e+02 1.640286115855853044e+00
9.480000000311315489e+02 1.485385858747712673e+00
9.485000000311636086e+02 1.449557187214759901e+00
9.490000000311956683e+02 1.215546698174814866e+00
9.495000000312277280e+02 1.254573784023726102e+00
9.500000000312596740e+02 1.178792889063218885e+00
9.505000000312917336e+02 1.570540167827399802e+00
9.510000000313237933e+02 1.604193856340213165e+00
9.515000000313558530e+02 1.350767520467469618e+00
9.520000000313877990e+02 1.700181604685092163e+00
9.525000000314198587e+02 1.132282187980291566e+00
9.530000000314519184e+02 1.428190079247437350e+00
9.535000000314839781e+02 1.497251847785991297e+00
9.540000000315159241e+02 1.464902957923592153e+00
9.545000000315479838e+02 1.517082881208708045e+00
9.550000000315800435e+02 1.304088393076258123e+00
9.555000000316121032e+02 1.249027475829656453e+00
9.560000000316440492e+02 1.214847097104121199e+00
9.565000000316761088e+02 1.294330668190970979e+00
9.570000000317081685e+02 1.244267474139573615e+00
9.575000000317402282e+02 1.416421761007705671e+00
9.580000000317722879e+02 1.163305006317403745e+00
9.585000000318042339e+02 1.193193288830218135e+00
9.590000000318362936e+02 1.196549103312697149e+00
9.595000000318683533e+02 1.044349128732680487e+00
9.600000000319004130e+02 1.398811259920199834e+00
9.605000000319323590e+02 1.502535002976848277e+00
9.610000000319644187e+02 1.517750006191789680e+00
9.615000000319964784e+02 1.274692603232296495e+00
9.620000000320285380e+02 1.075343383125133778e+00
9.625000000320604840e+02 1.573434947322347233e+00
9.630000000320925437e+02 1.020637089936949682e+00
9.635000000321246034e+02 1.277569222280666716e+00
9.640000000321566631e+02 1.600087468713955241e+00
9.645000000321886091e+02 1.413447436969208493e+00
9.650000000322206688e+02 1.354298795462157701e+00
9.655000000322527285e+02 1.309167101943045530e+00
9.660000000322847882e+02 1.195809011170347880e+00
9.665000000323168479e+02 1.395884545884907180e+00
9.670000000323487939e+02 1.651591271337042643e+00
9.675000000323808536e+02 1.531641132253583892e+00
9.680000000324129132e+02 1.273686275536344503e+00
9.685000000324449729e+02 1.464687590299163178e+00
9.690000000324769189e+02 1.273860018410832184e+00
9.695000000325089786e+02 1.388243324017460756e+00
9.700000000325410383e+02 1.423357985547858640e+00
9.705000000325730980e+02 1.380764097939380708e+00
9.710000000326050440e+02 1.295855516762290272e+00
9.715000000326371037e+02 1.573816276548959836e+00
9.720000000326691634e+02 1.370818154600714545e+00
9.725000000327012231e+02 1.276432519806427468e+00
9.730000000327331691e+02 1.255682894146891826e+00
9.735000000327652288e+02 1.354240678158693312e+00
9.740000000327972884e+02 1.230463028095921896e+00
9.745000000328293481e+02 1.148135273561361913e+00
9.750000000328614078e+02 1.444761079804621096e+00
9.755000000328933538e+02 1.545479421935235020e+00
9.760000000329254135e+02 1.514996125500839064e+00
9.765000000329574732e+02 1.640368466103819589e+00
9.770000000329895329e+02 1.284308629413160263e+00
9.775000000330214789e+02 1.576513018002095201e+00
9.780000000330535386e+02 1.288273958354099413e+00
9.785000000330855983e+02 1.211073337087795299e+00
9.790000000331176579e+02 1.397130051713818100e+00
9.795000000331496040e+02 1.611037420821999300e+00
9.800000000331816636e+02 1.245301647414597923e+00
9.805000000332137233e+02 1.223746322716701362e+00
9.810000000332457830e+02 1.456611902780138745e+00
9.815000000332777290e+02 1.441081649384645447e+00
9.820000000333097887e+02 1.421127072772100819e+00
9.825000000333418484e+02 1.455143810573144236e+00
9.830000000333739081e+02 1.223820409725610459e+00
9.835000000334058541e+02 1.417539884192932087e+00
9.840000000334379138e+02 1.194178714992082835e+00
9.845000000334699735e+02 1.450514474182323266e+00
9.850000000335020331e+02 1.391885835185645792e+00
9.855000000335340928e+02 1.640261120530100092e+00
9.860000000335660388e+02 1.642347221730407147e+00
9.865000000335980985e+02 1.365373343619394220e+00
9.870000000336301582e+02 8.810843216565947822e-01
9.875000000336622179e+02 1.573053183731057070e+00
9.880000000336941639e+02 1.374073426963614120e+00
9.885000000337262236e+02 1.245759725169899079e+00
9.890000000337582833e+02 1.259015583721246445e+00
9.895000000337903430e+02 1.156615857976135864e+00
9.900000000338222890e+02 1.133363890505192151e+00
9.905000000338543487e+02 1.239805851772995959e+00
9.910000000338864083e+02 1.407045612122494127e+00
9.915000000339184680e+02 1.355678864111837800e+00
9.920000000339504140e+02 1.362217608052984863e+00
9.925000000339824737e+02 1.385757869923046393e+00
9.930000000340145334e+02 1.168477384502522920e+00
9.935000000340465931e+02 1.403228337442349538e+00
9.940000000340786528e+02 1.435875958865915125e+00
9.945000000341105988e+02 1.505233975241477840e+00
9.950000000341426585e+02 1.332992976875129409e+00
9.955000000341747182e+02 1.281228785242608970e+00
9.960000000342067779e+02 1.552303956308261235e+00
9.965000000342387239e+02 1.194287838582515304e+00
9.970000000342707835e+02 1.503191796491539112e+00
9.975000000343028432e+02 1.631406722347764404e+00
9.980000000343349029e+02 1.322361335021378315e+00
9.985000000343668489e+02 1.300835453903746775e+00
9.990000000343989086e+02 1.133974888264638103e+00
9.995000000344309683e+02 1.457598613293497047e+00
1.000000000034463028e+03 1.409085900918217060e+00
