# Time (ps)	CV (angstrom)
9.999999999975766229e+01 2.987554592254496377e+00
1.004999999997559001e+02 3.031805673297430115e+00
1.009999999997541380e+02 2.744705572587771147e+00
1.014999999997533990e+02 2.849968993355076474e+00
1.019999999997629061e+02 3.096463212463627990e+00
1.024999999997724132e+02 3.093951203934560468e+00
1.029999999997819060e+02 2.818988062263457550e+00
1.034999999997914131e+02 2.731042788083681394e+00
1.039999999998009201e+02 3.212660029159299047e+00
1.044999999998104272e+02 2.903884589001383798e+00
1.049999999998199343e+02 2.981127799899054853e+00
1.054999999998294413e+02 2.971576276956815921e+00
1.059999999998389484e+02 2.689892628193351065e+00
1.064999999998484554e+02 2.978402360117507808e+00
1.069999999998579483e+02 2.999594374229414662e+00
1.074999999998674554e+02 3.037653865602305103e+00
1.079999999998769624e+02 2.684972124254910497e+00
1.084999999998864695e+02 3.010235872472446506e+00
1.089999999998959765e+02 3.240082484983231037e+00
1.094999999999054836e+02 3.022643206100751545e+00
1.099999999999149907e+02 2.929825907083195347e+00
1.104999999999244977e+02 2.780385174556307515e+00
1.109999999999339906e+02 2.854990374942903752e+00
1.114999999999434976e+02 3.033937144886378334e+00
1.119999999999530047e+02 3.057061521239679447e+00
1.124999999999625118e+02 2.922818747263918659e+00
1.129999999999720188e+02 2.762217308191248666e+00
1.134999999999815259e+02 2.815129861765047981e+00
1.139999999999910330e+02 2.865870620348450526e+00
1.145000000000005400e+02 3.117701094946800477e+00
1.150000000000100329e+02 3.216886660382896501e+00
1.155000000000195399e+02 3.064355923961013861e+00
1.160000000000290470e+02 3.326893481144903575e+00
1.165000000000385540e+02 2.899372247179465845e+00
1.170000000000480611e+02 2.627598019790233774e+00
1.175000000000575682e+02 3.138844406998201553e+00
1.180000000000670752e+02 2.892388520048394529e+00
1.185000000000765823e+02 2.724342200091127264e+00
1.190000000000860751e+02 3.285429776887777820e+00
1.195000000000955822e+02 2.872633053573458550e+00
1.200000000001050893e+02 3.008338407530241732e+00
1.205000000001145963e+02 2.924519791718092065e+00
1.210000000001241034e+02 3.014734750097323612e+00
1.215000000001336105e+02 3.251330122937237999e+00
1.220000000001431175e+02 2.982300241886173264e+00
1.225000000001526246e+02 2.799666633743925992e+00
1.230000000001621174e+02 2.941412094417283463e+00
1.235000000001716245e+02 3.124663557180098472e+00
1.240000000001811316e+02 3.046168022759813354e+00
1.245000000001906386e+02 2.743314158225533816e+00
1.250000000002001457e+02 2.832030930687306380e+00
1.255000000002096527e+02 2.842693182428764231e+00
1.260000000002191598e+02 3.093987082392605004e+00
1.265000000002286527e+02 2.985754937878303927e+00
1.270000000002381597e+02 3.034955631552764821e+00
1.275000000002476668e+02 3.137921557031949416e+00
1.280000000002571880e+02 2.823629076247492264e+00
1.285000000002666809e+02 2.812562099840259844e+00
1.290000000002761738e+02 2.976505029374985511e+00
1.295000000002856950e+02 3.126432226330138064e+00
1.300000000002951879e+02 2.955685546258682628e+00
1.305000000003047091e+02 2.798439493317852911e+00
1.310000000003142020e+02 2.871090409590627779e+00
1.315000000003237233e+02 3.040065004128632786e+00
1.320000000003332161e+02 2.817213275372243420e+00
1.325000000003427090e+02 2.853478353551454738e+00
1.330000000003522302e+02 3.003426846532045058e+00
1.335000000003617231e+02 2.982406980544374253e+00
1.340000000003712444e+02 2.869030136975283085e+00
1.345000000003807372e+02 2.772841402824115065e+00
1.350000000003902585e+02 3.024201590581240051e+00
1.355000000003997513e+02 3.197934488928065200e+00
1.360000000004092726e+02 2.913324658337912876e+00
1.365000000004187655e+02 2.615649266175033905e+00
1.370000000004282583e+02 3.231257055109032716e+00
1.375000000004377796e+02 2.775663117305208871e+00
1.380000000004472724e+02 3.099307930047141557e+00
1.385000000004567937e+02 2.929578611199719518e+00
1.390000000004662866e+02 3.002334682422540091e+00
1.395000000004758078e+02 2.714308297288220206e+00
1.400000000004853007e+02 2.786925600133855596e+00
1.405000000004947935e+02 2.951594232617299696e+00
1.410000000005043148e+02 3.030953535356175177e+00
1.415000000005138077e+02 3.070101064708222083e+00
1.420000000005233289e+02 2.913256544356626954e+00
1.425000000005328218e+02 3.221718403312685552e+00
1.430000000005423431e+02 3.017154085907349348e+00
1.435000000005518359e+02 2.864367377667009773e+00
1.440000000005613572e+02 3.063092747984590414e+00
1.445000000005708500e+02 2.857049966467226643e+00
1.450000000005803429e+02 2.606622923972416128e+00
1.455000000005898642e+02 2.972421627446986125e+00
1.460000000005993570e+02 3.071574538214570271e+00
1.465000000006088783e+02 2.877784484503141726e+00
1.470000000006183711e+02 2.960100525594609344e+00
1.475000000006278924e+02 2.778958288859779913e+00
1.480000000006373853e+02 2.989331762618073984e+00
1.485000000006468781e+02 2.847637030430468119e+00
1.490000000006563994e+02 3.002960161523542393e+00
1.495000000006658922e+02 3.109177540939954909e+00
1.500000000006754135e+02 3.120743682057918189e+00
1.505000000006849064e+02 2.609449429489672845e+00
1.510000000006944276e+02 2.942646963234254898e+00
1.515000000007039205e+02 2.863879600461630037e+00
1.520000000007134133e+02 3.045863251994980203e+00
1.525000000007229346e+02 3.105780109639279640e+00
1.530000000007324275e+02 2.864553412509003749e+00
1.535000000007419487e+02 2.987016609048728011e+00
1.540000000007514416e+02 3.207605005712536261e+00
1.545000000007609628e+02 2.884624217438533478e+00
1.550000000007704557e+02 2.705384082106348398e+00
1.555000000007799770e+02 3.173480998956463850e+00
1.560000000007894698e+02 2.778631574291730466e+00
1.565000000007989627e+02 2.927568609194558302e+00
1.570000000008084839e+02 3.102773059395548927e+00
1.575000000008179768e+02 3.116885139935196225e+00
1.580000000008274981e+02 3.087523446553723794e+00
1.585000000008369909e+02 2.844846440159927159e+00
1.590000000008465122e+02 3.063416177339616020e+00
1.595000000008560050e+02 3.088558855054837959e+00
1.600000000008654979e+02 2.795364847595929625e+00
1.605000000008750192e+02 2.840188303799168423e+00
1.610000000008845120e+02 2.728036014337829940e+00
1.615000000008940333e+02 3.027215029676060265e+00
1.620000000009035261e+02 3.069102561524118311e+00
1.625000000009130474e+02 2.916863556800646240e+00
1.630000000009225403e+02 3.228347296869551908e+00
1.635000000009320615e+02 2.902434854922584240e+00
1.640000000009415544e+02 2.886528489200208103e+00
1.645000000009510472e+02 2.884606774070610058e+00
1.650000000009605685e+02 2.757518338676368419e+00
1.655000000009700614e+02 3.014362849679297351e+00
1.660000000009795826e+02 2.845459544008534625e+00
1.665000000009890755e+02 3.055767080659782753e+00
1.670000000009985968e+02 2.913967013027585207e+00
1.675000000010080896e+02 2.925785720470953866e+00
1.680000000010175825e+02 3.155741213225738750e+00
1.685000000010271037e+02 2.758998743040620205e+00
1.690000000010365966e+02 3.057883626020966084e+00
1.695000000010461179e+02 2.939370266493174011e+00
1.700000000010556107e+02 3.061740212225233737e+00
1.705000000010651320e+02 2.805676807775215664e+00
1.710000000010746248e+02 2.946382036620235567e+00
1.715000000010841177e+02 2.929654069780553982e+00
1.720000000010936390e+02 2.896092186891150444e+00
1.725000000011031318e+02 2.968863982703268345e+00
1.730000000011126531e+02 2.970692046116929053e+00
1.735000000011221459e+02 2.652158482522871896e+00
1.740000000011316672e+02 3.198017076715384821e+00
1.745000000011411601e+02 3.120245563844169734e+00
1.750000000011506813e+02 2.351098619048542560e+00
1.755000000011601742e+02 3.029956759963646551e+00
1.760000000011696670e+02 2.920652799093867102e+00
1.765000000011791883e+02 2.878741849271717168e+00
1.770000000011886812e+02 2.964641321302109223e+00
1.775000000011982024e+02 2.940503763744874988e+00
1.780000000012076953e+02 3.147650424260568069e+00
1.785000000012172165e+02 2.723448621871859654e+00
1.790000000012267094e+02 2.996575675496030211e+00
1.795000000012362023e+02 2.957608824593933594e+00
1.800000000012457235e+02 2.947855523904735708e+00
1.805000000012552164e+02 2.765211976017652340e+00
1.810000000012647376e+02 2.909526359290049768e+00
1.815000000012742305e+02 2.950095552352131723e+00
1.820000000012837518e+02 2.694807526168065515e+00
1.825000000012932446e+02 3.046493806206171495e+00
1.830000000013027659e+02 2.843338913008539137e+00
1.835000000013122587e+02 2.713775354668826356e+00
1.840000000013217516e+02 3.173153014262410032e+00
1.845000000013312729e+02 2.692333886216159655e+00
1.850000000013407657e+02 2.946291030011002565e+00
1.855000000013502870e+02 2.829993410071706794e+00
1.860000000013597798e+02 2.828679065743849197e+00
1.865000000013693011e+02 3.017336066694135344e+00
1.870000000013787940e+02 2.920696094235729401e+00
1.875000000013882868e+02 2.973198531393658417e+00
1.880000000013978081e+02 2.980088441480665207e+00
1.885000000014073009e+02 2.914548516563887581e+00
1.890000000014168222e+02 2.963369851505271324e+00
1.895000000014263151e+02 3.048294177556995166e+00
1.900000000014358363e+02 2.692616339243156798e+00
1.905000000014453292e+02 2.882037384720084638e+00
1.910000000014548220e+02 3.059722765147256496e+00
1.915000000014643433e+02 3.038150914822550064e+00
1.920000000014738362e+02 2.657096080152724138e+00
1.925000000014833574e+02 2.897921225696215242e+00
1.930000000014928503e+02 2.805811168930602673e+00
1.935000000015023716e+02 2.832994793490708485e+00
1.940000000015118644e+02 2.895869142976733812e+00
1.945000000015213857e+02 3.013721202944641409e+00
1.950000000015308785e+02 2.828270324801270164e+00
1.955000000015403714e+02 2.876115570663913878e+00
1.960000000015498927e+02 3.072325868456519338e+00
1.965000000015593855e+02 2.974363731697933666e+00
1.970000000015689068e+02 3.044458254836607480e+00
1.975000000015783996e+02 2.706212518080440166e+00
1.980000000015879209e+02 2.993438630105559106e+00
1.985000000015974138e+02 2.896525449060052271e+00
1.990000000016069066e+02 2.851032741057657915e+00
1.995000000016164279e+02 2.740839763918788474e+00
2.000000000016259207e+02 3.301343056120836561e+00
2.005000000016354420e+02 2.716209389027667509e+00
2.010000000016449349e+02 2.760865144452198994e+00
2.015000000016544561e+02 2.747932256515608795e+00
2.020000000016639490e+02 2.794373400069114055e+00
2.025000000016734703e+02 2.870556235219448027e+00
2.030000000016789556e+02 3.002688154918129460e+00
2.035000000016659385e+02 2.840130327662879317e+00
2.040000000016529214e+02 3.097914791288876479e+00
2.045000000016398758e+02 2.655575035453578980e+00
2.050000000016268586e+02 3.050377646114728059e+00
2.055000000016138415e+02 2.855553171009090452e+00
2.060000000016008244e+02 2.620882210081126207e+00
2.065000000015878072e+02 3.112946139746623153e+00
2.070000000015747617e+02 3.101819078054845580e+00
2.075000000015617445e+02 2.939042104933291988e+00
2.080000000015487274e+02 2.829973675974175595e+00
2.085000000015357102e+02 2.614371014986225816e+00
2.090000000015226931e+02 3.182151818274962629e+00
2.095000000015096475e+02 3.135175119222114226e+00
2.100000000014966304e+02 2.912804300633811128e+00
2.105000000014836132e+02 3.149184052312955728e+00
2.110000000014705961e+02 3.187619781600900204e+00
2.115000000014575789e+02 2.731315531869347168e+00
2.120000000014445618e+02 3.286320357752229082e+00
2.125000000014315162e+02 2.802527208450436014e+00
2.130000000014184991e+02 2.831428673690137288e+00
2.135000000014054820e+02 3.253733307125751484e+00
2.140000000013924648e+02 3.076793208450867567e+00
2.145000000013794477e+02 3.037332066454346169e+00
2.150000000013664021e+02 2.600524474523416174e+00
2.155000000013533850e+02 2.633119145082168266e+00
2.160000000013403678e+02 3.354373983098927425e+00
2.165000000013273507e+02 3.103594946875069649e+00
2.170000000013143335e+02 3.033472950781571420e+00
2.175000000013013164e+02 2.881667215099320334e+00
2.180000000012882708e+02 2.998694862901591041e+00
2.185000000012752537e+02 3.112712872880539550e+00
2.190000000012622365e+02 3.161449139823780285e+00
2.195000000012492194e+02 2.782343607844133260e+00
2.200000000012362023e+02 3.076630420073014349e+00
2.205000000012231567e+02 3.010459065516885246e+00
2.210000000012101395e+02 2.954741226699979961e+00
2.215000000011971224e+02 3.135083220508676494e+00
2.220000000011841053e+02 2.894531271652142745e+00
2.225000000011710881e+02 2.818919630089913753e+00
2.230000000011580710e+02 3.071342165069423924e+00
2.235000000011450254e+02 3.139619069458524869e+00
2.240000000011320083e+02 3.045850608467408183e+00
2.245000000011189911e+02 2.908475995881526721e+00
2.250000000011059740e+02 3.258472560733829404e+00
2.255000000010929568e+02 2.935795894115329929e+00
2.260000000010799113e+02 2.716788902349149826e+00
2.265000000010668941e+02 3.047752880293741029e+00
2.270000000010538770e+02 2.839779708645132406e+00
2.275000000010408598e+02 2.760328828445735461e+00
2.280000000010278427e+02 3.095727237853449054e+00
2.285000000010148256e+02 2.794467866545132573e+00
2.290000000010017800e+02 2.755629414146502754e+00
2.295000000009887628e+02 2.956791669685180590e+00
2.300000000009757457e+02 2.943520183973448390e+00
2.305000000009627286e+02 2.678232159339887897e+00
2.310000000009497114e+02 3.053554805831631747e+00
2.315000000009366659e+02 3.030934387175862277e+00
2.320000000009236487e+02 3.050768839943992727e+00
2.325000000009106316e+02 2.771277583752329132e+00
2.330000000008976144e+02 3.170460542810010551e+00
2.335000000008845973e+02 3.043290135606441904e+00
2.340000000008715517e+02 2.642336922593045756e+00
2.345000000008585346e+02 2.945798588548902419e+00
2.350000000008455174e+02 3.273813442206600310e+00
2.355000000008325003e+02 2.979464971364221615e+00
2.360000000008194831e+02 2.799562957152893716e+00
2.365000000008064660e+02 2.976685857697286774e+00
2.370000000007934204e+02 3.216584808283301733e+00
2.375000000007804033e+02 2.774952844495272686e+00
2.380000000007673862e+02 2.873106572470732978e+00
2.385000000007543690e+02 3.010794350657040930e+00
2.390000000007413519e+02 2.913166053473804862e+00
2.395000000007283063e+02 2.734146192625297012e+00
2.400000000007152892e+02 3.213166740469192373e+00
2.405000000007022720e+02 2.966184103921821080e+00
2.410000000006892549e+02 2.678405834044475853e+00
2.415000000006762377e+02 3.197835463564870917e+00
2.420000000006632206e+02 3.133127658262920168e+00
2.425000000006501750e+02 2.403171669364854157e+00
2.430000000006371579e+02 2.978815599471921871e+00
2.435000000006241407e+02 2.929964459644718744e+00
2.440000000006111236e+02 2.846400888869224932e+00
2.445000000005981065e+02 2.677759987478365300e+00
2.450000000005850609e+02 3.040919651682361557e+00
2.455000000005720437e+02 2.907033240852649580e+00
2.460000000005590266e+02 2.931018139178664494e+00
2.465000000005460095e+02 3.110059985026160323e+00
2.470000000005329923e+02 3.028358366876978902e+00
2.475000000005199752e+02 3.008130884758867918e+00
2.480000000005069296e+02 3.048473893575947891e+00
2.485000000004939125e+02 2.859884506791732228e+00
2.490000000004808953e+02 2.646562766851125570e+00
2.495000000004678782e+02 2.904412241445292864e+00
2.500000000004548610e+02 3.222334021885139510e+00
2.505000000004418155e+02 2.792117993221487904e+00
2.510000000004287983e+02 3.100309553968601417e+00
2.515000000004157812e+02 3.462297879730311667e+00
2.520000000004027640e+02 2.982156206302477131e+00
2.525000000003897469e+02 2.765958708732453086e+00
2.530000000003767013e+02 3.003096592202342485e+00
2.535000000003636842e+02 3.074531415137396362e+00
2.540000000003506671e+02 2.979451882808568541e+00
2.545000000003376499e+02 2.715156513060931420e+00
2.550000000003246328e+02 2.783871181522733274e+00
2.555000000003116156e+02 3.340357598218987256e+00
2.560000000002985985e+02 3.026630995796543822e+00
2.565000000002855813e+02 2.679171229938506205e+00
2.570000000002725642e+02 3.098926802007774040e+00
2.575000000002594902e+02 2.853085313910189491e+00
2.580000000002464731e+02 2.535680223344235706e+00
2.585000000002334559e+02 3.142342701329396970e+00
2.590000000002204388e+02 2.756363802210004543e+00
2.595000000002074216e+02 2.936735134911725442e+00
2.600000000001944045e+02 3.166055855745562919e+00
2.605000000001813873e+02 3.048599744385933175e+00
2.610000000001683702e+02 2.650265813468127618e+00
2.615000000001553531e+02 2.905589643879141981e+00
2.620000000001423359e+02 2.936849748531833448e+00
2.625000000001292619e+02 2.953713084773257336e+00
2.630000000001162448e+02 3.135869512045434515e+00
2.635000000001032276e+02 2.916820299238632952e+00
2.640000000000902105e+02 2.910268240664742656e+00
2.645000000000771934e+02 2.916718187581741617e+00
2.650000000000641762e+02 2.651715441666567141e+00
2.655000000000511591e+02 2.679938111043930427e+00
2.660000000000381419e+02 3.006803909470444847e+00
2.665000000000251248e+02 2.991442164103891077e+00
2.670000000000121076e+02 3.199231918536621144e+00
2.674999999999990905e+02 3.124193225013384811e+00
2.679999999999860165e+02 2.873994763969237365e+00
2.684999999999729994e+02 2.482471739184921145e+00
2.689999999999599822e+02 3.070163057035701026e+00
2.694999999999469651e+02 2.795862627945469470e+00
2.699999999999339479e+02 2.737579618849454555e+00
2.704999999999209308e+02 2.657479929283487419e+00
2.709999999999079137e+02 3.178199628974023749e+00
2.714999999998948965e+02 3.113790749101956745e+00
2.719999999998818794e+02 3.012685007811935378e+00
2.724999999998688622e+02 2.783335009421780804e+00
2.729999999998558451e+02 3.037962276026860309e+00
2.734999999998427711e+02 2.989375119036601358e+00
2.739999999998297540e+02 2.569585652604912340e+00
2.744999999998167368e+02 2.844055786222698057e+00
2.749999999998037197e+02 3.004676611497276273e+00
2.754999999997907025e+02 2.569607896081536946e+00
2.759999999997776854e+02 2.824221437930019007e+00
2.764999999997646682e+02 3.393927519303177043e+00
2.769999999997516511e+02 2.869057899366757702e+00
2.774999999997386340e+02 2.830623723916155132e+00
2.779999999997256168e+02 2.907331650510323495e+00
2.784999999997125997e+02 3.001061636712225145e+00
2.789999999996995257e+02 2.784925642217285890e+00
2.794999999996865085e+02 3.143691414344663038e+00
2.799999999996734914e+02 2.576618826598009449e+00
2.804999999996604743e+02 3.044169030586190150e+00
2.809999999996474571e+02 3.318228520182876728e+00
2.814999999996344400e+02 2.932250079846536739e+00
2.819999999996214228e+02 2.728806103030602781e+00
2.824999999996084057e+02 2.948260294255067748e+00
2.829999999995953885e+02 2.974558370027277743e+00
2.834999999995823714e+02 2.917081848336895877e+00
2.839999999995693543e+02 3.017720069846114850e+00
2.844999999995562803e+02 2.798350894663497623e+00
2.849999999995432631e+02 3.006569817196881100e+00
2.854999999995302460e+02 3.100637266203627895e+00
2.859999999995172288e+02 2.684628992830648375e+00
2.864999999995042117e+02 3.038424604155092634e+00
2.869999999994911946e+02 2.802850715788864910e+00
2.874999999994781774e+02 2.872460123765811613e+00
2.879999999994651603e+02 3.111807558844894572e+00
2.884999999994521431e+02 2.951641106151555505e+00
2.889999999994391260e+02 3.165255259778426034e+00
2.894999999994261088e+02 3.001399794973200308e+00
2.899999999994130349e+02 3.100924012414745690e+00
2.904999999994000177e+02 2.828062131743199537e+00
2.909999999993870006e+02 2.953466045686817143e+00
2.914999999993739834e+02 3.124774691997887821e+00
2.919999999993609663e+02 2.949521382975605288e+00
2.924999999993479491e+02 2.858516690668992499e+00
2.929999999993349320e+02 2.798111834013528920e+00
2.934999999993219149e+02 2.906546289334201560e+00
2.939999999993088977e+02 3.041819679481696959e+00
2.944999999992958806e+02 2.839320393857446945e+00
2.949999999992828634e+02 2.973881279625345098e+00
2.954999999992697894e+02 3.063557980488565757e+00
2.959999999992567723e+02 2.913747836752280218e+00
2.964999999992437552e+02 2.888672722901938883e+00
2.969999999992307380e+02 3.012574570438976362e+00
2.974999999992177209e+02 2.784001552496547127e+00
2.979999999992047037e+02 3.050878755568397604e+00
2.984999999991916866e+02 3.079404115625590688e+00
2.989999999991786694e+02 2.964598833063810890e+00
2.994999999991656523e+02 3.020047558017898481e+00
2.999999999991526352e+02 3.022265291178939606e+00
3.004999999991396180e+02 3.103532787602003573e+00
3.009999999991265440e+02 2.673996110289817540e+00
3.014999999991135269e+02 2.899196174415367810e+00
3.019999999991005097e+02 3.083647953148736409e+00
3.024999999990874926e+02 3.034494111075676681e+00
3.029999999990744755e+02 2.772167777045013271e+00
3.034999999990614583e+02 3.019993057634323907e+00
3.039999999990484412e+02 3.056393587061791539e+00
3.044999999990354240e+02 2.787611646805896015e+00
3.049999999990224069e+02 2.970982596693451772e+00
3.054999999990093897e+02 2.802937246062874088e+00
3.059999999989963158e+02 2.835849277267129764e+00
3.064999999989832986e+02 3.074826477985559414e+00
3.069999999989702815e+02 2.847212683367903008e+00
3.074999999989572643e+02 3.014963383469972946e+00
3.079999999989442472e+02 2.989385983186783058e+00
3.084999999989312300e+02 3.175537001538428772e+00
3.089999999989182129e+02 3.115845923569191100e+00
3.094999999989051958e+02 2.754709738465946245e+00
3.099999999988921786e+02 2.886098908818742537e+00
3.104999999988791615e+02 3.002253947074911000e+00
3.109999999988661443e+02 2.964144450481707160e+00
3.114999999988530703e+02 2.800213230457582636e+00
3.119999999988400532e+02 2.997257829469968105e+00
3.124999999988270361e+02 3.089582979605034474e+00
3.129999999988140189e+02 2.827205762913560072e+00
3.134999999988010018e+02 3.035701718423894580e+00
3.139999999987879846e+02 2.997911170923677204e+00
3.144999999987749675e+02 3.044906624257191829e+00
3.149999999987619503e+02 2.857848616861810243e+00
3.154999999987489332e+02 2.851130434055386242e+00
3.159999999987359161e+02 2.898245138707762791e+00
3.164999999987228989e+02 3.295917997216083251e+00
3.169999999987098249e+02 2.931838339983672270e+00
3.174999999986968078e+02 2.798526103673407484e+00
3.179999999986837906e+02 3.003345935827564706e+00
3.184999999986707735e+02 2.924208983659879912e+00
3.189999999986577564e+02 2.883130006760191932e+00
3.194999999986447392e+02 2.876155619641526329e+00
3.199999999986317221e+02 3.125217749382207089e+00
3.204999999986187049e+02 3.254191614180884873e+00
3.209999999986056878e+02 3.126139306139422924e+00
3.214999999985926706e+02 2.770981105043452075e+00
3.219999999985796535e+02 3.095831796670579283e+00
3.224999999985665795e+02 3.012409735745969375e+00
3.229999999985535624e+02 2.771500683716281443e+00
3.234999999985405452e+02 2.828496741499831657e+00
3.239999999985275281e+02 2.839347648789238843e+00
3.244999999985145109e+02 2.824083854690027540e+00
3.249999999985014938e+02 2.957098716862103682e+00
3.254999999984884766e+02 2.795633814182887367e+00
3.259999999984754595e+02 3.144697301733260453e+00
3.264999999984624424e+02 2.590695310304413024e+00
3.269999999984494252e+02 3.132142886674099902e+00
3.274999999984364081e+02 3.266641011827214225e+00
3.279999999984233341e+02 2.709168175204114792e+00
3.284999999984103169e+02 2.666654201975859007e+00
3.289999999983972998e+02 3.036422617601871377e+00
3.294999999983842827e+02 3.135166964823128399e+00
3.299999999983712655e+02 3.139722914129876141e+00
3.304999999983582484e+02 2.658508513543119012e+00
3.309999999983452312e+02 2.911152359407252366e+00
3.314999999983322141e+02 3.135452336522804639e+00
3.319999999983191969e+02 2.981340391999127704e+00
3.324999999983061798e+02 3.071911180262747898e+00
3.329999999982931627e+02 2.933458533497683707e+00
3.334999999982800887e+02 2.643102727683196651e+00
3.339999999982670715e+02 2.863224740785528244e+00
3.344999999982540544e+02 3.014802930283886795e+00
3.349999999982410372e+02 2.959972437517082611e+00
3.354999999982280201e+02 3.060013880052947943e+00
3.359999999982150030e+02 2.771744921626058566e+00
3.364999999982019858e+02 2.869179818694796769e+00
3.369999999981889687e+02 2.891251294584794795e+00
3.374999999981759515e+02 2.845858896770945279e+00
3.379999999981629344e+02 2.573886616095235613e+00
3.384999999981499172e+02 2.932589394028767504e+00
3.389999999981368433e+02 2.657363396864088845e+00
3.394999999981238261e+02 2.996703765651224760e+00
3.399999999981108090e+02 2.977653721333155978e+00
3.404999999980977918e+02 2.825271269363309745e+00
3.409999999980847747e+02 2.802564267267258380e+00
3.414999999980717575e+02 3.360358870806640752e+00
3.419999999980587404e+02 3.521308568806552852e+00
3.424999999980457233e+02 2.933401456750687863e+00
3.429999999980327061e+02 2.589696944730284667e+00
3.434999999980196890e+02 2.524226256848408845e+00
3.439999999980066718e+02 3.000885168685817561e+00
3.444999999979935978e+02 3.072265649285232048e+00
3.449999999979805807e+02 3.032032200621840534e+00
3.454999999979675636e+02 2.902507099890855535e+00
3.459999999979545464e+02 3.005456000423699425e+00
3.464999999979415293e+02 3.171549196519642955e+00
3.469999999979285121e+02 2.891920001442916277e+00
3.474999999979154950e+02 2.851871674113719113e+00
3.479999999979024778e+02 2.720105913565042943e+00
3.484999999978894607e+02 2.828408724721889200e+00
3.489999999978764436e+02 2.895437764883437293e+00
3.494999999978633696e+02 3.075372192947660732e+00
3.499999999978503524e+02 2.659412969876781663e+00
3.504999999978373353e+02 2.775345001492980135e+00
3.509999999978243181e+02 2.851452027227501684e+00
3.514999999978113010e+02 3.012238824262408077e+00
3.519999999977982839e+02 3.021217395824657537e+00
3.524999999977852667e+02 2.909894026638563780e+00
3.529999999977722496e+02 2.937502950433502402e+00
3.534999999977592324e+02 2.927999931295661273e+00
3.539999999977462153e+02 3.027718682446803200e+00
3.544999999977331981e+02 3.014028401960126669e+00
3.549999999977201242e+02 2.801290101431713087e+00
3.554999999977071070e+02 3.054630075088240027e+00
3.559999999976940899e+02 2.935644643639331530e+00
3.564999999976810727e+02 3.025847851808458167e+00
3.569999999976680556e+02 2.810259672329010083e+00
3.574999999976550384e+02 3.168871699944444842e+00
3.579999999976420213e+02 3.037540634213456769e+00
3.584999999976290042e+02 2.673763537422682024e+00
3.589999999976159870e+02 3.065669918670113514e+00
3.594999999976029699e+02 3.255103159885971653e+00
3.599999999975899527e+02 2.583554210387553951e+00
3.604999999975768787e+02 2.918350445382686509e+00
3.609999999975638616e+02 3.119188524290125386e+00
3.614999999975508445e+02 2.819724485100360223e+00
3.619999999975378273e+02 2.848594258138678725e+00
3.624999999975248102e+02 3.012665631872122773e+00
3.629999999975117930e+02 2.966560361404627422e+00
3.634999999974987759e+02 2.837154754480826213e+00
3.639999999974857587e+02 2.934901386023013536e+00
3.644999999974727416e+02 2.959276712498732476e+00
3.649999999974597245e+02 2.789170055121479308e+00
3.654999999974467073e+02 3.048541336100762056e+00
3.659999999974336333e+02 3.190719787524449291e+00
3.664999999974206162e+02 2.691591243420871749e+00
3.669999999974075990e+02 2.991590264802505228e+00
3.674999999973945819e+02 2.750666669701136602e+00
3.679999999973815648e+02 3.215033461763385780e+00
3.684999999973685476e+02 3.048049968377387398e+00
3.689999999973555305e+02 2.737124860255937708e+00
3.694999999973425133e+02 2.898585584654075120e+00
3.699999999973294962e+02 2.641598260393040132e+00
3.704999999973164790e+02 2.769517919739957534e+00
3.709999999973034619e+02 2.897306863686642142e+00
3.714999999972903879e+02 2.899794543050739914e+00
3.719999999972773708e+02 2.925011521592446151e+00
3.724999999972643536e+02 2.903101931793278023e+00
3.729999999972513365e+02 2.864857900683292158e+00
3.734999999972383193e+02 3.006406660632216177e+00
3.739999999972253022e+02 2.889185412456463098e+00
3.744999999972122851e+02 2.796786677743170024e+00
3.749999999971992679e+02 2.969913721829606779e+00
3.754999999971862508e+02 2.964293960535271388e+00
3.759999999971732336e+02 3.117805458180676670e+00
3.764999999971602165e+02 2.752809583301847329e+00
3.769999999971471425e+02 2.855869276156926428e+00
3.774999999971341254e+02 2.872656246914900180e+00
3.779999999971211082e+02 2.746977231048528978e+00
3.784999999971080911e+02 2.967324680435304618e+00
3.789999999970950739e+02 2.749446091007138104e+00
3.794999999970820568e+02 2.961486874999914143e+00
3.799999999970690396e+02 2.931840502983892982e+00
3.804999999970560225e+02 2.934316485497846294e+00
3.809999999970430054e+02 2.810911196722661654e+00
3.814999999970299882e+02 2.702789862287189315e+00
3.819999999970169711e+02 2.829555966954660384e+00
3.824999999970038971e+02 3.051885574975009341e+00
3.829999999969908799e+02 2.943813947153127941e+00
3.834999999969778628e+02 2.811308011010844599e+00
3.839999999969648456e+02 2.699047419896103417e+00
3.844999999969518285e+02 2.963496173752059981e+00
3.849999999969388114e+02 2.917180863574391214e+00
3.854999999969257942e+02 2.864424643040444529e+00
3.859999999969127771e+02 2.704787365240027608e+00
3.864999999968997599e+02 3.189687481371654698e+00
3.869999999968867428e+02 2.956067674785243238e+00
3.874999999968737256e+02 2.833307185242687432e+00
3.879999999968606517e+02 2.988421430190944417e+00
3.884999999968476345e+02 2.977369802592600756e+00
3.889999999968346174e+02 2.894514280239309567e+00
3.894999999968216002e+02 2.836545199340467782e+00
3.899999999968085831e+02 2.963662332448818049e+00
3.904999999967955659e+02 2.828670847988647985e+00
3.909999999967825488e+02 3.035735315717356109e+00
3.914999999967695317e+02 3.026508248403682266e+00
3.919999999967565145e+02 2.919544247636524759e+00
3.924999999967434974e+02 3.086531061665143127e+00
3.929999999967304234e+02 2.911309253133513852e+00
3.934999999967174062e+02 2.362212263126393541e+00
3.939999999967043891e+02 3.169069105339992642e+00
3.944999999966913720e+02 2.922597629287341015e+00
3.949999999966783548e+02 2.808833654111136280e+00
3.954999999966653377e+02 3.149869090364854074e+00
3.959999999966523205e+02 2.928907928545684491e+00
3.964999999966393034e+02 3.068504634367196005e+00
3.969999999966262862e+02 2.934640290020900100e+00
3.974999999966132691e+02 2.996466410261369173e+00
3.979999999966002520e+02 2.673774629955363302e+00
3.984999999965871780e+02 3.100082390364962581e+00
3.989999999965741608e+02 2.985905617351161112e+00
3.994999999965611437e+02 2.759446871357954301e+00
3.999999999965481265e+02 2.483454080471824366e+00
4.004999999965351094e+02 2.904965679032258219e+00
4.009999999965220923e+02 2.799777683217956170e+00
4.014999999965090751e+02 2.680019896694513459e+00
4.019999999964960580e+02 2.875249578688106933e+00
4.024999999964830408e+02 3.242760631679866723e+00
4.029999999964700237e+02 2.840856697206412207e+00
4.034999999964570065e+02 2.694705596849277907e+00
4.039999999964439326e+02 3.051004339409495447e+00
4.044999999964309154e+02 3.112995367196885521e+00
4.049999999964178983e+02 2.864734486099886901e+00
4.054999999964048811e+02 2.836154705283397082e+00
4.059999999964079507e+02 2.865536439096233678e+00
4.064999999964400104e+02 2.898093408961258000e+00
4.069999999964720132e+02 2.850990378818421878e+00
4.074999999965040729e+02 3.045003342111775702e+00
4.079999999965360757e+02 2.946960272396742742e+00
4.084999999965681354e+02 2.861886446880132606e+00
4.089999999966001383e+02 2.938433920746857275e+00
4.094999999966321980e+02 2.973658915351578891e+00
4.099999999966642008e+02 2.846302455204457793e+00
4.104999999966962605e+02 2.946304277348368750e+00
4.109999999967282633e+02 2.609695360744185066e+00
4.114999999967603230e+02 3.019216894108666782e+00
4.119999999967923259e+02 2.810072424469672203e+00
4.124999999968243856e+02 2.852465730483026984e+00
4.129999999968563884e+02 3.163294316832985231e+00
4.134999999968884481e+02 3.106502496096396282e+00
4.139999999969205078e+02 2.629373562845816359e+00
4.144999999969525106e+02 2.872579196168120408e+00
4.149999999969845703e+02 3.136800808559478515e+00
4.154999999970165732e+02 2.965333568720541102e+00
4.159999999970486328e+02 2.934489730684885167e+00
4.164999999970806357e+02 2.835594396885750879e+00
4.169999999971126954e+02 3.132098797298103143e+00
4.174999999971446982e+02 2.961162435687250127e+00
4.179999999971767579e+02 2.967110284189674374e+00
4.184999999972087608e+02 3.007991653590363246e+00
4.189999999972408204e+02 2.659672085689676724e+00
4.194999999972728233e+02 3.071176607229074929e+00
4.199999999973048830e+02 3.069167311498044448e+00
4.204999999973368858e+02 2.693235391770716358e+00
4.209999999973689455e+02 2.859499736692137084e+00
4.214999999974009484e+02 3.337325306990418738e+00
4.219999999974330080e+02 2.959000433342914960e+00
4.224999999974650109e+02 2.969029239492702033e+00
4.229999999974970706e+02 2.998958540972513021e+00
4.234999999975291303e+02 2.889514872750233110e+00
4.239999999975611331e+02 3.118569761317253608e+00
4.244999999975931928e+02 2.829237338328155715e+00
4.249999999976251956e+02 2.787053628415605555e+00
4.254999999976572553e+02 2.922520817925287062e+00
4.259999999976892582e+02 3.070866799770422872e+00
4.264999999977213179e+02 3.132884029869424491e+00
4.269999999977533207e+02 3.010512707831182855e+00
4.274999999977853804e+02 2.989369304439413622e+00
4.279999999978173832e+02 2.974872738527383209e+00
4.284999999978494429e+02 2.943594201305950175e+00
4.289999999978814458e+02 2.791480363657315777e+00
4.294999999979135055e+02 2.909908263418073737e+00
4.299999999979455083e+02 2.916523571743380394e+00
4.304999999979775680e+02 2.937936635008567610e+00
4.309999999980095708e+02 2.933616257829346985e+00
4.314999999980416305e+02 2.914405310155850692e+00
4.319999999980736902e+02 3.202734897848905415e+00
4.324999999981056931e+02 2.884158531350508703e+00
4.329999999981377528e+02 3.008825970973322939e+00
4.334999999981697556e+02 2.772454474268073898e+00
4.339999999982018153e+02 2.884649796965536694e+00
4.344999999982338181e+02 3.183046141897663439e+00
4.349999999982658778e+02 2.998639858701096728e+00
4.354999999982978807e+02 3.135941284812547636e+00
4.359999999983299404e+02 2.985230395345303211e+00
4.364999999983619432e+02 2.789831814538151100e+00
4.369999999983940029e+02 3.205022545450907145e+00
4.374999999984260057e+02 2.946737906017169450e+00
4.379999999984580654e+02 2.665947412758990165e+00
4.384999999984900683e+02 3.033016479556801759e+00
4.389999999985221280e+02 2.854501751150620770e+00
4.394999999985541308e+02 2.763190011540701096e+00
4.399999999985861905e+02 3.079873849368899741e+00
4.404999999986182502e+02 3.055600684594343974e+00
4.409999999986502530e+02 2.732631823260388337e+00
4.414999999986823127e+02 2.763769863765101586e+00
4.419999999987143156e+02 2.937156141005750953e+00
4.424999999987463752e+02 2.829032444948636815e+00
4.429999999987783781e+02 2.886168428313236500e+00
4.434999999988104378e+02 3.040332130309309822e+00
4.439999999988424406e+02 3.060666274810376120e+00
4.444999999988745003e+02 2.960633067850878319e+00
4.449999999989065032e+02 2.781475218633787883e+00
4.454999999989385628e+02 3.033541738422494749e+00
4.459999999989705657e+02 3.041551357116236698e+00
4.464999999990026254e+02 3.032481482808094153e+00
4.469999999990346282e+02 2.737526704902795593e+00
4.474999999990666879e+02 2.749898114075323363e+00
4.479999999990986908e+02 3.148841397327214686e+00
4.484999999991307504e+02 3.052024228681714746e+00
4.489999999991627533e+02 2.841659494597652991e+00
4.494999999991948130e+02 3.113314891165656295e+00
4.499999999992268727e+02 2.693632375696542347e+00
4.504999999992588755e+02 3.153390463292971901e+00
4.509999999992909352e+02 3.099713290306796321e+00
4.514999999993229380e+02 3.124592967538538879e+00
4.519999999993549977e+02 2.896503714966197407e+00
4.524999999993870006e+02 2.753566789084590738e+00
4.529999999994190603e+02 2.948389248255240069e+00
4.534999999994510631e+02 2.883817594685570640e+00
4.539999999994831228e+02 3.061713167329096041e+00
4.544999999995151256e+02 2.680953136873216458e+00
4.549999999995471853e+02 3.047905562178369721e+00
4.554999999995791882e+02 2.990764385057163466e+00
4.559999999996112479e+02 3.176701601168288036e+00
4.564999999996432507e+02 2.998396015997830677e+00
4.569999999996753104e+02 3.028350592862528501e+00
4.574999999997073132e+02 2.678729589195551153e+00
4.579999999997393729e+02 2.962078853761854980e+00
4.584999999997714326e+02 3.156719188674645071e+00
4.589999999998034355e+02 2.884635914891632513e+00
4.594999999998354951e+02 2.761879407424747246e+00
4.599999999998674980e+02 2.790296119075792891e+00
4.604999999998995577e+02 3.072451357833648089e+00
4.609999999999315605e+02 3.057355954867703840e+00
4.614999999999636202e+02 2.975969558828051031e+00
4.619999999999956231e+02 2.926439444503353915e+00
4.625000000000276827e+02 2.740098370136394568e+00
4.630000000000596856e+02 3.057297906145419297e+00
4.635000000000917453e+02 3.038714318438266115e+00
4.640000000001237481e+02 2.859648428731385916e+00
4.645000000001558078e+02 2.772236750430109531e+00
4.650000000001878107e+02 2.838575891858309497e+00
4.655000000002198703e+02 2.972779622039421366e+00
4.660000000002518732e+02 2.798867132850074047e+00
4.665000000002839329e+02 2.964393667480284211e+00
4.670000000003159357e+02 2.728734318960659433e+00
4.675000000003479954e+02 2.590722306766378047e+00
4.680000000003800551e+02 3.156759662870985750e+00
4.685000000004120579e+02 3.223207669388031604e+00
4.690000000004441176e+02 2.943039564418119092e+00
4.695000000004761205e+02 2.943626428724507971e+00
4.700000000005081802e+02 3.140855682499667179e+00
4.705000000005401830e+02 2.966734647546220849e+00
4.710000000005722427e+02 2.895918116477757653e+00
4.715000000006042455e+02 3.102662387341646788e+00
4.720000000006363052e+02 2.650286435099301396e+00
4.725000000006683081e+02 3.023134374089909038e+00
4.730000000007003678e+02 3.222928308195082803e+00
4.735000000007323706e+02 2.648134149978088825e+00
4.740000000007644303e+02 3.149006024855982577e+00
4.745000000007964331e+02 3.077420430883083924e+00
4.750000000008284928e+02 3.098202551015917461e+00
4.755000000008604957e+02 2.822959292951212618e+00
4.760000000008925554e+02 2.878022470383356346e+00
4.765000000009246151e+02 3.055588902127665651e+00
4.770000000009566179e+02 2.735595620646959603e+00
4.775000000009886776e+02 2.736364590278046016e+00
4.780000000010206804e+02 3.018672096704948071e+00
4.785000000010527401e+02 2.809306131289976083e+00
4.790000000010847430e+02 2.919710261204531587e+00
4.795000000011168027e+02 2.940720595863719478e+00
4.800000000011488055e+02 2.867345902397860691e+00
4.805000000011808652e+02 2.981074252550539594e+00
4.810000000012128680e+02 2.979682396336479133e+00
4.815000000012449277e+02 2.928354772327445232e+00
4.820000000012769306e+02 3.039283631074274350e+00
4.825000000013089902e+02 3.063707740288275971e+00
4.830000000013409931e+02 2.960599734149215845e+00
4.835000000013730528e+02 2.962213962698879044e+00
4.840000000014050556e+02 2.920851186539571209e+00
4.845000000014371153e+02 2.909407184766764409e+00
4.850000000014691750e+02 3.109406893328718891e+00
4.855000000015011778e+02 3.062866139289455170e+00
4.860000000015332375e+02 2.569242179929087655e+00
4.865000000015652404e+02 2.834011382185783745e+00
4.870000000015973001e+02 2.693785992077476266e+00
4.875000000016293029e+02 2.681514208662723942e+00
4.880000000016613626e+02 3.004782002284436704e+00
4.885000000016933654e+02 2.840755500207096329e+00
4.890000000017254251e+02 2.932972071671767544e+00
4.895000000017574280e+02 2.838525246372763711e+00
4.900000000017894877e+02 3.160066571559100534e+00
4.905000000018214905e+02 3.113017976619606664e+00
4.910000000018535502e+02 2.853118683316339332e+00
4.915000000018855530e+02 2.826319146855003961e+00
4.920000000019176127e+02 3.264296333422609386e+00
4.925000000019496156e+02 3.022830576773110955e+00
4.930000000019816753e+02 2.856603075956837934e+00
4.935000000020136781e+02 2.808249479938701665e+00
4.940000000020457378e+02 2.853817422443090557e+00
4.945000000020777975e+02 3.134604696290140158e+00
4.950000000021098003e+02 3.220206618453900216e+00
4.955000000021418600e+02 2.957214885500438317e+00
4.960000000021738629e+02 2.797536746496565474e+00
4.965000000022059226e+02 3.126347816213030040e+00
4.970000000022379254e+02 2.831472460715579231e+00
4.975000000022699851e+02 3.255558470105477831e+00
4.980000000023019879e+02 3.089332169353148139e+00
4.985000000023340476e+02 2.802206725325461889e+00
4.990000000023660505e+02 2.683363321742719521e+00
4.995000000023981102e+02 3.226869011277202048e+00
5.000000000024301130e+02 3.006557046234772823e+00
5.005000000024621727e+02 2.890603790162849851e+00
5.010000000024941755e+02 2.827745680068618928e+00
5.015000000025262352e+02 2.966432719219084913e+00
5.020000000025582381e+02 2.686208342779064395e+00
5.025000000025902978e+02 2.996504478715721120e+00
5.030000000026223574e+02 3.206982787159921244e+00
5.035000000026543603e+02 3.026241150889227516e+00
5.040000000026864200e+02 3.056930584467971723e+00
5.045000000027184228e+02 2.994078252202941659e+00
5.050000000027504825e+02 2.651093773531786546e+00
5.055000000027824854e+02 2.670967854508566219e+00
5.060000000028145450e+02 2.909119787398328771e+00
5.065000000028465479e+02 3.114836068639886602e+00
5.070000000028786076e+02 2.782960479761652728e+00
5.075000000029106104e+02 2.830420065990149503e+00
5.080000000029426701e+02 3.098997594044197168e+00
5.085000000029746730e+02 3.045257718355007803e+00
5.090000000030067326e+02 3.034456313828688856e+00
5.095000000030387355e+02 3.137639371888363282e+00
5.100000000030707952e+02 2.940872959739469827e+00
5.105000000031027980e+02 3.082903142009696396e+00
5.110000000031348577e+02 2.610113111964484034e+00
5.115000000031668606e+02 2.948932281725508364e+00
5.120000000031989202e+02 3.312480177883304844e+00
5.125000000032309799e+02 2.869586173186642775e+00
5.130000000032630396e+02 3.111771320230937832e+00
5.135000000032949856e+02 3.102297811413965878e+00
5.140000000033270453e+02 2.667066717071794546e+00
5.145000000033591050e+02 2.835540789750948587e+00
5.150000000033911647e+02 2.962318978176022632e+00
5.155000000034231107e+02 3.067523773009917409e+00
5.160000000034551704e+02 3.072728523706966364e+00
5.165000000034872301e+02 2.914779373976611243e+00
5.170000000035192897e+02 3.094988041564762149e+00
5.175000000035512357e+02 2.763488475999509753e+00
5.180000000035832954e+02 3.213830595047028726e+00
5.185000000036153551e+02 3.196826583050023540e+00
5.190000000036474148e+02 2.949570887775433192e+00
5.195000000036793608e+02 2.754752037790577202e+00
5.200000000037114205e+02 3.108443883735084068e+00
5.205000000037434802e+02 3.136377005354205938e+00
5.210000000037755399e+02 2.982660270765414179e+00
5.215000000038075996e+02 3.144468562999015671e+00
5.220000000038395456e+02 2.858237227086047216e+00
5.225000000038716053e+02 2.986960160747564430e+00
5.230000000039036649e+02 2.871878363308106419e+00
5.235000000039357246e+02 2.793545221326399819e+00
5.240000000039676706e+02 2.929091372968189777e+00
5.245000000039997303e+02 2.865364590581956250e+00
5.250000000040317900e+02 3.180120089078597001e+00
5.255000000040638497e+02 2.985810825235069910e+00
5.260000000040957957e+02 2.935489852566353530e+00
5.265000000041278554e+02 2.855666042144378913e+00
5.270000000041599151e+02 3.062854371316236612e+00
5.275000000041919748e+02 2.920163789779832264e+00
5.280000000042239208e+02 2.850249101790063744e+00
5.285000000042559805e+02 3.137869805324698724e+00
5.290000000042880401e+02 2.951483716514151201e+00
5.295000000043200998e+02 2.772762223822866634e+00
5.300000000043521595e+02 2.926712778445290208e+00
5.305000000043841055e+02 2.909811719927615670e+00
5.310000000044161652e+02 3.125930078920941213e+00
5.315000000044482249e+02 2.941309017666453141e+00
5.320000000044802846e+02 2.867889712434024130e+00
5.325000000045122306e+02 2.808671963016760031e+00
5.330000000045442903e+02 3.038308971082807730e+00
5.335000000045763500e+02 2.643928576607319059e+00
5.340000000046084097e+02 3.011918937711328681e+00
5.345000000046403557e+02 2.821485849013135372e+00
5.350000000046724153e+02 2.813379378900525918e+00
5.355000000047044750e+02 2.926730903524970895e+00
5.360000000047365347e+02 2.913886441120993265e+00
5.365000000047684807e+02 2.974150741055825442e+00
5.370000000048005404e+02 2.729457815249266783e+00
5.375000000048326001e+02 2.889677906279518371e+00
5.380000000048646598e+02 2.766329476216769834e+00
5.385000000048967195e+02 2.958122541877352685e+00
5.390000000049286655e+02 3.019403802730851627e+00
5.395000000049607252e+02 2.709452760403598059e+00
5.400000000049927849e+02 2.575034298851943237e+00
5.405000000050248445e+02 2.868034388039817362e+00
5.410000000050567905e+02 2.886759883421357031e+00
5.415000000050888502e+02 2.856325946053409837e+00
5.420000000051209099e+02 2.991168757692386659e+00
5.425000000051529696e+02 3.017594799224216473e+00
5.430000000051849156e+02 3.026651737602555681e+00
5.435000000052169753e+02 3.179549144533623917e+00
5.440000000052490350e+02 3.267731946206177351e+00
5.445000000052810947e+02 2.870777965571211343e+00
5.450000000053130407e+02 2.828712996426054893e+00
5.455000000053451004e+02 2.931147115944662040e+00
5.460000000053771601e+02 3.263205643686424740e+00
5.465000000054092197e+02 3.119131747106024033e+00
5.470000000054411657e+02 2.945142152912048950e+00
5.475000000054732254e+02 2.780330908427239400e+00
5.480000000055052851e+02 3.210675235964217666e+00
5.485000000055373448e+02 3.143148199745673832e+00
5.490000000055694045e+02 3.161326240256014053e+00
5.495000000056013505e+02 2.939341239755945967e+00
5.500000000056334102e+02 2.814439969131438346e+00
5.505000000056654699e+02 3.205326810235701540e+00
5.510000000056975296e+02 3.111149525918095016e+00
5.515000000057294756e+02 2.922712180031352247e+00
5.520000000057615352e+02 3.042153319048300997e+00
5.525000000057935949e+02 3.059966402249326034e+00
5.530000000058256546e+02 2.784854053312224575e+00
5.535000000058576006e+02 2.824557498507717312e+00
5.540000000058896603e+02 2.979089065690334159e+00
5.545000000059217200e+02 2.764097001523098562e+00
5.550000000059537797e+02 2.887176830257117466e+00
5.555000000059857257e+02 3.151550922665434573e+00
5.560000000060177854e+02 3.094113171687096653e+00
5.565000000060498451e+02 2.662890478081073820e+00
5.570000000060819048e+02 3.005628233434770369e+00
5.575000000061139644e+02 3.095716637636451107e+00
5.580000000061459104e+02 2.779505263458785347e+00
5.585000000061779701e+02 3.036581468391740479e+00
5.590000000062100298e+02 3.173794749458465070e+00
5.595000000062420895e+02 2.931917543819600347e+00
5.600000000062740355e+02 2.384575726900465931e+00
5.605000000063060952e+02 2.939933997096000784e+00
5.610000000063381549e+02 3.319719460000927658e+00
5.615000000063702146e+02 2.762861716724324790e+00
5.620000000064021606e+02 2.956149166565529285e+00
5.625000000064342203e+02 3.132293346321793237e+00
5.630000000064662800e+02 2.964030023136472458e+00
5.635000000064983396e+02 2.811922115700118407e+00
5.640000000065302856e+02 3.080109970814245646e+00
5.645000000065623453e+02 2.932938486708851489e+00
5.650000000065944050e+02 2.876651293564947309e+00
5.655000000066264647e+02 3.111447483396254654e+00
5.660000000066585244e+02 3.005979795065472970e+00
5.665000000066904704e+02 2.816317497517124124e+00
5.670000000067225301e+02 2.822649198967548845e+00
5.675000000067545898e+02 3.120272988108980794e+00
5.680000000067866495e+02 2.764618870720541910e+00
5.685000000068185955e+02 3.197073796667456058e+00
5.690000000068506552e+02 3.242723685378242848e+00
5.695000000068827148e+02 2.883799193532839755e+00
5.700000000069147745e+02 3.044064128156112492e+00
5.705000000069467205e+02 3.043135440748323983e+00
5.710000000069787802e+02 2.844873930274442575e+00
5.715000000070108399e+02 2.918462267814892375e+00
5.720000000070428996e+02 3.033333018656479307e+00
5.725000000070748456e+02 2.830346935056333724e+00
5.730000000071069053e+02 3.054822579717140218e+00
5.735000000071389650e+02 2.765057178499890966e+00
5.740000000071710247e+02 2.861036562986074561e+00
5.745000000072030844e+02 2.974965791957887351e+00
5.750000000072350304e+02 2.979789277481808440e+00
5.755000000072670900e+02 2.978925130113300845e+00
5.760000000072991497e+02 2.931751512072782173e+00
5.765000000073312094e+02 3.102670433657082505e+00
5.770000000073631554e+02 2.747761152665041173e+00
5.775000000073952151e+02 2.769513267942389945e+00
5.780000000074272748e+02 2.923829514277350938e+00
5.785000000074593345e+02 3.018852061906011297e+00
5.790000000074912805e+02 2.851646106645240764e+00
5.795000000075233402e+02 3.022580730741774246e+00
5.800000000075553999e+02 2.975128493252508832e+00
5.805000000075874595e+02 2.753006899025960408e+00
5.810000000076194056e+02 3.067221966056967730e+00
5.815000000076514652e+02 2.853693536500999439e+00
5.820000000076835249e+02 3.156587184773301136e+00
5.825000000077155846e+02 2.993068137591324174e+00
5.830000000077476443e+02 2.594539126560427622e+00
5.835000000077795903e+02 2.866160483358125788e+00
5.840000000078116500e+02 3.173585467420857231e+00
5.845000000078437097e+02 2.952058438196591972e+00
5.850000000078757694e+02 2.806184554455688485e+00
5.855000000079077154e+02 2.833367658244845710e+00
5.860000000079397751e+02 3.049585468182062442e+00
5.865000000079718347e+02 3.119679779177277013e+00
5.870000000080038944e+02 3.328364729896942542e+00
5.875000000080358404e+02 2.902192973600940640e+00
5.880000000080679001e+02 2.961573279715836282e+00
5.885000000080999598e+02 3.159987542706245822e+00
5.890000000081320195e+02 2.748923128555680329e+00
5.895000000081639655e+02 3.068305997391564510e+00
5.900000000081960252e+02 2.671363958242894743e+00
5.905000000082280849e+02 3.115248819641694311e+00
5.910000000082601446e+02 2.656239043088531204e+00
5.915000000082920906e+02 2.936851546321274320e+00
5.920000000083241503e+02 3.107123651685921750e+00
5.925000000083562099e+02 2.965386879052863911e+00
5.930000000083882696e+02 2.699452202463154649e+00
5.935000000084203293e+02 3.095896270594087341e+00
5.940000000084522753e+02 2.859970710886088785e+00
5.945000000084843350e+02 2.848789498132487719e+00
5.950000000085163947e+02 3.184077803651023775e+00
5.955000000085484544e+02 3.247451773777997985e+00
5.960000000085804004e+02 2.865699682558836781e+00
5.965000000086124601e+02 2.873205664841263829e+00
5.970000000086445198e+02 3.015955135899833106e+00
5.975000000086765795e+02 3.088631599732780675e+00
5.980000000087085255e+02 2.755133888456996250e+00
5.985000000087405851e+02 2.776098978716413868e+00
5.990000000087726448e+02 3.276731524131116124e+00
5.995000000088047045e+02 3.030706848422168420e+00
6.000000000088366505e+02 2.769573296689776143e+00
6.005000000088687102e+02 3.304354543802469735e+00
6.010000000089007699e+02 2.691972232100759310e+00
6.015000000089328296e+02 2.734400717297903682e+00
6.020000000089648893e+02 2.886952660420229577e+00
6.025000000089968353e+02 3.058665961891179563e+00
6.030000000090288950e+02 3.022915024219557267e+00
6.035000000090609547e+02 3.133548737876772794e+00
6.040000000090930143e+02 3.021488080708805146e+00
6.045000000091249603e+02 3.045670203880865845e+00
6.050000000091570200e+02 3.032142426764628862e+00
6.055000000091890797e+02 2.930961822217554413e+00
6.060000000092211394e+02 3.050802926874329302e+00
6.065000000092530854e+02 2.857208816651414907e+00
6.070000000092851451e+02 3.186229328389587501e+00
6.075000000093172048e+02 2.881355074569217134e+00
6.080000000093492645e+02 2.875159270941159306e+00
6.085000000093812105e+02 2.861063955249801616e+00
6.090000000094132702e+02 2.705672743733517294e+00
6.095000000094453299e+02 3.064796596344895097e+00
6.100000000094773895e+02 3.043928712620828758e+00
6.105000000095094492e+02 2.670647426017212389e+00
6.110000000095413952e+02 3.173566999892739826e+00
6.115000000095734549e+02 3.011422863366638225e+00
6.120000000096055146e+02 3.047120404483361078e+00
6.125000000096375743e+02 2.864059403520180513e+00
6.130000000096695203e+02 2.664210809974389971e+00
6.135000000097015800e+02 3.201090739652049599e+00
6.140000000097336397e+02 2.728491732175815088e+00
6.145000000097656994e+02 2.880078133209835300e+00
6.150000000097976454e+02 2.997632728974892302e+00
6.155000000098297050e+02 2.736359971731074037e+00
6.160000000098617647e+02 3.035792866144974234e+00
6.165000000098938244e+02 2.964332795990006986e+00
6.170000000099257704e+02 3.332103750354906246e+00
6.175000000099578301e+02 3.037755275426846424e+00
6.180000000099898898e+02 2.916238313687525618e+00
6.185000000100219495e+02 2.755402149461255501e+00
6.190000000100540092e+02 2.836321310957930830e+00
6.195000000100859552e+02 2.900816202709328717e+00
6.200000000101180149e+02 2.912125673243612489e+00
6.205000000101500746e+02 3.041213928122737720e+00
6.210000000101821342e+02 2.834638115247007484e+00
6.215000000102140802e+02 2.918199208512973541e+00
6.220000000102461399e+02 2.815320350136578664e+00
6.225000000102781996e+02 2.894585199506794826e+00
6.230000000103102593e+02 3.056793180360527717e+00
6.235000000103422053e+02 2.984897763491139333e+00
6.240000000103742650e+02 2.591958130227741908e+00
6.245000000104063247e+02 3.249111749919295633e+00
6.250000000104383844e+02 2.709324727589919490e+00
6.255000000104703304e+02 3.000723752910603892e+00
6.260000000105023901e+02 3.033177415561236323e+00
6.265000000105344498e+02 2.702584158881566001e+00
6.270000000105665094e+02 2.964381206857412909e+00
6.275000000105985691e+02 3.142933561984647461e+00
6.280000000106305151e+02 2.628969870070827053e+00
6.285000000106625748e+02 2.952541841255156285e+00
6.290000000106946345e+02 2.940176313410803655e+00
6.295000000107266942e+02 2.845337216944155312e+00
6.300000000107586402e+02 2.762101044590987708e+00
6.305000000107906999e+02 2.854534344082446662e+00
6.310000000108227596e+02 2.954394129951181558e+00
6.315000000108548193e+02 2.969436797524410920e+00
6.320000000108867653e+02 2.829931545468753473e+00
6.325000000109188250e+02 3.069122812105245846e+00
6.330000000109508846e+02 3.129533216601492640e+00
6.335000000109829443e+02 2.541452540326848641e+00
6.340000000110148903e+02 2.911184241795589767e+00
6.345000000110469500e+02 3.090012138540859432e+00
6.350000000110790097e+02 2.980807364048120967e+00
6.355000000111110694e+02 3.032823825039608678e+00
6.360000000111430154e+02 3.042967487073501953e+00
6.365000000111750751e+02 2.772570098058454668e+00
6.370000000112071348e+02 2.942538225388394491e+00
6.375000000112391945e+02 3.166185351264881653e+00
6.380000000112712542e+02 3.026928447379179765e+00
6.385000000113032002e+02 2.991472847688168013e+00
6.390000000113352598e+02 3.041543594562364561e+00
6.395000000113673195e+02 2.931635204121507243e+00
6.400000000113993792e+02 2.960677802961996008e+00
6.405000000114313252e+02 2.811715303896133999e+00
6.410000000114633849e+02 3.025334220217275050e+00
6.415000000114954446e+02 2.577196682973106778e+00
6.420000000115275043e+02 2.899982109046526979e+00
6.425000000115594503e+02 3.171380507283991346e+00
6.430000000115915100e+02 2.866629352665140740e+00
6.435000000116235697e+02 3.147536939104833120e+00
6.440000000116556294e+02 2.939745830202995958e+00
6.445000000116875754e+02 2.857355347244151744e+00
6.450000000117196350e+02 2.866846134061633578e+00
6.455000000117516947e+02 2.964780196923875177e+00
6.460000000117837544e+02 2.839164795467386426e+00
6.465000000118158141e+02 3.170323579954587689e+00
6.470000000118477601e+02 2.756762351881664852e+00
6.475000000118798198e+02 2.729475993362746156e+00
6.480000000119118795e+02 2.897610612048451717e+00
6.485000000119439392e+02 2.740089806537958861e+00
6.490000000119758852e+02 3.056530987052390014e+00
6.495000000120079449e+02 3.300737445927258928e+00
6.500000000120400045e+02 2.711480109374147407e+00
6.505000000120720642e+02 3.003036702799042335e+00
6.510000000121040102e+02 3.304019186881546943e+00
6.515000000121360699e+02 3.060315334391944031e+00
6.520000000121681296e+02 2.447407347461771465e+00
6.525000000122001893e+02 3.077836687897626433e+00
6.530000000122321353e+02 2.929791145193369140e+00
6.535000000122641950e+02 3.053971030190882896e+00
6.540000000122962547e+02 3.069303654936768933e+00
6.545000000123283144e+02 2.932903030757750162e+00
6.550000000123603741e+02 3.055486757395185826e+00
6.555000000123923201e+02 3.080736711954172868e+00
6.560000000124243797e+02 2.880050839110072758e+00
6.565000000124564394e+02 3.086065743867993483e+00
6.570000000124884991e+02 3.081695515917306949e+00
6.575000000125204451e+02 2.765026171594936244e+00
6.580000000125525048e+02 2.775926455333859177e+00
6.585000000125845645e+02 2.958905541772125947e+00
6.590000000126166242e+02 2.971113891039812049e+00
6.595000000126485702e+02 2.948245782686732763e+00
6.600000000126806299e+02 3.190628619727002846e+00
6.605000000127126896e+02 2.912930551149004899e+00
6.610000000127447493e+02 2.975619057108738197e+00
6.615000000127766953e+02 3.024798095764209549e+00
6.620000000128087549e+02 2.954307834105140085e+00
6.625000000128408146e+02 2.844756096616690044e+00
6.630000000128728743e+02 3.118451348463537443e+00
6.635000000129049340e+02 3.290234868464297247e+00
6.640000000129368800e+02 2.903343514928716118e+00
6.645000000129689397e+02 2.906768193706781300e+00
6.650000000130009994e+02 3.032887857614217531e+00
6.655000000130330591e+02 2.916934739077861938e+00
6.660000000130650051e+02 2.873556445336226339e+00
6.665000000130970648e+02 2.963863907635274852e+00
6.670000000131291245e+02 2.766858518472477879e+00
6.675000000131611841e+02 3.098781335306558748e+00
6.680000000131931301e+02 2.796646281510438481e+00
6.685000000132251898e+02 2.928154651801829544e+00
6.690000000132572495e+02 3.157558376253938093e+00
6.695000000132893092e+02 2.903966191613009062e+00
6.700000000133212552e+02 2.991562415110278650e+00
6.705000000133533149e+02 3.156156515560200493e+00
6.710000000133853746e+02 3.066551994948363724e+00
6.715000000134174343e+02 3.000653005447255772e+00
6.720000000134494940e+02 2.794459862793171379e+00
6.725000000134814400e+02 2.810614483782635009e+00
6.730000000135134997e+02 2.882183524294444688e+00
6.735000000135455593e+02 2.914869755357384129e+00
6.740000000135776190e+02 2.701846947244912478e+00
6.745000000136095650e+02 3.022948874004329323e+00
6.750000000136416247e+02 3.007123551417292262e+00
6.755000000136736844e+02 2.811966191875794774e+00
6.760000000137057441e+02 2.922745160046773982e+00
6.765000000137376901e+02 3.253465069131078913e+00
6.770000000137697498e+02 3.092458301370363483e+00
6.775000000138018095e+02 3.172524506838049874e+00
6.780000000138338692e+02 2.888524984945018748e+00
6.785000000138658152e+02 2.860255758592623376e+00
6.790000000138978749e+02 3.016866510083119568e+00
6.795000000139299345e+02 3.086098760192993673e+00
6.800000000139619942e+02 3.180466409439546283e+00
6.805000000139939402e+02 2.552765355189643870e+00
6.810000000140259999e+02 3.125914152513813882e+00
6.815000000140580596e+02 3.124142625970903975e+00
6.820000000140901193e+02 2.792442411974794592e+00
6.825000000141221790e+02 3.000916402925358106e+00
6.830000000141541250e+02 2.972976771431735443e+00
6.835000000141861847e+02 2.717882150523498019e+00
6.840000000142182444e+02 2.796937893523896879e+00
6.845000000142503040e+02 3.111836367724738039e+00
6.850000000142822500e+02 2.866589943313061717e+00
6.855000000143143097e+02 3.106883750772230890e+00
6.860000000143463694e+02 3.027257951830867544e+00
6.865000000143784291e+02 2.986012004363187256e+00
6.870000000144103751e+02 3.060041117169570057e+00
6.875000000144424348e+02 2.711289127971097557e+00
6.880000000144744945e+02 3.289864052169871655e+00
6.885000000145065542e+02 2.748947704985495122e+00
6.890000000145385002e+02 2.352379340202332969e+00
6.895000000145705599e+02 3.161915213655340562e+00
6.900000000146026196e+02 3.073294772995507795e+00
6.905000000146346792e+02 3.046731370415572293e+00
6.910000000146667389e+02 2.927513365108604937e+00
6.915000000146986849e+02 2.874946349909580867e+00
6.920000000147307446e+02 3.074703836972206616e+00
6.925000000147628043e+02 3.035928092897629327e+00
6.930000000147948640e+02 2.991420258701458668e+00
6.935000000148268100e+02 3.012487477682247672e+00
6.940000000148588697e+02 2.947725717903773912e+00
6.945000000148909294e+02 3.026397610596770704e+00
6.950000000149229891e+02 2.904725226932810767e+00
6.955000000149549351e+02 2.661165060971044660e+00
6.960000000149869948e+02 2.844032207609019647e+00
6.965000000150190544e+02 2.899224977334887488e+00
6.970000000150511141e+02 3.238957698534906005e+00
6.975000000150830601e+02 3.046123581375912437e+00
6.980000000151151198e+02 2.889870840427259502e+00
6.985000000151471795e+02 2.773873020758320873e+00
6.990000000151792392e+02 3.122380651674026897e+00
6.995000000152112989e+02 2.905807083762488752e+00
7.000000000152432449e+02 2.532615955657175899e+00
7.005000000152753046e+02 3.005165940461552054e+00
7.010000000153073643e+02 2.674543864024745421e+00
7.015000000153394240e+02 2.718345326852966704e+00
7.020000000153713700e+02 3.025670181885684151e+00
7.025000000154034296e+02 2.769070361232776278e+00
7.030000000154354893e+02 2.838554534344752245e+00
7.035000000154675490e+02 2.897383027086954943e+00
7.040000000154994950e+02 2.705895080446965917e+00
7.045000000155315547e+02 2.832663453121210484e+00
7.050000000155636144e+02 2.884772418174307518e+00
7.055000000155956741e+02 2.949367884667978501e+00
7.060000000156276201e+02 2.907108833099534273e+00
7.065000000156596798e+02 2.720656040540812004e+00
7.070000000156917395e+02 3.196688444436584398e+00
7.075000000157237992e+02 3.004851360145423644e+00
7.080000000157558588e+02 2.827462610760715922e+00
7.085000000157878048e+02 3.017762422714834081e+00
7.090000000158198645e+02 3.147764743627390782e+00
7.095000000158519242e+02 2.996620187004519487e+00
7.100000000158839839e+02 2.987905458470451858e+00
7.105000000159159299e+02 2.670198423331199944e+00
7.110000000159479896e+02 2.842363187689356696e+00
7.115000000159800493e+02 3.081309451580528602e+00
7.120000000160121090e+02 2.792810042110240865e+00
7.125000000160440550e+02 2.918903817383879495e+00
7.130000000160761147e+02 2.569933600375902571e+00
7.135000000161081743e+02 3.074241982568048481e+00
7.140000000161402340e+02 3.195433899013450763e+00
7.145000000161721800e+02 2.668294579999732186e+00
7.150000000162042397e+02 2.772696569970054981e+00
7.155000000162362994e+02 3.292125567836145628e+00
7.160000000162683591e+02 3.144279591951896879e+00
7.165000000163003051e+02 2.607054048977475613e+00
7.170000000163323648e+02 2.986790929795076099e+00
7.175000000163644245e+02 3.091705213468072699e+00
7.180000000163964842e+02 2.795597841456653132e+00
7.185000000164285439e+02 3.270841198168012554e+00
7.190000000164604899e+02 2.915872504044168423e+00
7.195000000164925495e+02 2.856377586408898495e+00
7.200000000165246092e+02 2.879876824385569023e+00
7.205000000165566689e+02 2.794802094458494590e+00
7.210000000165886149e+02 3.120344628543344712e+00
7.215000000166206746e+02 3.165127981239989730e+00
7.220000000166527343e+02 2.764247593166934358e+00
7.225000000166847940e+02 2.849831814379883976e+00
7.230000000167167400e+02 2.991723001442937235e+00
7.235000000167487997e+02 3.138933574872109666e+00
7.240000000167808594e+02 3.102135188178489766e+00
7.245000000168129191e+02 2.927832868536375255e+00
7.250000000168448651e+02 2.867205871099266723e+00
7.255000000168769247e+02 3.178637852532300023e+00
7.260000000169089844e+02 2.647365177087233956e+00
7.265000000169410441e+02 2.744496526359595290e+00
7.270000000169731038e+02 2.951684827464710725e+00
7.275000000170050498e+02 3.147104331620608431e+00
7.280000000170371095e+02 2.970120133123128614e+00
7.285000000170691692e+02 3.180915276049268492e+00
7.290000000171012289e+02 2.977290612725422392e+00
7.295000000171331749e+02 3.031034948687227448e+00
7.300000000171652346e+02 2.785566791054272073e+00
7.305000000171972943e+02 2.914451859494210151e+00
7.310000000172293539e+02 2.866655255529744206e+00
7.315000000172612999e+02 2.893952270657900172e+00
7.320000000172933596e+02 3.170759783185487013e+00
7.325000000173254193e+02 2.958046698025942778e+00
7.330000000173574790e+02 3.002059211684863893e+00
7.335000000173894250e+02 3.117741068599621190e+00
7.340000000174214847e+02 2.968709621777587682e+00
7.345000000174535444e+02 2.992407653867468209e+00
7.350000000174856041e+02 3.031908709860960727e+00
7.355000000175176638e+02 3.273962809843963484e+00
7.360000000175496098e+02 2.990353585084201793e+00
7.365000000175816695e+02 2.802836357162914016e+00
7.370000000176137291e+02 2.833143417748996917e+00
7.375000000176457888e+02 2.911860313400302047e+00
7.380000000176777348e+02 3.026845851425998379e+00
7.385000000177097945e+02 2.722558131435310891e+00
7.390000000177418542e+02 2.934460243386012746e+00
7.395000000177739139e+02 2.836870727532281311e+00
7.400000000178058599e+02 2.961917243969289792e+00
7.405000000178379196e+02 2.893924121700546248e+00
7.410000000178699793e+02 3.039679406083217739e+00
7.415000000179020390e+02 3.331987670758559172e+00
7.420000000179339850e+02 2.921058321890714904e+00
7.425000000179660447e+02 2.883527371287322616e+00
7.430000000179981043e+02 2.660433445657170104e+00
7.435000000180301640e+02 2.815384625029427212e+00
7.440000000180622237e+02 2.900400461687238973e+00
7.445000000180941697e+02 2.846489594975047055e+00
7.450000000181262294e+02 2.694290625782648441e+00
7.455000000181582891e+02 2.740123607891252089e+00
7.460000000181903488e+02 3.031888386456896178e+00
7.465000000182222948e+02 2.982743734040794958e+00
7.470000000182543545e+02 2.371649731341439526e+00
7.475000000182864142e+02 2.818558213555515390e+00
7.480000000183184738e+02 3.337677926182407884e+00
7.485000000183504199e+02 2.629004056104523812e+00
7.490000000183824795e+02 3.115611430161110640e+00
7.495000000184145392e+02 3.183906975009255458e+00
7.500000000184465989e+02 2.775337204635571986e+00
7.505000000184785449e+02 2.956437027431417786e+00
7.510000000185106046e+02 3.261733247893498611e+00
7.515000000185426643e+02 2.899653831091255185e+00
7.520000000185747240e+02 2.810900531755938569e+00
7.525000000186067837e+02 3.000873181356615849e+00
7.530000000186387297e+02 3.035244121366313053e+00
7.535000000186707894e+02 2.866166873682035821e+00
7.540000000187028490e+02 2.933250840655817093e+00
7.545000000187349087e+02 2.844542945954477542e+00
7.550000000187668547e+02 3.085209542211724276e+00
7.555000000187989144e+02 2.874572297685517253e+00
7.560000000188309741e+02 2.814896483825775508e+00
7.565000000188630338e+02 2.945372239811599790e+00
7.570000000188949798e+02 2.824399751565342065e+00
7.575000000189270395e+02 3.084102778153059443e+00
7.580000000189590992e+02 2.753005471304083684e+00
7.585000000189911589e+02 3.050146548165846294e+00
7.590000000190231049e+02 2.685869144055732516e+00
7.595000000190551646e+02 3.002562286541837988e+00
7.600000000190872242e+02 2.743444076433479317e+00
7.605000000191192839e+02 2.775805439025280208e+00
7.610000000191512299e+02 2.884689318167337202e+00
7.615000000191832896e+02 3.239771019431878063e+00
7.620000000192153493e+02 2.849615915256816567e+00
7.625000000192474090e+02 2.781164701986087451e+00
7.630000000192794687e+02 2.981790752085953677e+00
7.635000000193114147e+02 3.329649018835705743e+00
7.640000000193434744e+02 3.197527472451020092e+00
7.645000000193755341e+02 2.623843504221980982e+00
7.650000000194075938e+02 2.986205163208109692e+00
7.655000000194395398e+02 3.091229080347303704e+00
7.660000000194715994e+02 3.028771656465290896e+00
7.665000000195036591e+02 2.697715410933056557e+00
7.670000000195357188e+02 2.967806769241304821e+00
7.675000000195676648e+02 2.787544014299805806e+00
7.680000000195997245e+02 2.931032055034918038e+00
7.685000000196317842e+02 2.926424586259360527e+00
7.690000000196638439e+02 2.695787791434071767e+00
7.695000000196957899e+02 3.078038342393389470e+00
7.700000000197278496e+02 2.921398995797220177e+00
7.705000000197599093e+02 2.924180003480248757e+00
7.710000000197919690e+02 3.080271353626988784e+00
7.715000000198240286e+02 2.745935422573876128e+00
7.720000000198559746e+02 3.170549292877609115e+00
7.725000000198880343e+02 3.090622836544793639e+00
7.730000000199200940e+02 2.760995380805621124e+00
7.735000000199521537e+02 3.109137050776811240e+00
7.740000000199840997e+02 2.832816303164186422e+00
7.745000000200161594e+02 2.696146438674553281e+00
7.750000000200482191e+02 3.094427785479180404e+00
7.755000000200802788e+02 2.741288773616957108e+00
7.760000000201122248e+02 3.001895000011661985e+00
7.765000000201442845e+02 3.052988786210970584e+00
7.770000000201763442e+02 2.475033419923348799e+00
7.775000000202084038e+02 3.172807588546683988e+00
7.780000000202403498e+02 2.925917762351805784e+00
7.785000000202724095e+02 2.939664852456084887e+00
7.790000000203044692e+02 2.860394347943027604e+00
7.795000000203365289e+02 2.879748114876255372e+00
7.800000000203685886e+02 2.920495894157336014e+00
7.805000000204005346e+02 2.907705090042381979e+00
7.810000000204325943e+02 3.050854405647932754e+00
7.815000000204646540e+02 2.834773775888858705e+00
7.820000000204967137e+02 2.893045141082344784e+00
7.825000000205286597e+02 3.076094406432341888e+00
7.830000000205607193e+02 2.861960489388399420e+00
7.835000000205927790e+02 2.913172099513762880e+00
7.840000000206248387e+02 2.760258202202740652e+00
7.845000000206567847e+02 3.023109510728612559e+00
7.850000000206888444e+02 2.751559324348564761e+00
7.855000000207209041e+02 2.852210468141290534e+00
7.860000000207529638e+02 2.904299892987578957e+00
7.865000000207849098e+02 2.794773173666663002e+00
7.870000000208169695e+02 2.856275805091196052e+00
7.875000000208490292e+02 2.988378267816647060e+00
7.880000000208810889e+02 3.029919478967225910e+00
7.885000000209131485e+02 2.899576861143234652e+00
7.890000000209450945e+02 2.675031908654521562e+00
7.895000000209771542e+02 2.816792324992713592e+00
7.900000000210092139e+02 3.378984346073887757e+00
7.905000000210412736e+02 2.834837539097909254e+00
7.910000000210732196e+02 2.613483706377875748e+00
7.915000000211052793e+02 3.209970972676745138e+00
7.920000000211373390e+02 2.969759584798090657e+00
7.925000000211693987e+02 2.744995739166980364e+00
7.930000000212013447e+02 3.033571698391849925e+00
7.935000000212334044e+02 2.884756541096964444e+00
7.940000000212654641e+02 2.701694635722426963e+00
7.945000000212975237e+02 2.810466229357652335e+00
7.950000000213294697e+02 3.015535445904002465e+00
7.955000000213615294e+02 3.000545088382801762e+00
7.960000000213935891e+02 3.006750215599927945e+00
7.965000000214256488e+02 3.023290392592635101e+00
7.970000000214577085e+02 3.056836958047434827e+00
7.975000000214896545e+02 3.038057474919983125e+00
7.980000000215217142e+02 2.651174626058751649e+00
7.985000000215537739e+02 3.005771026722086514e+00
7.990000000215858336e+02 2.766379870975494981e+00
7.995000000216177796e+02 2.940355305508098649e+00
8.000000000216498393e+02 3.081057307909297105e+00
8.005000000216818989e+02 2.991607697428349866e+00
8.010000000217139586e+02 2.971921363933091254e+00
8.015000000217459046e+02 3.221666030777282863e+00
8.020000000217779643e+02 3.231459264168871748e+00
8.025000000218100240e+02 2.873690307394432430e+00
8.030000000218420837e+02 3.095016209464196866e+00
8.035000000218740297e+02 3.217076113583757557e+00
8.040000000219060894e+02 2.787740443143716718e+00
8.045000000219381491e+02 2.982446148091066451e+00
8.050000000219702088e+02 3.157454390410968426e+00
8.055000000220021548e+02 2.846521183340636973e+00
8.060000000220342145e+02 3.001659074616698231e+00
8.065000000220662741e+02 2.866867862028400271e+00
8.070000000220983338e+02 3.204046765506490591e+00
8.075000000221303935e+02 2.818525847602160184e+00
8.080000000221623395e+02 3.141398871876648791e+00
8.085000000221943992e+02 2.756227959839395503e+00
8.090000000222264589e+02 3.306623833129312739e+00
8.095000000222585186e+02 3.050096654940707364e+00
8.100000000222904646e+02 3.147769103666525403e+00
8.105000000223225243e+02 2.750126440212976586e+00
8.110000000223545840e+02 2.995807088976311316e+00
8.115000000223866436e+02 3.062559544789148269e+00
8.120000000224185897e+02 2.987108889491147945e+00
8.125000000224506493e+02 2.865534180308694445e+00
8.130000000224827090e+02 3.012208796885794460e+00
8.135000000225147687e+02 3.044752711035042747e+00
8.140000000225467147e+02 2.915232684670280072e+00
8.145000000225787744e+02 2.867390365657911833e+00
8.150000000226108341e+02 2.928565107134827983e+00
8.155000000226428938e+02 3.068375451198809056e+00
8.160000000226749535e+02 3.215031899747970545e+00
8.165000000227068995e+02 3.187764680671113293e+00
8.170000000227389592e+02 3.027698342116074137e+00
8.175000000227710188e+02 3.057296115616776166e+00
8.180000000228030785e+02 2.871537261781365924e+00
8.185000000228350245e+02 3.094815744822777326e+00
8.190000000228670842e+02 2.789619478640736894e+00
8.195000000228991439e+02 2.971063027385278943e+00
8.200000000229312036e+02 3.008108959762091583e+00
8.205000000229631496e+02 2.861850400670704175e+00
8.210000000229952093e+02 3.010555315000315257e+00
8.215000000230272690e+02 2.958404457443395863e+00
8.220000000230593287e+02 2.857794559700212123e+00
8.225000000230912747e+02 2.791980311700775097e+00
8.230000000231233344e+02 2.926302621610024080e+00
8.235000000231553940e+02 2.746193973389502663e+00
8.240000000231874537e+02 3.057661425454039072e+00
8.245000000232195134e+02 3.119207971044588579e+00
8.250000000232514594e+02 2.884917212957363475e+00
8.255000000232835191e+02 2.957284074376570260e+00
8.260000000233155788e+02 3.035644659689650027e+00
8.265000000233476385e+02 2.750463615998964162e+00
8.270000000233795845e+02 2.628323356316043746e+00
8.275000000234116442e+02 3.165014185222430942e+00
8.280000000234437039e+02 3.011195859702368693e+00
8.285000000234757636e+02 2.902284449330064131e+00
8.290000000235077096e+02 2.750710338943966438e+00
8.295000000235397692e+02 2.905579499750102990e+00
8.300000000235718289e+02 2.738433005481762716e+00
8.305000000236038886e+02 2.925045950237438408e+00
8.310000000236358346e+02 2.760255406543080436e+00
8.315000000236678943e+02 2.903120781702738462e+00
8.320000000236999540e+02 3.066429457272933590e+00
8.325000000237320137e+02 2.883478636029720210e+00
8.330000000237640734e+02 3.061780278869257632e+00
8.335000000237960194e+02 2.784593791852368660e+00
8.340000000238280791e+02 2.544053086825050602e+00
8.345000000238601388e+02 3.012284226065961246e+00
8.350000000238921984e+02 2.969204399239969483e+00
8.355000000239241444e+02 2.861875271377232188e+00
8.360000000239562041e+02 2.923890124791769907e+00
8.365000000239882638e+02 2.771987895989522777e+00
8.370000000240203235e+02 2.969133372393415016e+00
8.375000000240522695e+02 2.858686706166842839e+00
8.380000000240843292e+02 3.218226029185017101e+00
8.385000000241163889e+02 2.975388682433865561e+00
8.390000000241484486e+02 2.783892375334485525e+00
8.395000000241803946e+02 2.947048293822399856e+00
8.400000000242124543e+02 2.975523704203605568e+00
8.405000000242445140e+02 3.177939800965304595e+00
8.410000000242765736e+02 2.847194231460793201e+00
8.415000000243086333e+02 2.574232166550105116e+00
8.420000000243405793e+02 3.097181081450698592e+00
8.425000000243726390e+02 2.911277629485001128e+00
8.430000000244046987e+02 2.520436428098325798e+00
8.435000000244367584e+02 3.134157042835605811e+00
8.440000000244687044e+02 3.075420003746107689e+00
8.445000000245007641e+02 2.794010632613137979e+00
8.450000000245328238e+02 2.987599146105484937e+00
8.455000000245648835e+02 3.079517220304588410e+00
8.460000000245968295e+02 2.980350153266813074e+00
8.465000000246288892e+02 2.989935395209037061e+00
8.470000000246609488e+02 3.025082791363083334e+00
8.475000000246930085e+02 2.878498406064416315e+00
8.480000000247249545e+02 2.836302731621720419e+00
8.485000000247570142e+02 2.957362043081783742e+00
8.490000000247890739e+02 3.013647546556337264e+00
8.495000000248211336e+02 2.848354479067929379e+00
8.500000000248530796e+02 2.846499914626127392e+00
8.505000000248851393e+02 3.085359700046513609e+00
8.510000000249171990e+02 2.761716137887775258e+00
8.515000000249492587e+02 2.957586279209720725e+00
8.520000000249813183e+02 2.941453827757749107e+00
8.525000000250132643e+02 2.946727437410401329e+00
8.530000000250453240e+02 2.526535673666343573e+00
8.535000000250773837e+02 3.073320776257043807e+00
8.540000000251094434e+02 3.058847289362739197e+00
8.545000000251413894e+02 2.978497886001246542e+00
8.550000000251734491e+02 2.962838913450551281e+00
8.555000000252055088e+02 2.654443983888495229e+00
8.560000000252375685e+02 2.949017018549563662e+00
8.565000000252695145e+02 3.084832600581952189e+00
8.570000000253015742e+02 2.931323816969283680e+00
8.575000000253336339e+02 2.774613019506665612e+00
8.580000000253656935e+02 2.778748148279281516e+00
8.585000000253976395e+02 3.268035899276260814e+00
8.590000000254296992e+02 2.666938272695597245e+00
8.595000000254617589e+02 2.774478778585544259e+00
8.600000000254938186e+02 3.006555117082727158e+00
8.605000000255258783e+02 2.891821645153932252e+00
8.610000000255578243e+02 2.718197250092861950e+00
8.615000000255898840e+02 3.260522547807721772e+00
8.620000000256219437e+02 3.049923292353946547e+00
8.625000000256540034e+02 3.041506821992232101e+00
8.630000000256859494e+02 2.805248960537303216e+00
8.635000000257180091e+02 2.935600002553061749e+00
8.640000000257500687e+02 2.819950519689165880e+00
8.645000000257821284e+02 3.053024133037053556e+00
8.650000000258140744e+02 2.799842438242376996e+00
8.655000000258461341e+02 2.783906452145149757e+00
8.660000000258781938e+02 3.109105266229797770e+00
8.665000000259102535e+02 2.759475669980127943e+00
8.670000000259421995e+02 3.149769122434195268e+00
8.675000000259742592e+02 3.018962484424489112e+00
8.680000000260063189e+02 3.040738041347120557e+00
8.685000000260383786e+02 2.960585843040802079e+00
8.690000000260704383e+02 2.770463588982188696e+00
8.695000000261023843e+02 2.888255619058857970e+00
8.700000000261344439e+02 2.909621207236191331e+00
8.705000000261665036e+02 2.948070955023446515e+00
8.710000000261985633e+02 2.920587297302274177e+00
8.715000000262305093e+02 2.952703728273912365e+00
8.720000000262625690e+02 2.750022576307610933e+00
8.725000000262946287e+02 2.637477908050096520e+00
8.730000000263266884e+02 2.916952779732571610e+00
8.735000000263586344e+02 3.061733792936242704e+00
8.740000000263906941e+02 2.787869191326739493e+00
8.745000000264227538e+02 3.078009817112332236e+00
8.750000000264548135e+02 2.873602705189601370e+00
8.755000000264867595e+02 3.261775189578830947e+00
8.760000000265188191e+02 3.067012446013830385e+00
8.765000000265508788e+02 3.013370189921628750e+00
8.770000000265829385e+02 2.791520190628308473e+00
8.775000000266149982e+02 2.837209604109265815e+00
8.780000000266469442e+02 2.718286059728855175e+00
8.785000000266790039e+02 2.844360470900547000e+00
8.790000000267110636e+02 3.078782788556594596e+00
8.795000000267431233e+02 3.003649793681949287e+00
8.800000000267750693e+02 2.893757882933112757e+00
8.805000000268071290e+02 3.323437227054425236e+00
8.810000000268391886e+02 3.054665174962761132e+00
8.815000000268712483e+02 2.835003151610949512e+00
8.820000000269031943e+02 2.985436437937802001e+00
8.825000000269352540e+02 2.799948457305537985e+00
8.830000000269673137e+02 3.034954379681898295e+00
8.835000000269993734e+02 2.964479654613709325e+00
8.840000000270313194e+02 2.867741080485748384e+00
8.845000000270633791e+02 2.918465886092808770e+00
8.850000000270954388e+02 3.144647932536670076e+00
8.855000000271274985e+02 2.918001264914406701e+00
8.860000000271595582e+02 2.682873174044942299e+00
8.865000000271915042e+02 3.002057427765104869e+00
8.870000000272235638e+02 3.237180602858306333e+00
8.875000000272556235e+02 2.997674204905541373e+00
8.880000000272876832e+02 2.837376195792070899e+00
8.885000000273196292e+02 2.942136200259824363e+00
8.890000000273516889e+02 2.948137664734973740e+00
8.895000000273837486e+02 3.294504477649769836e+00
8.900000000274158083e+02 2.946758390688222207e+00
8.905000000274477543e+02 2.966891919091931396e+00
8.910000000274798140e+02 2.817636149896911135e+00
8.915000000275118737e+02 2.854596703889658027e+00
8.920000000275439334e+02 3.139305077479254802e+00
8.925000000275758794e+02 3.047411426490520547e+00
8.930000000276079390e+02 2.932196609896597028e+00
8.935000000276399987e+02 2.766614880938053300e+00
8.940000000276720584e+02 3.044323374731471521e+00
8.945000000277040044e+02 2.926739742115622711e+00
8.950000000277360641e+02 2.844859907980379354e+00
8.955000000277681238e+02 2.904644981212741506e+00
8.960000000278001835e+02 2.939343384490605615e+00
8.965000000278322432e+02 2.902834447119823746e+00
8.970000000278641892e+02 3.190393788291021604e+00
8.975000000278962489e+02 3.320540717114723872e+00
8.980000000279283086e+02 2.575725487836917793e+00
8.985000000279603682e+02 3.147031992029599490e+00
8.990000000279923142e+02 2.991514646360297291e+00
8.995000000280243739e+02 2.591646840306597088e+00
9.000000000280564336e+02 3.210542468157369100e+00
9.005000000280884933e+02 2.846613139410444138e+00
9.010000000281204393e+02 2.556926822057862037e+00
9.015000000281524990e+02 2.950185801621764803e+00
9.020000000281845587e+02 3.031458616248174920e+00
9.025000000282166184e+02 2.974027350156200011e+00
9.030000000282485644e+02 2.926900947503530137e+00
9.035000000282806241e+02 2.991062857983615597e+00
9.040000000283126838e+02 3.017218595654672431e+00
9.045000000283447434e+02 3.071918903122318412e+00
9.050000000283768031e+02 2.645252883517468678e+00
9.055000000284087491e+02 3.112665759223534501e+00
9.060000000284408088e+02 2.953076530477739770e+00
9.065000000284728685e+02 2.783955350953766228e+00
9.070000000285049282e+02 3.180117610227583214e+00
9.075000000285368742e+02 3.050118924242767982e+00
9.080000000285689339e+02 2.767209402901497306e+00
9.085000000286009936e+02 2.901239974271832445e+00
9.090000000286330533e+02 2.867232454013912246e+00
9.095000000286649993e+02 3.240360835034347797e+00
9.100000000286970590e+02 2.923298376853562530e+00
9.105000000287291186e+02 2.595810999605859593e+00
9.110000000287611783e+02 2.526040882815006494e+00
9.115000000287931243e+02 3.022253746168277022e+00
9.120000000288251840e+02 3.027214842765475034e+00
9.125000000288572437e+02 3.162510166209027140e+00
9.130000000288893034e+02 2.806956575028592304e+00
9.135000000289213631e+02 2.984057541264999003e+00
9.140000000289533091e+02 2.844967238679589450e+00
9.145000000289853688e+02 2.871668102997993799e+00
9.150000000290174285e+02 2.950597624921486695e+00
9.155000000290494881e+02 3.125641144383838999e+00
9.160000000290814341e+02 3.361826970147500759e+00
9.165000000291134938e+02 2.889023460880067784e+00
9.170000000291455535e+02 2.871352759287563838e+00
9.175000000291776132e+02 3.130394584633815480e+00
9.180000000292095592e+02 3.083139210893143467e+00
9.185000000292416189e+02 2.886142568007568965e+00
9.190000000292736786e+02 2.746883889142631041e+00
9.195000000293057383e+02 2.967226637771902542e+00
9.200000000293376843e+02 3.072953979600776098e+00
9.205000000293697440e+02 3.191034405732477097e+00
9.210000000294018037e+02 2.841112434779427875e+00
9.215000000294338633e+02 3.005829741865993832e+00
9.220000000294659230e+02 2.918355679047620832e+00
9.225000000294978690e+02 2.957701177522954694e+00
9.230000000295299287e+02 3.024855929583143865e+00
9.235000000295619884e+02 2.990042128215130379e+00
9.240000000295940481e+02 2.735514977476117604e+00
9.245000000296259941e+02 3.095809455316548497e+00
9.250000000296580538e+02 3.231115775294310044e+00
9.255000000296901135e+02 2.697670497382400168e+00
9.260000000297221732e+02 2.795824863823418660e+00
9.265000000297541192e+02 2.836319304261444962e+00
9.270000000297861789e+02 2.884701326771278218e+00
9.275000000298182385e+02 2.955074398048306517e+00
9.280000000298502982e+02 2.945296266069560964e+00
9.285000000298822442e+02 2.810032410246297463e+00
9.290000000299143039e+02 2.848664353186665998e+00
9.295000000299463636e+02 2.892695107976912094e+00
9.300000000299784233e+02 3.159760618184829895e+00
9.305000000300104830e+02 3.161556934271206654e+00
9.310000000300424290e+02 2.997824267686328703e+00
9.315000000300744887e+02 2.777542713092406856e+00
9.320000000301065484e+02 2.984019602915709779e+00
9.325000000301386081e+02 3.216636617727067993e+00
9.330000000301705541e+02 2.924968883523490160e+00
9.335000000302026137e+02 2.976578760974990079e+00
9.340000000302346734e+02 2.903901547100218306e+00
9.345000000302667331e+02 2.921808502631968452e+00
9.350000000302986791e+02 3.123792903474704730e+00
9.355000000303307388e+02 2.926961437505525065e+00
9.360000000303627985e+02 2.980415614607268449e+00
9.365000000303948582e+02 2.926933607528479087e+00
9.370000000304268042e+02 2.923184218862473482e+00
9.375000000304588639e+02 2.982043915469480222e+00
9.380000000304909236e+02 2.963584695346636266e+00
9.385000000305229833e+02 2.894318001478302982e+00
9.390000000305549293e+02 3.299978462370201981e+00
9.395000000305869889e+02 2.912608242193440500e+00
9.400000000306190486e+02 3.031749418893088688e+00
9.405000000306511083e+02 2.965517202505975281e+00
9.410000000306831680e+02 2.947216141811594525e+00
9.415000000307151140e+02 3.011939986681696713e+00
9.420000000307471737e+02 3.052235322713132248e+00
9.425000000307792334e+02 3.026761662477217563e+00
9.430000000308112931e+02 2.862348224768838989e+00
9.435000000308432391e+02 2.987697644865447089e+00
9.440000000308752988e+02 3.076838437032062057e+00
9.445000000309073585e+02 3.018490809977961931e+00
9.450000000309394181e+02 2.980671177156084539e+00
9.455000000309713641e+02 2.973016432757641603e+00
9.460000000310034238e+02 2.988527787571962246e+00
9.465000000310354835e+02 3.328452247649448914e+00
9.470000000310675432e+02 3.220042618834845438e+00
9.475000000310994892e+02 2.960973707396155952e+00
9.480000000311315489e+02 2.709612422826364497e+00
9.485000000311636086e+02 2.935593354748519790e+00
9.490000000311956683e+02 2.977989005387190691e+00
9.495000000312277280e+02 3.039768780070684073e+00
9.500000000312596740e+02 2.993309481079488243e+00
9.505000000312917336e+02 2.949200192346983940e+00
9.510000000313237933e+02 3.168985248693129808e+00
9.515000000313558530e+02 2.955004235862382700e+00
9.520000000313877990e+02 2.988493374920331735e+00
9.525000000314198587e+02 2.759345580746093152e+00
9.530000000314519184e+02 2.954312891123174190e+00
9.535000000314839781e+02 2.874130806508325531e+00
9.540000000315159241e+02 2.946443246987304310e+00
9.545000000315479838e+02 2.867080725728124335e+00
9.550000000315800435e+02 2.965288825066473066e+00
9.555000000316121032e+02 3.015574659012434378e+00
9.560000000316440492e+02 2.897335181911626645e+00
9.565000000316761088e+02 3.052023387356810780e+00
9.570000000317081685e+02 2.949333649553643522e+00
9.575000000317402282e+02 2.921578019483372035e+00
9.580000000317722879e+02 3.064273667744211949e+00
9.585000000318042339e+02 2.728277408057908637e+00
9.590000000318362936e+02 2.778396627829463839e+00
9.595000000318683533e+02 3.126158994948882164e+00
9.600000000319004130e+02 2.767333173830833992e+00
9.605000000319323590e+02 2.777876299329846699e+00
9.610000000319644187e+02 3.014867022175994560e+00
9.615000000319964784e+02 3.008072309117911569e+00
9.620000000320285380e+02 2.979176102644474966e+00
9.625000000320604840e+02 2.968994282875182300e+00
9.630000000320925437e+02 3.162087613020927446e+00
9.635000000321246034e+02 2.996388439321400199e+00
9.640000000321566631e+02 2.975285366931291975e+00
9.645000000321886091e+02 2.971459423278622225e+00
9.650000000322206688e+02 3.014054008709122545e+00
9.655000000322527285e+02 2.753243828125051085e+00
9.660000000322847882e+02 3.198279881256217205e+00
9.665000000323168479e+02 3.118140503545564712e+00
9.670000000323487939e+02 2.982728724842460988e+00
9.675000000323808536e+02 2.844451731321441024e+00
9.680000000324129132e+02 2.969288726743902984e+00
9.685000000324449729e+02 2.890074102150784086e+00
9.690000000324769189e+02 2.806688757887049857e+00
9.695000000325089786e+02 3.151705146233168886e+00
9.700000000325410383e+02 2.860800068885784420e+00
9.705000000325730980e+02 3.028040898602480269e+00
9.710000000326050440e+02 3.064331204355758231e+00
9.715000000326371037e+02 3.048823009858580679e+00
9.720000000326691634e+02 3.001887833343547030e+00
9.725000000327012231e+02 3.075312307104906218e+00
9.730000000327331691e+02 3.166586806340919935e+00
9.735000000327652288e+02 2.807522310807287980e+00
9.740000000327972884e+02 2.795252244044442502e+00
9.745000000328293481e+02 3.273607817611407178e+00
9.750000000328614078e+02 3.129001612940867094e+00
9.755000000328933538e+02 2.810625743889881623e+00
9.760000000329254135e+02 3.014429498912702954e+00
9.765000000329574732e+02 2.754736545725231966e+00
9.770000000329895329e+02 2.663007031220352872e+00
9.775000000330214789e+02 2.897235072818983070e+00
9.780000000330535386e+02 2.844417305139809393e+00
9.785000000330855983e+02 2.802577854872720486e+00
9.790000000331176579e+02 2.943846288172784931e+00
9.795000000331496040e+02 3.083991871907100446e+00
9.800000000331816636e+02 3.018249547307921610e+00
9.805000000332137233e+02 2.896585160021288186e+00
9.810000000332457830e+02 3.034454674841950972e+00
9.815000000332777290e+02 3.002965624446059412e+00
9.820000000333097887e+02 3.081687844197715798e+00
9.825000000333418484e+02 2.762719066260571843e+00
9.830000000333739081e+02 3.279921252660843667e+00
9.835000000334058541e+02 2.708849906389999340e+00
9.840000000334379138e+02 2.878447926325035322e+00
9.845000000334699735e+02 3.197136020115091792e+00
9.850000000335020331e+02 3.061456276131657717e+00
9.855000000335340928e+02 3.057951905221501843e+00
9.860000000335660388e+02 2.749980736832312367e+00
9.865000000335980985e+02 2.970100730388239185e+00
9.870000000336301582e+02 2.918617736127070650e+00
9.875000000336622179e+02 2.778474044309378499e+00
9.880000000336941639e+02 2.662868216368082130e+00
9.885000000337262236e+02 3.274140062455880962e+00
9.890000000337582833e+02 2.887249768583330045e+00
9.895000000337903430e+02 3.087506139017266005e+00
9.900000000338222890e+02 2.889311651052995256e+00
9.905000000338543487e+02 2.869842909279082477e+00
9.910000000338864083e+02 2.901169154093956593e+00
9.915000000339184680e+02 3.020361204631189178e+00
9.920000000339504140e+02 2.860774084199243728e+00
9.925000000339824737e+02 2.863605336768065612e+00
9.930000000340145334e+02 2.643065839831011399e+00
9.935000000340465931e+02 2.975841458517935134e+00
9.940000000340786528e+02 2.897386335353835829e+00
9.945000000341105988e+02 2.854668963382611668e+00
9.950000000341426585e+02 3.060747793640331782e+00
9.955000000341747182e+02 3.160798460847662472e+00
9.960000000342067779e+02 3.039912969047344315e+00
9.965000000342387239e+02 3.095852295116269914e+00
9.970000000342707835e+02 2.734857763114137974e+00
9.975000000343028432e+02 2.977088027902592859e+00
9.980000000343349029e+02 3.183991457214911946e+00
9.985000000343668489e+02 3.000426787806110607e+00
9.990000000343989086e+02 2.921289299889476609e+00
9.995000000344309683e+02 3.111953854274823517e+00
1.000000000034463028e+03 3.076987758318381339e+00
