# Time (ps)	CV (angstrom)
9.999999999975766229e+01 -7.083442462626782232e-01
1.004999999997559001e+02 -8.823429086928492593e-01
1.009999999997541380e+02 -7.218218841225448879e-01
1.014999999997533990e+02 -7.655855914608463708e-01
1.019999999997629061e+02 -8.706328301835379868e-01
1.024999999997724132e+02 -9.605797078736354466e-01
1.029999999997819060e+02 -5.351772844415699781e-01
1.034999999997914131e+02 -7.859055810881562243e-01
1.039999999998009201e+02 -9.131499279956669657e-01
1.044999999998104272e+02 -9.899345151719514124e-01
1.049999999998199343e+02 -8.205060687120983021e-01
1.054999999998294413e+02 -8.697248411304088211e-01
1.059999999998389484e+02 -8.079587884982650792e-01
1.064999999998484554e+02 -8.812470909138213626e-01
1.069999999998579483e+02 -7.980570981164314404e-01
1.074999999998674554e+02 -8.539069091162813097e-01
1.079999999998769624e+02 -9.862623409312043510e-01
1.084999999998864695e+02 -6.849525468908146397e-01
1.089999999998959765e+02 -7.076635194670152229e-01
1.094999999999054836e+02 -6.371144688702424785e-01
1.099999999999149907e+02 -9.044588721815813859e-01
1.104999999999244977e+02 -7.155636190046575917e-01
1.109999999999339906e+02 -9.073515805018113056e-01
1.114999999999434976e+02 -8.654552781286229957e-01
1.119999999999530047e+02 -4.179688737957940603e-01
1.124999999999625118e+02 -8.257048525672792127e-01
1.129999999999720188e+02 -8.605432849273931817e-01
1.134999999999815259e+02 -9.094972753583454583e-01
1.139999999999910330e+02 -8.200175798830360296e-01
1.145000000000005400e+02 -7.541501651044958399e-01
1.150000000000100329e+02 -1.020451729482689585e+00
1.155000000000195399e+02 -7.473629010427418340e-01
1.160000000000290470e+02 -6.750630122544510892e-01
1.165000000000385540e+02 -8.089960428487533717e-01
1.170000000000480611e+02 -9.976626779418283908e-01
1.175000000000575682e+02 -7.242659214490337893e-01
1.180000000000670752e+02 -6.512661786317326396e-01
1.185000000000765823e+02 -5.609722138784605239e-01
1.190000000000860751e+02 -8.672430953865698511e-01
1.195000000000955822e+02 -7.685943115298676798e-01
1.200000000001050893e+02 -1.015056743940099038e+00
1.205000000001145963e+02 -9.244053316474371007e-01
1.210000000001241034e+02 -1.036807096106956871e+00
1.215000000001336105e+02 -6.130061011580921759e-01
1.220000000001431175e+02 -1.095158670479037255e+00
1.225000000001526246e+02 -5.727386556854094923e-01
1.230000000001621174e+02 -6.559464101232024280e-01
1.235000000001716245e+02 -9.771071310451078240e-01
1.240000000001811316e+02 -8.114637090165773836e-01
1.245000000001906386e+02 -8.748539036142300995e-01
1.250000000002001457e+02 -1.134587170426226033e+00
1.255000000002096527e+02 -9.418690263587324862e-01
1.260000000002191598e+02 -9.766025730277545502e-01
1.265000000002286527e+02 -5.827357605226219928e-01
1.270000000002381597e+02 -9.027101977424974999e-01
1.275000000002476668e+02 -1.001017019798604357e+00
1.280000000002571880e+02 -7.642509932297920638e-01
1.285000000002666809e+02 -9.234779110042173889e-01
1.290000000002761738e+02 -7.111370282920491670e-01
1.295000000002856950e+02 -8.822739821854934661e-01
1.300000000002951879e+02 -8.246417064398969821e-01
1.305000000003047091e+02 -6.848487961362982324e-01
1.310000000003142020e+02 -7.298011377707881442e-01
1.315000000003237233e+02 -6.747284539316584784e-01
1.320000000003332161e+02 -5.062841326389355689e-01
1.325000000003427090e+02 -8.598629771526101750e-01
1.330000000003522302e+02 -8.403430900459920583e-01
1.335000000003617231e+02 -7.435802851929838031e-01
1.340000000003712444e+02 -7.247487301056413367e-01
1.345000000003807372e+02 -9.025517687102676545e-01
1.350000000003902585e+02 -8.191325451914549527e-01
1.355000000003997513e+02 -7.981870527447366692e-01
1.360000000004092726e+02 -9.617161739528630182e-01
1.365000000004187655e+02 -7.713481628404778023e-01
1.370000000004282583e+02 -7.320900545282026384e-01
1.375000000004377796e+02 -5.077388615165099317e-01
1.380000000004472724e+02 -9.056083086668488269e-01
1.385000000004567937e+02 -5.094106644361275915e-01
1.390000000004662866e+02 -8.429779170943180189e-01
1.395000000004758078e+02 -6.373895617071336783e-01
1.400000000004853007e+02 -9.388589035436181174e-01
1.405000000004947935e+02 -7.950273875658688816e-01
1.410000000005043148e+02 -9.474951218859911650e-01
1.415000000005138077e+02 -8.314519915444658071e-01
1.420000000005233289e+02 -7.904878263211374545e-01
1.425000000005328218e+02 -5.953598482683524207e-01
1.430000000005423431e+02 -8.158642819184980244e-01
1.435000000005518359e+02 -6.782332769438639275e-01
1.440000000005613572e+02 -6.486315410655359992e-01
1.445000000005708500e+02 -6.655518162692116713e-01
1.450000000005803429e+02 -7.197067301902977388e-01
1.455000000005898642e+02 -7.593860733340270786e-01
1.460000000005993570e+02 -1.003196607488338277e+00
1.465000000006088783e+02 -8.129107214473448861e-01
1.470000000006183711e+02 -8.727796641426155411e-01
1.475000000006278924e+02 -1.031943788430707887e+00
1.480000000006373853e+02 -1.039190243296714167e+00
1.485000000006468781e+02 -6.881858179561323174e-01
1.490000000006563994e+02 -8.783586088641822665e-01
1.495000000006658922e+02 -6.103735018640963350e-01
1.500000000006754135e+02 -5.032729078699160752e-01
1.505000000006849064e+02 -7.236508116448592265e-01
1.510000000006944276e+02 -9.556261717702594360e-01
1.515000000007039205e+02 -1.011421284904147289e+00
1.520000000007134133e+02 -7.414437125978330378e-01
1.525000000007229346e+02 -9.288600920866405541e-01
1.530000000007324275e+02 -8.358274875880369326e-01
1.535000000007419487e+02 -9.705004090891918844e-01
1.540000000007514416e+02 -9.709091279403282426e-01
1.545000000007609628e+02 -1.036640208548023079e+00
1.550000000007704557e+02 -1.031813936454907044e+00
1.555000000007799770e+02 -8.398523688546681853e-01
1.560000000007894698e+02 -1.172623431878938360e+00
1.565000000007989627e+02 -9.299112712425984251e-01
1.570000000008084839e+02 -6.477489398931822739e-01
1.575000000008179768e+02 -8.859818829793475459e-01
1.580000000008274981e+02 -6.016302816459747627e-01
1.585000000008369909e+02 -5.852820442844193227e-01
1.590000000008465122e+02 -8.330146039372775535e-01
1.595000000008560050e+02 -8.279737576704142565e-01
1.600000000008654979e+02 -8.064667689443919540e-01
1.605000000008750192e+02 -5.276631260504136556e-01
1.610000000008845120e+02 -5.374111710982693024e-01
1.615000000008940333e+02 -9.714306989157650563e-01
1.620000000009035261e+02 -1.019787584775456946e+00
1.625000000009130474e+02 -1.044278980162766546e+00
1.630000000009225403e+02 -5.570911393992433736e-01
1.635000000009320615e+02 -7.903418374887758446e-01
1.640000000009415544e+02 -7.616292180831545355e-01
1.645000000009510472e+02 -1.025465830358825770e+00
1.650000000009605685e+02 -9.289226259926739449e-01
1.655000000009700614e+02 -7.999817583240694807e-01
1.660000000009795826e+02 -8.389273457509764942e-01
1.665000000009890755e+02 -1.105376440522826575e+00
1.670000000009985968e+02 -9.863294169106358034e-01
1.675000000010080896e+02 -1.149025454630709930e+00
1.680000000010175825e+02 -5.563885347080489430e-01
1.685000000010271037e+02 -5.162997755922702492e-01
1.690000000010365966e+02 -1.085734175910050281e+00
1.695000000010461179e+02 -7.194290303754413696e-01
1.700000000010556107e+02 -5.612811683959091358e-01
1.705000000010651320e+02 -5.475222466202983584e-01
1.710000000010746248e+02 -8.865735125534731642e-01
1.715000000010841177e+02 -8.948836136272614317e-01
1.720000000010936390e+02 -8.212950423888456530e-01
1.725000000011031318e+02 -7.538614885320794601e-01
1.730000000011126531e+02 -8.203732068980005288e-01
1.735000000011221459e+02 -7.564982976894439881e-01
1.740000000011316672e+02 -7.760484103056505267e-01
1.745000000011411601e+02 -6.653327381181612932e-01
1.750000000011506813e+02 -7.660829895826870573e-01
1.755000000011601742e+02 -8.274061970025688995e-01
1.760000000011696670e+02 -8.948594760473391752e-01
1.765000000011791883e+02 -6.686603921070102263e-01
1.770000000011886812e+02 -7.037730311807972594e-01
1.775000000011982024e+02 -7.476700190975948956e-01
1.780000000012076953e+02 -6.487647981717162837e-01
1.785000000012172165e+02 -5.751301675682632952e-01
1.790000000012267094e+02 -9.542561948324136401e-01
1.795000000012362023e+02 -4.249174857962400575e-01
1.800000000012457235e+02 -8.025699756394031326e-01
1.805000000012552164e+02 -1.213795894780392848e+00
1.810000000012647376e+02 -8.646457890510786948e-01
1.815000000012742305e+02 -7.074770043097138306e-01
1.820000000012837518e+02 -9.471020668302676526e-01
1.825000000012932446e+02 -8.326758747902937019e-01
1.830000000013027659e+02 -8.036558819634648243e-01
1.835000000013122587e+02 -7.694816875406957912e-01
1.840000000013217516e+02 -8.390324551879535520e-01
1.845000000013312729e+02 -7.529217174702852455e-01
1.850000000013407657e+02 -6.796382781174845622e-01
1.855000000013502870e+02 -6.572752572883631128e-01
1.860000000013597798e+02 -5.630975149117188883e-01
1.865000000013693011e+02 -6.055509523716309239e-01
1.870000000013787940e+02 -9.532191311531725830e-01
1.875000000013882868e+02 -7.555567320989138302e-01
1.880000000013978081e+02 -8.873830778497769911e-01
1.885000000014073009e+02 -7.845463476845130346e-01
1.890000000014168222e+02 -7.402305757917080342e-01
1.895000000014263151e+02 -6.857053484097193063e-01
1.900000000014358363e+02 -7.601944884791154156e-01
1.905000000014453292e+02 -7.693738237713940720e-01
1.910000000014548220e+02 -7.342528798679550661e-01
1.915000000014643433e+02 -9.555389023440880036e-01
1.920000000014738362e+02 -6.708363795877283486e-01
1.925000000014833574e+02 -4.697539308538317138e-01
1.930000000014928503e+02 -1.031854899199838638e+00
1.935000000015023716e+02 -6.510608745261805552e-01
1.940000000015118644e+02 -5.773815646385859202e-01
1.945000000015213857e+02 -6.189175808414801860e-01
1.950000000015308785e+02 -8.275743723719028999e-01
1.955000000015403714e+02 -8.983035094337508131e-01
1.960000000015498927e+02 -8.980764274149075632e-01
1.965000000015593855e+02 -7.697459988461371472e-01
1.970000000015689068e+02 -9.650721510017898908e-01
1.975000000015783996e+02 -8.348092358243436317e-01
1.980000000015879209e+02 -1.088890850042786740e+00
1.985000000015974138e+02 -8.953703499708133284e-01
1.990000000016069066e+02 -5.759412706474146271e-01
1.995000000016164279e+02 -1.183287150945051991e+00
2.000000000016259207e+02 -6.827692945296082172e-01
2.005000000016354420e+02 -8.947574343403726926e-01
2.010000000016449349e+02 -5.384270609464641977e-01
2.015000000016544561e+02 -8.390167214575537935e-01
2.020000000016639490e+02 -9.660982943397403711e-01
2.025000000016734703e+02 -7.858333840639620815e-01
2.030000000016789556e+02 -6.735405757451561337e-01
2.035000000016659385e+02 -5.642574911097152368e-01
2.040000000016529214e+02 -9.363910530505860086e-01
2.045000000016398758e+02 -9.503164615577310848e-01
2.050000000016268586e+02 -8.289318820345311645e-01
2.055000000016138415e+02 -8.853434781766525985e-01
2.060000000016008244e+02 -8.138626239703279364e-01
2.065000000015878072e+02 -1.067618937312751370e+00
2.070000000015747617e+02 -8.919296132278435874e-01
2.075000000015617445e+02 -1.079014946303051614e+00
2.080000000015487274e+02 -6.785684382268954984e-01
2.085000000015357102e+02 -7.640072624757137110e-01
2.090000000015226931e+02 -7.098639439559353281e-01
2.095000000015096475e+02 -8.300362559942627838e-01
2.100000000014966304e+02 -6.435277589913882546e-01
2.105000000014836132e+02 -9.704929601714284981e-01
2.110000000014705961e+02 -8.796243161310262071e-01
2.115000000014575789e+02 -7.336247659154080392e-01
2.120000000014445618e+02 -8.991201966294456449e-01
2.125000000014315162e+02 -9.204986552907589159e-01
2.130000000014184991e+02 -7.831908725050374942e-01
2.135000000014054820e+02 -6.159981109949478340e-01
2.140000000013924648e+02 -7.717550533166146476e-01
2.145000000013794477e+02 -9.068163808876317233e-01
2.150000000013664021e+02 -6.405287938042949492e-01
2.155000000013533850e+02 -1.185331263491770315e+00
2.160000000013403678e+02 -7.315055437872676203e-01
2.165000000013273507e+02 -6.477744644746012970e-01
2.170000000013143335e+02 -7.589992835843436536e-01
2.175000000013013164e+02 -1.036675067753073387e+00
2.180000000012882708e+02 -1.072521487192610312e+00
2.185000000012752537e+02 -5.997378188483274419e-01
2.190000000012622365e+02 -9.079856060028848042e-01
2.195000000012492194e+02 -8.881586554483527074e-01
2.200000000012362023e+02 -8.791275303349966874e-01
2.205000000012231567e+02 -6.999776173023488646e-01
2.210000000012101395e+02 -8.580535067262430315e-01
2.215000000011971224e+02 -5.705464676076614783e-01
2.220000000011841053e+02 -8.988999704247399025e-01
2.225000000011710881e+02 -9.694864320856853013e-01
2.230000000011580710e+02 -8.557806311678362032e-01
2.235000000011450254e+02 -8.952966437911230591e-01
2.240000000011320083e+02 -1.190476091374196077e+00
2.245000000011189911e+02 -8.471234719710932781e-01
2.250000000011059740e+02 -9.370581351592485175e-01
2.255000000010929568e+02 -8.172632766163467899e-01
2.260000000010799113e+02 -6.133159851986909050e-01
2.265000000010668941e+02 -7.768672294771864495e-01
2.270000000010538770e+02 -6.882849655201790373e-01
2.275000000010408598e+02 -7.849524230243809519e-01
2.280000000010278427e+02 -1.175576753403659414e+00
2.285000000010148256e+02 -7.869762704750208338e-01
2.290000000010017800e+02 -9.327064586044011563e-01
2.295000000009887628e+02 -9.819157498517724347e-01
2.300000000009757457e+02 -8.359069594408765624e-01
2.305000000009627286e+02 -1.011728124202347034e+00
2.310000000009497114e+02 -5.848571336731442916e-01
2.315000000009366659e+02 -7.916101086632565398e-01
2.320000000009236487e+02 -3.353913983184395597e-01
2.325000000009106316e+02 -8.429312228873827584e-01
2.330000000008976144e+02 -6.380041111492487094e-01
2.335000000008845973e+02 -7.078280053894429047e-01
2.340000000008715517e+02 -5.808107716253405606e-01
2.345000000008585346e+02 -8.216653491799161824e-01
2.350000000008455174e+02 -2.528085509822149413e-01
2.355000000008325003e+02 -7.584779076495651307e-01
2.360000000008194831e+02 -1.050862320209267731e+00
2.365000000008064660e+02 -5.860973275774755686e-01
2.370000000007934204e+02 -5.084162134857952431e-01
2.375000000007804033e+02 -6.157245449752254407e-01
2.380000000007673862e+02 -8.102577439896707645e-01
2.385000000007543690e+02 -1.196443930901659680e+00
2.390000000007413519e+02 -9.799078137780298237e-01
2.395000000007283063e+02 -6.082306193924645887e-01
2.400000000007152892e+02 -7.110808603350508017e-01
2.405000000007022720e+02 -9.426512125373222029e-01
2.410000000006892549e+02 -8.784084155947761152e-01
2.415000000006762377e+02 -6.877923542164163795e-01
2.420000000006632206e+02 -7.657677850914951234e-01
2.425000000006501750e+02 -9.140221332312196134e-01
2.430000000006371579e+02 -9.819462755646917174e-01
2.435000000006241407e+02 -5.006482389826322210e-01
2.440000000006111236e+02 -6.636167157281539497e-01
2.445000000005981065e+02 -5.874487362584174255e-01
2.450000000005850609e+02 -5.155497612770207905e-01
2.455000000005720437e+02 -1.073303679147576739e+00
2.460000000005590266e+02 -7.272211250101110469e-01
2.465000000005460095e+02 -7.209544025462830685e-01
2.470000000005329923e+02 -7.569550690505776336e-01
2.475000000005199752e+02 -5.874682051559729778e-01
2.480000000005069296e+02 -1.051041703125747961e+00
2.485000000004939125e+02 -8.319191749575530759e-01
2.490000000004808953e+02 -1.028158164919369177e+00
2.495000000004678782e+02 -6.965983246858028499e-01
2.500000000004548610e+02 -9.325217972327990434e-01
2.505000000004418155e+02 -8.944563897899541205e-01
2.510000000004287983e+02 -7.759303119302086715e-01
2.515000000004157812e+02 -9.225066085703788055e-01
2.520000000004027640e+02 -9.691926628281691825e-01
2.525000000003897469e+02 -1.096251229145633888e+00
2.530000000003767013e+02 -8.892267894830914177e-01
2.535000000003636842e+02 -7.533656580805615510e-01
2.540000000003506671e+02 -6.745701760790450141e-01
2.545000000003376499e+02 -8.631401351525698207e-01
2.550000000003246328e+02 -9.472870731509911435e-01
2.555000000003116156e+02 -7.491203071242813483e-01
2.560000000002985985e+02 -9.490018125742234467e-01
2.565000000002855813e+02 -6.727055947476212605e-01
2.570000000002725642e+02 -6.659179373880566022e-01
2.575000000002594902e+02 -6.962286648123625632e-01
2.580000000002464731e+02 -1.023277849656296423e+00
2.585000000002334559e+02 -6.189795220630994743e-01
2.590000000002204388e+02 -9.623378289602996238e-01
2.595000000002074216e+02 -5.784371595613090333e-01
2.600000000001944045e+02 -8.555218374784946400e-01
2.605000000001813873e+02 -7.878313922917569156e-01
2.610000000001683702e+02 -7.969826476580609276e-01
2.615000000001553531e+02 -9.334553034434514007e-01
2.620000000001423359e+02 -9.987187935573900166e-01
2.625000000001292619e+02 -1.203488910480884133e+00
2.630000000001162448e+02 -8.673797923830852685e-01
2.635000000001032276e+02 -9.597605865245963930e-01
2.640000000000902105e+02 -5.926909631033946413e-01
2.645000000000771934e+02 -7.055454248777032200e-01
2.650000000000641762e+02 -8.649185383684903083e-01
2.655000000000511591e+02 -9.550292515373675073e-01
2.660000000000381419e+02 -7.121270036751106147e-01
2.665000000000251248e+02 -9.952956893350559664e-01
2.670000000000121076e+02 -1.169475330058921569e+00
2.674999999999990905e+02 -8.447230841897931386e-01
2.679999999999860165e+02 -6.578614598490343246e-01
2.684999999999729994e+02 -1.032166885335727757e+00
2.689999999999599822e+02 -6.309685756047835881e-01
2.694999999999469651e+02 -8.348868543430573164e-01
2.699999999999339479e+02 -7.966412972891246946e-01
2.704999999999209308e+02 -8.260620776020993761e-01
2.709999999999079137e+02 -7.768722261084256564e-01
2.714999999998948965e+02 -8.925073898388122817e-01
2.719999999998818794e+02 -6.803934547518190046e-01
2.724999999998688622e+02 -1.072528681104607751e+00
2.729999999998558451e+02 -1.129180980022889136e+00
2.734999999998427711e+02 -1.026892473662139871e+00
2.739999999998297540e+02 -1.041290892305996696e+00
2.744999999998167368e+02 -7.775625368118985747e-01
2.749999999998037197e+02 -5.266491240508676119e-01
2.754999999997907025e+02 -9.061328158117970544e-01
2.759999999997776854e+02 -7.613350630126587415e-01
2.764999999997646682e+02 -8.132588900021480161e-01
2.769999999997516511e+02 -8.232681418456976319e-01
2.774999999997386340e+02 -8.349852967658011327e-01
2.779999999997256168e+02 -1.151368529253187001e+00
2.784999999997125997e+02 -9.015499584796544674e-01
2.789999999996995257e+02 -7.809803726584059191e-01
2.794999999996865085e+02 -9.151116379500138232e-01
2.799999999996734914e+02 -7.815635197040766702e-01
2.804999999996604743e+02 -7.390385307166013051e-01
2.809999999996474571e+02 -8.431299339823458139e-01
2.814999999996344400e+02 -5.882666461271275349e-01
2.819999999996214228e+02 -6.795927279715164859e-01
2.824999999996084057e+02 -6.745684717893722926e-01
2.829999999995953885e+02 -1.192218991406715833e+00
2.834999999995823714e+02 -1.024937830802837180e+00
2.839999999995693543e+02 -9.912060995877974845e-01
2.844999999995562803e+02 -1.133073983246441374e+00
2.849999999995432631e+02 -5.146067430295955258e-01
2.854999999995302460e+02 -1.080301063079490920e+00
2.859999999995172288e+02 -8.549541567688169197e-01
2.864999999995042117e+02 -9.373932097756485504e-01
2.869999999994911946e+02 -7.854555891620086383e-01
2.874999999994781774e+02 -6.162308249188833686e-01
2.879999999994651603e+02 -8.087443062174233255e-01
2.884999999994521431e+02 -9.938130366160176088e-01
2.889999999994391260e+02 -7.191785628576320422e-01
2.894999999994261088e+02 -6.447041961386688058e-01
2.899999999994130349e+02 -7.708280841384870241e-01
2.904999999994000177e+02 -5.488628913467838988e-01
2.909999999993870006e+02 -9.691907491651829964e-01
2.914999999993739834e+02 -9.449524988945922077e-01
2.919999999993609663e+02 -8.534801300265216772e-01
2.924999999993479491e+02 -4.541185059666456580e-01
2.929999999993349320e+02 -9.303145861549466655e-01
2.934999999993219149e+02 -7.099223148581537135e-01
2.939999999993088977e+02 -7.951211974372940361e-01
2.944999999992958806e+02 -8.712103273357653110e-01
2.949999999992828634e+02 -5.786289376929785178e-01
2.954999999992697894e+02 -7.507867226906967950e-01
2.959999999992567723e+02 -8.240901270326972394e-01
2.964999999992437552e+02 -1.078790140581263435e+00
2.969999999992307380e+02 -9.462100318295149082e-01
2.974999999992177209e+02 -9.226198108747754034e-01
2.979999999992047037e+02 -9.089311472624326260e-01
2.984999999991916866e+02 -7.502825781581493603e-01
2.989999999991786694e+02 -9.204559783897739988e-01
2.994999999991656523e+02 -8.679951294165033637e-01
2.999999999991526352e+02 -8.288371991548215689e-01
3.004999999991396180e+02 -6.442607035451222153e-01
3.009999999991265440e+02 -9.328711548378805229e-01
3.014999999991135269e+02 -5.401470685079239331e-01
3.019999999991005097e+02 -1.005566089364916982e+00
3.024999999990874926e+02 -1.151707102421306805e+00
3.029999999990744755e+02 -9.437530993124313428e-01
3.034999999990614583e+02 -4.793722596625457077e-01
3.039999999990484412e+02 -6.181001308102406222e-01
3.044999999990354240e+02 -7.154476070959656653e-01
3.049999999990224069e+02 -6.374391416144892242e-01
3.054999999990093897e+02 -1.079075996049535524e+00
3.059999999989963158e+02 -7.056843202383792368e-01
3.064999999989832986e+02 -8.719527363267325359e-01
3.069999999989702815e+02 -7.800501421574629335e-01
3.074999999989572643e+02 -8.906471810131422195e-01
3.079999999989442472e+02 -1.003657075408381560e+00
3.084999999989312300e+02 -1.066013251457023525e+00
3.089999999989182129e+02 -6.745795835177649247e-01
3.094999999989051958e+02 -9.083635136054246662e-01
3.099999999988921786e+02 -7.794326702142442276e-01
3.104999999988791615e+02 -8.601762579442412404e-01
3.109999999988661443e+02 -9.553691630632267229e-01
3.114999999988530703e+02 -8.927414110762741384e-01
3.119999999988400532e+02 -7.180636305440867284e-01
3.124999999988270361e+02 -6.971663226028680382e-01
3.129999999988140189e+02 -9.482745335874517290e-01
3.134999999988010018e+02 -6.746469880016698895e-01
3.139999999987879846e+02 -6.735790513044668248e-01
3.144999999987749675e+02 -1.043066234292368666e+00
3.149999999987619503e+02 -9.392428417212428382e-01
3.154999999987489332e+02 -1.069023185527641751e+00
3.159999999987359161e+02 -5.905516766512890481e-01
3.164999999987228989e+02 -6.063842329358969385e-01
3.169999999987098249e+02 -8.593204418735141958e-01
3.174999999986968078e+02 -8.180475577732885251e-01
3.179999999986837906e+02 -4.947331432158148523e-01
3.184999999986707735e+02 -6.716730252932314738e-01
3.189999999986577564e+02 -1.079427094044023816e+00
3.194999999986447392e+02 -7.621321524707681538e-01
3.199999999986317221e+02 -5.099582124218029477e-01
3.204999999986187049e+02 -8.667877432921327063e-01
3.209999999986056878e+02 -9.350887417088505904e-01
3.214999999985926706e+02 -1.034108405445629542e+00
3.219999999985796535e+02 -6.659447672282363673e-01
3.224999999985665795e+02 -7.612052070862433961e-01
3.229999999985535624e+02 -1.091507833584453246e+00
3.234999999985405452e+02 -8.349220312080216644e-01
3.239999999985275281e+02 -6.666492804658173954e-01
3.244999999985145109e+02 -6.904633690737804752e-01
3.249999999985014938e+02 -6.279262970480465889e-01
3.254999999984884766e+02 -6.510419418170650951e-01
3.259999999984754595e+02 -7.712663783550962604e-01
3.264999999984624424e+02 -8.174642939901559657e-01
3.269999999984494252e+02 -8.227684193799492673e-01
3.274999999984364081e+02 -9.242950247587036205e-01
3.279999999984233341e+02 -5.741046851424976838e-01
3.284999999984103169e+02 -7.792126645902950344e-01
3.289999999983972998e+02 -8.188779001844053163e-01
3.294999999983842827e+02 -6.439148031236956449e-01
3.299999999983712655e+02 -6.388214551943900421e-01
3.304999999983582484e+02 -8.956236005675816125e-01
3.309999999983452312e+02 -8.456030362020352520e-01
3.314999999983322141e+02 -8.789687487855423198e-01
3.319999999983191969e+02 -3.853082094683299985e-01
3.324999999983061798e+02 -3.432458870828403730e-01
3.329999999982931627e+02 -1.043975394288130243e+00
3.334999999982800887e+02 -9.097667236476660868e-01
3.339999999982670715e+02 -6.610245911183620926e-01
3.344999999982540544e+02 -7.090807209220121310e-01
3.349999999982410372e+02 -7.322071782151661212e-01
3.354999999982280201e+02 -6.326646466045841022e-01
3.359999999982150030e+02 -7.413633904180231271e-01
3.364999999982019858e+02 -1.156959373406475589e+00
3.369999999981889687e+02 -6.715571231242685180e-01
3.374999999981759515e+02 -1.241960006965127761e+00
3.379999999981629344e+02 -5.603585102808754659e-01
3.384999999981499172e+02 -6.770726533024647997e-01
3.389999999981368433e+02 -5.864013515707213742e-01
3.394999999981238261e+02 -6.339483258735407745e-01
3.399999999981108090e+02 -9.490134294291571182e-01
3.404999999980977918e+02 -5.728286126844401860e-01
3.409999999980847747e+02 -4.543827394043665757e-01
3.414999999980717575e+02 -8.495824129285001192e-01
3.419999999980587404e+02 -1.059087753714575086e+00
3.424999999980457233e+02 -6.558907680382581873e-01
3.429999999980327061e+02 -7.976337369824261225e-01
3.434999999980196890e+02 -6.719843889167881335e-01
3.439999999980066718e+02 -6.053796233727226639e-01
3.444999999979935978e+02 -8.772654854823211945e-01
3.449999999979805807e+02 -1.044910394216425065e+00
3.454999999979675636e+02 -6.872337637448558967e-01
3.459999999979545464e+02 -9.392774908321566141e-01
3.464999999979415293e+02 -5.546839997978370018e-01
3.469999999979285121e+02 -8.930085694103298000e-01
3.474999999979154950e+02 -9.785558978195099122e-01
3.479999999979024778e+02 -9.459231511801748926e-01
3.484999999978894607e+02 -6.340647722607561931e-01
3.489999999978764436e+02 -1.033043470976932943e+00
3.494999999978633696e+02 -8.950876265770839613e-01
3.499999999978503524e+02 -7.301688055727573179e-01
3.504999999978373353e+02 -9.583111158071062619e-01
3.509999999978243181e+02 -6.197218592047560870e-01
3.514999999978113010e+02 -7.462920121716255517e-01
3.519999999977982839e+02 -6.807572959146742653e-01
3.524999999977852667e+02 -8.643521746727559352e-01
3.529999999977722496e+02 -8.028984336745157435e-01
3.534999999977592324e+02 -9.759983562554753744e-01
3.539999999977462153e+02 -8.207107435615258462e-01
3.544999999977331981e+02 -1.052941056471562664e+00
3.549999999977201242e+02 -1.122626879571165803e+00
3.554999999977071070e+02 -6.306823825741376677e-01
3.559999999976940899e+02 -9.783890593034609839e-01
3.564999999976810727e+02 -1.024865594000574198e+00
3.569999999976680556e+02 -8.205145860587979012e-01
3.574999999976550384e+02 -6.075285916801705932e-01
3.579999999976420213e+02 -6.844885408379743907e-01
3.584999999976290042e+02 -5.947201201404211934e-01
3.589999999976159870e+02 -8.937906097254058047e-01
3.594999999976029699e+02 -9.375420304777680736e-01
3.599999999975899527e+02 -9.112459738378795304e-01
3.604999999975768787e+02 -9.276305454940686479e-01
3.609999999975638616e+02 -7.316239945974770675e-01
3.614999999975508445e+02 -9.736177439447081250e-01
3.619999999975378273e+02 -8.611056164445883843e-01
3.624999999975248102e+02 -9.236019181534871336e-01
3.629999999975117930e+02 -8.018563809932816033e-01
3.634999999974987759e+02 -1.076642552856932333e+00
3.639999999974857587e+02 -1.386014019931673280e+00
3.644999999974727416e+02 -8.656193825285150023e-01
3.649999999974597245e+02 -8.628863268843317558e-01
3.654999999974467073e+02 -1.320318440735993137e+00
3.659999999974336333e+02 -7.863782020543451656e-01
3.664999999974206162e+02 -9.398611292807873552e-01
3.669999999974075990e+02 -8.902149512235560946e-01
3.674999999973945819e+02 -7.525887328487639305e-01
3.679999999973815648e+02 -6.998675737866653090e-01
3.684999999973685476e+02 -7.520648528254860743e-01
3.689999999973555305e+02 -8.920581169970651647e-01
3.694999999973425133e+02 -8.374837597185502691e-01
3.699999999973294962e+02 -6.872494358879193133e-01
3.704999999973164790e+02 -8.396098347761498104e-01
3.709999999973034619e+02 -1.155632232983077712e+00
3.714999999972903879e+02 -9.146902470438358357e-01
3.719999999972773708e+02 -1.219063518138078450e+00
3.724999999972643536e+02 -1.056824250517166108e+00
3.729999999972513365e+02 -7.448901428380910739e-01
3.734999999972383193e+02 -8.855068366638829680e-01
3.739999999972253022e+02 -4.934069448314212236e-01
3.744999999972122851e+02 -9.193526911657080580e-01
3.749999999971992679e+02 -1.055658780712312339e+00
3.754999999971862508e+02 -9.175999660671388947e-01
3.759999999971732336e+02 -8.261991163065203203e-01
3.764999999971602165e+02 -7.087203131794845845e-01
3.769999999971471425e+02 -1.042150353499030402e+00
3.774999999971341254e+02 -5.153241423804703070e-01
3.779999999971211082e+02 -9.513241109990466793e-01
3.784999999971080911e+02 -5.973862008986017269e-01
3.789999999970950739e+02 -7.371695926441814706e-01
3.794999999970820568e+02 -9.445164282585275517e-01
3.799999999970690396e+02 -6.635122910486874748e-01
3.804999999970560225e+02 -1.051589077467719235e+00
3.809999999970430054e+02 -7.963901781173715611e-01
3.814999999970299882e+02 -5.737932964374513611e-01
3.819999999970169711e+02 -5.282568443761689325e-01
3.824999999970038971e+02 -1.197972851310621811e+00
3.829999999969908799e+02 -6.230574870143984478e-01
3.834999999969778628e+02 -8.041013275965737117e-01
3.839999999969648456e+02 -3.984998145758976706e-01
3.844999999969518285e+02 -8.851464216014343078e-01
3.849999999969388114e+02 -9.875130596044169318e-01
3.854999999969257942e+02 -5.959905161282293973e-01
3.859999999969127771e+02 -1.047565330525545235e+00
3.864999999968997599e+02 -4.363370365110642024e-01
3.869999999968867428e+02 -8.853838662290823835e-01
3.874999999968737256e+02 -7.688047224106362432e-01
3.879999999968606517e+02 -9.557541614029348986e-01
3.884999999968476345e+02 -8.592045783841806283e-01
3.889999999968346174e+02 -7.027965396665141196e-01
3.894999999968216002e+02 -7.984106719684138653e-01
3.899999999968085831e+02 -6.336834216867328617e-01
3.904999999967955659e+02 -8.998699307555243498e-01
3.909999999967825488e+02 -6.560535692273016251e-01
3.914999999967695317e+02 -7.288856089250156378e-01
3.919999999967565145e+02 -8.296699244064157375e-01
3.924999999967434974e+02 -6.163845535021013067e-01
3.929999999967304234e+02 -9.462194419718994443e-01
3.934999999967174062e+02 -1.017624777765028465e+00
3.939999999967043891e+02 -7.964772347351486426e-01
3.944999999966913720e+02 -5.318736832277242144e-01
3.949999999966783548e+02 -6.145844367433169753e-01
3.954999999966653377e+02 -5.030284305881606022e-01
3.959999999966523205e+02 -6.708925739484778994e-01
3.964999999966393034e+02 -9.893371029563142738e-01
3.969999999966262862e+02 -8.252885457757843657e-01
3.974999999966132691e+02 -4.358019232133769627e-01
3.979999999966002520e+02 -6.140533177830760359e-01
3.984999999965871780e+02 -7.847776055847714982e-01
3.989999999965741608e+02 -8.479340192686459776e-01
3.994999999965611437e+02 -8.996123340194139839e-01
3.999999999965481265e+02 -8.433414934203485869e-01
4.004999999965351094e+02 -7.502092060327678613e-01
4.009999999965220923e+02 -7.460145495454771902e-01
4.014999999965090751e+02 -6.677812097469987274e-01
4.019999999964960580e+02 -7.613952412608342435e-01
4.024999999964830408e+02 -8.602336348610133410e-01
4.029999999964700237e+02 -5.559237419419948978e-01
4.034999999964570065e+02 -7.686502709813490819e-01
4.039999999964439326e+02 -8.250408901850219134e-01
4.044999999964309154e+02 -1.009935781039698499e+00
4.049999999964178983e+02 -9.381390099983215602e-01
4.054999999964048811e+02 -8.198467386506607113e-01
4.059999999964079507e+02 -7.990543830540742798e-01
4.064999999964400104e+02 -8.677772577041665825e-01
4.069999999964720132e+02 -1.024003609341967547e+00
4.074999999965040729e+02 -1.028421832323537677e+00
4.079999999965360757e+02 -9.259721162358977020e-01
4.084999999965681354e+02 -8.843042709425364967e-01
4.089999999966001383e+02 -8.857958214922951878e-01
4.094999999966321980e+02 -8.810448097767300535e-01
4.099999999966642008e+02 -5.320200773785074277e-01
4.104999999966962605e+02 -1.041629233296058388e+00
4.109999999967282633e+02 -8.991489569356755363e-01
4.114999999967603230e+02 -7.170532071458685097e-01
4.119999999967923259e+02 -5.752591190573724811e-01
4.124999999968243856e+02 -5.276432548254008648e-01
4.129999999968563884e+02 -6.821396061372535513e-01
4.134999999968884481e+02 -6.822761888794524054e-01
4.139999999969205078e+02 -6.867313892542213916e-01
4.144999999969525106e+02 -1.049210855307177948e+00
4.149999999969845703e+02 -9.225346777503717899e-01
4.154999999970165732e+02 -8.214778296445086614e-01
4.159999999970486328e+02 -5.914319908331211462e-01
4.164999999970806357e+02 -8.547642199096822102e-01
4.169999999971126954e+02 -7.475959410797456961e-01
4.174999999971446982e+02 -7.791912718559586004e-01
4.179999999971767579e+02 -9.130980237900760965e-01
4.184999999972087608e+02 -7.577382389333772172e-01
4.189999999972408204e+02 -6.789776046856643710e-01
4.194999999972728233e+02 -1.087015892550751817e+00
4.199999999973048830e+02 -6.210861299612576714e-01
4.204999999973368858e+02 -8.021046947549805850e-01
4.209999999973689455e+02 -1.037107296669704137e+00
4.214999999974009484e+02 -8.071865820252629442e-01
4.219999999974330080e+02 -7.743494605535130582e-01
4.224999999974650109e+02 -6.307405340609204547e-01
4.229999999974970706e+02 -4.475803374736853635e-01
4.234999999975291303e+02 -9.107412704963921968e-01
4.239999999975611331e+02 -8.071960228294629003e-01
4.244999999975931928e+02 -6.217360195774171983e-01
4.249999999976251956e+02 -9.346158224586537111e-01
4.254999999976572553e+02 -7.828562294117286102e-01
4.259999999976892582e+02 -9.414895583571063487e-01
4.264999999977213179e+02 -1.070157360767236776e+00
4.269999999977533207e+02 -1.067803564724342236e+00
4.274999999977853804e+02 -1.008373882634491014e+00
4.279999999978173832e+02 -1.047019044981399638e+00
4.284999999978494429e+02 -5.562887245444207984e-01
4.289999999978814458e+02 -6.722110507428228354e-01
4.294999999979135055e+02 -8.222826016662545534e-01
4.299999999979455083e+02 -7.834540663973866836e-01
4.304999999979775680e+02 -7.544284228460307329e-01
4.309999999980095708e+02 -7.975037609527557692e-01
4.314999999980416305e+02 -5.508039280007729355e-01
4.319999999980736902e+02 -8.518867261139659863e-01
4.324999999981056931e+02 -9.174663048566773504e-01
4.329999999981377528e+02 -6.518099488116025908e-01
4.334999999981697556e+02 -6.312090725315395723e-01
4.339999999982018153e+02 -7.481195760973137210e-01
4.344999999982338181e+02 -7.213320492845098908e-01
4.349999999982658778e+02 -6.963907499550805458e-01
4.354999999982978807e+02 -7.634103754725748425e-01
4.359999999983299404e+02 -5.461481740696174647e-01
4.364999999983619432e+02 -5.501462757336080811e-01
4.369999999983940029e+02 -1.042794381981166696e+00
4.374999999984260057e+02 -7.859258290164928829e-01
4.379999999984580654e+02 -9.762717141220865757e-01
4.384999999984900683e+02 -6.712923413100845282e-01
4.389999999985221280e+02 -8.966895636141342107e-01
4.394999999985541308e+02 -9.080233220282135642e-01
4.399999999985861905e+02 -7.171603753740688481e-01
4.404999999986182502e+02 -6.552918894109404091e-01
4.409999999986502530e+02 -9.987998470443373300e-01
4.414999999986823127e+02 -7.880800808678645186e-01
4.419999999987143156e+02 -6.913579908980367339e-01
4.424999999987463752e+02 -1.056194633836529340e+00
4.429999999987783781e+02 -7.439191082352224482e-01
4.434999999988104378e+02 -6.436983903495420156e-01
4.439999999988424406e+02 -7.802820728544538342e-01
4.444999999988745003e+02 -9.790140206375850251e-01
4.449999999989065032e+02 -7.468413617031914864e-01
4.454999999989385628e+02 -5.879911989869813782e-01
4.459999999989705657e+02 -9.214758650492701486e-01
4.464999999990026254e+02 -6.490942372270743776e-01
4.469999999990346282e+02 -8.864500254769264176e-01
4.474999999990666879e+02 -8.715923469770426868e-01
4.479999999990986908e+02 -8.192881365491342383e-01
4.484999999991307504e+02 -7.609719114981099430e-01
4.489999999991627533e+02 -1.059499771555923120e+00
4.494999999991948130e+02 -8.681914777380619341e-01
4.499999999992268727e+02 -7.390725066541736776e-01
4.504999999992588755e+02 -6.379412221633106173e-01
4.509999999992909352e+02 -6.017906740033029944e-01
4.514999999993229380e+02 -9.522358618067409131e-01
4.519999999993549977e+02 -1.132726230522194122e+00
4.524999999993870006e+02 -9.877140406806476092e-01
4.529999999994190603e+02 -8.594924079099558467e-01
4.534999999994510631e+02 -1.127369756140539803e+00
4.539999999994831228e+02 -8.360749256969748355e-01
4.544999999995151256e+02 -9.442936800448968881e-01
4.549999999995471853e+02 -9.225885662373046747e-01
4.554999999995791882e+02 -9.465885757763781161e-01
4.559999999996112479e+02 -9.105064532710858138e-01
4.564999999996432507e+02 -1.093124403687992574e+00
4.569999999996753104e+02 -8.926507169889114079e-01
4.574999999997073132e+02 -1.053044614336340112e+00
4.579999999997393729e+02 -7.704159929232814452e-01
4.584999999997714326e+02 -9.012592768517373454e-01
4.589999999998034355e+02 -8.290281924049006657e-01
4.594999999998354951e+02 -8.944255324389270845e-01
4.599999999998674980e+02 -9.399662748141878188e-01
4.604999999998995577e+02 -9.626627218645293915e-01
4.609999999999315605e+02 -1.037833965223132093e+00
4.614999999999636202e+02 -8.145182387686925596e-01
4.619999999999956231e+02 -8.506507605398382355e-01
4.625000000000276827e+02 -9.393481278486949249e-01
4.630000000000596856e+02 -1.038254707077727934e+00
4.635000000000917453e+02 -4.917553882453676861e-01
4.640000000001237481e+02 -8.871880103183710231e-01
4.645000000001558078e+02 -9.492580054493447994e-01
4.650000000001878107e+02 -1.009330915091075420e+00
4.655000000002198703e+02 -9.962467236954863914e-01
4.660000000002518732e+02 -1.095501454606857106e+00
4.665000000002839329e+02 -6.199392268264922734e-01
4.670000000003159357e+02 -6.931257982195822009e-01
4.675000000003479954e+02 -1.021911106164477001e+00
4.680000000003800551e+02 -7.229441213474214756e-01
4.685000000004120579e+02 -5.870563342381928118e-01
4.690000000004441176e+02 -9.807424443114917123e-01
4.695000000004761205e+02 -6.216786902597464248e-01
4.700000000005081802e+02 -9.227599198892797450e-01
4.705000000005401830e+02 -8.661459905628411393e-01
4.710000000005722427e+02 -8.328116385238972796e-01
4.715000000006042455e+02 -8.331789731956168454e-01
4.720000000006363052e+02 -1.006706605020472045e+00
4.725000000006683081e+02 -8.975782231707374326e-01
4.730000000007003678e+02 -8.471946323454322414e-01
4.735000000007323706e+02 -1.013833595154708389e+00
4.740000000007644303e+02 -1.128358166570816445e+00
4.745000000007964331e+02 -6.312382488855351470e-01
4.750000000008284928e+02 -7.729711754764367893e-01
4.755000000008604957e+02 -1.049527724089355907e+00
4.760000000008925554e+02 -4.839534964965247488e-01
4.765000000009246151e+02 -1.042167465324968401e+00
4.770000000009566179e+02 -6.375388602875159405e-01
4.775000000009886776e+02 -7.728963468740188691e-01
4.780000000010206804e+02 -9.809344261303177825e-01
4.785000000010527401e+02 -9.333882247475782101e-01
4.790000000010847430e+02 -9.117603375850387160e-01
4.795000000011168027e+02 -7.982162407082760147e-01
4.800000000011488055e+02 -1.271634452918471991e+00
4.805000000011808652e+02 -1.091337917176371741e+00
4.810000000012128680e+02 -9.430017620134232281e-01
4.815000000012449277e+02 -1.101037663493405372e+00
4.820000000012769306e+02 -9.441599254810211228e-01
4.825000000013089902e+02 -8.450620208766419506e-01
4.830000000013409931e+02 -8.116203166930897606e-01
4.835000000013730528e+02 -8.636000388114321025e-01
4.840000000014050556e+02 -7.642162025209062737e-01
4.845000000014371153e+02 -5.579413803837022234e-01
4.850000000014691750e+02 -8.669437466132952075e-01
4.855000000015011778e+02 -9.233103344580319005e-01
4.860000000015332375e+02 -8.481694386094293936e-01
4.865000000015652404e+02 -9.540741114537601986e-01
4.870000000015973001e+02 -9.433805578646199397e-01
4.875000000016293029e+02 -8.673303347050581591e-01
4.880000000016613626e+02 -8.864993478114961967e-01
4.885000000016933654e+02 -8.459578465647639156e-01
4.890000000017254251e+02 -8.745495791013728759e-01
4.895000000017574280e+02 -6.200985182795553108e-01
4.900000000017894877e+02 -9.552034480458301280e-01
4.905000000018214905e+02 -6.837370683161408946e-01
4.910000000018535502e+02 -6.667883313595139860e-01
4.915000000018855530e+02 -5.970903218766646647e-01
4.920000000019176127e+02 -1.104548152787926174e+00
4.925000000019496156e+02 -7.968196843232706605e-01
4.930000000019816753e+02 -8.553995235776112871e-01
4.935000000020136781e+02 -9.659710037561791696e-01
4.940000000020457378e+02 -8.033337921723169295e-01
4.945000000020777975e+02 -8.681329359361673603e-01
4.950000000021098003e+02 -7.226551521870848704e-01
4.955000000021418600e+02 -9.516722720232294597e-01
4.960000000021738629e+02 -5.806107277301479908e-01
4.965000000022059226e+02 -8.445044232348293267e-01
4.970000000022379254e+02 -6.260092709617728346e-01
4.975000000022699851e+02 -1.115765379257767309e+00
4.980000000023019879e+02 -6.742948311491284707e-01
4.985000000023340476e+02 -6.981823850257177222e-01
4.990000000023660505e+02 -6.670861138017191161e-01
4.995000000023981102e+02 -6.703476989271219821e-01
5.000000000024301130e+02 -6.282514159171843637e-01
5.005000000024621727e+02 -1.070179780383363033e+00
5.010000000024941755e+02 -5.709265567890690063e-01
5.015000000025262352e+02 -9.143717512421359883e-01
5.020000000025582381e+02 -7.672618978984924176e-01
5.025000000025902978e+02 -5.460417880823804637e-01
5.030000000026223574e+02 -1.046347382633197487e+00
5.035000000026543603e+02 -8.592710974176487326e-01
5.040000000026864200e+02 -1.010321285498788635e+00
5.045000000027184228e+02 -6.764686753154656174e-01
5.050000000027504825e+02 -7.110769689983674757e-01
5.055000000027824854e+02 -8.997062867830715183e-01
5.060000000028145450e+02 -7.179148284538510172e-01
5.065000000028465479e+02 -6.310748928342346797e-01
5.070000000028786076e+02 -7.070355171876940847e-01
5.075000000029106104e+02 -9.235889385184576916e-01
5.080000000029426701e+02 -1.280409324320535003e+00
5.085000000029746730e+02 -6.873436394881559108e-01
5.090000000030067326e+02 -9.335600556502333669e-01
5.095000000030387355e+02 -8.160337837298683450e-01
5.100000000030707952e+02 -9.617066925365805874e-01
5.105000000031027980e+02 -8.918028177006394053e-01
5.110000000031348577e+02 -7.681366784810067516e-01
5.115000000031668606e+02 -8.841859178300206512e-01
5.120000000031989202e+02 -8.541218333025887288e-01
5.125000000032309799e+02 -7.038926673192493766e-01
5.130000000032630396e+02 -7.722585286128523796e-01
5.135000000032949856e+02 -6.239948785647735363e-01
5.140000000033270453e+02 -7.613435776649455367e-01
5.145000000033591050e+02 -8.249770432878230642e-01
5.150000000033911647e+02 -7.524259643492303695e-01
5.155000000034231107e+02 -1.118878749127322658e+00
5.160000000034551704e+02 -1.147385797938380581e+00
5.165000000034872301e+02 -7.904036597765157213e-01
5.170000000035192897e+02 -9.601506080693101852e-01
5.175000000035512357e+02 -9.821664010128364763e-01
5.180000000035832954e+02 -9.434354025158006030e-01
5.185000000036153551e+02 -8.779053310418082345e-01
5.190000000036474148e+02 -9.361733634300606344e-01
5.195000000036793608e+02 -8.222687105796991913e-01
5.200000000037114205e+02 -7.104290353033491101e-01
5.205000000037434802e+02 -6.318693607156564696e-01
5.210000000037755399e+02 -7.817911711912218786e-01
5.215000000038075996e+02 -6.417696116363512671e-01
5.220000000038395456e+02 -1.094065644314863528e+00
5.225000000038716053e+02 -8.016301781746494326e-01
5.230000000039036649e+02 -8.038355672224325454e-01
5.235000000039357246e+02 -9.559502387730457462e-01
5.240000000039676706e+02 -7.759606776389207372e-01
5.245000000039997303e+02 -7.281752892946077305e-01
5.250000000040317900e+02 -9.358805529581649685e-01
5.255000000040638497e+02 -9.064362992573519184e-01
5.260000000040957957e+02 -7.727921776196494674e-01
5.265000000041278554e+02 -8.164626159155667917e-01
5.270000000041599151e+02 -7.196180827161874349e-01
5.275000000041919748e+02 -9.637682315723810067e-01
5.280000000042239208e+02 -9.350383456928972326e-01
5.285000000042559805e+02 -7.270080248918401322e-01
5.290000000042880401e+02 -8.962896029095845929e-01
5.295000000043200998e+02 -6.440171318022086533e-01
5.300000000043521595e+02 -6.984356890659414452e-01
5.305000000043841055e+02 -8.062625996168581999e-01
5.310000000044161652e+02 -9.677136237216843462e-01
5.315000000044482249e+02 -5.434552243948256312e-01
5.320000000044802846e+02 -7.723973022038350678e-01
5.325000000045122306e+02 -9.264411038666233722e-01
5.330000000045442903e+02 -9.047284897453972130e-01
5.335000000045763500e+02 -6.525296710373366116e-01
5.340000000046084097e+02 -1.048512681733150709e+00
5.345000000046403557e+02 -7.902028530484405122e-01
5.350000000046724153e+02 -8.572427946190862569e-01
5.355000000047044750e+02 -8.798749962625765919e-01
5.360000000047365347e+02 -1.037002072449828338e+00
5.365000000047684807e+02 -7.576602019655357401e-01
5.370000000048005404e+02 -6.418091488444300774e-01
5.375000000048326001e+02 -6.570960093723858808e-01
5.380000000048646598e+02 -6.762458066512244681e-01
5.385000000048967195e+02 -7.667147132862710546e-01
5.390000000049286655e+02 -6.010069313879443653e-01
5.395000000049607252e+02 -9.306111584838251405e-01
5.400000000049927849e+02 -4.699626915407755789e-01
5.405000000050248445e+02 -9.407207690289757229e-01
5.410000000050567905e+02 -5.618479621793954770e-01
5.415000000050888502e+02 -7.987327786886094794e-01
5.420000000051209099e+02 -1.051159257196826458e+00
5.425000000051529696e+02 -1.027598538391367944e+00
5.430000000051849156e+02 -7.093932254878491106e-01
5.435000000052169753e+02 -1.082868778378930585e+00
5.440000000052490350e+02 -1.083830318988327157e+00
5.445000000052810947e+02 -1.228124780408228700e+00
5.450000000053130407e+02 -4.511396095872701184e-01
5.455000000053451004e+02 -1.006705958429092274e+00
5.460000000053771601e+02 -1.187324892328826431e+00
5.465000000054092197e+02 -8.115081236977580437e-01
5.470000000054411657e+02 -7.729272568051287484e-01
5.475000000054732254e+02 -7.373997518047586963e-01
5.480000000055052851e+02 -7.298306513980897803e-01
5.485000000055373448e+02 -1.004152563760487782e+00
5.490000000055694045e+02 -9.682638061665768126e-01
5.495000000056013505e+02 -5.812673251007963726e-01
5.500000000056334102e+02 -8.256345260429599486e-01
5.505000000056654699e+02 -6.413800722588574033e-01
5.510000000056975296e+02 -1.170478461185519459e+00
5.515000000057294756e+02 -8.949653285752211529e-01
5.520000000057615352e+02 -7.508800418706440549e-01
5.525000000057935949e+02 -6.308075800558848867e-01
5.530000000058256546e+02 -7.418978598867684848e-01
5.535000000058576006e+02 -8.437502917431496385e-01
5.540000000058896603e+02 -9.965226709755057311e-01
5.545000000059217200e+02 -8.667968405717171310e-01
5.550000000059537797e+02 -8.921996397036153770e-01
5.555000000059857257e+02 -8.399071412224021760e-01
5.560000000060177854e+02 -8.059713786152952197e-01
5.565000000060498451e+02 -7.987236701378797044e-01
5.570000000060819048e+02 -7.255141666612688889e-01
5.575000000061139644e+02 -7.107352518550261733e-01
5.580000000061459104e+02 -1.088380451685606598e+00
5.585000000061779701e+02 -1.000354240924817839e+00
5.590000000062100298e+02 -5.638895977112414748e-01
5.595000000062420895e+02 -6.884648133091767486e-01
5.600000000062740355e+02 -6.969456792615291718e-01
5.605000000063060952e+02 -6.001434807840158037e-01
5.610000000063381549e+02 -1.003774880992585938e+00
5.615000000063702146e+02 -1.098940298692199002e+00
5.620000000064021606e+02 -6.603367747066106741e-01
5.625000000064342203e+02 -5.291522872154071910e-01
5.630000000064662800e+02 -8.729733519527542729e-01
5.635000000064983396e+02 -6.921187530125700871e-01
5.640000000065302856e+02 -9.648487589441105960e-01
5.645000000065623453e+02 -6.774310326362431578e-01
5.650000000065944050e+02 -6.574177910378146139e-01
5.655000000066264647e+02 -9.247790529228077094e-01
5.660000000066585244e+02 -7.838578893816386950e-01
5.665000000066904704e+02 -9.597968359984301312e-01
5.670000000067225301e+02 -5.202901222748236298e-01
5.675000000067545898e+02 -6.245406552485252005e-01
5.680000000067866495e+02 -7.556040174985216851e-01
5.685000000068185955e+02 -8.281089576322463452e-01
5.690000000068506552e+02 -6.569002659051220716e-01
5.695000000068827148e+02 -1.042054830329889992e+00
5.700000000069147745e+02 -7.099232790873316601e-01
5.705000000069467205e+02 -7.060550803144617360e-01
5.710000000069787802e+02 -9.935111272273488003e-01
5.715000000070108399e+02 -6.572149009781126372e-01
5.720000000070428996e+02 -9.078097157304658715e-01
5.725000000070748456e+02 -8.234163417804618579e-01
5.730000000071069053e+02 -7.408941006996585532e-01
5.735000000071389650e+02 -8.302986654234262298e-01
5.740000000071710247e+02 -9.879881202824414288e-01
5.745000000072030844e+02 -8.071538548993293372e-01
5.750000000072350304e+02 -7.107827670398266795e-01
5.755000000072670900e+02 -7.336503846116840810e-01
5.760000000072991497e+02 -9.228415942480377998e-01
5.765000000073312094e+02 -1.160361552224869808e+00
5.770000000073631554e+02 -1.220523933014671103e+00
5.775000000073952151e+02 -7.552345265458763057e-01
5.780000000074272748e+02 -6.549576525972771179e-01
5.785000000074593345e+02 -5.300675910843827277e-01
5.790000000074912805e+02 -7.389380247910035671e-01
5.795000000075233402e+02 -8.219365388054996613e-01
5.800000000075553999e+02 -9.247315310037423908e-01
5.805000000075874595e+02 -8.761069605823442741e-01
5.810000000076194056e+02 -5.567863867942681733e-01
5.815000000076514652e+02 -9.919398011989174480e-01
5.820000000076835249e+02 -1.018155891150094972e+00
5.825000000077155846e+02 -6.727498320119504882e-01
5.830000000077476443e+02 -7.844298255325213853e-01
5.835000000077795903e+02 -8.555846159156141884e-01
5.840000000078116500e+02 -8.331744686813643552e-01
5.845000000078437097e+02 -9.487646726010389164e-01
5.850000000078757694e+02 -8.913682777376927824e-01
5.855000000079077154e+02 -7.253522882578385955e-01
5.860000000079397751e+02 -6.611590826870319404e-01
5.865000000079718347e+02 -1.165496454119280267e+00
5.870000000080038944e+02 -8.047156546372175034e-01
5.875000000080358404e+02 -6.584317653458030550e-01
5.880000000080679001e+02 -7.272869129856898152e-01
5.885000000080999598e+02 -7.844483724286622772e-01
5.890000000081320195e+02 -8.726193107457588249e-01
5.895000000081639655e+02 -3.804228215831234050e-01
5.900000000081960252e+02 -9.349226281968048280e-01
5.905000000082280849e+02 -7.884778594974841681e-01
5.910000000082601446e+02 -7.780809228477283401e-01
5.915000000082920906e+02 -1.120983114105737144e+00
5.920000000083241503e+02 -7.473153928555127390e-01
5.925000000083562099e+02 -9.287834566410793080e-01
5.930000000083882696e+02 -7.915077943126936910e-01
5.935000000084203293e+02 -7.900830725549038425e-01
5.940000000084522753e+02 -5.911131937194250563e-01
5.945000000084843350e+02 -6.685064568912459926e-01
5.950000000085163947e+02 -8.351737844432959301e-01
5.955000000085484544e+02 -8.146332714691250088e-01
5.960000000085804004e+02 -8.652949663115312440e-01
5.965000000086124601e+02 -1.127385307687217564e+00
5.970000000086445198e+02 -6.349139344004792740e-01
5.975000000086765795e+02 -5.388797981232484879e-01
5.980000000087085255e+02 -7.479033469055268446e-01
5.985000000087405851e+02 -8.604942761607368151e-01
5.990000000087726448e+02 -9.405811724708562638e-01
5.995000000088047045e+02 -7.015912630847821463e-01
6.000000000088366505e+02 -9.738822697494270431e-01
6.005000000088687102e+02 -7.996944502096602347e-01
6.010000000089007699e+02 -8.837084852032084381e-01
6.015000000089328296e+02 -6.943579992581451199e-01
6.020000000089648893e+02 -9.979022921362704635e-01
6.025000000089968353e+02 -5.070308655652550067e-01
6.030000000090288950e+02 -9.280404385838695314e-01
6.035000000090609547e+02 -8.463208808912354719e-01
6.040000000090930143e+02 -9.991951847894295913e-01
6.045000000091249603e+02 -9.354223845581660646e-01
6.050000000091570200e+02 -9.024272125825058000e-01
6.055000000091890797e+02 -4.887612301339424037e-01
6.060000000092211394e+02 -7.502789429292050505e-01
6.065000000092530854e+02 -7.213553936845765735e-01
6.070000000092851451e+02 -6.724219340437311843e-01
6.075000000093172048e+02 -8.442076621350984578e-01
6.080000000093492645e+02 -6.370295150584330823e-01
6.085000000093812105e+02 -8.478452220842928044e-01
6.090000000094132702e+02 -7.599820445783515011e-01
6.095000000094453299e+02 -4.472827451439415625e-01
6.100000000094773895e+02 -9.157858447069484598e-01
6.105000000095094492e+02 -1.011104722507595977e+00
6.110000000095413952e+02 -8.398003485157184977e-01
6.115000000095734549e+02 -7.994231018402243594e-01
6.120000000096055146e+02 -8.550411568606566259e-01
6.125000000096375743e+02 -9.470964088475599674e-01
6.130000000096695203e+02 -1.006526959266841992e+00
6.135000000097015800e+02 -9.324546301753545707e-01
6.140000000097336397e+02 -6.748783313487261015e-01
6.145000000097656994e+02 -9.090132209546646358e-01
6.150000000097976454e+02 -5.044827177497192006e-01
6.155000000098297050e+02 -1.032876589738243256e+00
6.160000000098617647e+02 -5.913201715657656621e-01
6.165000000098938244e+02 -7.305282959458266889e-01
6.170000000099257704e+02 -8.042701820059328099e-01
6.175000000099578301e+02 -7.690983851656565395e-01
6.180000000099898898e+02 -8.163215550189147907e-01
6.185000000100219495e+02 -5.306696818881481148e-01
6.190000000100540092e+02 -8.942471212549258919e-01
6.195000000100859552e+02 -5.654320717953472686e-01
6.200000000101180149e+02 -1.020223803431247189e+00
6.205000000101500746e+02 -9.045779881297385527e-01
6.210000000101821342e+02 -6.928726803026038494e-01
6.215000000102140802e+02 -8.661183348142043048e-01
6.220000000102461399e+02 -9.497969675105446541e-01
6.225000000102781996e+02 -8.154519177876370373e-01
6.230000000103102593e+02 -7.801220183067296698e-01
6.235000000103422053e+02 -7.812429981317324801e-01
6.240000000103742650e+02 -8.361143278450491323e-01
6.245000000104063247e+02 -7.046760964105382996e-01
6.250000000104383844e+02 -5.926869930730537250e-01
6.255000000104703304e+02 -8.899640722904345047e-01
6.260000000105023901e+02 -7.066194929826643545e-01
6.265000000105344498e+02 -5.056834518980392046e-01
6.270000000105665094e+02 -8.900122836576085383e-01
6.275000000105985691e+02 -6.114350753202645317e-01
6.280000000106305151e+02 -8.553800817514367605e-01
6.285000000106625748e+02 -9.715072027803451915e-01
6.290000000106946345e+02 -9.842926148202238990e-01
6.295000000107266942e+02 -7.534473110447074129e-01
6.300000000107586402e+02 -8.066245962685050230e-01
6.305000000107906999e+02 -6.458887045498385993e-01
6.310000000108227596e+02 -1.031217914221061793e+00
6.315000000108548193e+02 -6.826164193545342096e-01
6.320000000108867653e+02 -8.158004016293740612e-01
6.325000000109188250e+02 -7.346232176586390272e-01
6.330000000109508846e+02 -5.667152020917766153e-01
6.335000000109829443e+02 -7.474695821173095167e-01
6.340000000110148903e+02 -7.800534282133756436e-01
6.345000000110469500e+02 -8.397619041259474226e-01
6.350000000110790097e+02 -7.760995217320818540e-01
6.355000000111110694e+02 -1.005847702649520503e+00
6.360000000111430154e+02 -1.077613693612744283e+00
6.365000000111750751e+02 -7.367287796332148142e-01
6.370000000112071348e+02 -1.045421031185737482e+00
6.375000000112391945e+02 -9.024914351052099049e-01
6.380000000112712542e+02 -6.678958984288296818e-01
6.385000000113032002e+02 -7.636173124587736227e-01
6.390000000113352598e+02 -8.183455346065892089e-01
6.395000000113673195e+02 -1.064560178025861559e+00
6.400000000113993792e+02 -1.053722174566259495e+00
6.405000000114313252e+02 -8.633833280025688950e-01
6.410000000114633849e+02 -9.364643343590692837e-01
6.415000000114954446e+02 -8.020231332481310149e-01
6.420000000115275043e+02 -8.233741122530873202e-01
6.425000000115594503e+02 -5.352460357639338140e-01
6.430000000115915100e+02 -7.006635974754965579e-01
6.435000000116235697e+02 -6.948496105087539343e-01
6.440000000116556294e+02 -8.474018751741845268e-01
6.445000000116875754e+02 -9.645749531389991027e-01
6.450000000117196350e+02 -8.457008478829305398e-01
6.455000000117516947e+02 -1.110034850125120487e+00
6.460000000117837544e+02 -8.033760205489619555e-01
6.465000000118158141e+02 -1.121210006150268335e+00
6.470000000118477601e+02 -7.563512162165750841e-01
6.475000000118798198e+02 -8.591080301198593672e-01
6.480000000119118795e+02 -7.668007272407558750e-01
6.485000000119439392e+02 -5.708216911296994933e-01
6.490000000119758852e+02 -5.973498447613034834e-01
6.495000000120079449e+02 -6.555610189992374659e-01
6.500000000120400045e+02 -7.985715260959408424e-01
6.505000000120720642e+02 -5.312429669437185309e-01
6.510000000121040102e+02 -7.656890597804687504e-01
6.515000000121360699e+02 -9.381012134769944888e-01
6.520000000121681296e+02 -9.449801968151420040e-01
6.525000000122001893e+02 -8.842272259024533954e-01
6.530000000122321353e+02 -8.959143765109771618e-01
6.535000000122641950e+02 -8.618858240065866427e-01
6.540000000122962547e+02 -8.645241061910133862e-01
6.545000000123283144e+02 -7.926531245464394360e-01
6.550000000123603741e+02 -6.575472637075557847e-01
6.555000000123923201e+02 -1.127444539990573924e+00
6.560000000124243797e+02 -8.343735621552501591e-01
6.565000000124564394e+02 -6.699468357557025744e-01
6.570000000124884991e+02 -8.592402724977794559e-01
6.575000000125204451e+02 -9.958600329950686447e-01
6.580000000125525048e+02 -8.573608868400123262e-01
6.585000000125845645e+02 -1.043982518090165179e+00
6.590000000126166242e+02 -1.073706501664992707e+00
6.595000000126485702e+02 -6.842207705125096240e-01
6.600000000126806299e+02 -6.447372802632160838e-01
6.605000000127126896e+02 -7.826040915760854588e-01
6.610000000127447493e+02 -7.893694963858768343e-01
6.615000000127766953e+02 -6.317701837405643728e-01
6.620000000128087549e+02 -1.072421224416327146e+00
6.625000000128408146e+02 -7.673623992966716045e-01
6.630000000128728743e+02 -6.755266620475544048e-01
6.635000000129049340e+02 -7.366246854044935510e-01
6.640000000129368800e+02 -8.339127330917143199e-01
6.645000000129689397e+02 -7.974718361879145068e-01
6.650000000130009994e+02 -1.001225805590182150e+00
6.655000000130330591e+02 -8.154522703558011454e-01
6.660000000130650051e+02 -5.787782412702014989e-01
6.665000000130970648e+02 -8.632392740485229643e-01
6.670000000131291245e+02 -1.087522524724841233e+00
6.675000000131611841e+02 -8.324958441194579839e-01
6.680000000131931301e+02 -7.474593696038118740e-01
6.685000000132251898e+02 -9.182519123491559299e-01
6.690000000132572495e+02 -8.632964479757074816e-01
6.695000000132893092e+02 -1.122910751827977283e+00
6.700000000133212552e+02 -9.347565110285079859e-01
6.705000000133533149e+02 -1.024679348559158321e+00
6.710000000133853746e+02 -9.268591332547428951e-01
6.715000000134174343e+02 -6.482266494376747179e-01
6.720000000134494940e+02 -8.506530408145774880e-01
6.725000000134814400e+02 -8.804654325634150291e-01
6.730000000135134997e+02 -8.453889475501139561e-01
6.735000000135455593e+02 -7.824594177165111741e-01
6.740000000135776190e+02 -1.216878701822299957e+00
6.745000000136095650e+02 -1.002441346223279073e+00
6.750000000136416247e+02 -4.987445795182210984e-01
6.755000000136736844e+02 -1.162657814975804227e+00
6.760000000137057441e+02 -1.252557506611637894e+00
6.765000000137376901e+02 -4.682637486540799365e-01
6.770000000137697498e+02 -7.365237922768951284e-01
6.775000000138018095e+02 -9.401946333248253351e-01
6.780000000138338692e+02 -6.813688068384669005e-01
6.785000000138658152e+02 -9.021993653675259850e-01
6.790000000138978749e+02 -7.789917222441934408e-01
6.795000000139299345e+02 -9.875054713316432364e-01
6.800000000139619942e+02 -1.284658852690276465e+00
6.805000000139939402e+02 -7.438841944131232564e-01
6.810000000140259999e+02 -6.749998063943867255e-01
6.815000000140580596e+02 -1.175511514670633861e+00
6.820000000140901193e+02 -6.152075644667373000e-01
6.825000000141221790e+02 -7.298164460095034611e-01
6.830000000141541250e+02 -9.827802731468266995e-01
6.835000000141861847e+02 -8.797236571978942488e-01
6.840000000142182444e+02 -9.475815288529332303e-01
6.845000000142503040e+02 -9.214918377342180555e-01
6.850000000142822500e+02 -5.899881224451123396e-01
6.855000000143143097e+02 -7.759828516095292894e-01
6.860000000143463694e+02 -9.342931945946431060e-01
6.865000000143784291e+02 -4.321585218976504716e-01
6.870000000144103751e+02 -9.417914450805590088e-01
6.875000000144424348e+02 -9.037893104920181608e-01
6.880000000144744945e+02 -8.743452787812298066e-01
6.885000000145065542e+02 -8.758092785919049383e-01
6.890000000145385002e+02 -1.086291326827097947e+00
6.895000000145705599e+02 -8.328168272036053921e-01
6.900000000146026196e+02 -7.964357370602336283e-01
6.905000000146346792e+02 -5.849477338783017899e-01
6.910000000146667389e+02 -7.124374904277515075e-01
6.915000000146986849e+02 -6.691702066721166853e-01
6.920000000147307446e+02 -5.291551924847733845e-01
6.925000000147628043e+02 -1.116855604797533541e+00
6.930000000147948640e+02 -6.243094126558956791e-01
6.935000000148268100e+02 -7.756320797856813831e-01
6.940000000148588697e+02 -6.961292898409057184e-01
6.945000000148909294e+02 -8.543676086171176909e-01
6.950000000149229891e+02 -6.375330509919567845e-01
6.955000000149549351e+02 -9.633360573677910432e-01
6.960000000149869948e+02 -6.774160496121800490e-01
6.965000000150190544e+02 -6.583475945650552053e-01
6.970000000150511141e+02 -7.989561700558956980e-01
6.975000000150830601e+02 -6.826621593774842012e-01
6.980000000151151198e+02 -7.794992841305923292e-01
6.985000000151471795e+02 -9.755156086189324949e-01
6.990000000151792392e+02 -3.210760659207482770e-01
6.995000000152112989e+02 -1.025517353761143058e+00
7.000000000152432449e+02 -6.795779914876712846e-01
7.005000000152753046e+02 -9.936917581000129784e-01
7.010000000153073643e+02 -7.438774253887254773e-01
7.015000000153394240e+02 -8.788405906035164916e-01
7.020000000153713700e+02 -5.008583881147963268e-01
7.025000000154034296e+02 -9.086913587690801375e-01
7.030000000154354893e+02 -1.007143462270958079e+00
7.035000000154675490e+02 -7.421217564781900089e-01
7.040000000154994950e+02 -9.569406342889050787e-01
7.045000000155315547e+02 -1.057561646114585363e+00
7.050000000155636144e+02 -9.135783210017547340e-01
7.055000000155956741e+02 -6.189487015718374563e-01
7.060000000156276201e+02 -7.429701463843951803e-01
7.065000000156596798e+02 -9.217861083151280832e-01
7.070000000156917395e+02 -5.504439670621874559e-01
7.075000000157237992e+02 -5.300646124930339376e-01
7.080000000157558588e+02 -8.473764805169070602e-01
7.085000000157878048e+02 -9.766327359637622108e-01
7.090000000158198645e+02 -9.235800279655373979e-01
7.095000000158519242e+02 -8.276102455646793254e-01
7.100000000158839839e+02 -1.002711379109452405e+00
7.105000000159159299e+02 -8.049015094742153487e-01
7.110000000159479896e+02 -9.744794355862795854e-01
7.115000000159800493e+02 -8.005717376666885432e-01
7.120000000160121090e+02 -5.550690581220614206e-01
7.125000000160440550e+02 -9.487390574834382306e-01
7.130000000160761147e+02 -7.246123312813191886e-01
7.135000000161081743e+02 -8.762809276068364017e-01
7.140000000161402340e+02 -7.703406980019704697e-01
7.145000000161721800e+02 -9.428802640356929166e-01
7.150000000162042397e+02 -6.798598645686012576e-01
7.155000000162362994e+02 -1.050534007688639360e+00
7.160000000162683591e+02 -7.961279153708732403e-01
7.165000000163003051e+02 -5.144004887053729158e-01
7.170000000163323648e+02 -1.151298290266481672e+00
7.175000000163644245e+02 -9.291576041029721011e-01
7.180000000163964842e+02 -6.441244906409843152e-01
7.185000000164285439e+02 -5.547943915355830757e-01
7.190000000164604899e+02 -8.776196594052435573e-01
7.195000000164925495e+02 -5.362937789304900171e-01
7.200000000165246092e+02 -8.723545168445631104e-01
7.205000000165566689e+02 -4.611454593818833381e-01
7.210000000165886149e+02 -8.614264801266618976e-01
7.215000000166206746e+02 -6.899057955890501859e-01
7.220000000166527343e+02 -1.054935037757776195e+00
7.225000000166847940e+02 -7.516051617175216748e-01
7.230000000167167400e+02 -5.051387354683705144e-01
7.235000000167487997e+02 -6.613689126232394910e-01
7.240000000167808594e+02 -5.609795003738012875e-01
7.245000000168129191e+02 -6.554833510018979181e-01
7.250000000168448651e+02 -7.309971252570828248e-01
7.255000000168769247e+02 -8.772567121374441612e-01
7.260000000169089844e+02 -5.991076259219952904e-01
7.265000000169410441e+02 -5.999478799089611458e-01
7.270000000169731038e+02 -6.574066989586739851e-01
7.275000000170050498e+02 -9.845151383589889615e-01
7.280000000170371095e+02 -7.671473474172662010e-01
7.285000000170691692e+02 -6.456355239756143005e-01
7.290000000171012289e+02 -8.078045999412166722e-01
7.295000000171331749e+02 -1.014297841400405797e+00
7.300000000171652346e+02 -1.020194605344286076e+00
7.305000000171972943e+02 -1.014620758431882264e+00
7.310000000172293539e+02 -1.025757580906437427e+00
7.315000000172612999e+02 -5.425856651862454028e-01
7.320000000172933596e+02 -7.982248860511510502e-01
7.325000000173254193e+02 -6.702136451987317223e-01
7.330000000173574790e+02 -8.172361592776024031e-01
7.335000000173894250e+02 -7.319892057845533984e-01
7.340000000174214847e+02 -7.694624197516500841e-01
7.345000000174535444e+02 -9.084371621093487725e-01
7.350000000174856041e+02 -8.862263809886651300e-01
7.355000000175176638e+02 -7.790789984204199436e-01
7.360000000175496098e+02 -6.709706892811834189e-01
7.365000000175816695e+02 -9.595952890397796420e-01
7.370000000176137291e+02 -7.682086330438600008e-01
7.375000000176457888e+02 -8.191165252888606974e-01
7.380000000176777348e+02 -5.958006470534310539e-01
7.385000000177097945e+02 -5.348581830555144689e-01
7.390000000177418542e+02 -7.462177106048553110e-01
7.395000000177739139e+02 -8.781081917834302475e-01
7.400000000178058599e+02 -7.346070719429326212e-01
7.405000000178379196e+02 -7.236121203071939068e-01
7.410000000178699793e+02 -8.786774691493660638e-01
7.415000000179020390e+02 -7.389882193908660080e-01
7.420000000179339850e+02 -7.503569410820634111e-01
7.425000000179660447e+02 -4.826425616779438377e-01
7.430000000179981043e+02 -8.882325871161067532e-01
7.435000000180301640e+02 -9.250992359471095217e-01
7.440000000180622237e+02 -9.102594235481830109e-01
7.445000000180941697e+02 -1.078377489919705834e+00
7.450000000181262294e+02 -9.737684899080587542e-01
7.455000000181582891e+02 -6.727358045508903261e-01
7.460000000181903488e+02 -9.215674224307304208e-01
7.465000000182222948e+02 -7.304309397839092721e-01
7.470000000182543545e+02 -7.642523058305223937e-01
7.475000000182864142e+02 -1.011510837298742915e+00
7.480000000183184738e+02 -7.738427125169836662e-01
7.485000000183504199e+02 -1.197798081113286228e+00
7.490000000183824795e+02 -7.726852341591207152e-01
7.495000000184145392e+02 -8.430775771222942527e-01
7.500000000184465989e+02 -1.022489847688259346e+00
7.505000000184785449e+02 -7.450767409302517796e-01
7.510000000185106046e+02 -1.000396601119413642e+00
7.515000000185426643e+02 -8.759366149663313506e-01
7.520000000185747240e+02 -7.068007681200794146e-01
7.525000000186067837e+02 -1.034232314422492971e+00
7.530000000186387297e+02 -1.056506010693457620e+00
7.535000000186707894e+02 -6.128440487599200459e-01
7.540000000187028490e+02 -6.005062011491247853e-01
7.545000000187349087e+02 -1.166267701722773387e+00
7.550000000187668547e+02 -6.918811517944724043e-01
7.555000000187989144e+02 -7.622164656344339040e-01
7.560000000188309741e+02 -8.365944434789761575e-01
7.565000000188630338e+02 -6.147107727617594497e-01
7.570000000188949798e+02 -8.702156748436791212e-01
7.575000000189270395e+02 -7.199589578481907504e-01
7.580000000189590992e+02 -8.468186367957406535e-01
7.585000000189911589e+02 -7.682475249767160008e-01
7.590000000190231049e+02 -8.713578184242014579e-01
7.595000000190551646e+02 -8.251873435277283786e-01
7.600000000190872242e+02 -8.619251070277210713e-01
7.605000000191192839e+02 -6.210008980162685654e-01
7.610000000191512299e+02 -9.676914557545838180e-01
7.615000000191832896e+02 -5.652737981680693302e-01
7.620000000192153493e+02 -1.294014954813003326e+00
7.625000000192474090e+02 -7.276724691895506414e-01
7.630000000192794687e+02 -8.603592654764700143e-01
7.635000000193114147e+02 -8.312709653247334352e-01
7.640000000193434744e+02 -8.219613223104229593e-01
7.645000000193755341e+02 -8.548553726539722675e-01
7.650000000194075938e+02 -7.598083275129829950e-01
7.655000000194395398e+02 -9.023615029090946704e-01
7.660000000194715994e+02 -8.771009828367105632e-01
7.665000000195036591e+02 -7.930564705566102157e-01
7.670000000195357188e+02 -9.076441991401829057e-01
7.675000000195676648e+02 -8.449366570789966779e-01
7.680000000195997245e+02 -6.893434966646759809e-01
7.685000000196317842e+02 -1.155010864985674734e+00
7.690000000196638439e+02 -7.963826235876005910e-01
7.695000000196957899e+02 -8.162318180846691584e-01
7.700000000197278496e+02 -7.282287779702044661e-01
7.705000000197599093e+02 -9.011704409296110718e-01
7.710000000197919690e+02 -8.554364742014618495e-01
7.715000000198240286e+02 -1.118639154255274493e+00
7.720000000198559746e+02 -7.575774912731682020e-01
7.725000000198880343e+02 -7.160531178181704925e-01
7.730000000199200940e+02 -9.648484989638818066e-01
7.735000000199521537e+02 -9.269662800357131305e-01
7.740000000199840997e+02 -6.294493873815976137e-01
7.745000000200161594e+02 -1.326417809489460531e+00
7.750000000200482191e+02 -8.121031540442411600e-01
7.755000000200802788e+02 -8.159580451649509625e-01
7.760000000201122248e+02 -8.579557143919962492e-01
7.765000000201442845e+02 -8.945939860546413547e-01
7.770000000201763442e+02 -4.649039996370588068e-01
7.775000000202084038e+02 -9.683051917118636887e-01
7.780000000202403498e+02 -7.944794385449673868e-01
7.785000000202724095e+02 -5.673031925636098372e-01
7.790000000203044692e+02 -6.582297110087549363e-01
7.795000000203365289e+02 -7.237480302361648521e-01
7.800000000203685886e+02 -5.468613080186354169e-01
7.805000000204005346e+02 -6.834644221372274675e-01
7.810000000204325943e+02 -5.985095772222220889e-01
7.815000000204646540e+02 -4.774079363442498836e-01
7.820000000204967137e+02 -9.152758187703601278e-01
7.825000000205286597e+02 -6.842397331360735580e-01
7.830000000205607193e+02 -8.433808083298933722e-01
7.835000000205927790e+02 -8.975794243946179085e-01
7.840000000206248387e+02 -9.174886866063328705e-01
7.845000000206567847e+02 -9.781648130500261162e-01
7.850000000206888444e+02 -8.033762130415416092e-01
7.855000000207209041e+02 -9.295465481622550152e-01
7.860000000207529638e+02 -6.990835697309860652e-01
7.865000000207849098e+02 -9.061489408459854067e-01
7.870000000208169695e+02 -5.086536467347034796e-01
7.875000000208490292e+02 -1.075959246064012831e+00
7.880000000208810889e+02 -8.063365861693108094e-01
7.885000000209131485e+02 -8.210176050835602535e-01
7.890000000209450945e+02 -1.062310491984863381e+00
7.895000000209771542e+02 -6.997537013279815366e-01
7.900000000210092139e+02 -1.071639323172396185e+00
7.905000000210412736e+02 -7.786623161252002046e-01
7.910000000210732196e+02 -9.556424750030310111e-01
7.915000000211052793e+02 -8.057892592021986822e-01
7.920000000211373390e+02 -8.558207555959075341e-01
7.925000000211693987e+02 -6.862967478064992966e-01
7.930000000212013447e+02 -7.852823411959655164e-01
7.935000000212334044e+02 -5.882673607248127823e-01
7.940000000212654641e+02 -5.180713141938507738e-01
7.945000000212975237e+02 -9.249376419978487807e-01
7.950000000213294697e+02 -7.202930224262943382e-01
7.955000000213615294e+02 -1.031419877551255526e+00
7.960000000213935891e+02 -6.678957994321781388e-01
7.965000000214256488e+02 -7.068592748815026860e-01
7.970000000214577085e+02 -8.626861326730110857e-01
7.975000000214896545e+02 -1.118886671464276450e+00
7.980000000215217142e+02 -8.360012507612535337e-01
7.985000000215537739e+02 -9.098670195619783518e-01
7.990000000215858336e+02 -4.261530497786343297e-01
7.995000000216177796e+02 -6.760140407129203721e-01
8.000000000216498393e+02 -1.103861733858449545e+00
8.005000000216818989e+02 -1.104198059901768447e+00
8.010000000217139586e+02 -8.970726667184335534e-01
8.015000000217459046e+02 -1.025909773319640506e+00
8.020000000217779643e+02 -8.466119343559557198e-01
8.025000000218100240e+02 -5.581128766677020403e-01
8.030000000218420837e+02 -8.296787936295764165e-01
8.035000000218740297e+02 -8.200433643684433838e-01
8.040000000219060894e+02 -1.031560997079659980e+00
8.045000000219381491e+02 -1.071582711672289134e+00
8.050000000219702088e+02 -6.771684186330378941e-01
8.055000000220021548e+02 -1.095301330500944248e+00
8.060000000220342145e+02 -7.939237677461616904e-01
8.065000000220662741e+02 -9.531820829737174261e-01
8.070000000220983338e+02 -9.899779130361041624e-01
8.075000000221303935e+02 -7.954000299035705046e-01
8.080000000221623395e+02 -9.177751288456142964e-01
8.085000000221943992e+02 -1.084440394131989560e+00
8.090000000222264589e+02 -9.704312889094023342e-01
8.095000000222585186e+02 -1.072436571027005403e+00
8.100000000222904646e+02 -1.031354274983534269e+00
8.105000000223225243e+02 -8.905603116034145339e-01
8.110000000223545840e+02 -1.092700901897984744e+00
8.115000000223866436e+02 -6.000864106423118294e-01
8.120000000224185897e+02 -9.514878207985795200e-01
8.125000000224506493e+02 -5.496750593972984378e-01
8.130000000224827090e+02 -7.388945819886528765e-01
8.135000000225147687e+02 -6.750674644815282122e-01
8.140000000225467147e+02 -9.530648234863501322e-01
8.145000000225787744e+02 -9.570643627816359800e-01
8.150000000226108341e+02 -8.342279456592190945e-01
8.155000000226428938e+02 -8.015826104686082365e-01
8.160000000226749535e+02 -7.320802817611140600e-01
8.165000000227068995e+02 -8.066327587099977325e-01
8.170000000227389592e+02 -6.695477388470397750e-01
8.175000000227710188e+02 -6.196717717244126789e-01
8.180000000228030785e+02 -8.102419618370817478e-01
8.185000000228350245e+02 -1.000764922108537069e+00
8.190000000228670842e+02 -9.072218211385396636e-01
8.195000000228991439e+02 -8.684562231596020254e-01
8.200000000229312036e+02 -7.639738436196189530e-01
8.205000000229631496e+02 -7.514858646822567545e-01
8.210000000229952093e+02 -1.031349820565210962e+00
8.215000000230272690e+02 -1.012962363287195577e+00
8.220000000230593287e+02 -5.765296477075892989e-01
8.225000000230912747e+02 -9.554238823253503599e-01
8.230000000231233344e+02 -6.591006188218789807e-01
8.235000000231553940e+02 -7.462156915235582666e-01
8.240000000231874537e+02 -6.961213593405511935e-01
8.245000000232195134e+02 -6.100374771673913177e-01
8.250000000232514594e+02 -1.014512249172235592e+00
8.255000000232835191e+02 -5.891549084451869200e-01
8.260000000233155788e+02 -6.254094744609255407e-01
8.265000000233476385e+02 -8.500424038326614973e-01
8.270000000233795845e+02 -8.364546258901778275e-01
8.275000000234116442e+02 -9.125025913642802466e-01
8.280000000234437039e+02 -5.428498637595103871e-01
8.285000000234757636e+02 -7.853827340107857324e-01
8.290000000235077096e+02 -7.716217008486550011e-01
8.295000000235397692e+02 -9.718679480835865636e-01
8.300000000235718289e+02 -8.887913645620819647e-01
8.305000000236038886e+02 -7.558730731975502604e-01
8.310000000236358346e+02 -6.226435398961395196e-01
8.315000000236678943e+02 -9.482738214989810954e-01
8.320000000236999540e+02 -7.376629503037446245e-01
8.325000000237320137e+02 -8.613757241652691965e-01
8.330000000237640734e+02 -8.166917287888736388e-01
8.335000000237960194e+02 -7.804100456352891513e-01
8.340000000238280791e+02 -9.616626917091578575e-01
8.345000000238601388e+02 -9.152682826375726499e-01
8.350000000238921984e+02 -8.590281568374044108e-01
8.355000000239241444e+02 -9.653417084489765987e-01
8.360000000239562041e+02 -7.780127841277468814e-01
8.365000000239882638e+02 -1.094007629863723130e+00
8.370000000240203235e+02 -6.798486166876599457e-01
8.375000000240522695e+02 -7.644628112763255379e-01
8.380000000240843292e+02 -8.103522180309622458e-01
8.385000000241163889e+02 -7.710886835764554359e-01
8.390000000241484486e+02 -7.683009134835995235e-01
8.395000000241803946e+02 -6.514543323942062480e-01
8.400000000242124543e+02 -7.559144741763176301e-01
8.405000000242445140e+02 -7.499565841865970528e-01
8.410000000242765736e+02 -6.181826376361129194e-01
8.415000000243086333e+02 -9.642148141940308781e-01
8.420000000243405793e+02 -8.714631829511318983e-01
8.425000000243726390e+02 -9.340431233929840094e-01
8.430000000244046987e+02 -9.182267500520483461e-01
8.435000000244367584e+02 -9.190686753286089195e-01
8.440000000244687044e+02 -8.197597255950952455e-01
8.445000000245007641e+02 -7.341106625497739735e-01
8.450000000245328238e+02 -8.368184930226393314e-01
8.455000000245648835e+02 -5.623770669483877382e-01
8.460000000245968295e+02 -7.686372689451222984e-01
8.465000000246288892e+02 -7.288359729472237980e-01
8.470000000246609488e+02 -9.215262986290342351e-01
8.475000000246930085e+02 -9.461865737668394560e-01
8.480000000247249545e+02 -1.020509863134557271e+00
8.485000000247570142e+02 -9.885170975024356599e-01
8.490000000247890739e+02 -6.222483644650320667e-01
8.495000000248211336e+02 -1.004620270378909996e+00
8.500000000248530796e+02 -9.952279590900019457e-01
8.505000000248851393e+02 -4.745219593861643714e-01
8.510000000249171990e+02 -8.656133674896246966e-01
8.515000000249492587e+02 -1.283699774955908923e+00
8.520000000249813183e+02 -7.084614380856790739e-01
8.525000000250132643e+02 -9.555067876123342074e-01
8.530000000250453240e+02 -8.722440523453217631e-01
8.535000000250773837e+02 -6.383608364580629635e-01
8.540000000251094434e+02 -9.237617595752776189e-01
8.545000000251413894e+02 -8.629113183270575860e-01
8.550000000251734491e+02 -1.070151854664386004e+00
8.555000000252055088e+02 -7.540904928569854837e-01
8.560000000252375685e+02 -8.587445079373130508e-01
8.565000000252695145e+02 -1.003007949878935046e+00
8.570000000253015742e+02 -7.383871786161091411e-01
8.575000000253336339e+02 -5.905534688131941490e-01
8.580000000253656935e+02 -8.803737775147997269e-01
8.585000000253976395e+02 -8.414819791149701356e-01
8.590000000254296992e+02 -8.372980223023216428e-01
8.595000000254617589e+02 -7.277214844455673903e-01
8.600000000254938186e+02 -9.242052722322717795e-01
8.605000000255258783e+02 -9.866749577950306715e-01
8.610000000255578243e+02 -1.058706680942133049e+00
8.615000000255898840e+02 -8.928695700874395014e-01
8.620000000256219437e+02 -8.631821296709266678e-01
8.625000000256540034e+02 -1.088455265570095198e+00
8.630000000256859494e+02 -9.494759308168467804e-01
8.635000000257180091e+02 -1.009454780908008553e+00
8.640000000257500687e+02 -9.170948759752726165e-01
8.645000000257821284e+02 -6.774946332402017601e-01
8.650000000258140744e+02 -1.171249843378191935e+00
8.655000000258461341e+02 -6.328810251062761960e-01
8.660000000258781938e+02 -9.784216534078938876e-01
8.665000000259102535e+02 -6.967309198076394594e-01
8.670000000259421995e+02 -7.165144892835627610e-01
8.675000000259742592e+02 -5.967156765385054351e-01
8.680000000260063189e+02 -8.115014320510088863e-01
8.685000000260383786e+02 -8.623196685990691668e-01
8.690000000260704383e+02 -7.126140871615387340e-01
8.695000000261023843e+02 -8.952544911586349796e-01
8.700000000261344439e+02 -9.388442053439982615e-01
8.705000000261665036e+02 -8.228256685199162312e-01
8.710000000261985633e+02 -7.688662016990880366e-01
8.715000000262305093e+02 -9.213871063412135687e-01
8.720000000262625690e+02 -9.861751930943912781e-01
8.725000000262946287e+02 -9.306032956910671450e-01
8.730000000263266884e+02 -6.328354929453914313e-01
8.735000000263586344e+02 -7.278164739888293155e-01
8.740000000263906941e+02 -9.298294323924537474e-01
8.745000000264227538e+02 -9.178639683080485057e-01
8.750000000264548135e+02 -7.912763046993337435e-01
8.755000000264867595e+02 -9.442330109154875029e-01
8.760000000265188191e+02 -9.176845879205107748e-01
8.765000000265508788e+02 -6.248442566563179312e-01
8.770000000265829385e+02 -1.013908743010369706e+00
8.775000000266149982e+02 -9.359833940915125439e-01
8.780000000266469442e+02 -7.099032994005731734e-01
8.785000000266790039e+02 -7.579590320188860364e-01
8.790000000267110636e+02 -8.946003178006649570e-01
8.795000000267431233e+02 -8.679445320108349904e-01
8.800000000267750693e+02 -8.207611954700066992e-01
8.805000000268071290e+02 -8.831277310731193708e-01
8.810000000268391886e+02 -9.662237064344528781e-01
8.815000000268712483e+02 -5.319858048850558685e-01
8.820000000269031943e+02 -8.680463036257197729e-01
8.825000000269352540e+02 -8.547173695812386729e-01
8.830000000269673137e+02 -7.802332174754403882e-01
8.835000000269993734e+02 -5.332359967293684999e-01
8.840000000270313194e+02 -8.292180658805767823e-01
8.845000000270633791e+02 -8.824873198387460649e-01
8.850000000270954388e+02 -7.739695764739047412e-01
8.855000000271274985e+02 -7.883056555600764792e-01
8.860000000271595582e+02 -1.084187425771776958e+00
8.865000000271915042e+02 -7.732874561940676905e-01
8.870000000272235638e+02 -1.035676754629256013e+00
8.875000000272556235e+02 -8.994285346718686736e-01
8.880000000272876832e+02 -1.438081939145444021e+00
8.885000000273196292e+02 -5.955361545637045673e-01
8.890000000273516889e+02 -6.950508049963518564e-01
8.895000000273837486e+02 -9.907961411842577393e-01
8.900000000274158083e+02 -5.096122188159882826e-01
8.905000000274477543e+02 -6.432756452227558208e-01
8.910000000274798140e+02 -5.616972475974728596e-01
8.915000000275118737e+02 -1.107678191183843142e+00
8.920000000275439334e+02 -6.293491362881447060e-01
8.925000000275758794e+02 -9.383641758737878424e-01
8.930000000276079390e+02 -6.531513208448339602e-01
8.935000000276399987e+02 -8.351105662859527046e-01
8.940000000276720584e+02 -5.843596409960057914e-01
8.945000000277040044e+02 -9.101757805845471783e-01
8.950000000277360641e+02 -9.413557407501279561e-01
8.955000000277681238e+02 -4.838477023795068610e-01
8.960000000278001835e+02 -1.074798925591293530e+00
8.965000000278322432e+02 -7.957600147183904182e-01
8.970000000278641892e+02 -5.963072140797093246e-01
8.975000000278962489e+02 -6.642853525668924730e-01
8.980000000279283086e+02 -9.584592626333692245e-01
8.985000000279603682e+02 -9.012013724320420138e-01
8.990000000279923142e+02 -6.249109251352246153e-01
8.995000000280243739e+02 -5.291593756377167557e-01
9.000000000280564336e+02 -6.865050334185347491e-01
9.005000000280884933e+02 -7.118575987369157865e-01
9.010000000281204393e+02 -8.006545394698119100e-01
9.015000000281524990e+02 -1.072555691221417584e+00
9.020000000281845587e+02 -6.632567195152991868e-01
9.025000000282166184e+02 -9.070238179442696724e-01
9.030000000282485644e+02 -7.997689672547659834e-01
9.035000000282806241e+02 -9.318559678638829169e-01
9.040000000283126838e+02 -1.080605624675258225e+00
9.045000000283447434e+02 -6.406860952620957450e-01
9.050000000283768031e+02 -7.751092410179256653e-01
9.055000000284087491e+02 -7.172404092238705564e-01
9.060000000284408088e+02 -7.785538406973742109e-01
9.065000000284728685e+02 -6.578428714027988455e-01
9.070000000285049282e+02 -1.044324623225291182e+00
9.075000000285368742e+02 -6.962470492772175890e-01
9.080000000285689339e+02 -7.558631961597942484e-01
9.085000000286009936e+02 -6.265068057889023878e-01
9.090000000286330533e+02 -5.532452430956984468e-01
9.095000000286649993e+02 -7.725811939321680644e-01
9.100000000286970590e+02 -5.488169400220831440e-01
9.105000000287291186e+02 -9.266484734445198379e-01
9.110000000287611783e+02 -7.664348667691500694e-01
9.115000000287931243e+02 -9.667136649356085076e-01
9.120000000288251840e+02 -9.278628440469275374e-01
9.125000000288572437e+02 -1.074345607034390859e+00
9.130000000288893034e+02 -8.157133322610859993e-01
9.135000000289213631e+02 -1.092371837303281801e+00
9.140000000289533091e+02 -8.216623404822964716e-01
9.145000000289853688e+02 -5.811310202392082624e-01
9.150000000290174285e+02 -8.965845436616181052e-01
9.155000000290494881e+02 -6.331871793991894481e-01
9.160000000290814341e+02 -7.262575326784804775e-01
9.165000000291134938e+02 -5.681738598985454081e-01
9.170000000291455535e+02 -8.507449747539644891e-01
9.175000000291776132e+02 -8.343201095805875545e-01
9.180000000292095592e+02 -9.551929194946326973e-01
9.185000000292416189e+02 -9.226567706853020523e-01
9.190000000292736786e+02 -6.042644356596172939e-01
9.195000000293057383e+02 -1.121724631020215357e+00
9.200000000293376843e+02 -8.176364534019761043e-01
9.205000000293697440e+02 -8.979304879727414423e-01
9.210000000294018037e+02 -7.904705154542135404e-01
9.215000000294338633e+02 -8.214596322368377113e-01
9.220000000294659230e+02 -8.809734765240745391e-01
9.225000000294978690e+02 -6.247734279572751959e-01
9.230000000295299287e+02 -8.253458513901826832e-01
9.235000000295619884e+02 -9.114884602963015947e-01
9.240000000295940481e+02 -9.871870334608460196e-01
9.245000000296259941e+02 -4.538159854567349050e-01
9.250000000296580538e+02 -8.247871655286040937e-01
9.255000000296901135e+02 -7.582236258868393364e-01
9.260000000297221732e+02 -7.931512612438187393e-01
9.265000000297541192e+02 -9.028035346699683217e-01
9.270000000297861789e+02 -7.648417756614508400e-01
9.275000000298182385e+02 -7.290668703868972145e-01
9.280000000298502982e+02 -5.329287755751672684e-01
9.285000000298822442e+02 -8.253682785180088688e-01
9.290000000299143039e+02 -9.096448895255039302e-01
9.295000000299463636e+02 -7.287252976223654866e-01
9.300000000299784233e+02 -7.779869825203985512e-01
9.305000000300104830e+02 -8.242210462254275782e-01
9.310000000300424290e+02 -1.006379562032470254e+00
9.315000000300744887e+02 -6.063158134895284546e-01
9.320000000301065484e+02 -5.399842692784710962e-01
9.325000000301386081e+02 -9.866639880116345740e-01
9.330000000301705541e+02 -8.647513634745582767e-01
9.335000000302026137e+02 -8.294688135128808204e-01
9.340000000302346734e+02 -9.837833030032420156e-01
9.345000000302667331e+02 -1.231212155773171890e+00
9.350000000302986791e+02 -7.851210102654877510e-01
9.355000000303307388e+02 -9.894669034209587766e-01
9.360000000303627985e+02 -1.015867423779093892e+00
9.365000000303948582e+02 -8.947547482347040226e-01
9.370000000304268042e+02 -6.646577718472225227e-01
9.375000000304588639e+02 -9.888155029159489962e-01
9.380000000304909236e+02 -1.060549222903899746e+00
9.385000000305229833e+02 -8.386505609645995563e-01
9.390000000305549293e+02 -9.173177242707825085e-01
9.395000000305869889e+02 -6.528614200294790004e-01
9.400000000306190486e+02 -1.020275489757182630e+00
9.405000000306511083e+02 -6.154313775102885353e-01
9.410000000306831680e+02 -7.597520093289447107e-01
9.415000000307151140e+02 -9.245110755029931626e-01
9.420000000307471737e+02 -8.828917850725316319e-01
9.425000000307792334e+02 -8.796195279702199166e-01
9.430000000308112931e+02 -8.561713426401174054e-01
9.435000000308432391e+02 -6.326735394248306221e-01
9.440000000308752988e+02 -7.962398002875721303e-01
9.445000000309073585e+02 -5.728908615285329686e-01
9.450000000309394181e+02 -9.902727459584340641e-01
9.455000000309713641e+02 -7.635904205900078123e-01
9.460000000310034238e+02 -7.767478508578121721e-01
9.465000000310354835e+02 -1.094415305497767887e+00
9.470000000310675432e+02 -8.318835561276770596e-01
9.475000000310994892e+02 -6.139548584038890811e-01
9.480000000311315489e+02 -1.077744983185810579e+00
9.485000000311636086e+02 -8.119246837992215582e-01
9.490000000311956683e+02 -8.405696414729192378e-01
9.495000000312277280e+02 -8.078599096810867852e-01
9.500000000312596740e+02 -8.297984378611243939e-01
9.505000000312917336e+02 -9.947054817961372697e-01
9.510000000313237933e+02 -6.419143737565925489e-01
9.515000000313558530e+02 -6.681571495741770450e-01
9.520000000313877990e+02 -1.083957304387324960e+00
9.525000000314198587e+02 -1.100438477387521319e+00
9.530000000314519184e+02 -7.402046514143956202e-01
9.535000000314839781e+02 -1.040414459865582897e+00
9.540000000315159241e+02 -7.407151351351342061e-01
9.545000000315479838e+02 -7.771739531141230728e-01
9.550000000315800435e+02 -8.327610294434314442e-01
9.555000000316121032e+02 -6.158805290233162477e-01
9.560000000316440492e+02 -6.949110679210791508e-01
9.565000000316761088e+02 -4.808978942973538562e-01
9.570000000317081685e+02 -7.513796722528495176e-01
9.575000000317402282e+02 -8.065256669524152322e-01
9.580000000317722879e+02 -8.375410727028748115e-01
9.585000000318042339e+02 -6.020097241611005456e-01
9.590000000318362936e+02 -1.114273514819167588e+00
9.595000000318683533e+02 -9.612207805301794528e-01
9.600000000319004130e+02 -7.798217945887658820e-01
9.605000000319323590e+02 -1.126740602965456972e+00
9.610000000319644187e+02 -7.428587073943625496e-01
9.615000000319964784e+02 -7.354923094591436783e-01
9.620000000320285380e+02 -8.263534849220985912e-01
9.625000000320604840e+02 -6.296922277744851915e-01
9.630000000320925437e+02 -6.369433496680095841e-01
9.635000000321246034e+02 -9.580466109731450297e-01
9.640000000321566631e+02 -6.182695453105668815e-01
9.645000000321886091e+02 -9.366749208961246964e-01
9.650000000322206688e+02 -7.866274692808929991e-01
9.655000000322527285e+02 -6.478669375911642048e-01
9.660000000322847882e+02 -4.907886996585104633e-01
9.665000000323168479e+02 -9.989146603722636186e-01
9.670000000323487939e+02 -1.208843761586993359e+00
9.675000000323808536e+02 -7.331037683782473113e-01
9.680000000324129132e+02 -7.036480727714596872e-01
9.685000000324449729e+02 -8.579759718401698265e-01
9.690000000324769189e+02 -6.371529698985266554e-01
9.695000000325089786e+02 -4.045418271467334237e-01
9.700000000325410383e+02 -7.156066937788294613e-01
9.705000000325730980e+02 -9.878525335301885368e-01
9.710000000326050440e+02 -9.153023110619976643e-01
9.715000000326371037e+02 -8.130456392614564542e-01
9.720000000326691634e+02 -8.875757408053883690e-01
9.725000000327012231e+02 -8.557308443991168412e-01
9.730000000327331691e+02 -6.644586014614386471e-01
9.735000000327652288e+02 -8.796534530676271002e-01
9.740000000327972884e+02 -7.377721627201536680e-01
9.745000000328293481e+02 -7.749520613287329551e-01
9.750000000328614078e+02 -5.839169658110157091e-01
9.755000000328933538e+02 -7.042647530412862178e-01
9.760000000329254135e+02 -8.832544957191857948e-01
9.765000000329574732e+02 -9.814919413835139217e-01
9.770000000329895329e+02 -8.937752630995622338e-01
9.775000000330214789e+02 -1.033540285745622622e+00
9.780000000330535386e+02 -5.778193874399083496e-01
9.785000000330855983e+02 -9.331571150742610232e-01
9.790000000331176579e+02 -9.436902197121898039e-01
9.795000000331496040e+02 -8.291857013714637459e-01
9.800000000331816636e+02 -8.482514737783201086e-01
9.805000000332137233e+02 -6.656957315339423475e-01
9.810000000332457830e+02 -8.528177415769008229e-01
9.815000000332777290e+02 -9.620009498621402422e-01
9.820000000333097887e+02 -6.177592990487028590e-01
9.825000000333418484e+02 -9.602431594446070307e-01
9.830000000333739081e+02 -7.383987039800689045e-01
9.835000000334058541e+02 -9.452041571308217316e-01
9.840000000334379138e+02 -7.406061041800101608e-01
9.845000000334699735e+02 -6.702445582828380211e-01
9.850000000335020331e+02 -8.490008045322585684e-01
9.855000000335340928e+02 -9.635958095801278045e-01
9.860000000335660388e+02 -9.767362203949500055e-01
9.865000000335980985e+02 -8.610409767705075046e-01
9.870000000336301582e+02 -8.029792864159716048e-01
9.875000000336622179e+02 -1.025907643919375722e+00
9.880000000336941639e+02 -7.761034850822607911e-01
9.885000000337262236e+02 -9.043298676648819923e-01
9.890000000337582833e+02 -1.008694514134434783e+00
9.895000000337903430e+02 -1.010420394097221175e+00
9.900000000338222890e+02 -7.328896339633156343e-01
9.905000000338543487e+02 -6.216918206187850293e-01
9.910000000338864083e+02 -8.037316728626082707e-01
9.915000000339184680e+02 -7.575051736232023547e-01
9.920000000339504140e+02 -7.059641239004192936e-01
9.925000000339824737e+02 -6.171576801119760258e-01
9.930000000340145334e+02 -7.270635135627429024e-01
9.935000000340465931e+02 -5.622959730287699909e-01
9.940000000340786528e+02 -5.665662069566950176e-01
9.945000000341105988e+02 -6.588969086369418360e-01
9.950000000341426585e+02 -1.168790062870711299e+00
9.955000000341747182e+02 -6.496738397815646771e-01
9.960000000342067779e+02 -1.014246516782875585e+00
9.965000000342387239e+02 -8.615271322004889321e-01
9.970000000342707835e+02 -8.401595928151995851e-01
9.975000000343028432e+02 -1.069626573894919996e+00
9.980000000343349029e+02 -6.572049893402969190e-01
9.985000000343668489e+02 -5.873183316258738795e-01
9.990000000343989086e+02 -7.957999043024314156e-01
9.995000000344309683e+02 -1.014578629607011173e+00
1.000000000034463028e+03 -8.935313737277577051e-01
