# Time (ps)	CV (angstrom)
9.999999999975766229e+01 9.374371771514370622e+00
1.004999999997559001e+02 1.022239480138533096e+01
1.009999999997541380e+02 9.673862872851556105e+00
1.014999999997533990e+02 9.662464875388721453e+00
1.019999999997629061e+02 9.828458926526684181e+00
1.024999999997724132e+02 9.923150291391090505e+00
1.029999999997819060e+02 1.000777655532803578e+01
1.034999999997914131e+02 9.787840766369686918e+00
1.039999999998009201e+02 9.954131500249230768e+00
1.044999999998104272e+02 9.994078025138563248e+00
1.049999999998199343e+02 1.017745391965218715e+01
1.054999999998294413e+02 1.012693566372782428e+01
1.059999999998389484e+02 9.735496186748427760e+00
1.064999999998484554e+02 9.759922425256133849e+00
1.069999999998579483e+02 9.557176955511636152e+00
1.074999999998674554e+02 9.853253109502137619e+00
1.079999999998769624e+02 9.713223492157119665e+00
1.084999999998864695e+02 1.028362325405917943e+01
1.089999999998959765e+02 9.845257875299999739e+00
1.094999999999054836e+02 1.008682462637389499e+01
1.099999999999149907e+02 9.930053102446427360e+00
1.104999999999244977e+02 9.736534694021326430e+00
1.109999999999339906e+02 1.007264960610186044e+01
1.114999999999434976e+02 1.026599798981550826e+01
1.119999999999530047e+02 9.544708120038462695e+00
1.124999999999625118e+02 1.025117963959961820e+01
1.129999999999720188e+02 9.654644753241635513e+00
1.134999999999815259e+02 1.024756999257302859e+01
1.139999999999910330e+02 1.001994171555141833e+01
1.145000000000005400e+02 1.040726121217796774e+01
1.150000000000100329e+02 9.593334739846280712e+00
1.155000000000195399e+02 1.021759069171396916e+01
1.160000000000290470e+02 9.447967919971722139e+00
1.165000000000385540e+02 9.791854182321110045e+00
1.170000000000480611e+02 1.031039782864585952e+01
1.175000000000575682e+02 1.002817806194702577e+01
1.180000000000670752e+02 9.845841381721132990e+00
1.185000000000765823e+02 1.004973096606405214e+01
1.190000000000860751e+02 9.722815473593776403e+00
1.195000000000955822e+02 1.014707257195124868e+01
1.200000000001050893e+02 9.736145927208104567e+00
1.205000000001145963e+02 1.027355655627172482e+01
1.210000000001241034e+02 9.847938873656831404e+00
1.215000000001336105e+02 1.000527165140580799e+01
1.220000000001431175e+02 9.607572452643960759e+00
1.225000000001526246e+02 1.021812624484756071e+01
1.230000000001621174e+02 9.512872982788767473e+00
1.235000000001716245e+02 1.004515395401552524e+01
1.240000000001811316e+02 9.702246646204374159e+00
1.245000000001906386e+02 9.682564106273842341e+00
1.250000000002001457e+02 9.945306553228764557e+00
1.255000000002096527e+02 9.782635320784020649e+00
1.260000000002191598e+02 9.886196979040507316e+00
1.265000000002286527e+02 1.019125275990927904e+01
1.270000000002381597e+02 9.920398579561769736e+00
1.275000000002476668e+02 1.009746468579990086e+01
1.280000000002571880e+02 9.646493673669990443e+00
1.285000000002666809e+02 1.027275088922267621e+01
1.290000000002761738e+02 9.443612957793428464e+00
1.295000000002856950e+02 1.076492170751858346e+01
1.300000000002951879e+02 9.820648065844634900e+00
1.305000000003047091e+02 9.840702694456044952e+00
1.310000000003142020e+02 9.876280454455553581e+00
1.315000000003237233e+02 9.454891083400738694e+00
1.320000000003332161e+02 1.019153582534329239e+01
1.325000000003427090e+02 9.812954310263398483e+00
1.330000000003522302e+02 9.850486629592097643e+00
1.335000000003617231e+02 9.488606530568720387e+00
1.340000000003712444e+02 1.004327539714734030e+01
1.345000000003807372e+02 9.982632790753619645e+00
1.350000000003902585e+02 9.984350112497558882e+00
1.355000000003997513e+02 1.016286112529490993e+01
1.360000000004092726e+02 9.455857226401096938e+00
1.365000000004187655e+02 1.054910236244589150e+01
1.370000000004282583e+02 9.173820057051349508e+00
1.375000000004377796e+02 1.039141897761755828e+01
1.380000000004472724e+02 9.477378180213278824e+00
1.385000000004567937e+02 1.014583985471962535e+01
1.390000000004662866e+02 9.710730415485912204e+00
1.395000000004758078e+02 9.995905841351911292e+00
1.400000000004853007e+02 1.021584912479301543e+01
1.405000000004947935e+02 9.939468445059205237e+00
1.410000000005043148e+02 9.898607557379312638e+00
1.415000000005138077e+02 9.814383376228859035e+00
1.420000000005233289e+02 1.004998035543123081e+01
1.425000000005328218e+02 9.572131413775744946e+00
1.430000000005423431e+02 1.034591179112269721e+01
1.435000000005518359e+02 9.590323196070468015e+00
1.440000000005613572e+02 1.017433600415242623e+01
1.445000000005708500e+02 9.993602462420774657e+00
1.450000000005803429e+02 9.571074190131946935e+00
1.455000000005898642e+02 1.002650280110984760e+01
1.460000000005993570e+02 1.017141147706629489e+01
1.465000000006088783e+02 9.247098354873946491e+00
1.470000000006183711e+02 1.037148674620765476e+01
1.475000000006278924e+02 9.817213974231801643e+00
1.480000000006373853e+02 9.210631229033253931e+00
1.485000000006468781e+02 9.872828610185351295e+00
1.490000000006563994e+02 9.859933056823908970e+00
1.495000000006658922e+02 1.034298896011050140e+01
1.500000000006754135e+02 1.008797478569960226e+01
1.505000000006849064e+02 9.787996122029397839e+00
1.510000000006944276e+02 1.014238401438678849e+01
1.515000000007039205e+02 9.899659328105590461e+00
1.520000000007134133e+02 1.012220305613820237e+01
1.525000000007229346e+02 9.765436451175476762e+00
1.530000000007324275e+02 1.003807168764222268e+01
1.535000000007419487e+02 9.801502817737214102e+00
1.540000000007514416e+02 9.229039024001226110e+00
1.545000000007609628e+02 1.027963191660508180e+01
1.550000000007704557e+02 9.867725209289249122e+00
1.555000000007799770e+02 9.823127479783133609e+00
1.560000000007894698e+02 1.030445143801511776e+01
1.565000000007989627e+02 9.642609191942373315e+00
1.570000000008084839e+02 1.037205309473406878e+01
1.575000000008179768e+02 9.766532480120039494e+00
1.580000000008274981e+02 9.815396511439258731e+00
1.585000000008369909e+02 1.000009033966095373e+01
1.590000000008465122e+02 9.585769187728642393e+00
1.595000000008560050e+02 9.812843485007910260e+00
1.600000000008654979e+02 9.781034032986575255e+00
1.605000000008750192e+02 9.712462947163379212e+00
1.610000000008845120e+02 9.787210084599633930e+00
1.615000000008940333e+02 9.466102310738083503e+00
1.620000000009035261e+02 1.026809648958439780e+01
1.625000000009130474e+02 9.629357424284167521e+00
1.630000000009225403e+02 9.129548296186110079e+00
1.635000000009320615e+02 9.927125367483348839e+00
1.640000000009415544e+02 9.985559891315666903e+00
1.645000000009510472e+02 9.312620953082246800e+00
1.650000000009605685e+02 1.007158807154095825e+01
1.655000000009700614e+02 1.004480054214895546e+01
1.660000000009795826e+02 9.675871818070014285e+00
1.665000000009890755e+02 9.969512696192845524e+00
1.670000000009985968e+02 1.003145410781049840e+01
1.675000000010080896e+02 9.561349496478078080e+00
1.680000000010175825e+02 1.051204853580759924e+01
1.685000000010271037e+02 9.349931163194668216e+00
1.690000000010365966e+02 1.040312981534022008e+01
1.695000000010461179e+02 9.376574215447229577e+00
1.700000000010556107e+02 9.858495223761652326e+00
1.705000000010651320e+02 1.018044992668948368e+01
1.710000000010746248e+02 9.985731781355832837e+00
1.715000000010841177e+02 1.001841039565464087e+01
1.720000000010936390e+02 9.899887856191675439e+00
1.725000000011031318e+02 9.556339841414361658e+00
1.730000000011126531e+02 1.018376934532548361e+01
1.735000000011221459e+02 9.438677460283967591e+00
1.740000000011316672e+02 1.044379770295009102e+01
1.745000000011411601e+02 9.697714780492786346e+00
1.750000000011506813e+02 1.016015940543994667e+01
1.755000000011601742e+02 9.996644207032003848e+00
1.760000000011696670e+02 9.755366597746771617e+00
1.765000000011791883e+02 1.004185796963139765e+01
1.770000000011886812e+02 9.844366077385885205e+00
1.775000000011982024e+02 9.894166224824138212e+00
1.780000000012076953e+02 1.040929423087934680e+01
1.785000000012172165e+02 9.814028628473712601e+00
1.790000000012267094e+02 1.030351762169093277e+01
1.795000000012362023e+02 9.663525037279530494e+00
1.800000000012457235e+02 1.028024887582976632e+01
1.805000000012552164e+02 9.984946064235948882e+00
1.810000000012647376e+02 9.988380714666309501e+00
1.815000000012742305e+02 1.038531609667822408e+01
1.820000000012837518e+02 9.851175500737994639e+00
1.825000000012932446e+02 9.516489622288244021e+00
1.830000000013027659e+02 9.934961900940805890e+00
1.835000000013122587e+02 9.647436332685879634e+00
1.840000000013217516e+02 9.651918941981294964e+00
1.845000000013312729e+02 1.006681254110409895e+01
1.850000000013407657e+02 9.577344506588847395e+00
1.855000000013502870e+02 1.036514831233711931e+01
1.860000000013597798e+02 9.597724075838060642e+00
1.865000000013693011e+02 9.916282077381353588e+00
1.870000000013787940e+02 9.569366424313585640e+00
1.875000000013882868e+02 1.018019348498807553e+01
1.880000000013978081e+02 9.725994878610599415e+00
1.885000000014073009e+02 9.711839486612149130e+00
1.890000000014168222e+02 1.005191212655700106e+01
1.895000000014263151e+02 1.018520388790675923e+01
1.900000000014358363e+02 1.002160124394357688e+01
1.905000000014453292e+02 1.001252698169556155e+01
1.910000000014548220e+02 1.007968539667381513e+01
1.915000000014643433e+02 1.004150755245682625e+01
1.920000000014738362e+02 9.922396743696381805e+00
1.925000000014833574e+02 1.011523592050824583e+01
1.930000000014928503e+02 1.004578759976063651e+01
1.935000000015023716e+02 9.979497437610413968e+00
1.940000000015118644e+02 1.032210304564493164e+01
1.945000000015213857e+02 9.663906541657569349e+00
1.950000000015308785e+02 1.047073306788504610e+01
1.955000000015403714e+02 9.899009392037559252e+00
1.960000000015498927e+02 9.907681427512063266e+00
1.965000000015593855e+02 1.016523249984659394e+01
1.970000000015689068e+02 9.921666922484220663e+00
1.975000000015783996e+02 1.003450607117232707e+01
1.980000000015879209e+02 1.039910363364497670e+01
1.985000000015974138e+02 1.002930157954158830e+01
1.990000000016069066e+02 9.851473577274790117e+00
1.995000000016164279e+02 9.546686303196525003e+00
2.000000000016259207e+02 9.880672018073477503e+00
2.005000000016354420e+02 1.016457005367254851e+01
2.010000000016449349e+02 1.000743023392176134e+01
2.015000000016544561e+02 9.618157236036383395e+00
2.020000000016639490e+02 1.048194950022349481e+01
2.025000000016734703e+02 9.695272189177652322e+00
2.030000000016789556e+02 9.914449126010486779e+00
2.035000000016659385e+02 9.974084119389338809e+00
2.040000000016529214e+02 9.465679229106283898e+00
2.045000000016398758e+02 9.943551401136142331e+00
2.050000000016268586e+02 1.006189457905779605e+01
2.055000000016138415e+02 1.022074501508169853e+01
2.060000000016008244e+02 9.777393760804395484e+00
2.065000000015878072e+02 1.013830955052796590e+01
2.070000000015747617e+02 9.863217852917994577e+00
2.075000000015617445e+02 1.001119975921341165e+01
2.080000000015487274e+02 1.021909423351499413e+01
2.085000000015357102e+02 9.976270250523185723e+00
2.090000000015226931e+02 1.049949184085163800e+01
2.095000000015096475e+02 9.752007257983317245e+00
2.100000000014966304e+02 9.988676819166322218e+00
2.105000000014836132e+02 1.023115572273508356e+01
2.110000000014705961e+02 1.012743333926799139e+01
2.115000000014575789e+02 9.796844505695586847e+00
2.120000000014445618e+02 9.816087611830075943e+00
2.125000000014315162e+02 9.830560852888019951e+00
2.130000000014184991e+02 1.002813442821266854e+01
2.135000000014054820e+02 1.012250521525632507e+01
2.140000000013924648e+02 1.006612278870280619e+01
2.145000000013794477e+02 9.581049698709579232e+00
2.150000000013664021e+02 9.633073196761730017e+00
2.155000000013533850e+02 9.876915985995179170e+00
2.160000000013403678e+02 1.008513616845763039e+01
2.165000000013273507e+02 1.032356694685761234e+01
2.170000000013143335e+02 9.714798585223553218e+00
2.175000000013013164e+02 9.514576200301544162e+00
2.180000000012882708e+02 1.011705164812305924e+01
2.185000000012752537e+02 9.857697115983794944e+00
2.190000000012622365e+02 9.666573769393865589e+00
2.195000000012492194e+02 1.000511568362931669e+01
2.200000000012362023e+02 9.728948949329941698e+00
2.205000000012231567e+02 9.999138328357474848e+00
2.210000000012101395e+02 1.003163002445486640e+01
2.215000000011971224e+02 9.910543248409769745e+00
2.220000000011841053e+02 1.022149266448186822e+01
2.225000000011710881e+02 9.905901269780606810e+00
2.230000000011580710e+02 1.024011703308257815e+01
2.235000000011450254e+02 9.892464769295161275e+00
2.240000000011320083e+02 1.020169898486578575e+01
2.245000000011189911e+02 9.778977116283963156e+00
2.250000000011059740e+02 1.003203045348962164e+01
2.255000000010929568e+02 1.013356261451380647e+01
2.260000000010799113e+02 9.670958867527463809e+00
2.265000000010668941e+02 9.760527783964933590e+00
2.270000000010538770e+02 9.646606791636479272e+00
2.275000000010408598e+02 1.005646204317634052e+01
2.280000000010278427e+02 9.738331533827471631e+00
2.285000000010148256e+02 1.015475598881150532e+01
2.290000000010017800e+02 9.775142329420313914e+00
2.295000000009887628e+02 9.810346945581235545e+00
2.300000000009757457e+02 9.855732204483139469e+00
2.305000000009627286e+02 9.863553547067404281e+00
2.310000000009497114e+02 1.055352816058199039e+01
2.315000000009366659e+02 9.373244272639515984e+00
2.320000000009236487e+02 9.879427993533415275e+00
2.325000000009106316e+02 1.029155157602338910e+01
2.330000000008976144e+02 9.410444346221362721e+00
2.335000000008845973e+02 1.033054139605028077e+01
2.340000000008715517e+02 9.521262516877854409e+00
2.345000000008585346e+02 9.951505679231804180e+00
2.350000000008455174e+02 1.017578683050002297e+01
2.355000000008325003e+02 1.011507365660027524e+01
2.360000000008194831e+02 1.027340068570078913e+01
2.365000000008064660e+02 9.836153367954723947e+00
2.370000000007934204e+02 9.921894812112077133e+00
2.375000000007804033e+02 9.848770134741894111e+00
2.380000000007673862e+02 1.022445575109903437e+01
2.385000000007543690e+02 9.796715539967550512e+00
2.390000000007413519e+02 1.010436848886381433e+01
2.395000000007283063e+02 1.003091005025721572e+01
2.400000000007152892e+02 9.786915433995380553e+00
2.405000000007022720e+02 1.033495912297058261e+01
2.410000000006892549e+02 9.340970105547000912e+00
2.415000000006762377e+02 1.014726957151030007e+01
2.420000000006632206e+02 9.743116475876078653e+00
2.425000000006501750e+02 9.417710889191535983e+00
2.430000000006371579e+02 1.018419070888599265e+01
2.435000000006241407e+02 9.951427905645660488e+00
2.440000000006111236e+02 9.960952645729438615e+00
2.445000000005981065e+02 1.017798588329244858e+01
2.450000000005850609e+02 1.012879584259000687e+01
2.455000000005720437e+02 9.830023386511346217e+00
2.460000000005590266e+02 1.003112759227006023e+01
2.465000000005460095e+02 9.882228607760723094e+00
2.470000000005329923e+02 1.025647188979299607e+01
2.475000000005199752e+02 9.900806459677809812e+00
2.480000000005069296e+02 9.948280455797428701e+00
2.485000000004939125e+02 1.027459164565673611e+01
2.490000000004808953e+02 9.989944941785051213e+00
2.495000000004678782e+02 9.800179817566403884e+00
2.500000000004548610e+02 9.890886841234843629e+00
2.505000000004418155e+02 1.043749485039209546e+01
2.510000000004287983e+02 9.673131241020463733e+00
2.515000000004157812e+02 1.040384478523228751e+01
2.520000000004027640e+02 9.721090110973973353e+00
2.525000000003897469e+02 9.492306310150720350e+00
2.530000000003767013e+02 9.478754288360875080e+00
2.535000000003636842e+02 9.764001326641803757e+00
2.540000000003506671e+02 1.015189697217759068e+01
2.545000000003376499e+02 1.006848341962352222e+01
2.550000000003246328e+02 9.842384456878784604e+00
2.555000000003116156e+02 1.008335846762432375e+01
2.560000000002985985e+02 9.430888420435382002e+00
2.565000000002855813e+02 9.980057437146491850e+00
2.570000000002725642e+02 9.965422408347301086e+00
2.575000000002594902e+02 9.769826853639251851e+00
2.580000000002464731e+02 9.532649847126835496e+00
2.585000000002334559e+02 9.838500937764530718e+00
2.590000000002204388e+02 1.003022480340149514e+01
2.595000000002074216e+02 9.808665142665351055e+00
2.600000000001944045e+02 1.011834112805668440e+01
2.605000000001813873e+02 9.355775473924239805e+00
2.610000000001683702e+02 9.888022985193973824e+00
2.615000000001553531e+02 9.588570204001225505e+00
2.620000000001423359e+02 9.850997219992271070e+00
2.625000000001292619e+02 9.827502766334973217e+00
2.630000000001162448e+02 9.899800698968572732e+00
2.635000000001032276e+02 9.986683425441469808e+00
2.640000000000902105e+02 9.919545528112580612e+00
2.645000000000771934e+02 9.981657834400344598e+00
2.650000000000641762e+02 1.004178427977523924e+01
2.655000000000511591e+02 9.871546744765570480e+00
2.660000000000381419e+02 9.742093864729701735e+00
2.665000000000251248e+02 9.928468117702283990e+00
2.670000000000121076e+02 1.020171345329544543e+01
2.674999999999990905e+02 1.006816263012950330e+01
2.679999999999860165e+02 9.561122386950687613e+00
2.684999999999729994e+02 9.493144025030302302e+00
2.689999999999599822e+02 9.679628897208658600e+00
2.694999999999469651e+02 1.032482898301666374e+01
2.699999999999339479e+02 9.769562459423305256e+00
2.704999999999209308e+02 1.027126773356181566e+01
2.709999999999079137e+02 1.016516281656823040e+01
2.714999999998948965e+02 9.607007676882499680e+00
2.719999999998818794e+02 1.028508921792160358e+01
2.724999999998688622e+02 9.683224927201596444e+00
2.729999999998558451e+02 1.014795668027617204e+01
2.734999999998427711e+02 9.884598355181203999e+00
2.739999999998297540e+02 9.847676385808837196e+00
2.744999999998167368e+02 1.000133931755462058e+01
2.749999999998037197e+02 1.012037792194007579e+01
2.754999999997907025e+02 9.613025361817260972e+00
2.759999999997776854e+02 9.791261734311829557e+00
2.764999999997646682e+02 1.018282121196555501e+01
2.769999999997516511e+02 9.814936371514914271e+00
2.774999999997386340e+02 1.013563990928019898e+01
2.779999999997256168e+02 9.871248169787900650e+00
2.784999999997125997e+02 9.845313515747958988e+00
2.789999999996995257e+02 9.805986254256138679e+00
2.794999999996865085e+02 1.024824551901079062e+01
2.799999999996734914e+02 9.811667216308881834e+00
2.804999999996604743e+02 1.031021834371370538e+01
2.809999999996474571e+02 9.667514909357709740e+00
2.814999999996344400e+02 1.002860425850427717e+01
2.819999999996214228e+02 1.031091355380394248e+01
2.824999999996084057e+02 9.582693489962080591e+00
2.829999999995953885e+02 9.419624434298885518e+00
2.834999999995823714e+02 1.021534516884171140e+01
2.839999999995693543e+02 9.430447099028981484e+00
2.844999999995562803e+02 9.833796477278280435e+00
2.849999999995432631e+02 9.863428140207787465e+00
2.854999999995302460e+02 1.045082291602232694e+01
2.859999999995172288e+02 9.149471305661354137e+00
2.864999999995042117e+02 9.933108385434335830e+00
2.869999999994911946e+02 9.528345297263101088e+00
2.874999999994781774e+02 1.053110320960689350e+01
2.879999999994651603e+02 9.296583928227237337e+00
2.884999999994521431e+02 1.027056480697428498e+01
2.889999999994391260e+02 9.560093101915366987e+00
2.894999999994261088e+02 9.632852272596409193e+00
2.899999999994130349e+02 1.002084319958238545e+01
2.904999999994000177e+02 1.002733509230040454e+01
2.909999999993870006e+02 9.817688072459294091e+00
2.914999999993739834e+02 1.058907543113725502e+01
2.919999999993609663e+02 9.653330034274006266e+00
2.924999999993479491e+02 1.024282119460991503e+01
2.929999999993349320e+02 9.923310298910594796e+00
2.934999999993219149e+02 9.490553791296729713e+00
2.939999999993088977e+02 9.944298610613328648e+00
2.944999999992958806e+02 9.757688520956779854e+00
2.949999999992828634e+02 1.002523610752444583e+01
2.954999999992697894e+02 9.888908952725559587e+00
2.959999999992567723e+02 1.003957224591617070e+01
2.964999999992437552e+02 9.563967206018736178e+00
2.969999999992307380e+02 1.015348642938517720e+01
2.974999999992177209e+02 9.766253215833064161e+00
2.979999999992047037e+02 9.809958195914816770e+00
2.984999999991916866e+02 1.023219415851090019e+01
2.989999999991786694e+02 9.883728917871273723e+00
2.994999999991656523e+02 9.886536814881692337e+00
2.999999999991526352e+02 1.053305915913669999e+01
3.004999999991396180e+02 9.609102409044199433e+00
3.009999999991265440e+02 9.988541494720145408e+00
3.014999999991135269e+02 1.013434257959805329e+01
3.019999999991005097e+02 9.386138470336053530e+00
3.024999999990874926e+02 1.008905557618552606e+01
3.029999999990744755e+02 9.806887383863410079e+00
3.034999999990614583e+02 9.814667157976060707e+00
3.039999999990484412e+02 1.014901978776371827e+01
3.044999999990354240e+02 9.415343875044435151e+00
3.049999999990224069e+02 9.899567149981734815e+00
3.054999999990093897e+02 9.776079216133313210e+00
3.059999999989963158e+02 9.925084958522887746e+00
3.064999999989832986e+02 9.804270565035768215e+00
3.069999999989702815e+02 1.014612463297373779e+01
3.074999999989572643e+02 9.695235129184442968e+00
3.079999999989442472e+02 9.881725923363358532e+00
3.084999999989312300e+02 9.862082958966093216e+00
3.089999999989182129e+02 1.035115830129200809e+01
3.094999999989051958e+02 9.776718809369871366e+00
3.099999999988921786e+02 1.009364307515996906e+01
3.104999999988791615e+02 9.722439023082362297e+00
3.109999999988661443e+02 9.981301585061398640e+00
3.114999999988530703e+02 1.031323152293486167e+01
3.119999999988400532e+02 9.199490667550195511e+00
3.124999999988270361e+02 1.001290426523790167e+01
3.129999999988140189e+02 9.475574049119769526e+00
3.134999999988010018e+02 1.030611538493997870e+01
3.139999999987879846e+02 9.570366634283061558e+00
3.144999999987749675e+02 9.846546044003407161e+00
3.149999999987619503e+02 9.936493413518183715e+00
3.154999999987489332e+02 1.004524002901849045e+01
3.159999999987359161e+02 9.772608579852912314e+00
3.164999999987228989e+02 9.963153292223141833e+00
3.169999999987098249e+02 9.513297858467623769e+00
3.174999999986968078e+02 1.031584970049367911e+01
3.179999999986837906e+02 9.912422054046539088e+00
3.184999999986707735e+02 9.943987529373973899e+00
3.189999999986577564e+02 9.848109083814010845e+00
3.194999999986447392e+02 1.009579280456438433e+01
3.199999999986317221e+02 1.002275779128107303e+01
3.204999999986187049e+02 9.892849945729807359e+00
3.209999999986056878e+02 9.656354048638986498e+00
3.214999999985926706e+02 1.012902946082616040e+01
3.219999999985796535e+02 9.855636541858412869e+00
3.224999999985665795e+02 1.023254282862803421e+01
3.229999999985535624e+02 9.821501293566058166e+00
3.234999999985405452e+02 1.011720459509425574e+01
3.239999999985275281e+02 9.878718772248468838e+00
3.244999999985145109e+02 9.885830948735559787e+00
3.249999999985014938e+02 1.006395069564603340e+01
3.254999999984884766e+02 9.846363676251094432e+00
3.259999999984754595e+02 9.915468984695888111e+00
3.264999999984624424e+02 9.730807718005786811e+00
3.269999999984494252e+02 9.936942454423506987e+00
3.274999999984364081e+02 9.593320344833257352e+00
3.279999999984233341e+02 1.007249782180890918e+01
3.284999999984103169e+02 1.017716704321521703e+01
3.289999999983972998e+02 9.361987927788227637e+00
3.294999999983842827e+02 9.823335648326263936e+00
3.299999999983712655e+02 9.153156040648447345e+00
3.304999999983582484e+02 9.682572097367364350e+00
3.309999999983452312e+02 1.015749199224922350e+01
3.314999999983322141e+02 9.987326109069217139e+00
3.319999999983191969e+02 9.982356323671982778e+00
3.324999999983061798e+02 1.035128854156914535e+01
3.329999999982931627e+02 9.343489831995952954e+00
3.334999999982800887e+02 9.853283213278658081e+00
3.339999999982670715e+02 9.714050560273596702e+00
3.344999999982540544e+02 1.033601899671387692e+01
3.349999999982410372e+02 9.985924315840593479e+00
3.354999999982280201e+02 9.769108700811273138e+00
3.359999999982150030e+02 9.666096621418034829e+00
3.364999999982019858e+02 9.885596614620919098e+00
3.369999999981889687e+02 1.003610325256532043e+01
3.374999999981759515e+02 9.715416883747559851e+00
3.379999999981629344e+02 1.059885983434604029e+01
3.384999999981499172e+02 9.397877815677986746e+00
3.389999999981368433e+02 1.000975112977598691e+01
3.394999999981238261e+02 9.839495943582670989e+00
3.399999999981108090e+02 9.546182400477375651e+00
3.404999999980977918e+02 9.533931596138783604e+00
3.409999999980847747e+02 1.015309547254126343e+01
3.414999999980717575e+02 9.655410286651409990e+00
3.419999999980587404e+02 9.702358588435787468e+00
3.424999999980457233e+02 1.027661856678723673e+01
3.429999999980327061e+02 9.422745327459701059e+00
3.434999999980196890e+02 9.466735394533440484e+00
3.439999999980066718e+02 9.786230589935218660e+00
3.444999999979935978e+02 1.017089193722670615e+01
3.449999999979805807e+02 9.421619171023026595e+00
3.454999999979675636e+02 9.984463594181718804e+00
3.459999999979545464e+02 9.562269653334720232e+00
3.464999999979415293e+02 1.070982024743593364e+01
3.469999999979285121e+02 9.576252256690644060e+00
3.474999999979154950e+02 1.051971152238512985e+01
3.479999999979024778e+02 9.906065581222700089e+00
3.484999999978894607e+02 1.013288382506576291e+01
3.489999999978764436e+02 1.038365240891640440e+01
3.494999999978633696e+02 9.728252660840393418e+00
3.499999999978503524e+02 1.050021757906483266e+01
3.504999999978373353e+02 9.980348500746870855e+00
3.509999999978243181e+02 1.019043174029890508e+01
3.514999999978113010e+02 9.940876860796800329e+00
3.519999999977982839e+02 9.740036122916654548e+00
3.524999999977852667e+02 9.804889389120244658e+00
3.529999999977722496e+02 9.819409517842251134e+00
3.534999999977592324e+02 1.001267442238786387e+01
3.539999999977462153e+02 1.011219910368504138e+01
3.544999999977331981e+02 9.925814735443887926e+00
3.549999999977201242e+02 9.756352149797990592e+00
3.554999999977071070e+02 1.011475107165596476e+01
3.559999999976940899e+02 9.971950229170651880e+00
3.564999999976810727e+02 1.005647627103680897e+01
3.569999999976680556e+02 1.010901237950989007e+01
3.574999999976550384e+02 1.011260155351364354e+01
3.579999999976420213e+02 9.642259934365428720e+00
3.584999999976290042e+02 1.009015097517375814e+01
3.589999999976159870e+02 1.001765790496517639e+01
3.594999999976029699e+02 1.015725848144344390e+01
3.599999999975899527e+02 9.979495133652251937e+00
3.604999999975768787e+02 9.777971047191110543e+00
3.609999999975638616e+02 9.998757133172508915e+00
3.614999999975508445e+02 9.852625558025536634e+00
3.619999999975378273e+02 9.766763359847688619e+00
3.624999999975248102e+02 9.923201779109213305e+00
3.629999999975117930e+02 1.033430890613715469e+01
3.634999999974987759e+02 9.674420040880720606e+00
3.639999999974857587e+02 1.012240650568639566e+01
3.644999999974727416e+02 1.016075006542263814e+01
3.649999999974597245e+02 9.932570533939907520e+00
3.654999999974467073e+02 9.672521216903909647e+00
3.659999999974336333e+02 9.947552975413170628e+00
3.664999999974206162e+02 9.918453177315122105e+00
3.669999999974075990e+02 1.022442296736431366e+01
3.674999999973945819e+02 9.692070324621067101e+00
3.679999999973815648e+02 9.690794333250339676e+00
3.684999999973685476e+02 9.588234808089788785e+00
3.689999999973555305e+02 1.003492626748518468e+01
3.694999999973425133e+02 1.008221376471747099e+01
3.699999999973294962e+02 1.013560873025176612e+01
3.704999999973164790e+02 9.915701202221363530e+00
3.709999999973034619e+02 1.043225139245765121e+01
3.714999999972903879e+02 9.896326452632440152e+00
3.719999999972773708e+02 9.475315562458508367e+00
3.724999999972643536e+02 1.000960911563021583e+01
3.729999999972513365e+02 9.463608557965066836e+00
3.734999999972383193e+02 9.639294617841283497e+00
3.739999999972253022e+02 1.016054059333267645e+01
3.744999999972122851e+02 1.022189331766944420e+01
3.749999999971992679e+02 9.470159511446466283e+00
3.754999999971862508e+02 9.813444906475876195e+00
3.759999999971732336e+02 9.947823860995049117e+00
3.764999999971602165e+02 9.998166081032691110e+00
3.769999999971471425e+02 9.710812780362108043e+00
3.774999999971341254e+02 9.734194569206497505e+00
3.779999999971211082e+02 9.985294633222819627e+00
3.784999999971080911e+02 9.645912301207529183e+00
3.789999999970950739e+02 1.034313992165448326e+01
3.794999999970820568e+02 9.938926194637760503e+00
3.799999999970690396e+02 9.741832943931163058e+00
3.804999999970560225e+02 9.795510007748562842e+00
3.809999999970430054e+02 1.014198881213425807e+01
3.814999999970299882e+02 9.683615739726114668e+00
3.819999999970169711e+02 1.018017139731214549e+01
3.824999999970038971e+02 9.625289828662788594e+00
3.829999999969908799e+02 1.036724263240600052e+01
3.834999999969778628e+02 9.904804305201619030e+00
3.839999999969648456e+02 9.674319188231867983e+00
3.844999999969518285e+02 1.014958314259959771e+01
3.849999999969388114e+02 9.699577233920672725e+00
3.854999999969257942e+02 1.007351989264294545e+01
3.859999999969127771e+02 1.027435031709021196e+01
3.864999999968997599e+02 9.761686180846616878e+00
3.869999999968867428e+02 9.919426368607981104e+00
3.874999999968737256e+02 9.809361542453553184e+00
3.879999999968606517e+02 9.795840436391843653e+00
3.884999999968476345e+02 1.013770908880790600e+01
3.889999999968346174e+02 9.901956996336789274e+00
3.894999999968216002e+02 9.880354518897457083e+00
3.899999999968085831e+02 9.795843691433057998e+00
3.904999999967955659e+02 1.008488450936692615e+01
3.909999999967825488e+02 1.030535148430246473e+01
3.914999999967695317e+02 9.474114837537385370e+00
3.919999999967565145e+02 1.023470025948421380e+01
3.924999999967434974e+02 9.650420907449191787e+00
3.929999999967304234e+02 9.720598090087566590e+00
3.934999999967174062e+02 1.005985363684065170e+01
3.939999999967043891e+02 1.019459647555724935e+01
3.944999999966913720e+02 9.434652573430978961e+00
3.949999999966783548e+02 1.072814516686448627e+01
3.954999999966653377e+02 9.417408227498897944e+00
3.959999999966523205e+02 1.034560838945611749e+01
3.964999999966393034e+02 9.956949283826867614e+00
3.969999999966262862e+02 9.706876337409250155e+00
3.974999999966132691e+02 1.010909368853926082e+01
3.979999999966002520e+02 9.937678452543535101e+00
3.984999999965871780e+02 1.003273391666005843e+01
3.989999999965741608e+02 9.837376037749596236e+00
3.994999999965611437e+02 9.989175643466269960e+00
3.999999999965481265e+02 9.940228854369067335e+00
4.004999999965351094e+02 1.010872378996256771e+01
4.009999999965220923e+02 9.961707378428998894e+00
4.014999999965090751e+02 9.475547378993701031e+00
4.019999999964960580e+02 9.254352686608909195e+00
4.024999999964830408e+02 9.740380843184430759e+00
4.029999999964700237e+02 1.027309962449549374e+01
4.034999999964570065e+02 9.593739834856476634e+00
4.039999999964439326e+02 9.484187051280439817e+00
4.044999999964309154e+02 9.963413767674261123e+00
4.049999999964178983e+02 9.821600334369106733e+00
4.054999999964048811e+02 1.009771214076423540e+01
4.059999999964079507e+02 9.606035547664806273e+00
4.064999999964400104e+02 9.672089888096246924e+00
4.069999999964720132e+02 1.014491937188613768e+01
4.074999999965040729e+02 9.844374209113791352e+00
4.079999999965360757e+02 9.886657004245211766e+00
4.084999999965681354e+02 9.815053153871280855e+00
4.089999999966001383e+02 1.011931327088097099e+01
4.094999999966321980e+02 9.985235747227692471e+00
4.099999999966642008e+02 1.018521274813333832e+01
4.104999999966962605e+02 9.867362213924236514e+00
4.109999999967282633e+02 1.031299932917997175e+01
4.114999999967603230e+02 9.881573099794284332e+00
4.119999999967923259e+02 1.031307227639083024e+01
4.124999999968243856e+02 9.650530487696045157e+00
4.129999999968563884e+02 9.642024116318864913e+00
4.134999999968884481e+02 9.641247134264229857e+00
4.139999999969205078e+02 1.013320540050967722e+01
4.144999999969525106e+02 9.752567909398582202e+00
4.149999999969845703e+02 9.871299712735696730e+00
4.154999999970165732e+02 9.988208940138479264e+00
4.159999999970486328e+02 1.042115776163479168e+01
4.164999999970806357e+02 9.445894265318479199e+00
4.169999999971126954e+02 1.034177649442047020e+01
4.174999999971446982e+02 9.835219969552113639e+00
4.179999999971767579e+02 9.962332720296368294e+00
4.184999999972087608e+02 9.894147693151023049e+00
4.189999999972408204e+02 1.003015287859338045e+01
4.194999999972728233e+02 1.014431351471288778e+01
4.199999999973048830e+02 9.256603879727434148e+00
4.204999999973368858e+02 1.009891336933205608e+01
4.209999999973689455e+02 9.833926795217921679e+00
4.214999999974009484e+02 9.707054301215029213e+00
4.219999999974330080e+02 9.569243779509550407e+00
4.224999999974650109e+02 9.407134772139933432e+00
4.229999999974970706e+02 9.763078108224114260e+00
4.234999999975291303e+02 1.019176124477024103e+01
4.239999999975611331e+02 9.562209686419897992e+00
4.244999999975931928e+02 9.708382985458625214e+00
4.249999999976251956e+02 9.833613201645400537e+00
4.254999999976572553e+02 9.820086051465363397e+00
4.259999999976892582e+02 9.592248369181817225e+00
4.264999999977213179e+02 1.001840376784016229e+01
4.269999999977533207e+02 9.698612170260437537e+00
4.274999999977853804e+02 9.648950841644809984e+00
4.279999999978173832e+02 1.000613118097166776e+01
4.284999999978494429e+02 1.006705455666115157e+01
4.289999999978814458e+02 1.005369398165773198e+01
4.294999999979135055e+02 9.884861223492638516e+00
4.299999999979455083e+02 1.028760733650379677e+01
4.304999999979775680e+02 9.419805340964563456e+00
4.309999999980095708e+02 1.041630602845449616e+01
4.314999999980416305e+02 9.885414996570622392e+00
4.319999999980736902e+02 1.004964585297886970e+01
4.324999999981056931e+02 9.656101547978915178e+00
4.329999999981377528e+02 1.052224725740668987e+01
4.334999999981697556e+02 9.150608687460231039e+00
4.339999999982018153e+02 1.012563167663495278e+01
4.344999999982338181e+02 9.328676918968232812e+00
4.349999999982658778e+02 1.054635860202495046e+01
4.354999999982978807e+02 9.367593373285300729e+00
4.359999999983299404e+02 1.010851994403484611e+01
4.364999999983619432e+02 9.855409732914031551e+00
4.369999999983940029e+02 9.395483649038194329e+00
4.374999999984260057e+02 9.549392965601281702e+00
4.379999999984580654e+02 9.657067258101864837e+00
4.384999999984900683e+02 9.863012988372883427e+00
4.389999999985221280e+02 1.035603063332271212e+01
4.394999999985541308e+02 9.589462867297681825e+00
4.399999999985861905e+02 1.015354300340021965e+01
4.404999999986182502e+02 9.947715434562574899e+00
4.409999999986502530e+02 9.989375414840681700e+00
4.414999999986823127e+02 9.887825657143242353e+00
4.419999999987143156e+02 9.991544351881927355e+00
4.424999999987463752e+02 9.737989397817857551e+00
4.429999999987783781e+02 9.903249927338912073e+00
4.434999999988104378e+02 9.596225122609968849e+00
4.439999999988424406e+02 1.033654249330539265e+01
4.444999999988745003e+02 9.830076650884372214e+00
4.449999999989065032e+02 9.508353061848699994e+00
4.454999999989385628e+02 9.538437752090999311e+00
4.459999999989705657e+02 9.853626104435511124e+00
4.464999999990026254e+02 9.826838263888971525e+00
4.469999999990346282e+02 9.512844690183618113e+00
4.474999999990666879e+02 9.695543747894850739e+00
4.479999999990986908e+02 9.933498303139412400e+00
4.484999999991307504e+02 9.602910335010140130e+00
4.489999999991627533e+02 1.011909524359718127e+01
4.494999999991948130e+02 1.021200221803168695e+01
4.499999999992268727e+02 9.590854513363986200e+00
4.504999999992588755e+02 9.872531163630322126e+00
4.509999999992909352e+02 1.003090450004039269e+01
4.514999999993229380e+02 1.007448747019864932e+01
4.519999999993549977e+02 9.441165796145602584e+00
4.524999999993870006e+02 1.042078721998011481e+01
4.529999999994190603e+02 1.009854645273196816e+01
4.534999999994510631e+02 9.384296491821576325e+00
4.539999999994831228e+02 1.002779318597209368e+01
4.544999999995151256e+02 9.218504744009340612e+00
4.549999999995471853e+02 1.071422913530761711e+01
4.554999999995791882e+02 9.622224741551185900e+00
4.559999999996112479e+02 9.529076611765102456e+00
4.564999999996432507e+02 1.046539994624210657e+01
4.569999999996753104e+02 9.671287202208123546e+00
4.574999999997073132e+02 9.845105773248235437e+00
4.579999999997393729e+02 9.678058406713518025e+00
4.584999999997714326e+02 9.858967366452935366e+00
4.589999999998034355e+02 9.829955465450998631e+00
4.594999999998354951e+02 9.739502999759281465e+00
4.599999999998674980e+02 9.793142105061756197e+00
4.604999999998995577e+02 9.825020168703664680e+00
4.609999999999315605e+02 1.003228024211002278e+01
4.614999999999636202e+02 1.025127343160922599e+01
4.619999999999956231e+02 1.004651985548958848e+01
4.625000000000276827e+02 1.008534952212541036e+01
4.630000000000596856e+02 9.853799945271489946e+00
4.635000000000917453e+02 9.672644634762157523e+00
4.640000000001237481e+02 9.703695694251099013e+00
4.645000000001558078e+02 9.982750025582612707e+00
4.650000000001878107e+02 1.044928222965344844e+01
4.655000000002198703e+02 9.710285863833371778e+00
4.660000000002518732e+02 1.046521106688403435e+01
4.665000000002839329e+02 9.705513389697063786e+00
4.670000000003159357e+02 9.362797787207146172e+00
4.675000000003479954e+02 1.003032742951075029e+01
4.680000000003800551e+02 9.904629000473764933e+00
4.685000000004120579e+02 9.986394556982737924e+00
4.690000000004441176e+02 9.988853099438633976e+00
4.695000000004761205e+02 1.007758600157595019e+01
4.700000000005081802e+02 9.876074386026662211e+00
4.705000000005401830e+02 1.024497778383848789e+01
4.710000000005722427e+02 9.916100214216308828e+00
4.715000000006042455e+02 9.983847801432329305e+00
4.720000000006363052e+02 1.011840336712602273e+01
4.725000000006683081e+02 1.013730601134248133e+01
4.730000000007003678e+02 1.044271218915486976e+01
4.735000000007323706e+02 9.750326072680019607e+00
4.740000000007644303e+02 9.603798988818448734e+00
4.745000000007964331e+02 1.012151003404948035e+01
4.750000000008284928e+02 1.017366938129364939e+01
4.755000000008604957e+02 1.003992023781547793e+01
4.760000000008925554e+02 9.973267597667920370e+00
4.765000000009246151e+02 9.981207343383367459e+00
4.770000000009566179e+02 9.988121777800023082e+00
4.775000000009886776e+02 1.042866018572958353e+01
4.780000000010206804e+02 9.744763614931679641e+00
4.785000000010527401e+02 1.029451199862942445e+01
4.790000000010847430e+02 1.040214683354134806e+01
4.795000000011168027e+02 9.864811842533134367e+00
4.800000000011488055e+02 1.041448464315914713e+01
4.805000000011808652e+02 1.009688687063215440e+01
4.810000000012128680e+02 9.846914744472661241e+00
4.815000000012449277e+02 9.919431269493278691e+00
4.820000000012769306e+02 1.003201599546039446e+01
4.825000000013089902e+02 9.743940236461218873e+00
4.830000000013409931e+02 9.960274597629750204e+00
4.835000000013730528e+02 1.024620238254210136e+01
4.840000000014050556e+02 9.604829797863244423e+00
4.845000000014371153e+02 1.036575105601008318e+01
4.850000000014691750e+02 9.774056318425659029e+00
4.855000000015011778e+02 9.783393559458104960e+00
4.860000000015332375e+02 1.020350258788256781e+01
4.865000000015652404e+02 9.510864368259634105e+00
4.870000000015973001e+02 1.002177388375924849e+01
4.875000000016293029e+02 9.806964209200504712e+00
4.880000000016613626e+02 9.819024892017768735e+00
4.885000000016933654e+02 1.013571642380846249e+01
4.890000000017254251e+02 9.867876606762647995e+00
4.895000000017574280e+02 9.992743250368549823e+00
4.900000000017894877e+02 9.604688271868615956e+00
4.905000000018214905e+02 9.477951466727313701e+00
4.910000000018535502e+02 1.035266152788804561e+01
4.915000000018855530e+02 9.423751510781153584e+00
4.920000000019176127e+02 1.023941311389221909e+01
4.925000000019496156e+02 9.681801450522188546e+00
4.930000000019816753e+02 1.019053400233862661e+01
4.935000000020136781e+02 9.615694738308341982e+00
4.940000000020457378e+02 9.788222240783527539e+00
4.945000000020777975e+02 9.988316016540704112e+00
4.950000000021098003e+02 9.360041640249814776e+00
4.955000000021418600e+02 1.040685380998752585e+01
4.960000000021738629e+02 9.931347742981763815e+00
4.965000000022059226e+02 9.731108324532543818e+00
4.970000000022379254e+02 9.779499600405397786e+00
4.975000000022699851e+02 1.012727048294335219e+01
4.980000000023019879e+02 1.030243925390935900e+01
4.985000000023340476e+02 9.379519500151907607e+00
4.990000000023660505e+02 1.025626020256559379e+01
4.995000000023981102e+02 9.784543002499205500e+00
5.000000000024301130e+02 9.631376267300883143e+00
5.005000000024621727e+02 1.031337757406483036e+01
5.010000000024941755e+02 9.720796502539629458e+00
5.015000000025262352e+02 9.320362643506415523e+00
5.020000000025582381e+02 9.750721335123486710e+00
5.025000000025902978e+02 9.450923421889591225e+00
5.030000000026223574e+02 1.049112614958393763e+01
5.035000000026543603e+02 9.611004509705184162e+00
5.040000000026864200e+02 9.979820434284100372e+00
5.045000000027184228e+02 9.870587649026271393e+00
5.050000000027504825e+02 1.013762138072937447e+01
5.055000000027824854e+02 9.995980256088671467e+00
5.060000000028145450e+02 1.004868814997046833e+01
5.065000000028465479e+02 1.039156937555421401e+01
5.070000000028786076e+02 9.840077490706113039e+00
5.075000000029106104e+02 1.006469627928804655e+01
5.080000000029426701e+02 1.014700051235521272e+01
5.085000000029746730e+02 9.756877033511944575e+00
5.090000000030067326e+02 1.006089189294367436e+01
5.095000000030387355e+02 9.980463268074625915e+00
5.100000000030707952e+02 9.710258927879378277e+00
5.105000000031027980e+02 9.402604157769889781e+00
5.110000000031348577e+02 1.029513621463356721e+01
5.115000000031668606e+02 9.895023278348594076e+00
5.120000000031989202e+02 9.976421626637348439e+00
5.125000000032309799e+02 1.014145292637665285e+01
5.130000000032630396e+02 9.718662569131792495e+00
5.135000000032949856e+02 9.765762843413668293e+00
5.140000000033270453e+02 9.472097307316287740e+00
5.145000000033591050e+02 1.022595937589555248e+01
5.150000000033911647e+02 9.625206586135908182e+00
5.155000000034231107e+02 1.019284589958758502e+01
5.160000000034551704e+02 9.267290816985893187e+00
5.165000000034872301e+02 1.039782527616287489e+01
5.170000000035192897e+02 9.686034289829649424e+00
5.175000000035512357e+02 9.515250366572395535e+00
5.180000000035832954e+02 1.010491742147048910e+01
5.185000000036153551e+02 1.002535228116695087e+01
5.190000000036474148e+02 9.597004140091788926e+00
5.195000000036793608e+02 1.020612982155874526e+01
5.200000000037114205e+02 9.877479067433021953e+00
5.205000000037434802e+02 9.810392274919550459e+00
5.210000000037755399e+02 9.876739592372940635e+00
5.215000000038075996e+02 9.949401593854066306e+00
5.220000000038395456e+02 9.963764140242847844e+00
5.225000000038716053e+02 9.674813401815743674e+00
5.230000000039036649e+02 1.037224404090438057e+01
5.235000000039357246e+02 9.295295576575465901e+00
5.240000000039676706e+02 1.013029056411762596e+01
5.245000000039997303e+02 1.034044415024518493e+01
5.250000000040317900e+02 9.620727559431948350e+00
5.255000000040638497e+02 9.569364363914187877e+00
5.260000000040957957e+02 1.016162607641421722e+01
5.265000000041278554e+02 1.018001272598032081e+01
5.270000000041599151e+02 9.686070467777168957e+00
5.275000000041919748e+02 1.003416090267595351e+01
5.280000000042239208e+02 9.817788527293114242e+00
5.285000000042559805e+02 9.942660409194783000e+00
5.290000000042880401e+02 9.924753468472339080e+00
5.295000000043200998e+02 1.034592163486744987e+01
5.300000000043521595e+02 9.864720832990114374e+00
5.305000000043841055e+02 1.031053594852731869e+01
5.310000000044161652e+02 9.988604262724068761e+00
5.315000000044482249e+02 1.000963008059972559e+01
5.320000000044802846e+02 1.041309555339722870e+01
5.325000000045122306e+02 9.693815134749961260e+00
5.330000000045442903e+02 9.782596266177781885e+00
5.335000000045763500e+02 9.870233916059415691e+00
5.340000000046084097e+02 9.815972027562732904e+00
5.345000000046403557e+02 1.006790117074553592e+01
5.350000000046724153e+02 9.818499761642812018e+00
5.355000000047044750e+02 1.016534527607425353e+01
5.360000000047365347e+02 9.772584256812232084e+00
5.365000000047684807e+02 1.036680493680237269e+01
5.370000000048005404e+02 9.838359728841025387e+00
5.375000000048326001e+02 9.861722758768905805e+00
5.380000000048646598e+02 9.845500639500242457e+00
5.385000000048967195e+02 9.796499718763353570e+00
5.390000000049286655e+02 9.872950019909371377e+00
5.395000000049607252e+02 1.002753822570852016e+01
5.400000000049927849e+02 9.729390024812978766e+00
5.405000000050248445e+02 1.007660865156689312e+01
5.410000000050567905e+02 9.998565925994377324e+00
5.415000000050888502e+02 1.021606709126846901e+01
5.420000000051209099e+02 1.002578106587810325e+01
5.425000000051529696e+02 9.963763608612246969e+00
5.430000000051849156e+02 9.729687634270321794e+00
5.435000000052169753e+02 9.917813884925962498e+00
5.440000000052490350e+02 1.020862480203043710e+01
5.445000000052810947e+02 1.010949097218178849e+01
5.450000000053130407e+02 9.943122397029791060e+00
5.455000000053451004e+02 9.766604927030110517e+00
5.460000000053771601e+02 1.000901885746852038e+01
5.465000000054092197e+02 9.576216454004516265e+00
5.470000000054411657e+02 9.585799686791267149e+00
5.475000000054732254e+02 1.054264023327013433e+01
5.480000000055052851e+02 9.456176999764810631e+00
5.485000000055373448e+02 9.858490380259942398e+00
5.490000000055694045e+02 1.001135593878414198e+01
5.495000000056013505e+02 9.633229895336123505e+00
5.500000000056334102e+02 1.010353153075674015e+01
5.505000000056654699e+02 9.931057750635581272e+00
5.510000000056975296e+02 9.608421246389495352e+00
5.515000000057294756e+02 9.893979861456974945e+00
5.520000000057615352e+02 1.040062594000775675e+01
5.525000000057935949e+02 9.536650030422597624e+00
5.530000000058256546e+02 1.022563726146364083e+01
5.535000000058576006e+02 9.618840519407060086e+00
5.540000000058896603e+02 1.020003116812958766e+01
5.545000000059217200e+02 9.742246528805317496e+00
5.550000000059537797e+02 1.074749852511860659e+01
5.555000000059857257e+02 9.277368506277515081e+00
5.560000000060177854e+02 1.025887216590914264e+01
5.565000000060498451e+02 9.501715822822161428e+00
5.570000000060819048e+02 1.015484849255958544e+01
5.575000000061139644e+02 9.719683073453369460e+00
5.580000000061459104e+02 1.013698563041000256e+01
5.585000000061779701e+02 9.986395347575390602e+00
5.590000000062100298e+02 9.575868388979651868e+00
5.595000000062420895e+02 1.035174473344213020e+01
5.600000000062740355e+02 1.001996187527181092e+01
5.605000000063060952e+02 9.788947730798637892e+00
5.610000000063381549e+02 9.684560811265670921e+00
5.615000000063702146e+02 9.869877188422890413e+00
5.620000000064021606e+02 9.509186536406241785e+00
5.625000000064342203e+02 1.008039472229143030e+01
5.630000000064662800e+02 9.908756738204306913e+00
5.635000000064983396e+02 9.583255224848580056e+00
5.640000000065302856e+02 1.007360651191120660e+01
5.645000000065623453e+02 9.964867507591744555e+00
5.650000000065944050e+02 1.030490257557777767e+01
5.655000000066264647e+02 1.010685252067072604e+01
5.660000000066585244e+02 9.587196625637885106e+00
5.665000000066904704e+02 9.857117832732310347e+00
5.670000000067225301e+02 9.676044277027308738e+00
5.675000000067545898e+02 9.867075580599951934e+00
5.680000000067866495e+02 1.001950657236450581e+01
5.685000000068185955e+02 9.700784729074351631e+00
5.690000000068506552e+02 9.700216381070768890e+00
5.695000000068827148e+02 9.571058909286296768e+00
5.700000000069147745e+02 9.491169792821617435e+00
5.705000000069467205e+02 1.012815064605918103e+01
5.710000000069787802e+02 9.741254740174547067e+00
5.715000000070108399e+02 9.700661612809932777e+00
5.720000000070428996e+02 1.017730272955543036e+01
5.725000000070748456e+02 9.871164288362228589e+00
5.730000000071069053e+02 9.584779360973053386e+00
5.735000000071389650e+02 1.038921148189481158e+01
5.740000000071710247e+02 9.153760754723215598e+00
5.745000000072030844e+02 9.777657272147928680e+00
5.750000000072350304e+02 9.959925434235366026e+00
5.755000000072670900e+02 9.903614206922943808e+00
5.760000000072991497e+02 1.017402602912691911e+01
5.765000000073312094e+02 9.794647776141797380e+00
5.770000000073631554e+02 9.948793576198980304e+00
5.775000000073952151e+02 1.005069672141271653e+01
5.780000000074272748e+02 1.001006779039821559e+01
5.785000000074593345e+02 1.019472302490891913e+01
5.790000000074912805e+02 1.009566046483625179e+01
5.795000000075233402e+02 9.998542668454879490e+00
5.800000000075553999e+02 9.775182996528144486e+00
5.805000000075874595e+02 1.007535659201641742e+01
5.810000000076194056e+02 1.006280813851424583e+01
5.815000000076514652e+02 9.760631499826834201e+00
5.820000000076835249e+02 1.037186725460898451e+01
5.825000000077155846e+02 9.444443924223419273e+00
5.830000000077476443e+02 9.986609654413912907e+00
5.835000000077795903e+02 9.784670557434127502e+00
5.840000000078116500e+02 9.845785005546401791e+00
5.845000000078437097e+02 9.976110719665868487e+00
5.850000000078757694e+02 9.584475035817902722e+00
5.855000000079077154e+02 1.011988785902601151e+01
5.860000000079397751e+02 9.723312388968777142e+00
5.865000000079718347e+02 1.032074387301206997e+01
5.870000000080038944e+02 9.892518692464713936e+00
5.875000000080358404e+02 1.005055515518091980e+01
5.880000000080679001e+02 9.714945237965119773e+00
5.885000000080999598e+02 1.026769616187687895e+01
5.890000000081320195e+02 9.317144493430205898e+00
5.895000000081639655e+02 1.003071986522114578e+01
5.900000000081960252e+02 9.736523712874324943e+00
5.905000000082280849e+02 9.737114901564307701e+00
5.910000000082601446e+02 1.023862063722654803e+01
5.915000000082920906e+02 9.849361755736092405e+00
5.920000000083241503e+02 9.978060316891646409e+00
5.925000000083562099e+02 1.008960574653290188e+01
5.930000000083882696e+02 9.503321962013114188e+00
5.935000000084203293e+02 1.039968346783397024e+01
5.940000000084522753e+02 9.525401810238964373e+00
5.945000000084843350e+02 1.014041127301388023e+01
5.950000000085163947e+02 1.012136927899476113e+01
5.955000000085484544e+02 1.005254181042176498e+01
5.960000000085804004e+02 1.011743764132430279e+01
5.965000000086124601e+02 9.696709182458532084e+00
5.970000000086445198e+02 1.009642599990184486e+01
5.975000000086765795e+02 1.003201781230802858e+01
5.980000000087085255e+02 9.484719995533994918e+00
5.985000000087405851e+02 1.063310980265250194e+01
5.990000000087726448e+02 9.767444849168903431e+00
5.995000000088047045e+02 1.025457886357879644e+01
6.000000000088366505e+02 9.414985835820173676e+00
6.005000000088687102e+02 9.997343152826228874e+00
6.010000000089007699e+02 1.027468173793490891e+01
6.015000000089328296e+02 9.699704672851273912e+00
6.020000000089648893e+02 1.036700024153948263e+01
6.025000000089968353e+02 9.649213595834094548e+00
6.030000000090288950e+02 1.006572966247596845e+01
6.035000000090609547e+02 9.943379011460041994e+00
6.040000000090930143e+02 1.001578509540237327e+01
6.045000000091249603e+02 1.031565275161528028e+01
6.050000000091570200e+02 9.487650744689847926e+00
6.055000000091890797e+02 1.005255491655595179e+01
6.060000000092211394e+02 9.635990827354499189e+00
6.065000000092530854e+02 1.002834613356192150e+01
6.070000000092851451e+02 9.931528679985166974e+00
6.075000000093172048e+02 9.578834288720305068e+00
6.080000000093492645e+02 9.438539612036505488e+00
6.085000000093812105e+02 9.443187163246472338e+00
6.090000000094132702e+02 1.056691381069944313e+01
6.095000000094453299e+02 9.130410078997833523e+00
6.100000000094773895e+02 9.989028480106179941e+00
6.105000000095094492e+02 9.429597896289992676e+00
6.110000000095413952e+02 1.021890839664954775e+01
6.115000000095734549e+02 9.907978276978100851e+00
6.120000000096055146e+02 9.850630549933820035e+00
6.125000000096375743e+02 1.019860826173575674e+01
6.130000000096695203e+02 9.740097148553930495e+00
6.135000000097015800e+02 1.000574507514614275e+01
6.140000000097336397e+02 9.540789303243968789e+00
6.145000000097656994e+02 1.008902124430934144e+01
6.150000000097976454e+02 1.036119396636428469e+01
6.155000000098297050e+02 9.747991608357049031e+00
6.160000000098617647e+02 1.021382833502321752e+01
6.165000000098938244e+02 9.519976341198978176e+00
6.170000000099257704e+02 1.009318390890515538e+01
6.175000000099578301e+02 1.005651617153138488e+01
6.180000000099898898e+02 9.483999177888961185e+00
6.185000000100219495e+02 1.006677939260268140e+01
6.190000000100540092e+02 1.002672492417094929e+01
6.195000000100859552e+02 1.005540972424818413e+01
6.200000000101180149e+02 9.559671592770193627e+00
6.205000000101500746e+02 9.412150334964401566e+00
6.210000000101821342e+02 1.032020619806320383e+01
6.215000000102140802e+02 9.778203058849916474e+00
6.220000000102461399e+02 9.784154336749923075e+00
6.225000000102781996e+02 9.701242028775546089e+00
6.230000000103102593e+02 9.906780465343748787e+00
6.235000000103422053e+02 1.000290305979991601e+01
6.240000000103742650e+02 9.672161166586795034e+00
6.245000000104063247e+02 9.836047972335963507e+00
6.250000000104383844e+02 1.012016259541176311e+01
6.255000000104703304e+02 1.012525463607617127e+01
6.260000000105023901e+02 9.689649531118851300e+00
6.265000000105344498e+02 9.868878921023817696e+00
6.270000000105665094e+02 1.017762924722105566e+01
6.275000000105985691e+02 9.708557650642386960e+00
6.280000000106305151e+02 1.008242136264806277e+01
6.285000000106625748e+02 9.985853266561576902e+00
6.290000000106946345e+02 1.004026486742418633e+01
6.295000000107266942e+02 9.907433817255302699e+00
6.300000000107586402e+02 9.878592944534274167e+00
6.305000000107906999e+02 1.030926803769736821e+01
6.310000000108227596e+02 9.573641483541967645e+00
6.315000000108548193e+02 1.062229005961278361e+01
6.320000000108867653e+02 9.811141193644608904e+00
6.325000000109188250e+02 9.840209687558461482e+00
6.330000000109508846e+02 1.037439882983234085e+01
6.335000000109829443e+02 9.756525860986513976e+00
6.340000000110148903e+02 1.005664141745261198e+01
6.345000000110469500e+02 1.001548194531507185e+01
6.350000000110790097e+02 9.951390808208165240e+00
6.355000000111110694e+02 9.597423883640427533e+00
6.360000000111430154e+02 9.978953008286765680e+00
6.365000000111750751e+02 9.751652899067822844e+00
6.370000000112071348e+02 1.028957812901850311e+01
6.375000000112391945e+02 9.538038255825803446e+00
6.380000000112712542e+02 9.945468204436846094e+00
6.385000000113032002e+02 9.850461068066170611e+00
6.390000000113352598e+02 9.155046442890403924e+00
6.395000000113673195e+02 9.856784327300259108e+00
6.400000000113993792e+02 9.819025859547565460e+00
6.405000000114313252e+02 9.089941548033305452e+00
6.410000000114633849e+02 9.803359330497318780e+00
6.415000000114954446e+02 9.767160713589936094e+00
6.420000000115275043e+02 1.053246470849423133e+01
6.425000000115594503e+02 9.537741118993762868e+00
6.430000000115915100e+02 9.617065764855405874e+00
6.435000000116235697e+02 9.338870933393751628e+00
6.440000000116556294e+02 9.927112751573970328e+00
6.445000000116875754e+02 9.890846230232344993e+00
6.450000000117196350e+02 1.024064718572166299e+01
6.455000000117516947e+02 1.006122408411795455e+01
6.460000000117837544e+02 9.766509958783776923e+00
6.465000000118158141e+02 1.036633184734582969e+01
6.470000000118477601e+02 1.001485977204445099e+01
6.475000000118798198e+02 1.015293936260203900e+01
6.480000000119118795e+02 9.634289024927394252e+00
6.485000000119439392e+02 9.571116712439115659e+00
6.490000000119758852e+02 9.906796124105120782e+00
6.495000000120079449e+02 1.000386120405834944e+01
6.500000000120400045e+02 9.427584898451636164e+00
6.505000000120720642e+02 1.015310504685323068e+01
6.510000000121040102e+02 9.866450443954219551e+00
6.515000000121360699e+02 9.845334439473964139e+00
6.520000000121681296e+02 1.001103067700879912e+01
6.525000000122001893e+02 9.855930655639092208e+00
6.530000000122321353e+02 1.011501482242950445e+01
6.535000000122641950e+02 9.620528344603926030e+00
6.540000000122962547e+02 9.855783083087816365e+00
6.545000000123283144e+02 9.561123700078276499e+00
6.550000000123603741e+02 9.771401302613016426e+00
6.555000000123923201e+02 1.025483261621319819e+01
6.560000000124243797e+02 8.957380826794510753e+00
6.565000000124564394e+02 1.063823011247728800e+01
6.570000000124884991e+02 9.552657253278235672e+00
6.575000000125204451e+02 9.717065281199912974e+00
6.580000000125525048e+02 9.569481930553381588e+00
6.585000000125845645e+02 1.023743750245743733e+01
6.590000000126166242e+02 1.002394913692094214e+01
6.595000000126485702e+02 9.768281218967974411e+00
6.600000000126806299e+02 9.586553720040237536e+00
6.605000000127126896e+02 9.781115982005914589e+00
6.610000000127447493e+02 9.746103585744259945e+00
6.615000000127766953e+02 1.011645410170349102e+01
6.620000000128087549e+02 9.850061880752759791e+00
6.625000000128408146e+02 9.661613119489334878e+00
6.630000000128728743e+02 9.842559754345332479e+00
6.635000000129049340e+02 1.010376061142665094e+01
6.640000000129368800e+02 9.773734524419307235e+00
6.645000000129689397e+02 9.715984489897788734e+00
6.650000000130009994e+02 1.029551901582009421e+01
6.655000000130330591e+02 9.497452523599028140e+00
6.660000000130650051e+02 1.049016115944344918e+01
6.665000000130970648e+02 9.682138189023799413e+00
6.670000000131291245e+02 1.022739817219831338e+01
6.675000000131611841e+02 9.696777013648148369e+00
6.680000000131931301e+02 1.049250264119952902e+01
6.685000000132251898e+02 9.925747984016215497e+00
6.690000000132572495e+02 1.024560281301743458e+01
6.695000000132893092e+02 1.031003863121679309e+01
6.700000000133212552e+02 9.634612180781727986e+00
6.705000000133533149e+02 1.005208275834701759e+01
6.710000000133853746e+02 9.891238475699905663e+00
6.715000000134174343e+02 1.002973738239374235e+01
6.720000000134494940e+02 9.590211611582242668e+00
6.725000000134814400e+02 1.023219545640784567e+01
6.730000000135134997e+02 9.620078519134493078e+00
6.735000000135455593e+02 1.012637559562184997e+01
6.740000000135776190e+02 1.020520204637062456e+01
6.745000000136095650e+02 9.962146298108484288e+00
6.750000000136416247e+02 9.667100051329640564e+00
6.755000000136736844e+02 9.914257879989017752e+00
6.760000000137057441e+02 9.982037346242210063e+00
6.765000000137376901e+02 9.577739609528748588e+00
6.770000000137697498e+02 9.803973985954087311e+00
6.775000000138018095e+02 9.801113010972258621e+00
6.780000000138338692e+02 1.056659621928856652e+01
6.785000000138658152e+02 9.431828111055393649e+00
6.790000000138978749e+02 1.049222405386234591e+01
6.795000000139299345e+02 9.931739339824702029e+00
6.800000000139619942e+02 9.710167948744642175e+00
6.805000000139939402e+02 1.012967550103114611e+01
6.810000000140259999e+02 1.018200751787033376e+01
6.815000000140580596e+02 1.027632494487999892e+01
6.820000000140901193e+02 1.001931031046773413e+01
6.825000000141221790e+02 9.632306419433243505e+00
6.830000000141541250e+02 1.005590301444663837e+01
6.835000000141861847e+02 9.778614595676815568e+00
6.840000000142182444e+02 9.722255770607139524e+00
6.845000000142503040e+02 1.015378460108270531e+01
6.850000000142822500e+02 9.521395016279884160e+00
6.855000000143143097e+02 1.040150804102980331e+01
6.860000000143463694e+02 9.735144499591353195e+00
6.865000000143784291e+02 1.012673722867377180e+01
6.870000000144103751e+02 9.288654268131320890e+00
6.875000000144424348e+02 9.874906145551967995e+00
6.880000000144744945e+02 1.011861464061552596e+01
6.885000000145065542e+02 1.002882554521575820e+01
6.890000000145385002e+02 9.693542662197817350e+00
6.895000000145705599e+02 1.000480892099571051e+01
6.900000000146026196e+02 1.019840134608933013e+01
6.905000000146346792e+02 9.461302400287729952e+00
6.910000000146667389e+02 1.049818163723958264e+01
6.915000000146986849e+02 9.710973268617250298e+00
6.920000000147307446e+02 9.963224960910988415e+00
6.925000000147628043e+02 1.056245407756217247e+01
6.930000000147948640e+02 9.364858334776844373e+00
6.935000000148268100e+02 1.015988258233220698e+01
6.940000000148588697e+02 9.773628478987694379e+00
6.945000000148909294e+02 1.011045997875652525e+01
6.950000000149229891e+02 9.143754107662362074e+00
6.955000000149549351e+02 1.000325638440855158e+01
6.960000000149869948e+02 9.456847929856492030e+00
6.965000000150190544e+02 9.882334737624026033e+00
6.970000000150511141e+02 1.000648315018973200e+01
6.975000000150830601e+02 9.950920981685984046e+00
6.980000000151151198e+02 9.740249631619919413e+00
6.985000000151471795e+02 9.536890414456433263e+00
6.990000000151792392e+02 1.053732595193309507e+01
6.995000000152112989e+02 9.878056630941696170e+00
7.000000000152432449e+02 9.932345433345760810e+00
7.005000000152753046e+02 9.934254510555616591e+00
7.010000000153073643e+02 9.918087376318780457e+00
7.015000000153394240e+02 9.873898211533804314e+00
7.020000000153713700e+02 9.963156752098409896e+00
7.025000000154034296e+02 1.002216070302649698e+01
7.030000000154354893e+02 1.003406428635448755e+01
7.035000000154675490e+02 9.853107418976168930e+00
7.040000000154994950e+02 9.998121489746532475e+00
7.045000000155315547e+02 9.970766469444470204e+00
7.050000000155636144e+02 1.006884317658338013e+01
7.055000000155956741e+02 9.964730767210269846e+00
7.060000000156276201e+02 1.009102442886163686e+01
7.065000000156596798e+02 9.719330322532163891e+00
7.070000000156917395e+02 1.026399456187389347e+01
7.075000000157237992e+02 9.349332729286867760e+00
7.080000000157558588e+02 1.016667324239858594e+01
7.085000000157878048e+02 9.201661536161306998e+00
7.090000000158198645e+02 1.034141158438878882e+01
7.095000000158519242e+02 9.961613533230467610e+00
7.100000000158839839e+02 9.845470082939723255e+00
7.105000000159159299e+02 9.859174923167186577e+00
7.110000000159479896e+02 1.031436988477813088e+01
7.115000000159800493e+02 9.720209852294690478e+00
7.120000000160121090e+02 1.021380606110154865e+01
7.125000000160440550e+02 9.878703757653044093e+00
7.130000000160761147e+02 9.779150292388239407e+00
7.135000000161081743e+02 1.052034869486014301e+01
7.140000000161402340e+02 9.632220828746641317e+00
7.145000000161721800e+02 1.002154166218068099e+01
7.150000000162042397e+02 9.272466868354394265e+00
7.155000000162362994e+02 9.763319447449356758e+00
7.160000000162683591e+02 9.904263712413039045e+00
7.165000000163003051e+02 1.008673674641507390e+01
7.170000000163323648e+02 9.771843861535995046e+00
7.175000000163644245e+02 9.986137718414212827e+00
7.180000000163964842e+02 1.005336616155017104e+01
7.185000000164285439e+02 1.001697675943543153e+01
7.190000000164604899e+02 9.647779437621892384e+00
7.195000000164925495e+02 1.034723658881951991e+01
7.200000000165246092e+02 9.380335708076605883e+00
7.205000000165566689e+02 9.917449208717371789e+00
7.210000000165886149e+02 9.646865365111647606e+00
7.215000000166206746e+02 9.973944458865618756e+00
7.220000000166527343e+02 9.660542895614414149e+00
7.225000000166847940e+02 1.023268316440960923e+01
7.230000000167167400e+02 9.867066391874313780e+00
7.235000000167487997e+02 1.014257764089789404e+01
7.240000000167808594e+02 9.754600418895719827e+00
7.245000000168129191e+02 9.787364175228647767e+00
7.250000000168448651e+02 9.915275943631899125e+00
7.255000000168769247e+02 9.630586154830032442e+00
7.260000000169089844e+02 1.032605974427067075e+01
7.265000000169410441e+02 9.956023044079810091e+00
7.270000000169731038e+02 9.509759242810819302e+00
7.275000000170050498e+02 1.040852686836782581e+01
7.280000000170371095e+02 9.518412201824048680e+00
7.285000000170691692e+02 1.019051543281160832e+01
7.290000000171012289e+02 9.754023250351210095e+00
7.295000000171331749e+02 9.726814516456592230e+00
7.300000000171652346e+02 9.940064041479613977e+00
7.305000000171972943e+02 1.016227488683553659e+01
7.310000000172293539e+02 1.004467255789046654e+01
7.315000000172612999e+02 1.012044131431493099e+01
7.320000000172933596e+02 1.010527807156328350e+01
7.325000000173254193e+02 1.004706419862267097e+01
7.330000000173574790e+02 9.972703593614870243e+00
7.335000000173894250e+02 9.951669996599155965e+00
7.340000000174214847e+02 9.582467730344570001e+00
7.345000000174535444e+02 9.860456464539467447e+00
7.350000000174856041e+02 1.009138766393574116e+01
7.355000000175176638e+02 9.691223812432598450e+00
7.360000000175496098e+02 9.771437300835684070e+00
7.365000000175816695e+02 1.027132471734438113e+01
7.370000000176137291e+02 9.546341332567257254e+00
7.375000000176457888e+02 1.050597992470732045e+01
7.380000000176777348e+02 9.662689196830761773e+00
7.385000000177097945e+02 1.000981846660279295e+01
7.390000000177418542e+02 9.968659055917706624e+00
7.395000000177739139e+02 9.891392381272083867e+00
7.400000000178058599e+02 9.876781368095516100e+00
7.405000000178379196e+02 1.015339968732520148e+01
7.410000000178699793e+02 9.730040480633785904e+00
7.415000000179020390e+02 9.628766933360813240e+00
7.420000000179339850e+02 9.658509851887687958e+00
7.425000000179660447e+02 1.029776108346564278e+01
7.430000000179981043e+02 9.513439482674236558e+00
7.435000000180301640e+02 1.005122697640492646e+01
7.440000000180622237e+02 9.954097466742151568e+00
7.445000000180941697e+02 1.005369466780407883e+01
7.450000000181262294e+02 9.944357307410765401e+00
7.455000000181582891e+02 1.004366628051386456e+01
7.460000000181903488e+02 9.996173251626496281e+00
7.465000000182222948e+02 1.026995911221682611e+01
7.470000000182543545e+02 9.945876356655162454e+00
7.475000000182864142e+02 1.008466910903635672e+01
7.480000000183184738e+02 9.666344493160325513e+00
7.485000000183504199e+02 1.003983294758693567e+01
7.490000000183824795e+02 9.819319434058710883e+00
7.495000000184145392e+02 1.017393083919708907e+01
7.500000000184465989e+02 1.013773094648910345e+01
7.505000000184785449e+02 9.668913875820544845e+00
7.510000000185106046e+02 1.020737937238553705e+01
7.515000000185426643e+02 9.596147318428236872e+00
7.520000000185747240e+02 1.021086621283119733e+01
7.525000000186067837e+02 1.004677799232699797e+01
7.530000000186387297e+02 9.602924208262187733e+00
7.535000000186707894e+02 9.819500270016263244e+00
7.540000000187028490e+02 9.733725251139430767e+00
7.545000000187349087e+02 1.007965421141674511e+01
7.550000000187668547e+02 9.998605321260303214e+00
7.555000000187989144e+02 9.779081047797381743e+00
7.560000000188309741e+02 1.033791140825046639e+01
7.565000000188630338e+02 9.977732986967458473e+00
7.570000000188949798e+02 9.893181458083619262e+00
7.575000000189270395e+02 1.001722719867332323e+01
7.580000000189590992e+02 9.860683052319066277e+00
7.585000000189911589e+02 1.004769882892368393e+01
7.590000000190231049e+02 9.995065422933274490e+00
7.595000000190551646e+02 9.982303027347736446e+00
7.600000000190872242e+02 9.740325548241846931e+00
7.605000000191192839e+02 9.317730510762048723e+00
7.610000000191512299e+02 9.626763248366330572e+00
7.615000000191832896e+02 1.035337741917874688e+01
7.620000000192153493e+02 1.008642133086345716e+01
7.625000000192474090e+02 9.714873431406772397e+00
7.630000000192794687e+02 9.662449243386710407e+00
7.635000000193114147e+02 1.048810634907636086e+01
7.640000000193434744e+02 9.604275157186650702e+00
7.645000000193755341e+02 9.451019499935313206e+00
7.650000000194075938e+02 9.739818085874309972e+00
7.655000000194395398e+02 1.059052285478268196e+01
7.660000000194715994e+02 9.671618851201154499e+00
7.665000000195036591e+02 9.765523607528850292e+00
7.670000000195357188e+02 9.438942734651051936e+00
7.675000000195676648e+02 9.936561158956294548e+00
7.680000000195997245e+02 9.741997043761998043e+00
7.685000000196317842e+02 9.906365600835163931e+00
7.690000000196638439e+02 9.983528102065651666e+00
7.695000000196957899e+02 1.052127635613859802e+01
7.700000000197278496e+02 9.584562408145243850e+00
7.705000000197599093e+02 1.013124837819935919e+01
7.710000000197919690e+02 9.764863315063726290e+00
7.715000000198240286e+02 9.715030620400726846e+00
7.720000000198559746e+02 9.870851104765945294e+00
7.725000000198880343e+02 9.275565400236471802e+00
7.730000000199200940e+02 1.012815194615859227e+01
7.735000000199521537e+02 9.862218552483204448e+00
7.740000000199840997e+02 9.823311820652639526e+00
7.745000000200161594e+02 9.919545767922437918e+00
7.750000000200482191e+02 9.870076388451668237e+00
7.755000000200802788e+02 1.025418573454743765e+01
7.760000000201122248e+02 9.953308435223902961e+00
7.765000000201442845e+02 9.736157492523632939e+00
7.770000000201763442e+02 9.617052166422288551e+00
7.775000000202084038e+02 1.022995427593324358e+01
7.780000000202403498e+02 9.624218329525223936e+00
7.785000000202724095e+02 1.007633144071214026e+01
7.790000000203044692e+02 9.881435570911261124e+00
7.795000000203365289e+02 1.032202086956590215e+01
7.800000000203685886e+02 9.666695471648548477e+00
7.805000000204005346e+02 9.893085355179918494e+00
7.810000000204325943e+02 9.895497667647234152e+00
7.815000000204646540e+02 9.312611198302537474e+00
7.820000000204967137e+02 9.575862082805793207e+00
7.825000000205286597e+02 1.011420134432905549e+01
7.830000000205607193e+02 8.956070256259019757e+00
7.835000000205927790e+02 1.019192264964201833e+01
7.840000000206248387e+02 1.011129527289400976e+01
7.845000000206567847e+02 9.647375128330791583e+00
7.850000000206888444e+02 1.004575522133563936e+01
7.855000000207209041e+02 9.959891291985844219e+00
7.860000000207529638e+02 9.742053485170623972e+00
7.865000000207849098e+02 9.876324943461119332e+00
7.870000000208169695e+02 1.034007968354615059e+01
7.875000000208490292e+02 1.013953567916277976e+01
7.880000000208810889e+02 9.895955705611090281e+00
7.885000000209131485e+02 1.011211965865849294e+01
7.890000000209450945e+02 9.858949776802564458e+00
7.895000000209771542e+02 1.014243213132901467e+01
7.900000000210092139e+02 9.939012501009139910e+00
7.905000000210412736e+02 1.024547635791473077e+01
7.910000000210732196e+02 9.712425428917045522e+00
7.915000000211052793e+02 9.969453367481447614e+00
7.920000000211373390e+02 9.673730173343622951e+00
7.925000000211693987e+02 1.042063783551438405e+01
7.930000000212013447e+02 1.008261334665101394e+01
7.935000000212334044e+02 1.021097028058445311e+01
7.940000000212654641e+02 1.002833640818076510e+01
7.945000000212975237e+02 9.848005991845852236e+00
7.950000000213294697e+02 1.019996481300295699e+01
7.955000000213615294e+02 9.742210450818152623e+00
7.960000000213935891e+02 1.039089266537991030e+01
7.965000000214256488e+02 1.008935110779190580e+01
7.970000000214577085e+02 1.007704897476115136e+01
7.975000000214896545e+02 9.870028354787038438e+00
7.980000000215217142e+02 9.657909249738592550e+00
7.985000000215537739e+02 1.026476020880835271e+01
7.990000000215858336e+02 9.326348813498391621e+00
7.995000000216177796e+02 9.911354294768072393e+00
8.000000000216498393e+02 1.018273462089816483e+01
8.005000000216818989e+02 9.331000462619911673e+00
8.010000000217139586e+02 1.003504313867744280e+01
8.015000000217459046e+02 1.002164402901410689e+01
8.020000000217779643e+02 9.983245213080106595e+00
8.025000000218100240e+02 9.833963853824197798e+00
8.030000000218420837e+02 1.016257021226013357e+01
8.035000000218740297e+02 9.766674058600745667e+00
8.040000000219060894e+02 1.019687848280798192e+01
8.045000000219381491e+02 9.826761609075674642e+00
8.050000000219702088e+02 1.010749857072423374e+01
8.055000000220021548e+02 9.888675874495753249e+00
8.060000000220342145e+02 9.795218532245179688e+00
8.065000000220662741e+02 1.031699934039290945e+01
8.070000000220983338e+02 9.936016968570960728e+00
8.075000000221303935e+02 1.005147839199416637e+01
8.080000000221623395e+02 9.771367010380293650e+00
8.085000000221943992e+02 1.004499399799639470e+01
8.090000000222264589e+02 1.024746461370608586e+01
8.095000000222585186e+02 9.440959306956392183e+00
8.100000000222904646e+02 1.030252501285783850e+01
8.105000000223225243e+02 9.360539760347348803e+00
8.110000000223545840e+02 1.022234168524251885e+01
8.115000000223866436e+02 9.646967258883933027e+00
8.120000000224185897e+02 1.000946453126807612e+01
8.125000000224506493e+02 1.031842332092447201e+01
8.130000000224827090e+02 9.958842567796043710e+00
8.135000000225147687e+02 1.011794649462973972e+01
8.140000000225467147e+02 1.023369527272680379e+01
8.145000000225787744e+02 1.011590304365745574e+01
8.150000000226108341e+02 1.002201472855270303e+01
8.155000000226428938e+02 1.016021983904367332e+01
8.160000000226749535e+02 9.914626017379765344e+00
8.165000000227068995e+02 1.004975351315607135e+01
8.170000000227389592e+02 9.883948841646416739e+00
8.175000000227710188e+02 1.008844781793635548e+01
8.180000000228030785e+02 9.964413464318237601e+00
8.185000000228350245e+02 9.878048921074690014e+00
8.190000000228670842e+02 9.802774156807608108e+00
8.195000000228991439e+02 9.747921048377143904e+00
8.200000000229312036e+02 9.898660380454359142e+00
8.205000000229631496e+02 9.696330882404598839e+00
8.210000000229952093e+02 9.884102156544713580e+00
8.215000000230272690e+02 1.020358889876662545e+01
8.220000000230593287e+02 9.683741869760980947e+00
8.225000000230912747e+02 1.021740232989813180e+01
8.230000000231233344e+02 9.603431711821523109e+00
8.235000000231553940e+02 9.936804053225351652e+00
8.240000000231874537e+02 9.972604469797518689e+00
8.245000000232195134e+02 9.998858275203513557e+00
8.250000000232514594e+02 9.776787730487994210e+00
8.255000000232835191e+02 9.938308029920365883e+00
8.260000000233155788e+02 1.018257626731267607e+01
8.265000000233476385e+02 9.786975959774851574e+00
8.270000000233795845e+02 1.026091437802646134e+01
8.275000000234116442e+02 9.553319355726822337e+00
8.280000000234437039e+02 1.013293762584680024e+01
8.285000000234757636e+02 1.007598775323297602e+01
8.290000000235077096e+02 9.757222739503513154e+00
8.295000000235397692e+02 1.020938328586515098e+01
8.300000000235718289e+02 9.906677971300981156e+00
8.305000000236038886e+02 9.996889677396536555e+00
8.310000000236358346e+02 9.878559362587759907e+00
8.315000000236678943e+02 9.971310555892255678e+00
8.320000000236999540e+02 1.001321167974323245e+01
8.325000000237320137e+02 1.006496515866903607e+01
8.330000000237640734e+02 1.019083586590742918e+01
8.335000000237960194e+02 1.016988052017693001e+01
8.340000000238280791e+02 1.017175112186400199e+01
8.345000000238601388e+02 9.908119686757643763e+00
8.350000000238921984e+02 1.019373518278037949e+01
8.355000000239241444e+02 9.808456248036430125e+00
8.360000000239562041e+02 9.705711715569529829e+00
8.365000000239882638e+02 9.912714803251144957e+00
8.370000000240203235e+02 1.002673667903719945e+01
8.375000000240522695e+02 9.618481793047838124e+00
8.380000000240843292e+02 9.970817694375416096e+00
8.385000000241163889e+02 9.913102233314305067e+00
8.390000000241484486e+02 9.670785736399613697e+00
8.395000000241803946e+02 1.041412923741464880e+01
8.400000000242124543e+02 1.004808319722956433e+01
8.405000000242445140e+02 9.764723918977182393e+00
8.410000000242765736e+02 9.686341896048546118e+00
8.415000000243086333e+02 1.022552391144579076e+01
8.420000000243405793e+02 9.498485293063785306e+00
8.425000000243726390e+02 9.846925686698645208e+00
8.430000000244046987e+02 9.884273128207622605e+00
8.435000000244367584e+02 1.042889183946337894e+01
8.440000000244687044e+02 9.622929959379067810e+00
8.445000000245007641e+02 9.740029046043515493e+00
8.450000000245328238e+02 9.782634208945305332e+00
8.455000000245648835e+02 1.006771804013931870e+01
8.460000000245968295e+02 9.871654472415853476e+00
8.465000000246288892e+02 1.002172311225762513e+01
8.470000000246609488e+02 9.619653506502009677e+00
8.475000000246930085e+02 9.924263042512260213e+00
8.480000000247249545e+02 9.889970024389976189e+00
8.485000000247570142e+02 9.899703777462052656e+00
8.490000000247890739e+02 9.941430583033689317e+00
8.495000000248211336e+02 9.363687203056427322e+00
8.500000000248530796e+02 1.042823365542401426e+01
8.505000000248851393e+02 9.921515987438779050e+00
8.510000000249171990e+02 9.607427089520601982e+00
8.515000000249492587e+02 1.022034818852241145e+01
8.520000000249813183e+02 1.001591756498783603e+01
8.525000000250132643e+02 1.019709033904095641e+01
8.530000000250453240e+02 1.009166382366320569e+01
8.535000000250773837e+02 1.002936395489052579e+01
8.540000000251094434e+02 1.008052063861931202e+01
8.545000000251413894e+02 9.655381673341995707e+00
8.550000000251734491e+02 1.034861564993942196e+01
8.555000000252055088e+02 9.780812591694026281e+00
8.560000000252375685e+02 9.546632812226219400e+00
8.565000000252695145e+02 9.728113562053396279e+00
8.570000000253015742e+02 1.058265034390046466e+01
8.575000000253336339e+02 9.594355210944705448e+00
8.580000000253656935e+02 9.920614576032692256e+00
8.585000000253976395e+02 1.029272911540766877e+01
8.590000000254296992e+02 9.560574090007321502e+00
8.595000000254617589e+02 1.077141230177460329e+01
8.600000000254938186e+02 9.184664938294693215e+00
8.605000000255258783e+02 9.827703777685556474e+00
8.610000000255578243e+02 1.001513462604846794e+01
8.615000000255898840e+02 9.874792861833226354e+00
8.620000000256219437e+02 9.963990897660270463e+00
8.625000000256540034e+02 9.849264445490133468e+00
8.630000000256859494e+02 9.790981601179504779e+00
8.635000000257180091e+02 9.574131637435696618e+00
8.640000000257500687e+02 9.868053186311700031e+00
8.645000000257821284e+02 9.289005793734975924e+00
8.650000000258140744e+02 1.001951033476841779e+01
8.655000000258461341e+02 9.310114699897589219e+00
8.660000000258781938e+02 9.217569410445189959e+00
8.665000000259102535e+02 1.004228503755553881e+01
8.670000000259421995e+02 1.011147819186928309e+01
8.675000000259742592e+02 9.774670546703449148e+00
8.680000000260063189e+02 9.982561963936243288e+00
8.685000000260383786e+02 9.909973012146622295e+00
8.690000000260704383e+02 1.019382168288248636e+01
8.695000000261023843e+02 9.734345611042009239e+00
8.700000000261344439e+02 9.786637889973871296e+00
8.705000000261665036e+02 1.014973422730313146e+01
8.710000000261985633e+02 9.511775839170732993e+00
8.715000000262305093e+02 1.031201187183132184e+01
8.720000000262625690e+02 1.001834639604757804e+01
8.725000000262946287e+02 9.799931818745259093e+00
8.730000000263266884e+02 1.008973566509785691e+01
8.735000000263586344e+02 9.525817028103908513e+00
8.740000000263906941e+02 9.761931501197688377e+00
8.745000000264227538e+02 9.976239660241624563e+00
8.750000000264548135e+02 1.056563488195904377e+01
8.755000000264867595e+02 9.672087898486918078e+00
8.760000000265188191e+02 1.026333100829892864e+01
8.765000000265508788e+02 9.716972124890261853e+00
8.770000000265829385e+02 1.050639351527686571e+01
8.775000000266149982e+02 9.815749641292070393e+00
8.780000000266469442e+02 9.740351245690305859e+00
8.785000000266790039e+02 9.811514896285075338e+00
8.790000000267110636e+02 9.791281921340184269e+00
8.795000000267431233e+02 1.016479620136174056e+01
8.800000000267750693e+02 1.019126891168290250e+01
8.805000000268071290e+02 9.956272337533700778e+00
8.810000000268391886e+02 1.013780139667505331e+01
8.815000000268712483e+02 9.833287678119138064e+00
8.820000000269031943e+02 9.897275183894688411e+00
8.825000000269352540e+02 9.964637714767651033e+00
8.830000000269673137e+02 9.565696082188363647e+00
8.835000000269993734e+02 1.000506987717832885e+01
8.840000000270313194e+02 1.021927317547165792e+01
8.845000000270633791e+02 9.948278992178380520e+00
8.850000000270954388e+02 1.029861658919054079e+01
8.855000000271274985e+02 1.000796182156593517e+01
8.860000000271595582e+02 1.038551093002757320e+01
8.865000000271915042e+02 9.919978470162023498e+00
8.870000000272235638e+02 1.031428129558699247e+01
8.875000000272556235e+02 9.846793174559895334e+00
8.880000000272876832e+02 1.023295010577899511e+01
8.885000000273196292e+02 9.366121146848943368e+00
8.890000000273516889e+02 1.018436114551621152e+01
8.895000000273837486e+02 9.550400615827514983e+00
8.900000000274158083e+02 1.025617375338624271e+01
8.905000000274477543e+02 9.641925391207117002e+00
8.910000000274798140e+02 9.996068074095488143e+00
8.915000000275118737e+02 9.744899326530498840e+00
8.920000000275439334e+02 1.013509333400418555e+01
8.925000000275758794e+02 9.698909559544507175e+00
8.930000000276079390e+02 1.038375830901565244e+01
8.935000000276399987e+02 9.955195930263732507e+00
8.940000000276720584e+02 9.750039218908051808e+00
8.945000000277040044e+02 9.961535809264564278e+00
8.950000000277360641e+02 9.703483430956765687e+00
8.955000000277681238e+02 9.596478689727250710e+00
8.960000000278001835e+02 1.039842645417227907e+01
8.965000000278322432e+02 9.584427267381641968e+00
8.970000000278641892e+02 1.007528272432105787e+01
8.975000000278962489e+02 9.839484679698012215e+00
8.980000000279283086e+02 1.015223969159470130e+01
8.985000000279603682e+02 9.626573124538721160e+00
8.990000000279923142e+02 9.424360008783796872e+00
8.995000000280243739e+02 9.777633222876257690e+00
9.000000000280564336e+02 1.008073911684942203e+01
9.005000000280884933e+02 9.583559973756219819e+00
9.010000000281204393e+02 1.036998753103742921e+01
9.015000000281524990e+02 9.476704146535666951e+00
9.020000000281845587e+02 1.006337842477223354e+01
9.025000000282166184e+02 1.009382995585225551e+01
9.030000000282485644e+02 9.955201330358903533e+00
9.035000000282806241e+02 1.029721110340318013e+01
9.040000000283126838e+02 9.807464721940371888e+00
9.045000000283447434e+02 9.997504095656902123e+00
9.050000000283768031e+02 9.632611430175046507e+00
9.055000000284087491e+02 1.042546804029512941e+01
9.060000000284408088e+02 9.331341011082946224e+00
9.065000000284728685e+02 1.041171266977443643e+01
9.070000000285049282e+02 9.768582782451867175e+00
9.075000000285368742e+02 9.972578071233231256e+00
9.080000000285689339e+02 9.935726182462934375e+00
9.085000000286009936e+02 9.986079834896473884e+00
9.090000000286330533e+02 9.854941139229973501e+00
9.095000000286649993e+02 9.703596087225868416e+00
9.100000000286970590e+02 9.663027234017670608e+00
9.105000000287291186e+02 1.020869715492039909e+01
9.110000000287611783e+02 1.008218232198274222e+01
9.115000000287931243e+02 9.486440063949219237e+00
9.120000000288251840e+02 9.663742757513409387e+00
9.125000000288572437e+02 9.716445350816997006e+00
9.130000000288893034e+02 1.017966986657874529e+01
9.135000000289213631e+02 9.754317358345245381e+00
9.140000000289533091e+02 1.059525244642892972e+01
9.145000000289853688e+02 9.991236741872368654e+00
9.150000000290174285e+02 1.001664741217410892e+01
9.155000000290494881e+02 9.716415412988926192e+00
9.160000000290814341e+02 9.769581585665070733e+00
9.165000000291134938e+02 9.848743722094438269e+00
9.170000000291455535e+02 1.013478036262642412e+01
9.175000000291776132e+02 9.664885356263857474e+00
9.180000000292095592e+02 1.017204837471925671e+01
9.185000000292416189e+02 1.007924093908970065e+01
9.190000000292736786e+02 9.640985552212852028e+00
9.195000000293057383e+02 1.005653388431733219e+01
9.200000000293376843e+02 9.931170175000699984e+00
9.205000000293697440e+02 9.396561060662479647e+00
9.210000000294018037e+02 1.052862692381334675e+01
9.215000000294338633e+02 9.710778979461926141e+00
9.220000000294659230e+02 9.543954892425187353e+00
9.225000000294978690e+02 9.462099723953988573e+00
9.230000000295299287e+02 9.975986718631329353e+00
9.235000000295619884e+02 9.746904944410600180e+00
9.240000000295940481e+02 9.563388237307922424e+00
9.245000000296259941e+02 9.782479261683810989e+00
9.250000000296580538e+02 1.024484462887384062e+01
9.255000000296901135e+02 9.584573660375520276e+00
9.260000000297221732e+02 1.030825430612533467e+01
9.265000000297541192e+02 9.891813742999172376e+00
9.270000000297861789e+02 9.520986296975673113e+00
9.275000000298182385e+02 9.863053509095577098e+00
9.280000000298502982e+02 9.997358754026652861e+00
9.285000000298822442e+02 9.857265977458366635e+00
9.290000000299143039e+02 9.948617810448086018e+00
9.295000000299463636e+02 9.835666368174631913e+00
9.300000000299784233e+02 1.007560768717256927e+01
9.305000000300104830e+02 9.938181486078303095e+00
9.310000000300424290e+02 1.013355080811080100e+01
9.315000000300744887e+02 9.453941231330169614e+00
9.320000000301065484e+02 9.546525768022872782e+00
9.325000000301386081e+02 1.014704896708916948e+01
9.330000000301705541e+02 9.304382986523968668e+00
9.335000000302026137e+02 9.444677664085146418e+00
9.340000000302346734e+02 9.683936118493324585e+00
9.345000000302667331e+02 1.013269348341124143e+01
9.350000000302986791e+02 9.494192309945669095e+00
9.355000000303307388e+02 9.743953910354944625e+00
9.360000000303627985e+02 1.038390914334423343e+01
9.365000000303948582e+02 9.640048929045768489e+00
9.370000000304268042e+02 1.017780272096111283e+01
9.375000000304588639e+02 1.004132923437493830e+01
9.380000000304909236e+02 9.808108105760894091e+00
9.385000000305229833e+02 9.798753965943335587e+00
9.390000000305549293e+02 9.925357781554552616e+00
9.395000000305869889e+02 9.681221073083209561e+00
9.400000000306190486e+02 1.007577147449072896e+01
9.405000000306511083e+02 1.002413250107054843e+01
9.410000000306831680e+02 1.026172051165660015e+01
9.415000000307151140e+02 9.769126953650163259e+00
9.420000000307471737e+02 9.925072102563344600e+00
9.425000000307792334e+02 1.006695341352273942e+01
9.430000000308112931e+02 9.839171938656791738e+00
9.435000000308432391e+02 9.677715216642845064e+00
9.440000000308752988e+02 9.676995366307803437e+00
9.445000000309073585e+02 1.026586030083562129e+01
9.450000000309394181e+02 9.590103083121467975e+00
9.455000000309713641e+02 9.913842269238575255e+00
9.460000000310034238e+02 9.731569690130967842e+00
9.465000000310354835e+02 9.960927835991828516e+00
9.470000000310675432e+02 1.025228675618936691e+01
9.475000000310994892e+02 9.688883829149983029e+00
9.480000000311315489e+02 1.036008805160351187e+01
9.485000000311636086e+02 9.892446839457262442e+00
9.490000000311956683e+02 1.003084466048941792e+01
9.495000000312277280e+02 9.884803648365409146e+00
9.500000000312596740e+02 9.481046629100665868e+00
9.505000000312917336e+02 1.038301762391544791e+01
9.510000000313237933e+02 9.363577802379774440e+00
9.515000000313558530e+02 1.038365965537159852e+01
9.520000000313877990e+02 9.841340804531832021e+00
9.525000000314198587e+02 9.515291906956166557e+00
9.530000000314519184e+02 9.706886090491892105e+00
9.535000000314839781e+02 1.002581851216532982e+01
9.540000000315159241e+02 9.807774904910598224e+00
9.545000000315479838e+02 9.819228013342515382e+00
9.550000000315800435e+02 9.889037986795635504e+00
9.555000000316121032e+02 1.003901321730816498e+01
9.560000000316440492e+02 9.994802664316837948e+00
9.565000000316761088e+02 9.851283727084979347e+00
9.570000000317081685e+02 1.004485170673724070e+01
9.575000000317402282e+02 1.005420445953339836e+01
9.580000000317722879e+02 9.670411553751042888e+00
9.585000000318042339e+02 9.929188773357134679e+00
9.590000000318362936e+02 1.004446247961754324e+01
9.595000000318683533e+02 1.036796939962417419e+01
9.600000000319004130e+02 9.934861856454014983e+00
9.605000000319323590e+02 9.957813716720959718e+00
9.610000000319644187e+02 9.834976180578678395e+00
9.615000000319964784e+02 1.023584851668787188e+01
9.620000000320285380e+02 9.879329039929698908e+00
9.625000000320604840e+02 9.960431791905978827e+00
9.630000000320925437e+02 1.010222863650846747e+01
9.635000000321246034e+02 9.808744260458286846e+00
9.640000000321566631e+02 1.013707267815036772e+01
9.645000000321886091e+02 9.856315120510549477e+00
9.650000000322206688e+02 1.004465303247494212e+01
9.655000000322527285e+02 9.715068119749822984e+00
9.660000000322847882e+02 1.002944453106638711e+01
9.665000000323168479e+02 1.042923386888699966e+01
9.670000000323487939e+02 9.680399367091242269e+00
9.675000000323808536e+02 1.035307974765965078e+01
9.680000000324129132e+02 1.015783401296774535e+01
9.685000000324449729e+02 9.756092479016592378e+00
9.690000000324769189e+02 9.871543846290808943e+00
9.695000000325089786e+02 9.987224451494862265e+00
9.700000000325410383e+02 9.733065910225816353e+00
9.705000000325730980e+02 1.030592644816850267e+01
9.710000000326050440e+02 9.913199471615151026e+00
9.715000000326371037e+02 1.014620630975089988e+01
9.720000000326691634e+02 1.008779137774083168e+01
9.725000000327012231e+02 1.009406767538659722e+01
9.730000000327331691e+02 9.776309569262556565e+00
9.735000000327652288e+02 1.000245980659670941e+01
9.740000000327972884e+02 9.876333827863605919e+00
9.745000000328293481e+02 9.669300740824363416e+00
9.750000000328614078e+02 1.007801971538209074e+01
9.755000000328933538e+02 9.630340043187988641e+00
9.760000000329254135e+02 1.022924933609913722e+01
9.765000000329574732e+02 9.589430991442105423e+00
9.770000000329895329e+02 1.021061528493517834e+01
9.775000000330214789e+02 9.934470805131001114e+00
9.780000000330535386e+02 1.016945299482558873e+01
9.785000000330855983e+02 9.529551584149890786e+00
9.790000000331176579e+02 1.023251337288755103e+01
9.795000000331496040e+02 9.994398203258439750e+00
9.800000000331816636e+02 9.717738405222679177e+00
9.805000000332137233e+02 1.012698327519048824e+01
9.810000000332457830e+02 9.734209246887598255e+00
9.815000000332777290e+02 9.838530085891855848e+00
9.820000000333097887e+02 1.032297814152571291e+01
9.825000000333418484e+02 9.369899565005585629e+00
9.830000000333739081e+02 1.088387460825735786e+01
9.835000000334058541e+02 9.343065007974042047e+00
9.840000000334379138e+02 1.008671298849311526e+01
9.845000000334699735e+02 9.790031926605770707e+00
9.850000000335020331e+02 1.018832846108981371e+01
9.855000000335340928e+02 9.820215995055487923e+00
9.860000000335660388e+02 1.001085553614115575e+01
9.865000000335980985e+02 1.000541329517748679e+01
9.870000000336301582e+02 9.697287959119513800e+00
9.875000000336622179e+02 1.000214288548944985e+01
9.880000000336941639e+02 9.811431312727714626e+00
9.885000000337262236e+02 9.975559463740117039e+00
9.890000000337582833e+02 1.004054667769022302e+01
9.895000000337903430e+02 9.978501836275938786e+00
9.900000000338222890e+02 9.595421855524353560e+00
9.905000000338543487e+02 9.973297180401013762e+00
9.910000000338864083e+02 1.009967364822407632e+01
9.915000000339184680e+02 9.646767381554333554e+00
9.920000000339504140e+02 9.943470801719826113e+00
9.925000000339824737e+02 1.018429031822083353e+01
9.930000000340145334e+02 1.011820038094557184e+01
9.935000000340465931e+02 9.730180991281883962e+00
9.940000000340786528e+02 9.951046877275196323e+00
9.945000000341105988e+02 1.004461485451213498e+01
9.950000000341426585e+02 1.063872727857339129e+01
9.955000000341747182e+02 9.771829841929001503e+00
9.960000000342067779e+02 1.034759964716995739e+01
9.965000000342387239e+02 9.512616302936065082e+00
9.970000000342707835e+02 1.028167642274009452e+01
9.975000000343028432e+02 9.898702163500114892e+00
9.980000000343349029e+02 1.000015672399528910e+01
9.985000000343668489e+02 1.015639955522382820e+01
9.990000000343989086e+02 9.931532563986500861e+00
9.995000000344309683e+02 1.004448079700869911e+01
1.000000000034463028e+03 9.910392260841401679e+00
