# Time (ps)	CV (angstrom)
9.999999999975766229e+01 -2.074671489631217669e-01
1.004999999997559001e+02 -2.886033184682370578e-01
1.009999999997541380e+02 -3.126930173426520909e-01
1.014999999997533990e+02 -3.068427256248881796e-01
1.019999999997629061e+02 -3.390085593446163226e-01
1.024999999997724132e+02 -2.213502634918046719e-01
1.029999999997819060e+02 -2.279604419942659888e-01
1.034999999997914131e+02 -1.740268653647009944e-01
1.039999999998009201e+02 -2.013354303942688495e-01
1.044999999998104272e+02 -2.616325024268915111e-01
1.049999999998199343e+02 -2.626755480353014094e-01
1.054999999998294413e+02 -7.375305853956543034e-02
1.059999999998389484e+02 -1.745035621163195383e-01
1.064999999998484554e+02 -2.293114908943297836e-01
1.069999999998579483e+02 -3.042782288463972140e-01
1.074999999998674554e+02 -2.729342732805053462e-01
1.079999999998769624e+02 -3.168272673226391611e-01
1.084999999998864695e+02 -1.272830599526388884e-01
1.089999999998959765e+02 -2.153065570917724880e-01
1.094999999999054836e+02 -3.340907392416176958e-01
1.099999999999149907e+02 3.625201992291154918e-02
1.104999999999244977e+02 -4.520543641393299783e-01
1.109999999999339906e+02 -4.433274943438263449e-01
1.114999999999434976e+02 -2.103059689442678959e-01
1.119999999999530047e+02 -1.867116195649149712e-01
1.124999999999625118e+02 -3.717139639027426390e-01
1.129999999999720188e+02 -2.253168212650351887e-01
1.134999999999815259e+02 -1.567559365112543013e-01
1.139999999999910330e+02 -1.747473650338818019e-01
1.145000000000005400e+02 -9.224761364464763302e-02
1.150000000000100329e+02 -1.333024754913482990e-01
1.155000000000195399e+02 2.560587789680756135e-02
1.160000000000290470e+02 -1.020580785294608051e-01
1.165000000000385540e+02 -2.073723503199822061e-03
1.170000000000480611e+02 -1.708262548346539123e-01
1.175000000000575682e+02 -1.430305437821376702e-01
1.180000000000670752e+02 -1.355519767829882205e-01
1.185000000000765823e+02 -2.430363069669015941e-01
1.190000000000860751e+02 -2.403511159549135412e-01
1.195000000000955822e+02 -1.990825155030818694e-01
1.200000000001050893e+02 -1.976434199647117140e-01
1.205000000001145963e+02 -3.015370196682966020e-01
1.210000000001241034e+02 -6.238785524656502435e-02
1.215000000001336105e+02 -2.373616244118062213e-01
1.220000000001431175e+02 -2.118809167413477634e-01
1.225000000001526246e+02 -2.142380744216504374e-01
1.230000000001621174e+02 -3.630879186831363348e-01
1.235000000001716245e+02 -1.068156950716638021e-01
1.240000000001811316e+02 -7.999996411121827744e-02
1.245000000001906386e+02 -4.867064064577940330e-02
1.250000000002001457e+02 2.149490923033034462e-02
1.255000000002096527e+02 4.156976027322399625e-02
1.260000000002191598e+02 -2.843254020870351062e-01
1.265000000002286527e+02 -1.738241284508149354e-01
1.270000000002381597e+02 -4.625840726509067996e-02
1.275000000002476668e+02 -8.346417912252714066e-02
1.280000000002571880e+02 -1.794701018307434670e-01
1.285000000002666809e+02 -2.770429653645476997e-01
1.290000000002761738e+02 -2.461730066243735804e-01
1.295000000002856950e+02 -2.347484926365985547e-01
1.300000000002951879e+02 -2.060853628918555558e-01
1.305000000003047091e+02 -9.829640779192282130e-02
1.310000000003142020e+02 -1.211411905568508668e-01
1.315000000003237233e+02 -1.540654864131853485e-01
1.320000000003332161e+02 -1.800972989165441629e-01
1.325000000003427090e+02 1.650546708961930092e-02
1.330000000003522302e+02 -2.230779025153325351e-02
1.335000000003617231e+02 -1.429497937054616252e-01
1.340000000003712444e+02 -1.695079293523003017e-01
1.345000000003807372e+02 -2.691492593677025091e-01
1.350000000003902585e+02 -2.706411914173156852e-01
1.355000000003997513e+02 -8.149887784347718822e-02
1.360000000004092726e+02 -3.918459461303431812e-01
1.365000000004187655e+02 -3.107265786589496481e-01
1.370000000004282583e+02 -3.668396843708184307e-01
1.375000000004377796e+02 -1.370688680517835323e-01
1.380000000004472724e+02 2.745413079800806955e-02
1.385000000004567937e+02 1.652620880043029553e-02
1.390000000004662866e+02 -1.299996299458625326e-01
1.395000000004758078e+02 -3.078852954316819712e-01
1.400000000004853007e+02 -3.204031398337655601e-01
1.405000000004947935e+02 -1.329210245496024179e-01
1.410000000005043148e+02 5.038453762218251392e-02
1.415000000005138077e+02 8.176300320033547120e-02
1.420000000005233289e+02 -7.828957409489109565e-02
1.425000000005328218e+02 -2.547371654882051306e-01
1.430000000005423431e+02 -2.152104073948005736e-01
1.435000000005518359e+02 -2.710933666627033944e-01
1.440000000005613572e+02 -1.927295209113592811e-01
1.445000000005708500e+02 -3.034536441847706101e-01
1.450000000005803429e+02 -2.008232554934912539e-01
1.455000000005898642e+02 -3.937122470339885494e-01
1.460000000005993570e+02 -3.899778592075390793e-01
1.465000000006088783e+02 -2.277149182100490776e-01
1.470000000006183711e+02 -1.975374499733469069e-01
1.475000000006278924e+02 -3.359130690193262714e-01
1.480000000006373853e+02 -1.747418808114555855e-01
1.485000000006468781e+02 -1.206159177461318538e-01
1.490000000006563994e+02 -2.828982976458427334e-02
1.495000000006658922e+02 -1.443715260161922420e-01
1.500000000006754135e+02 -1.723572563267001256e-01
1.505000000006849064e+02 -4.883196035338413510e-02
1.510000000006944276e+02 9.076786776237580345e-02
1.515000000007039205e+02 -1.882464761680212317e-01
1.520000000007134133e+02 -1.370405869740140836e-01
1.525000000007229346e+02 -6.418894590121344834e-02
1.530000000007324275e+02 -5.334370239585072698e-02
1.535000000007419487e+02 2.302897429888866448e-02
1.540000000007514416e+02 -2.143439244383475439e-01
1.545000000007609628e+02 -4.146920876462849015e-01
1.550000000007704557e+02 -1.890521346435416750e-01
1.555000000007799770e+02 -1.656256141700154783e-01
1.560000000007894698e+02 -1.363807200188177360e-01
1.565000000007989627e+02 -7.894586775226530850e-02
1.570000000008084839e+02 -1.105260429847601117e-01
1.575000000008179768e+02 -8.058879506923692648e-02
1.580000000008274981e+02 -1.677760098549697931e-01
1.585000000008369909e+02 -1.913839966127156844e-01
1.590000000008465122e+02 -1.665683076371442806e-01
1.595000000008560050e+02 -1.467905436170180711e-01
1.600000000008654979e+02 -2.142122446774612221e-01
1.605000000008750192e+02 -3.291972101396046790e-01
1.610000000008845120e+02 -3.675989845364355246e-01
1.615000000008940333e+02 -2.670134306601659735e-01
1.620000000009035261e+02 1.052012514086454568e-02
1.625000000009130474e+02 -1.833882603262549649e-01
1.630000000009225403e+02 -1.673892495908289590e-01
1.635000000009320615e+02 -1.270267077272327350e-01
1.640000000009415544e+02 -7.895804508296784541e-02
1.645000000009510472e+02 -1.588073525130581642e-01
1.650000000009605685e+02 -5.408525957716363297e-02
1.655000000009700614e+02 8.916156482469443645e-02
1.660000000009795826e+02 8.757023407184515162e-02
1.665000000009890755e+02 5.995618753683558400e-02
1.670000000009985968e+02 -1.067489408439964982e-01
1.675000000010080896e+02 -1.216330567656860179e-01
1.680000000010175825e+02 -5.983472922184373405e-02
1.685000000010271037e+02 -1.223503715292795363e-01
1.690000000010365966e+02 -2.055283108682143811e-01
1.695000000010461179e+02 -7.346283745119012998e-02
1.700000000010556107e+02 -3.537520725493389362e-01
1.705000000010651320e+02 -1.442626215712421722e-01
1.710000000010746248e+02 -1.456117006560787019e-01
1.715000000010841177e+02 2.036468973255925550e-03
1.720000000010936390e+02 1.909697532038493739e-01
1.725000000011031318e+02 1.401695568659455486e-02
1.730000000011126531e+02 8.742453658062292188e-02
1.735000000011221459e+02 1.417362943397003638e-01
1.740000000011316672e+02 -3.728909397289164596e-01
1.745000000011411601e+02 -4.994595657589447901e-01
1.750000000011506813e+02 -3.963531068558088788e-01
1.755000000011601742e+02 -3.752677531303529879e-01
1.760000000011696670e+02 -2.336383306448950037e-01
1.765000000011791883e+02 4.838700301468026183e-02
1.770000000011886812e+02 -1.138380111628589375e-01
1.775000000011982024e+02 -1.662818121153836481e-01
1.780000000012076953e+02 -3.138523038325755077e-01
1.785000000012172165e+02 -2.457967757332681080e-01
1.790000000012267094e+02 -1.689589209389321389e-01
1.795000000012362023e+02 -1.921943359551767094e-01
1.800000000012457235e+02 -3.976428021404356805e-01
1.805000000012552164e+02 -2.664271967526615215e-01
1.810000000012647376e+02 -9.803519451128601958e-02
1.815000000012742305e+02 6.113013119558705077e-02
1.820000000012837518e+02 -4.446999235476625789e-02
1.825000000012932446e+02 -2.714298563765076278e-01
1.830000000013027659e+02 -3.128466270963323193e-01
1.835000000013122587e+02 -2.095596563041001448e-01
1.840000000013217516e+02 -8.795584591825540699e-02
1.845000000013312729e+02 -3.067263288062734850e-01
1.850000000013407657e+02 1.085558994304668123e-01
1.855000000013502870e+02 1.209275440025020243e-01
1.860000000013597798e+02 -1.926917766111627683e-01
1.865000000013693011e+02 -3.054498267552607782e-01
1.870000000013787940e+02 -1.634169613130973253e-01
1.875000000013882868e+02 -1.217083689530012447e-01
1.880000000013978081e+02 -1.219375397353153201e-01
1.885000000014073009e+02 -7.533776590705405785e-02
1.890000000014168222e+02 -1.474319643421553583e-01
1.895000000014263151e+02 -2.129213133874119715e-02
1.900000000014358363e+02 1.377853025396409171e-02
1.905000000014453292e+02 6.814852742318795557e-03
1.910000000014548220e+02 -1.622674175515566031e-01
1.915000000014643433e+02 -8.718849889426660837e-02
1.920000000014738362e+02 -1.109717007530793276e-01
1.925000000014833574e+02 2.911411823690367856e-02
1.930000000014928503e+02 -1.460904060657204351e-01
1.935000000015023716e+02 -1.237264567910197344e-01
1.940000000015118644e+02 -1.676151716330043784e-01
1.945000000015213857e+02 -1.313344589673468010e-01
1.950000000015308785e+02 -6.058361891124881132e-02
1.955000000015403714e+02 -2.807050766859647273e-01
1.960000000015498927e+02 -4.565253776716863277e-01
1.965000000015593855e+02 -2.575518632425036758e-01
1.970000000015689068e+02 -1.170969709271659775e-01
1.975000000015783996e+02 -1.589008226286204861e-01
1.980000000015879209e+02 -2.282919815414089781e-01
1.985000000015974138e+02 -1.086473370469213245e-01
1.990000000016069066e+02 -3.359397970172168235e-01
1.995000000016164279e+02 -3.793009724882919209e-01
2.000000000016259207e+02 -1.518331892046878295e-01
2.005000000016354420e+02 -2.524674814065606676e-01
2.010000000016449349e+02 -1.142623060976972332e-01
2.015000000016544561e+02 -8.391758122635896433e-02
2.020000000016639490e+02 -1.637786090526242577e-01
2.025000000016734703e+02 -6.660271601380442219e-02
2.030000000016789556e+02 -2.247581220963013049e-01
2.035000000016659385e+02 -2.078409357668618007e-01
2.040000000016529214e+02 1.396566625516976745e-01
2.045000000016398758e+02 -8.793663972288985609e-02
2.050000000016268586e+02 7.894944186993314850e-02
2.055000000016138415e+02 -5.692616406811393248e-02
2.060000000016008244e+02 -1.109299481224960415e-01
2.065000000015878072e+02 -1.309627617628275897e-01
2.070000000015747617e+02 -1.709104923872875881e-01
2.075000000015617445e+02 2.984086909821470276e-02
2.080000000015487274e+02 -2.768189756156488879e-01
2.085000000015357102e+02 -2.430921563507458250e-01
2.090000000015226931e+02 -2.034611541345431318e-01
2.095000000015096475e+02 1.766511469585446345e-02
2.100000000014966304e+02 2.942503795701614105e-02
2.105000000014836132e+02 -1.797116027353288237e-01
2.110000000014705961e+02 -3.354913873988553674e-01
2.115000000014575789e+02 -2.736953898333628898e-01
2.120000000014445618e+02 -3.626485561713505557e-01
2.125000000014315162e+02 -2.638789527385837497e-01
2.130000000014184991e+02 -2.538427210669234046e-01
2.135000000014054820e+02 -1.997845136772166685e-01
2.140000000013924648e+02 -2.658008792148305321e-01
2.145000000013794477e+02 -3.059634254303872369e-01
2.150000000013664021e+02 -4.365847306209196810e-01
2.155000000013533850e+02 -3.198113831003250862e-01
2.160000000013403678e+02 -9.338608623308349010e-02
2.165000000013273507e+02 -1.551346047375006809e-01
2.170000000013143335e+02 -1.714742493125892275e-01
2.175000000013013164e+02 -8.554241601681189522e-02
2.180000000012882708e+02 -3.011096221240704141e-02
2.185000000012752537e+02 -1.751691356647779307e-01
2.190000000012622365e+02 2.922987070722318434e-02
2.195000000012492194e+02 1.288878403233573722e-01
2.200000000012362023e+02 -9.068750124083233000e-02
2.205000000012231567e+02 3.601316489455117301e-03
2.210000000012101395e+02 1.115436466862940457e-01
2.215000000011971224e+02 -4.626553178922612232e-03
2.220000000011841053e+02 -2.957349730724405101e-01
2.225000000011710881e+02 -1.276054561247247365e-01
2.230000000011580710e+02 -1.313125134422570006e-01
2.235000000011450254e+02 -2.776404270189607518e-02
2.240000000011320083e+02 1.812495324944108088e-01
2.245000000011189911e+02 -2.081286872676584576e-01
2.250000000011059740e+02 -3.005313734629631028e-01
2.255000000010929568e+02 -2.242516880151666780e-01
2.260000000010799113e+02 1.003911294387999503e-01
2.265000000010668941e+02 -1.239767958831029526e-01
2.270000000010538770e+02 -4.521614518138712402e-01
2.275000000010408598e+02 -5.448871338547338627e-01
2.280000000010278427e+02 -3.843922612710583553e-01
2.285000000010148256e+02 -3.269637935273160823e-01
2.290000000010017800e+02 -3.117371854655843003e-02
2.295000000009887628e+02 -1.260632992895276971e-01
2.300000000009757457e+02 -3.005129327955763374e-01
2.305000000009627286e+02 -3.966278034746668069e-01
2.310000000009497114e+02 -3.389238261183631917e-01
2.315000000009366659e+02 -3.197003021094745878e-01
2.320000000009236487e+02 -2.916606709201406411e-01
2.325000000009106316e+02 -2.410874411456562783e-01
2.330000000008976144e+02 -1.617739910590839658e-01
2.335000000008845973e+02 -6.856311681668844638e-02
2.340000000008715517e+02 -1.663064718745824733e-01
2.345000000008585346e+02 -2.321610310030921831e-01
2.350000000008455174e+02 -2.858223771655574730e-01
2.355000000008325003e+02 -3.406707859755575551e-01
2.360000000008194831e+02 -1.699988203403297871e-01
2.365000000008064660e+02 -7.218979205975588342e-02
2.370000000007934204e+02 -4.071636187116979555e-02
2.375000000007804033e+02 -2.162964400094903872e-01
2.380000000007673862e+02 -1.334791278695267036e-01
2.385000000007543690e+02 6.274171330836086913e-02
2.390000000007413519e+02 -2.014661876008899122e-01
2.395000000007283063e+02 -2.394573266900428543e-01
2.400000000007152892e+02 -2.295868324923109882e-01
2.405000000007022720e+02 -1.421136160038450336e-01
2.410000000006892549e+02 -5.760358467299529772e-02
2.415000000006762377e+02 -2.534038916931483088e-01
2.420000000006632206e+02 -3.480780596994413889e-01
2.425000000006501750e+02 -1.962981433061067871e-01
2.430000000006371579e+02 -1.955442456657031092e-01
2.435000000006241407e+02 3.748009228381428415e-02
2.440000000006111236e+02 -2.438771767131547030e-01
2.445000000005981065e+02 -1.472919064858386196e-01
2.450000000005850609e+02 -8.014689773755859226e-02
2.455000000005720437e+02 -3.471722765708922798e-01
2.460000000005590266e+02 -1.621415842679025110e-01
2.465000000005460095e+02 -2.136367182210126628e-02
2.470000000005329923e+02 -1.908326630295780757e-01
2.475000000005199752e+02 -3.315124525570672942e-01
2.480000000005069296e+02 -1.553724856413534749e-01
2.485000000004939125e+02 -9.985120659618283712e-02
2.490000000004808953e+02 -3.705650358407580613e-02
2.495000000004678782e+02 -1.605603486391915247e-01
2.500000000004548610e+02 -1.700541728136412689e-01
2.505000000004418155e+02 -1.891061239486084844e-01
2.510000000004287983e+02 -1.601894465952748980e-01
2.515000000004157812e+02 -2.770829034168311930e-02
2.520000000004027640e+02 -1.965679967420287666e-01
2.525000000003897469e+02 -4.425880212334131758e-01
2.530000000003767013e+02 -5.437463794013367435e-01
2.535000000003636842e+02 -5.120109088739231984e-01
2.540000000003506671e+02 -3.653129671861319316e-01
2.545000000003376499e+02 -3.073469771053923272e-01
2.550000000003246328e+02 -6.247675606459343611e-02
2.555000000003116156e+02 -2.133131899113755933e-02
2.560000000002985985e+02 3.196159211365953018e-02
2.565000000002855813e+02 -2.005103978670241260e-01
2.570000000002725642e+02 -9.835695776555693215e-02
2.575000000002594902e+02 6.322119349113465570e-02
2.580000000002464731e+02 -4.935430984822914389e-03
2.585000000002334559e+02 -1.210782880395699368e-01
2.590000000002204388e+02 -1.520171641221513825e-01
2.595000000002074216e+02 -1.036508051530770635e-01
2.600000000001944045e+02 -6.831728788165680744e-02
2.605000000001813873e+02 -1.998957679952568789e-01
2.610000000001683702e+02 -3.214183460541692600e-02
2.615000000001553531e+02 -2.115403299348884159e-01
2.620000000001423359e+02 -2.810736061723480561e-01
2.625000000001292619e+02 -4.763919168341581578e-01
2.630000000001162448e+02 -3.403115260736908065e-01
2.635000000001032276e+02 -2.285083973261879953e-01
2.640000000000902105e+02 1.084942414280973405e-01
2.645000000000771934e+02 5.141873693726777689e-02
2.650000000000641762e+02 -2.814882140086966689e-01
2.655000000000511591e+02 -4.023428808295549941e-01
2.660000000000381419e+02 -4.649682268286458586e-01
2.665000000000251248e+02 -3.044938074517420379e-01
2.670000000000121076e+02 -3.312818317920209199e-01
2.674999999999990905e+02 -1.346962641546380346e-01
2.679999999999860165e+02 -3.058447489373162798e-01
2.684999999999729994e+02 -1.319743241881083662e-01
2.689999999999599822e+02 -4.879256560774575258e-02
2.694999999999469651e+02 -1.866037450775077655e-01
2.699999999999339479e+02 -1.819531510269622454e-01
2.704999999999209308e+02 -2.812776036924587997e-01
2.709999999999079137e+02 1.962167286039091449e-02
2.714999999998948965e+02 -1.541612358140369010e-01
2.719999999998818794e+02 -3.330106091720821948e-01
2.724999999998688622e+02 -1.272383414252463707e-01
2.729999999998558451e+02 -2.065840784835411559e-01
2.734999999998427711e+02 -3.284925489704649260e-01
2.739999999998297540e+02 -3.094061256828929407e-01
2.744999999998167368e+02 -3.562881313199714461e-01
2.749999999998037197e+02 -1.057435840804739902e-01
2.754999999997907025e+02 -3.979210715932648967e-02
2.759999999997776854e+02 -1.487992168078846877e-01
2.764999999997646682e+02 -1.848780363206976862e-01
2.769999999997516511e+02 -1.983156044514080285e-01
2.774999999997386340e+02 -2.650607457203263406e-01
2.779999999997256168e+02 -2.388296018460865922e-01
2.784999999997125997e+02 -1.908195659835392188e-01
2.789999999996995257e+02 -9.263309421238161145e-02
2.794999999996865085e+02 -1.531877386361978344e-01
2.799999999996734914e+02 -1.602925086156528345e-01
2.804999999996604743e+02 -1.605506831785690758e-01
2.809999999996474571e+02 -1.918925303521644699e-01
2.814999999996344400e+02 -2.696117647632835790e-01
2.819999999996214228e+02 -2.828367513372009312e-01
2.824999999996084057e+02 -2.277867721957632929e-01
2.829999999995953885e+02 -2.052053217527618489e-01
2.834999999995823714e+02 -2.504314310870158627e-02
2.839999999995693543e+02 -1.002475904551156788e-01
2.844999999995562803e+02 -6.454486383255167437e-02
2.849999999995432631e+02 -7.011978310402740278e-02
2.854999999995302460e+02 -1.702547841326378930e-01
2.859999999995172288e+02 -4.215291009661226718e-01
2.864999999995042117e+02 -3.652515318660463639e-01
2.869999999994911946e+02 -3.396520130887435984e-01
2.874999999994781774e+02 -1.841101890006655306e-01
2.879999999994651603e+02 -5.102072366460584651e-02
2.884999999994521431e+02 -1.748487038040627273e-01
2.889999999994391260e+02 -3.386537819999389520e-01
2.894999999994261088e+02 -2.194930367584949915e-01
2.899999999994130349e+02 -3.455601276612441097e-01
2.904999999994000177e+02 -3.310811949834921997e-01
2.909999999993870006e+02 -2.963173417333361259e-01
2.914999999993739834e+02 -3.006503929535125352e-01
2.919999999993609663e+02 -2.281381586774191561e-01
2.924999999993479491e+02 -2.003531915101768313e-01
2.929999999993349320e+02 -3.230472159067995785e-01
2.934999999993219149e+02 -2.517231791654324091e-01
2.939999999993088977e+02 -3.614038154386610691e-01
2.944999999992958806e+02 1.650793197589799782e-02
2.949999999992828634e+02 -4.581566136524333616e-02
2.954999999992697894e+02 -2.203109468873022947e-01
2.959999999992567723e+02 -3.844600066718988907e-01
2.964999999992437552e+02 3.125687148720767555e-02
2.969999999992307380e+02 2.336575504234075090e-02
2.974999999992177209e+02 -1.561570566823037298e-01
2.979999999992047037e+02 -2.306180327033158783e-01
2.984999999991916866e+02 -2.439891182318253415e-01
2.989999999991786694e+02 -2.067440878656719994e-01
2.994999999991656523e+02 -1.090087528552012991e-01
2.999999999991526352e+02 -1.492608797252689412e-01
3.004999999991396180e+02 -1.995058124008471656e-01
3.009999999991265440e+02 -2.102128029754709304e-01
3.014999999991135269e+02 -2.024225721110760323e-01
3.019999999991005097e+02 -1.269518838488423729e-01
3.024999999990874926e+02 -2.384170020827851288e-02
3.029999999990744755e+02 -1.917376210728982677e-01
3.034999999990614583e+02 -2.651275231064764148e-01
3.039999999990484412e+02 -2.329887854117373425e-01
3.044999999990354240e+02 -2.617804302142189288e-01
3.049999999990224069e+02 -2.239712649812229672e-01
3.054999999990093897e+02 -1.006213923158050527e-01
3.059999999989963158e+02 -2.257847587976595516e-01
3.064999999989832986e+02 -3.388255276271461836e-01
3.069999999989702815e+02 -8.651736428688802660e-02
3.074999999989572643e+02 -3.645786559919904635e-01
3.079999999989442472e+02 -3.107935369410074200e-01
3.084999999989312300e+02 -2.576280647553124137e-01
3.089999999989182129e+02 -3.573845414559064237e-01
3.094999999989051958e+02 -9.164033118779142673e-02
3.099999999988921786e+02 9.451507189359162342e-02
3.104999999988791615e+02 -2.541450481658614757e-01
3.109999999988661443e+02 -5.422434431743103911e-01
3.114999999988530703e+02 -4.002504467564370616e-01
3.119999999988400532e+02 -3.454693626528058115e-01
3.124999999988270361e+02 -5.320698466855484643e-01
3.129999999988140189e+02 -3.195123239939680060e-01
3.134999999988010018e+02 -2.735353738182460526e-01
3.139999999987879846e+02 -2.916303966494346311e-01
3.144999999987749675e+02 -1.231416345078795577e-01
3.149999999987619503e+02 -2.916364011221753150e-02
3.154999999987489332e+02 -3.197617009408945665e-02
3.159999999987359161e+02 -1.225491914608695249e-01
3.164999999987228989e+02 -1.834982181257338307e-01
3.169999999987098249e+02 -1.325433779652714361e-01
3.174999999986968078e+02 -2.253530201677696188e-01
3.179999999986837906e+02 -1.863857058923144017e-01
3.184999999986707735e+02 -1.240450081121214909e-01
3.189999999986577564e+02 -4.877314776994228634e-02
3.194999999986447392e+02 1.410773377116100458e-01
3.199999999986317221e+02 -2.303176523131177100e-01
3.204999999986187049e+02 -2.314797325546002760e-01
3.209999999986056878e+02 -4.746383464497129501e-02
3.214999999985926706e+02 -1.978591280745035097e-01
3.219999999985796535e+02 -1.342118636419681044e-01
3.224999999985665795e+02 1.031869521176016491e-01
3.229999999985535624e+02 -1.751748330414686361e-01
3.234999999985405452e+02 -4.335096685336086164e-01
3.239999999985275281e+02 -1.682823595126471394e-01
3.244999999985145109e+02 -2.872247999993982615e-01
3.249999999985014938e+02 -8.917594610726915783e-02
3.254999999984884766e+02 -1.063481486411191291e-03
3.259999999984754595e+02 -1.127971153178246727e-01
3.264999999984624424e+02 -1.324272764806447844e-01
3.269999999984494252e+02 8.487863123317714031e-02
3.274999999984364081e+02 1.665792335116912382e-01
3.279999999984233341e+02 -6.618512266478398381e-03
3.284999999984103169e+02 -1.729529600344067997e-01
3.289999999983972998e+02 -2.236135077171446661e-01
3.294999999983842827e+02 -4.239739307095908433e-02
3.299999999983712655e+02 -9.692602019898059751e-02
3.304999999983582484e+02 -1.646277391807806356e-01
3.309999999983452312e+02 -3.897501427069006291e-02
3.314999999983322141e+02 8.785884687747468058e-02
3.319999999983191969e+02 4.964601051014435468e-02
3.324999999983061798e+02 -1.743627755309488242e-02
3.329999999982931627e+02 1.816827258631265596e-01
3.334999999982800887e+02 1.888691138789179158e-01
3.339999999982670715e+02 -1.348354688503883569e-01
3.344999999982540544e+02 -4.385172412739408304e-02
3.349999999982410372e+02 -4.316516963559081099e-01
3.354999999982280201e+02 -3.700004984213389192e-01
3.359999999982150030e+02 1.465742168741743234e-02
3.364999999982019858e+02 -2.558820127703601358e-02
3.369999999981889687e+02 -1.432593606013695120e-01
3.374999999981759515e+02 -2.530770971577063766e-01
3.379999999981629344e+02 -1.213828026691200768e-01
3.384999999981499172e+02 -2.613667575523014319e-01
3.389999999981368433e+02 -1.992958463446599382e-01
3.394999999981238261e+02 -2.448666840481763807e-01
3.399999999981108090e+02 -3.243408264689617848e-01
3.404999999980977918e+02 -3.088011863002274038e-01
3.409999999980847747e+02 -3.171794307310737415e-01
3.414999999980717575e+02 -2.860506177190032528e-01
3.419999999980587404e+02 -2.431507518474958773e-01
3.424999999980457233e+02 -1.278152494538495609e-01
3.429999999980327061e+02 -2.116936216546172200e-01
3.434999999980196890e+02 -2.447482703168161189e-01
3.439999999980066718e+02 -2.115789401953216409e-01
3.444999999979935978e+02 -3.349579434606865802e-01
3.449999999979805807e+02 -3.232603436814738829e-01
3.454999999979675636e+02 -3.762151237874824528e-01
3.459999999979545464e+02 -3.101732893522630152e-01
3.464999999979415293e+02 -2.013351242390681028e-01
3.469999999979285121e+02 -1.621787534943744946e-01
3.474999999979154950e+02 -2.901679488187700658e-03
3.479999999979024778e+02 -2.430208590383728384e-02
3.484999999978894607e+02 -2.680028442534361788e-01
3.489999999978764436e+02 -1.938992377983796145e-01
3.494999999978633696e+02 -2.631857606211303602e-01
3.499999999978503524e+02 -1.421798302149464843e-01
3.504999999978373353e+02 -2.131228139752852357e-01
3.509999999978243181e+02 -1.946753989638562721e-01
3.514999999978113010e+02 -2.232852874123405496e-01
3.519999999977982839e+02 -2.221202460171593507e-01
3.524999999977852667e+02 -3.004853550942482299e-01
3.529999999977722496e+02 -4.994011395423399446e-01
3.534999999977592324e+02 -3.105489607524052897e-01
3.539999999977462153e+02 7.741616974083907754e-02
3.544999999977331981e+02 -7.424891114276840898e-02
3.549999999977201242e+02 -1.037753707837320988e-01
3.554999999977071070e+02 -2.545462557727409258e-01
3.559999999976940899e+02 -3.316676655781339300e-01
3.564999999976810727e+02 -1.513710643359227337e-01
3.569999999976680556e+02 -3.132664306215799388e-01
3.574999999976550384e+02 -3.601784365001305804e-02
3.579999999976420213e+02 -2.182373518949636826e-01
3.584999999976290042e+02 -1.169160678241607382e-01
3.589999999976159870e+02 -1.657019900898365206e-01
3.594999999976029699e+02 -2.852070713097202281e-01
3.599999999975899527e+02 -3.604812575357957960e-01
3.604999999975768787e+02 -2.325324226412334994e-01
3.609999999975638616e+02 -3.026593021958546292e-01
3.614999999975508445e+02 -3.337478378454246108e-01
3.619999999975378273e+02 -1.505681678457066186e-01
3.624999999975248102e+02 -7.165881007638991163e-02
3.629999999975117930e+02 -1.109795950527197456e-01
3.634999999974987759e+02 -1.248399474104660845e-01
3.639999999974857587e+02 3.781390549298003362e-02
3.644999999974727416e+02 -1.209755042312041645e-01
3.649999999974597245e+02 -3.454408141386760001e-01
3.654999999974467073e+02 -2.562091772172145343e-01
3.659999999974336333e+02 6.903231966369326178e-02
3.664999999974206162e+02 -1.539698001916812997e-01
3.669999999974075990e+02 -4.162510781012592753e-01
3.674999999973945819e+02 -3.536098135050950164e-01
3.679999999973815648e+02 -3.033209995812373716e-01
3.684999999973685476e+02 -2.090835036131785951e-01
3.689999999973555305e+02 -1.205728168255842531e-01
3.694999999973425133e+02 -1.495792083756938562e-01
3.699999999973294962e+02 -8.096010756171562184e-02
3.704999999973164790e+02 -1.469866356378512207e-01
3.709999999973034619e+02 -4.824502455293643716e-02
3.714999999972903879e+02 -2.164765964929113162e-01
3.719999999972773708e+02 -2.858518946636661728e-01
3.724999999972643536e+02 -3.252700880111978332e-01
3.729999999972513365e+02 -3.021034318877278968e-02
3.734999999972383193e+02 -2.095590897601113667e-01
3.739999999972253022e+02 -1.441160250057209324e-01
3.744999999972122851e+02 -4.158546256153972803e-02
3.749999999971992679e+02 -2.086995558253854910e-01
3.754999999971862508e+02 -2.773524346821128472e-01
3.759999999971732336e+02 -3.611259461718012154e-01
3.764999999971602165e+02 -4.069390242454316020e-01
3.769999999971471425e+02 -3.115688053875059760e-01
3.774999999971341254e+02 -2.900336176782807307e-01
3.779999999971211082e+02 -3.743113993814911611e-01
3.784999999971080911e+02 -2.970646562922207301e-01
3.789999999970950739e+02 -2.786377930967439687e-01
3.794999999970820568e+02 -1.466047181392242937e-01
3.799999999970690396e+02 -2.676815080097166843e-01
3.804999999970560225e+02 -1.478300080700844232e-01
3.809999999970430054e+02 -3.226925895962664548e-01
3.814999999970299882e+02 -4.008906313481766515e-01
3.819999999970169711e+02 -1.538953331085038123e-01
3.824999999970038971e+02 -2.764155223512927417e-01
3.829999999969908799e+02 -3.420264150738634434e-01
3.834999999969778628e+02 -1.244104081410448148e-01
3.839999999969648456e+02 -2.292468512496293187e-01
3.844999999969518285e+02 -2.385022022437809086e-01
3.849999999969388114e+02 -1.288027704283792041e-01
3.854999999969257942e+02 -1.821978878551752390e-01
3.859999999969127771e+02 -1.227278982723026268e-01
3.864999999968997599e+02 -1.963068606542462957e-01
3.869999999968867428e+02 -1.877119040823575780e-01
3.874999999968737256e+02 -1.008901179674142751e-01
3.879999999968606517e+02 -1.090293463816300462e-01
3.884999999968476345e+02 -1.868620308876054459e-01
3.889999999968346174e+02 -3.762300020964688962e-01
3.894999999968216002e+02 -3.669400603379943115e-01
3.899999999968085831e+02 -1.812858261009440419e-01
3.904999999967955659e+02 -1.319607018055990455e-01
3.909999999967825488e+02 -1.648520530078883828e-01
3.914999999967695317e+02 -9.917423991201229638e-02
3.919999999967565145e+02 -7.222484212225013800e-02
3.924999999967434974e+02 6.274761241392118327e-02
3.929999999967304234e+02 -3.168162040298633242e-01
3.934999999967174062e+02 -2.814569938997872334e-01
3.939999999967043891e+02 -3.390739356396506032e-01
3.944999999966913720e+02 -6.367059524649888724e-02
3.949999999966783548e+02 -2.443445659997219854e-01
3.954999999966653377e+02 -1.336048395296308700e-01
3.959999999966523205e+02 -1.397720272997984292e-01
3.964999999966393034e+02 -2.639937698367060270e-01
3.969999999966262862e+02 -4.178685219752253932e-02
3.974999999966132691e+02 -3.424214427203672861e-01
3.979999999966002520e+02 -3.129035730055455544e-01
3.984999999965871780e+02 -1.630694026379456707e-01
3.989999999965741608e+02 -1.449756950351896723e-01
3.994999999965611437e+02 -1.427417282732831860e-01
3.999999999965481265e+02 -2.241210174951174250e-01
4.004999999965351094e+02 -1.001690978145022004e-01
4.009999999965220923e+02 -8.977021120791472963e-02
4.014999999965090751e+02 -1.752398438818459914e-01
4.019999999964960580e+02 -3.772742320219384937e-01
4.024999999964830408e+02 -3.421780822977237291e-01
4.029999999964700237e+02 -1.782978909370364906e-01
4.034999999964570065e+02 -1.778377564451349424e-01
4.039999999964439326e+02 -1.624204774323764755e-01
4.044999999964309154e+02 -8.988379456977940718e-02
4.049999999964178983e+02 -6.964814471671273988e-02
4.054999999964048811e+02 -5.605475973130767675e-02
4.059999999964079507e+02 -2.973382689521109623e-01
4.064999999964400104e+02 -3.616363794954509103e-01
4.069999999964720132e+02 -4.341839955044587973e-01
4.074999999965040729e+02 -2.132936628401823909e-01
4.079999999965360757e+02 -2.992447786624850004e-01
4.084999999965681354e+02 -3.411272062167882146e-01
4.089999999966001383e+02 -2.617201898214468470e-01
4.094999999966321980e+02 -1.359850609803890387e-01
4.099999999966642008e+02 -9.779382437788020077e-02
4.104999999966962605e+02 -4.191239583804264313e-01
4.109999999967282633e+02 -5.328270279819435906e-01
4.114999999967603230e+02 -2.327998171803254829e-02
4.119999999967923259e+02 2.028181075320426574e-01
4.124999999968243856e+02 7.404360757705794049e-02
4.129999999968563884e+02 -7.613212940048670607e-02
4.134999999968884481e+02 -8.704996804128066479e-02
4.139999999969205078e+02 -1.363015784103394357e-01
4.144999999969525106e+02 -3.446012746430099360e-01
4.149999999969845703e+02 -4.550412029521219148e-01
4.154999999970165732e+02 -4.437071383416041903e-01
4.159999999970486328e+02 -2.753365666625223751e-01
4.164999999970806357e+02 -1.504053616916918024e-01
4.169999999971126954e+02 -1.212183372242911644e-01
4.174999999971446982e+02 -9.074208277241550824e-02
4.179999999971767579e+02 -2.826486084945911692e-02
4.184999999972087608e+02 -2.066664655307129950e-01
4.189999999972408204e+02 -2.173197627048412128e-01
4.194999999972728233e+02 -2.457890514462483522e-01
4.199999999973048830e+02 -2.738775151046917711e-01
4.204999999973368858e+02 -3.236304363966303610e-01
4.209999999973689455e+02 -3.389039813211473517e-01
4.214999999974009484e+02 -4.559345731871460861e-01
4.219999999974330080e+02 -4.119165147224212453e-01
4.224999999974650109e+02 -2.645180215540104962e-01
4.229999999974970706e+02 -1.706681509791282414e-01
4.234999999975291303e+02 -2.405212524043410516e-01
4.239999999975611331e+02 -2.901532658799878539e-01
4.244999999975931928e+02 -3.328808417004696513e-02
4.249999999976251956e+02 -2.523791984011243272e-01
4.254999999976572553e+02 -2.588866021214048518e-01
4.259999999976892582e+02 -1.787747389901774564e-01
4.264999999977213179e+02 -2.580307636172985905e-02
4.269999999977533207e+02 3.186213102134650282e-02
4.274999999977853804e+02 -2.234067815862069567e-02
4.279999999978173832e+02 -1.884993699975573119e-03
4.284999999978494429e+02 -1.158418757659266662e-01
4.289999999978814458e+02 -7.370461311272283322e-02
4.294999999979135055e+02 -6.027393526362141013e-02
4.299999999979455083e+02 -1.630599076338392905e-01
4.304999999979775680e+02 -1.561740492150690551e-01
4.309999999980095708e+02 -4.465215741934394633e-02
4.314999999980416305e+02 -2.449810226698161675e-01
4.319999999980736902e+02 -1.587659137404425214e-01
4.324999999981056931e+02 -1.409904521731535909e-01
4.329999999981377528e+02 -2.379058468725765707e-01
4.334999999981697556e+02 -2.148171996718078181e-01
4.339999999982018153e+02 -2.982000768118380774e-01
4.344999999982338181e+02 -2.822851345342710649e-01
4.349999999982658778e+02 -5.163057537855675339e-02
4.354999999982978807e+02 -2.211777113967660080e-01
4.359999999983299404e+02 -2.532214662678862749e-01
4.364999999983619432e+02 -2.676485611478254256e-01
4.369999999983940029e+02 -2.485382354089277213e-01
4.374999999984260057e+02 -1.480171369716528351e-01
4.379999999984580654e+02 -8.409852580389776122e-02
4.384999999984900683e+02 -1.116652873403724544e-01
4.389999999985221280e+02 -3.708102003563830129e-01
4.394999999985541308e+02 -1.858011934722695602e-01
4.399999999985861905e+02 -6.645491274587639330e-02
4.404999999986182502e+02 -1.077340660523788823e-01
4.409999999986502530e+02 -1.975731961469424647e-01
4.414999999986823127e+02 -1.833557527806964071e-01
4.419999999987143156e+02 -8.607529722904083691e-02
4.424999999987463752e+02 1.114611901737341121e-01
4.429999999987783781e+02 7.462936968837718260e-03
4.434999999988104378e+02 -5.510294527840262774e-02
4.439999999988424406e+02 -1.560466712977801040e-01
4.444999999988745003e+02 -2.579315895073258647e-01
4.449999999989065032e+02 -3.560809850551664990e-01
4.454999999989385628e+02 -1.436676692992540638e-01
4.459999999989705657e+02 -1.063470980117201814e-01
4.464999999990026254e+02 -1.763898561025618317e-01
4.469999999990346282e+02 -3.284417511052941663e-01
4.474999999990666879e+02 -2.091153042404398643e-01
4.479999999990986908e+02 -2.159823212776947332e-01
4.484999999991307504e+02 -1.705287725464650350e-01
4.489999999991627533e+02 -6.787702258493150120e-02
4.494999999991948130e+02 -1.427148635177324376e-01
4.499999999992268727e+02 -1.263767590540951224e-01
4.504999999992588755e+02 -2.723589932666987609e-02
4.509999999992909352e+02 -3.068053776004232014e-01
4.514999999993229380e+02 -2.887437585800170514e-02
4.519999999993549977e+02 -6.970354174761968571e-03
4.524999999993870006e+02 1.090920870810948955e-02
4.529999999994190603e+02 1.317306349953168143e-01
4.534999999994510631e+02 -1.559081477185507714e-01
4.539999999994831228e+02 -2.603239499962574088e-01
4.544999999995151256e+02 -1.427640522114587140e-01
4.549999999995471853e+02 -2.187909665614587718e-01
4.554999999995791882e+02 -1.423906737340983608e-01
4.559999999996112479e+02 -1.834073797438460773e-01
4.564999999996432507e+02 -1.224763119232774866e-01
4.569999999996753104e+02 -2.720453796574821004e-01
4.574999999997073132e+02 -6.317076799476180338e-02
4.579999999997393729e+02 -2.629985980959088226e-02
4.584999999997714326e+02 -1.856565058538780510e-01
4.589999999998034355e+02 -2.446585276571132672e-01
4.594999999998354951e+02 -3.176798834011015371e-01
4.599999999998674980e+02 -3.819129651375594015e-01
4.604999999998995577e+02 -3.381283374113184803e-01
4.609999999999315605e+02 -1.674418605395601167e-01
4.614999999999636202e+02 -7.927238017540129411e-02
4.619999999999956231e+02 -3.209627595166345548e-01
4.625000000000276827e+02 -3.574944974478537763e-01
4.630000000000596856e+02 -4.556308523796776533e-01
4.635000000000917453e+02 -2.345291443180640700e-01
4.640000000001237481e+02 -2.522418189420937429e-01
4.645000000001558078e+02 -4.370066309345922995e-01
4.650000000001878107e+02 -9.218462699362724166e-02
4.655000000002198703e+02 -1.685725005011863009e-01
4.660000000002518732e+02 -4.697959201775323695e-02
4.665000000002839329e+02 -1.185443164033255919e-01
4.670000000003159357e+02 -1.245832587496149557e-01
4.675000000003479954e+02 -2.490570291729228281e-01
4.680000000003800551e+02 -2.629035940473330446e-01
4.685000000004120579e+02 -1.573730431094521875e-01
4.690000000004441176e+02 -2.226790949244746021e-01
4.695000000004761205e+02 -2.523937606494032135e-02
4.700000000005081802e+02 -2.334442974939547333e-01
4.705000000005401830e+02 -1.651549857756085260e-01
4.710000000005722427e+02 -1.033420359541821903e-01
4.715000000006042455e+02 -1.282489973442335063e-01
4.720000000006363052e+02 -2.630789836701626916e-01
4.725000000006683081e+02 -2.529375206345439442e-01
4.730000000007003678e+02 -4.119449901748271636e-01
4.735000000007323706e+02 -1.851829429696103257e-01
4.740000000007644303e+02 -1.536933243531022342e-01
4.745000000007964331e+02 -2.040325081378861205e-01
4.750000000008284928e+02 -2.777711604635042519e-01
4.755000000008604957e+02 -7.133019648235121302e-02
4.760000000008925554e+02 1.689120012893007838e-01
4.765000000009246151e+02 1.532059628099408377e-01
4.770000000009566179e+02 -1.173338190015350280e-01
4.775000000009886776e+02 -2.186274271576658379e-01
4.780000000010206804e+02 -1.804216935220628037e-01
4.785000000010527401e+02 -1.776089896466642171e-01
4.790000000010847430e+02 -1.226295827325199622e-01
4.795000000011168027e+02 1.996624241270840427e-02
4.800000000011488055e+02 -7.952087806279042881e-02
4.805000000011808652e+02 6.742027752291250564e-02
4.810000000012128680e+02 -2.025632061311797572e-01
4.815000000012449277e+02 -2.299530562617974894e-01
4.820000000012769306e+02 -1.687150140881014115e-01
4.825000000013089902e+02 -1.416328042168828738e-01
4.830000000013409931e+02 -2.440786932970141210e-01
4.835000000013730528e+02 -2.059343627135785948e-01
4.840000000014050556e+02 3.522214003774599284e-02
4.845000000014371153e+02 -6.953195750632262806e-02
4.850000000014691750e+02 -2.746523849560725261e-01
4.855000000015011778e+02 -1.703199504193162461e-01
4.860000000015332375e+02 -2.041510119967873127e-01
4.865000000015652404e+02 -2.133679093426066042e-01
4.870000000015973001e+02 -2.515298723444104878e-01
4.875000000016293029e+02 -1.778662135640591835e-01
4.880000000016613626e+02 -1.073583495534587012e-01
4.885000000016933654e+02 8.599101247242883772e-02
4.890000000017254251e+02 1.567809523178825132e-02
4.895000000017574280e+02 -2.730035367367735777e-01
4.900000000017894877e+02 -2.622848120992998244e-01
4.905000000018214905e+02 5.960951923343512510e-02
4.910000000018535502e+02 5.798577424406441833e-02
4.915000000018855530e+02 -8.769234489014701012e-03
4.920000000019176127e+02 -1.116402572926532798e-02
4.925000000019496156e+02 1.267807616809471516e-01
4.930000000019816753e+02 1.416402394727082903e-01
4.935000000020136781e+02 5.483604225378780478e-02
4.940000000020457378e+02 -1.595364094955947221e-01
4.945000000020777975e+02 -2.750432876540778171e-01
4.950000000021098003e+02 -2.104749725887229139e-01
4.955000000021418600e+02 -2.234029270680402690e-01
4.960000000021738629e+02 -4.233404812908834330e-02
4.965000000022059226e+02 -1.364178204679730999e-01
4.970000000022379254e+02 -9.559016597675785987e-02
4.975000000022699851e+02 -1.560193516714914463e-01
4.980000000023019879e+02 2.217430448113498834e-02
4.985000000023340476e+02 6.568204860827810132e-02
4.990000000023660505e+02 -5.210366052484342175e-02
4.995000000023981102e+02 -3.757675829086563196e-02
5.000000000024301130e+02 -3.077747964441687190e-01
5.005000000024621727e+02 -2.375241534190969672e-01
5.010000000024941755e+02 -1.231959744391905726e-01
5.015000000025262352e+02 4.167544413570099110e-02
5.020000000025582381e+02 -1.805093497837623531e-02
5.025000000025902978e+02 -1.515262693969690044e-01
5.030000000026223574e+02 -1.437635062828963861e-01
5.035000000026543603e+02 -1.453451077975483063e-01
5.040000000026864200e+02 -2.007704903882863434e-01
5.045000000027184228e+02 -1.159273443820528077e-01
5.050000000027504825e+02 2.360596373452646113e-02
5.055000000027824854e+02 -1.210960123689921869e-01
5.060000000028145450e+02 -2.407836083847036679e-01
5.065000000028465479e+02 -7.595438547154761966e-02
5.070000000028786076e+02 -4.255255527311051222e-02
5.075000000029106104e+02 -1.536666737406998662e-01
5.080000000029426701e+02 -2.562285346049629209e-01
5.085000000029746730e+02 -6.563406392135866241e-02
5.090000000030067326e+02 -3.197959740051609101e-01
5.095000000030387355e+02 -2.011153305220590159e-01
5.100000000030707952e+02 8.295318967743468830e-02
5.105000000031027980e+02 -1.823897299004275940e-01
5.110000000031348577e+02 -3.993412151768467866e-01
5.115000000031668606e+02 -1.635499098213275826e-01
5.120000000031989202e+02 -1.244942268170900063e-01
5.125000000032309799e+02 -1.399818981045392596e-01
5.130000000032630396e+02 -8.414715866668519284e-02
5.135000000032949856e+02 -1.493259860889320501e-02
5.140000000033270453e+02 1.103660203531170864e-01
5.145000000033591050e+02 -4.545652352427950738e-02
5.150000000033911647e+02 -2.730554180256569152e-01
5.155000000034231107e+02 -2.179309458244887143e-01
5.160000000034551704e+02 -1.906009092790210691e-01
5.165000000034872301e+02 -1.882064585868613027e-01
5.170000000035192897e+02 -1.707687861939309604e-01
5.175000000035512357e+02 -2.566019946616193703e-01
5.180000000035832954e+02 -1.131178401429643182e-01
5.185000000036153551e+02 -4.726315752400102321e-02
5.190000000036474148e+02 4.331802613912963396e-02
5.195000000036793608e+02 -2.463777966329309399e-01
5.200000000037114205e+02 -1.390389343465152083e-01
5.205000000037434802e+02 -3.016470028501405665e-01
5.210000000037755399e+02 -2.233160617361073519e-01
5.215000000038075996e+02 1.057054965284482968e-03
5.220000000038395456e+02 -2.461592445625326031e-01
5.225000000038716053e+02 -2.083568827030256587e-01
5.230000000039036649e+02 1.486233903103856835e-01
5.235000000039357246e+02 4.656627103754980290e-02
5.240000000039676706e+02 -6.479192196233161949e-02
5.245000000039997303e+02 -1.720952451813529682e-01
5.250000000040317900e+02 -1.189237698979276475e-01
5.255000000040638497e+02 -8.418012198379207483e-04
5.260000000040957957e+02 -2.056661129946958100e-01
5.265000000041278554e+02 -3.582758757517463533e-01
5.270000000041599151e+02 -3.171970916122686113e-01
5.275000000041919748e+02 -2.177671189623416603e-01
5.280000000042239208e+02 -3.427915570343472718e-01
5.285000000042559805e+02 -2.096181731302847184e-01
5.290000000042880401e+02 -2.690367079349674784e-01
5.295000000043200998e+02 -3.965564742838690315e-01
5.300000000043521595e+02 -3.988089045258475518e-01
5.305000000043841055e+02 -3.937117323224178511e-01
5.310000000044161652e+02 -3.984752756251220274e-01
5.315000000044482249e+02 -1.886391580365994469e-01
5.320000000044802846e+02 -1.798949887235907763e-01
5.325000000045122306e+02 -5.690596574339024799e-02
5.330000000045442903e+02 7.360225340182633552e-03
5.335000000045763500e+02 -6.641324225684837324e-02
5.340000000046084097e+02 -6.417824248811958288e-02
5.345000000046403557e+02 -2.194966631966931703e-01
5.350000000046724153e+02 -2.487494215178709112e-01
5.355000000047044750e+02 -1.371245188329486275e-01
5.360000000047365347e+02 -6.364115956409252192e-03
5.365000000047684807e+02 6.422699777894022577e-02
5.370000000048005404e+02 -1.723617854036137501e-02
5.375000000048326001e+02 -1.525746108081227626e-01
5.380000000048646598e+02 -1.654431870328521015e-01
5.385000000048967195e+02 -1.932162782086142006e-01
5.390000000049286655e+02 -3.569633572231239449e-01
5.395000000049607252e+02 -3.966492451796981844e-01
5.400000000049927849e+02 -2.045843197981357109e-01
5.405000000050248445e+02 -1.812525223740392710e-01
5.410000000050567905e+02 -1.566056619229591051e-01
5.415000000050888502e+02 -1.535072212833985816e-01
5.420000000051209099e+02 -8.887630183746422774e-02
5.425000000051529696e+02 -2.936979943135031856e-01
5.430000000051849156e+02 -3.221288578598639485e-01
5.435000000052169753e+02 -2.049507477937553279e-01
5.440000000052490350e+02 -1.842352063079500668e-01
5.445000000052810947e+02 -1.313703609652427384e-01
5.450000000053130407e+02 -8.777316776097533746e-02
5.455000000053451004e+02 -1.463140889053975158e-01
5.460000000053771601e+02 -1.245472878531552335e-01
5.465000000054092197e+02 -1.282062624158068764e-01
5.470000000054411657e+02 -1.792907520989130421e-01
5.475000000054732254e+02 -1.381627045071256443e-01
5.480000000055052851e+02 7.139654710262648661e-03
5.485000000055373448e+02 -1.220579360156975046e-01
5.490000000055694045e+02 -1.249793315542554462e-01
5.495000000056013505e+02 -1.334931218988246737e-01
5.500000000056334102e+02 -1.569605677571842550e-01
5.505000000056654699e+02 -2.862888115553044455e-01
5.510000000056975296e+02 -2.892603937349083609e-01
5.515000000057294756e+02 -1.889528685306682276e-01
5.520000000057615352e+02 -6.313899940827114032e-02
5.525000000057935949e+02 -1.589730918888555000e-01
5.530000000058256546e+02 -3.234702911594377617e-01
5.535000000058576006e+02 -3.916149268501132874e-01
5.540000000058896603e+02 -3.950262575368425066e-01
5.545000000059217200e+02 -3.387630617575897451e-01
5.550000000059537797e+02 -5.913323899637730474e-02
5.555000000059857257e+02 6.921602999931451665e-03
5.560000000060177854e+02 2.391589780161179277e-02
5.565000000060498451e+02 -1.707541990356824801e-01
5.570000000060819048e+02 -1.185641056331454696e-01
5.575000000061139644e+02 1.763688500568206044e-02
5.580000000061459104e+02 2.143348802366531330e-02
5.585000000061779701e+02 -7.294132017986419692e-02
5.590000000062100298e+02 -1.950422867691214701e-01
5.595000000062420895e+02 -1.182388813859989590e-01
5.600000000062740355e+02 -5.585186127728875710e-02
5.605000000063060952e+02 -2.122145932937760937e-01
5.610000000063381549e+02 -2.807908687508810508e-01
5.615000000063702146e+02 -3.257501241893762112e-01
5.620000000064021606e+02 -2.524604188218405598e-01
5.625000000064342203e+02 -2.006124001645243904e-01
5.630000000064662800e+02 -7.932935854365549821e-02
5.635000000064983396e+02 -1.373257456419151867e-01
5.640000000065302856e+02 -3.288946992988850404e-01
5.645000000065623453e+02 -2.660597066050240933e-01
5.650000000065944050e+02 -2.467228442366004582e-01
5.655000000066264647e+02 -2.669186839234206077e-01
5.660000000066585244e+02 -4.914705516016880660e-01
5.665000000066904704e+02 -5.288037191163654782e-01
5.670000000067225301e+02 -5.142704609609783928e-01
5.675000000067545898e+02 -4.153585010887068663e-01
5.680000000067866495e+02 -3.306090526470262247e-01
5.685000000068185955e+02 -1.575483126242984699e-01
5.690000000068506552e+02 -1.689502506226555623e-01
5.695000000068827148e+02 1.063310709428300083e-02
5.700000000069147745e+02 -8.708559155366772664e-02
5.705000000069467205e+02 -5.214446803144047460e-02
5.710000000069787802e+02 1.263883602437140255e-03
5.715000000070108399e+02 -7.696131916139214123e-03
5.720000000070428996e+02 -1.958634140486146813e-01
5.725000000070748456e+02 -3.494332761642206520e-01
5.730000000071069053e+02 -1.544735596293509428e-01
5.735000000071389650e+02 -1.191832441649942065e-01
5.740000000071710247e+02 -2.337591659982937720e-01
5.745000000072030844e+02 -2.794017559974552034e-01
5.750000000072350304e+02 -3.355909589938757542e-01
5.755000000072670900e+02 -2.119474507863839119e-01
5.760000000072991497e+02 -2.462319410433968028e-02
5.765000000073312094e+02 -3.468722707633095648e-01
5.770000000073631554e+02 -4.292175302213738775e-01
5.775000000073952151e+02 -4.215538504895042782e-01
5.780000000074272748e+02 -2.925945552023177521e-01
5.785000000074593345e+02 -6.212556655482248669e-02
5.790000000074912805e+02 6.511174967424938897e-02
5.795000000075233402e+02 7.064037072613033041e-02
5.800000000075553999e+02 -9.886798347800755671e-02
5.805000000075874595e+02 7.069025121796286559e-02
5.810000000076194056e+02 -1.635629751799893561e-01
5.815000000076514652e+02 -1.803452015448130386e-01
5.820000000076835249e+02 -4.669014662509109181e-02
5.825000000077155846e+02 -1.880578343198615610e-01
5.830000000077476443e+02 -4.030794954990319923e-01
5.835000000077795903e+02 -3.152221144954872600e-01
5.840000000078116500e+02 -2.071265215364783419e-01
5.845000000078437097e+02 -8.586789950007515937e-02
5.850000000078757694e+02 -9.081902282221901435e-02
5.855000000079077154e+02 -1.290053365258775342e-01
5.860000000079397751e+02 -6.321477760620708430e-02
5.865000000079718347e+02 -2.117198957921217484e-01
5.870000000080038944e+02 -3.002827451762128952e-01
5.875000000080358404e+02 -1.803057559336886662e-01
5.880000000080679001e+02 -1.730072852039349005e-02
5.885000000080999598e+02 -2.647181537916088248e-02
5.890000000081320195e+02 -5.294301956690348337e-02
5.895000000081639655e+02 -7.419555145793092776e-02
5.900000000081960252e+02 -2.853555131496074981e-01
5.905000000082280849e+02 -2.409616045039680299e-01
5.910000000082601446e+02 -2.766152824599301119e-01
5.915000000082920906e+02 -2.189794035547518447e-01
5.920000000083241503e+02 -6.273822383229621380e-02
5.925000000083562099e+02 -2.245560373059978312e-02
5.930000000083882696e+02 -3.508096512466385430e-01
5.935000000084203293e+02 -2.428918918890340950e-01
5.940000000084522753e+02 -2.593600683984075839e-01
5.945000000084843350e+02 -1.118939227084086024e-01
5.950000000085163947e+02 -8.224766346157551256e-02
5.955000000085484544e+02 -3.024023855125419769e-02
5.960000000085804004e+02 -4.277455205887893686e-02
5.965000000086124601e+02 -1.935140474262502519e-01
5.970000000086445198e+02 -2.077705164351869860e-01
5.975000000086765795e+02 -2.695103396918668293e-01
5.980000000087085255e+02 -3.896093170689953755e-01
5.985000000087405851e+02 -2.244459060660482230e-01
5.990000000087726448e+02 -1.529858390122723344e-01
5.995000000088047045e+02 -1.418612556305461625e-01
6.000000000088366505e+02 -1.893777747546060986e-01
6.005000000088687102e+02 -4.554706028345870683e-01
6.010000000089007699e+02 -3.902401932392730033e-01
6.015000000089328296e+02 -3.491212058934697882e-01
6.020000000089648893e+02 -3.396108157430455243e-01
6.025000000089968353e+02 -3.714997801046741044e-01
6.030000000090288950e+02 -3.475454872153014851e-01
6.035000000090609547e+02 -4.144447721563127573e-01
6.040000000090930143e+02 -4.575186885985476071e-01
6.045000000091249603e+02 -2.869230726320071700e-01
6.050000000091570200e+02 -2.544278674915714800e-01
6.055000000091890797e+02 -6.672428287139345326e-02
6.060000000092211394e+02 -1.645962166995169895e-01
6.065000000092530854e+02 -1.179151110269976294e-01
6.070000000092851451e+02 -5.651939492934565656e-02
6.075000000093172048e+02 -1.764722621278248527e-01
6.080000000093492645e+02 -2.228169148639152775e-01
6.085000000093812105e+02 -6.253743116850672690e-02
6.090000000094132702e+02 -1.034269505877193074e-01
6.095000000094453299e+02 -2.333738146053674911e-01
6.100000000094773895e+02 -1.851789982942166068e-01
6.105000000095094492e+02 -9.702245195079677031e-02
6.110000000095413952e+02 -2.485590718072192562e-01
6.115000000095734549e+02 -4.681125230918681268e-02
6.120000000096055146e+02 -1.915385151457553725e-01
6.125000000096375743e+02 -3.138987097502910495e-01
6.130000000096695203e+02 -4.171614856824663042e-01
6.135000000097015800e+02 -4.188720910271166997e-01
6.140000000097336397e+02 -3.511066570355407812e-01
6.145000000097656994e+02 -1.696529550996389024e-01
6.150000000097976454e+02 -2.694544526510187499e-01
6.155000000098297050e+02 -3.405130167142307873e-01
6.160000000098617647e+02 -1.165007554567406949e-02
6.165000000098938244e+02 -1.198323206947834313e-01
6.170000000099257704e+02 -3.132809235210248233e-01
6.175000000099578301e+02 -1.136725784975994302e-01
6.180000000099898898e+02 -1.404134565595419881e-01
6.185000000100219495e+02 -5.555021566596920340e-02
6.190000000100540092e+02 1.410228312709457116e-02
6.195000000100859552e+02 -1.423848047087237223e-01
6.200000000101180149e+02 -1.888689389535317398e-01
6.205000000101500746e+02 -1.825499377408305035e-01
6.210000000101821342e+02 -3.998161346743772104e-01
6.215000000102140802e+02 -1.910766597430986480e-01
6.220000000102461399e+02 -1.978563425184780566e-01
6.225000000102781996e+02 -1.669497240143298367e-01
6.230000000103102593e+02 -6.156169225717727025e-03
6.235000000103422053e+02 -1.109464222094662250e-01
6.240000000103742650e+02 -2.148496383507755569e-01
6.245000000104063247e+02 -2.939217559781032718e-01
6.250000000104383844e+02 -3.132577801711330379e-01
6.255000000104703304e+02 -3.926588610398181189e-01
6.260000000105023901e+02 -2.178009981423632835e-01
6.265000000105344498e+02 -3.364327072258682660e-01
6.270000000105665094e+02 -2.273268490179564671e-01
6.275000000105985691e+02 -1.986593195288197111e-01
6.280000000106305151e+02 -3.222039377628841961e-01
6.285000000106625748e+02 1.344363078316643811e-01
6.290000000106946345e+02 -3.855841857745306300e-01
6.295000000107266942e+02 -2.977736871025816745e-01
6.300000000107586402e+02 1.454883008773829312e-01
6.305000000107906999e+02 1.984699918854754552e-01
6.310000000108227596e+02 -5.703818484540594536e-02
6.315000000108548193e+02 5.798953641180303736e-02
6.320000000108867653e+02 -3.443738955971365617e-02
6.325000000109188250e+02 4.900857553587549716e-03
6.330000000109508846e+02 -1.761853597623668777e-01
6.335000000109829443e+02 -2.512191903782985958e-01
6.340000000110148903e+02 1.213656066337369110e-01
6.345000000110469500e+02 1.025893073403910810e-01
6.350000000110790097e+02 -1.349742375214835199e-01
6.355000000111110694e+02 -2.577971847991137114e-02
6.360000000111430154e+02 -1.232877718425391157e-02
6.365000000111750751e+02 -5.765703419270604840e-02
6.370000000112071348e+02 -1.798587217241322811e-01
6.375000000112391945e+02 -1.811626925840543745e-01
6.380000000112712542e+02 -1.310250448346712560e-01
6.385000000113032002e+02 -1.570009022738774046e-02
6.390000000113352598e+02 7.323473953829864533e-03
6.395000000113673195e+02 -1.130365375278830509e-03
6.400000000113993792e+02 -1.449611551430228795e-01
6.405000000114313252e+02 -5.837047622206215092e-02
6.410000000114633849e+02 8.720468436551756519e-02
6.415000000114954446e+02 -4.625856861047801527e-02
6.420000000115275043e+02 -1.485078787349293772e-01
6.425000000115594503e+02 -4.023532916684919303e-01
6.430000000115915100e+02 -3.000670563995955775e-01
6.435000000116235697e+02 -2.295159775659887103e-01
6.440000000116556294e+02 -8.643811797166431332e-02
6.445000000116875754e+02 -9.006432493954710794e-02
6.450000000117196350e+02 -2.736415061094955026e-01
6.455000000117516947e+02 4.987848230456514570e-02
6.460000000117837544e+02 -3.910486079118328379e-02
6.465000000118158141e+02 1.710357134730625117e-02
6.470000000118477601e+02 6.003011146540149223e-02
6.475000000118798198e+02 -2.377110486872114625e-01
6.480000000119118795e+02 -2.102631907696825564e-01
6.485000000119439392e+02 -1.239125743590182432e-01
6.490000000119758852e+02 -4.912933128833179425e-02
6.495000000120079449e+02 -1.707479916973963230e-01
6.500000000120400045e+02 -4.412979008878292198e-01
6.505000000120720642e+02 -3.463850495499428139e-01
6.510000000121040102e+02 -3.083749416923479703e-01
6.515000000121360699e+02 -1.435454074278957604e-01
6.520000000121681296e+02 -2.447065339456129529e-02
6.525000000122001893e+02 -9.339738678859650645e-02
6.530000000122321353e+02 -3.133831025156271766e-01
6.535000000122641950e+02 -5.083373400388928598e-01
6.540000000122962547e+02 -3.946729274644124597e-01
6.545000000123283144e+02 -1.089053896399715810e-01
6.550000000123603741e+02 -1.270939167859530192e-02
6.555000000123923201e+02 7.423121917978316164e-03
6.560000000124243797e+02 -1.591435673500892489e-01
6.565000000124564394e+02 -1.496216954122132625e-01
6.570000000124884991e+02 -3.032011253958940555e-01
6.575000000125204451e+02 -4.438574908819752918e-01
6.580000000125525048e+02 -2.304276838970768237e-01
6.585000000125845645e+02 -2.763664805026460614e-01
6.590000000126166242e+02 -1.216737516841777111e-01
6.595000000126485702e+02 8.609650665798999902e-02
6.600000000126806299e+02 -2.292474405068581356e-01
6.605000000127126896e+02 -4.713965159442199959e-01
6.610000000127447493e+02 -5.032765610800030709e-01
6.615000000127766953e+02 -2.734483986405104594e-01
6.620000000128087549e+02 -1.001395564938137722e-01
6.625000000128408146e+02 -2.601230080024092284e-01
6.630000000128728743e+02 1.262775113434948596e-02
6.635000000129049340e+02 1.225127326185960486e-01
6.640000000129368800e+02 -8.367910976924720912e-02
6.645000000129689397e+02 -8.431899248208836462e-02
6.650000000130009994e+02 -2.735006608821136109e-01
6.655000000130330591e+02 -2.379098566557506234e-01
6.660000000130650051e+02 -1.365131116099600750e-01
6.665000000130970648e+02 -1.163894225505875263e-01
6.670000000131291245e+02 -9.262962003323750582e-02
6.675000000131611841e+02 -3.384163124054043181e-02
6.680000000131931301e+02 -1.670405976373343440e-02
6.685000000132251898e+02 -1.607759123504255705e-01
6.690000000132572495e+02 -1.526911158629474241e-01
6.695000000132893092e+02 -2.511755518601900827e-01
6.700000000133212552e+02 -2.517334749067412503e-01
6.705000000133533149e+02 -2.574988938450722409e-01
6.710000000133853746e+02 -9.068107599756936033e-02
6.715000000134174343e+02 -1.306873122056212699e-01
6.720000000134494940e+02 -1.800483858567035744e-01
6.725000000134814400e+02 -3.985559169425344911e-03
6.730000000135134997e+02 -2.151311869468579274e-01
6.735000000135455593e+02 -1.592203654078983288e-01
6.740000000135776190e+02 -1.540998439193138891e-01
6.745000000136095650e+02 -8.037285220629504512e-02
6.750000000136416247e+02 -1.740577181722601230e-01
6.755000000136736844e+02 -5.975369491204445688e-02
6.760000000137057441e+02 -3.188181453735035031e-01
6.765000000137376901e+02 -2.949766776036911176e-01
6.770000000137697498e+02 -2.411773605132674358e-01
6.775000000138018095e+02 -1.703683595616503899e-01
6.780000000138338692e+02 -1.917868175795471308e-01
6.785000000138658152e+02 -1.800259274847148816e-01
6.790000000138978749e+02 -2.437967261942988739e-01
6.795000000139299345e+02 -2.038609319397353681e-01
6.800000000139619942e+02 -2.416151492910231791e-01
6.805000000139939402e+02 -2.792099088255798334e-01
6.810000000140259999e+02 -1.634763464231849331e-02
6.815000000140580596e+02 -1.429173441467161132e-01
6.820000000140901193e+02 -1.087958374899754693e-01
6.825000000141221790e+02 -9.157607716327387237e-02
6.830000000141541250e+02 -1.504238507495751220e-01
6.835000000141861847e+02 8.493473591289142643e-02
6.840000000142182444e+02 -1.078728765978803905e-01
6.845000000142503040e+02 -8.804491393527587306e-02
6.850000000142822500e+02 -9.072056765133675038e-02
6.855000000143143097e+02 -9.052107673198292459e-02
6.860000000143463694e+02 -1.079668317400522271e-01
6.865000000143784291e+02 -2.312652490908704422e-02
6.870000000144103751e+02 -7.325743176326253436e-02
6.875000000144424348e+02 -1.270218902127671079e-01
6.880000000144744945e+02 -1.360105473608580195e-01
6.885000000145065542e+02 -2.572410587519622371e-01
6.890000000145385002e+02 -2.121975842919987809e-01
6.895000000145705599e+02 -1.245576098684876287e-01
6.900000000146026196e+02 -3.834729423146368554e-02
6.905000000146346792e+02 -1.590648125119225043e-01
6.910000000146667389e+02 -1.923402685842305962e-02
6.915000000146986849e+02 1.134395992334817031e-03
6.920000000147307446e+02 -2.360092923663504871e-01
6.925000000147628043e+02 -1.973448148869838825e-01
6.930000000147948640e+02 -9.597481470534796610e-03
6.935000000148268100e+02 -2.009765112719563984e-01
6.940000000148588697e+02 -2.117052483225783654e-01
6.945000000148909294e+02 -3.598056515218519408e-02
6.950000000149229891e+02 -7.043508269227309604e-02
6.955000000149549351e+02 8.818200062769089576e-02
6.960000000149869948e+02 3.853877659077892953e-02
6.965000000150190544e+02 -2.402307619369298819e-01
6.970000000150511141e+02 -2.185658152904728091e-01
6.975000000150830601e+02 -1.266882035620307823e-01
6.980000000151151198e+02 -1.311528416678093278e-01
6.985000000151471795e+02 -9.572240066048255669e-02
6.990000000151792392e+02 -1.035021285436407840e-01
6.995000000152112989e+02 -1.561589744005763558e-01
7.000000000152432449e+02 -3.840596204518088030e-01
7.005000000152753046e+02 -5.303645502999431161e-01
7.010000000153073643e+02 -7.344629629765639933e-01
7.015000000153394240e+02 -4.894512915346327375e-01
7.020000000153713700e+02 -4.685000485776590895e-01
7.025000000154034296e+02 -2.312493908482223526e-01
7.030000000154354893e+02 -1.395333304165715382e-01
7.035000000154675490e+02 -2.265159244362076885e-01
7.040000000154994950e+02 -1.253259549258593231e-01
7.045000000155315547e+02 -1.587510658786380480e-01
7.050000000155636144e+02 -6.646834828637052106e-02
7.055000000155956741e+02 -5.218533480747186010e-02
7.060000000156276201e+02 4.760431136920050682e-02
7.065000000156596798e+02 -1.023000761926528557e-01
7.070000000156917395e+02 -3.091146882032785870e-02
7.075000000157237992e+02 -1.908894203553491709e-01
7.080000000157558588e+02 -3.059639528349035187e-01
7.085000000157878048e+02 -3.015532196871590354e-01
7.090000000158198645e+02 -2.348326694270538306e-01
7.095000000158519242e+02 -9.526260163896814459e-02
7.100000000158839839e+02 -4.045171600746026441e-01
7.105000000159159299e+02 -1.899755185674105173e-01
7.110000000159479896e+02 -9.225463073611218923e-02
7.115000000159800493e+02 -8.193602849182485270e-02
7.120000000160121090e+02 -1.207243150830813461e-01
7.125000000160440550e+02 -3.902314876164009183e-01
7.130000000160761147e+02 -4.828821938530717395e-01
7.135000000161081743e+02 -3.086379234706897456e-01
7.140000000161402340e+02 -2.819928421857342271e-01
7.145000000161721800e+02 -5.253069316525220411e-02
7.150000000162042397e+02 -4.624624948914867612e-02
7.155000000162362994e+02 -3.985212766934444206e-02
7.160000000162683591e+02 6.258205393830221230e-02
7.165000000163003051e+02 1.536701118298713920e-02
7.170000000163323648e+02 -1.471432516662240786e-01
7.175000000163644245e+02 -3.394693914771664822e-01
7.180000000163964842e+02 -3.696603923650463308e-01
7.185000000164285439e+02 -2.898541346689502141e-01
7.190000000164604899e+02 -1.751640783597749607e-01
7.195000000164925495e+02 -8.171418108278727388e-02
7.200000000165246092e+02 -1.694274681655543457e-01
7.205000000165566689e+02 -2.778201108984688084e-01
7.210000000165886149e+02 -2.045443386086081769e-02
7.215000000166206746e+02 -2.203061651604205917e-01
7.220000000166527343e+02 -2.763304142944608688e-01
7.225000000166847940e+02 -8.426263454158433586e-02
7.230000000167167400e+02 2.533251787644717479e-01
7.235000000167487997e+02 -1.897583834014571202e-01
7.240000000167808594e+02 -2.010593473730425407e-01
7.245000000168129191e+02 -1.010646057093619182e-01
7.250000000168448651e+02 -1.953263798713326116e-01
7.255000000168769247e+02 -3.387804132328582352e-01
7.260000000169089844e+02 -1.848403958546000203e-01
7.265000000169410441e+02 -2.799207722090027439e-01
7.270000000169731038e+02 -3.084036506742160455e-01
7.275000000170050498e+02 -4.145737018392279816e-01
7.280000000170371095e+02 -1.933664689847839069e-01
7.285000000170691692e+02 -1.699487251091161000e-01
7.290000000171012289e+02 -2.052739716574327744e-01
7.295000000171331749e+02 -7.416959587530756737e-02
7.300000000171652346e+02 -1.392167550085996741e-01
7.305000000171972943e+02 -1.162523658052808523e-01
7.310000000172293539e+02 -4.559029920092006610e-02
7.315000000172612999e+02 -2.135382342870006667e-01
7.320000000172933596e+02 -2.702859434355714963e-01
7.325000000173254193e+02 -1.752043222315812776e-01
7.330000000173574790e+02 -4.746847571923826226e-02
7.335000000173894250e+02 -2.171233138188034817e-01
7.340000000174214847e+02 -4.868230581058813899e-01
7.345000000174535444e+02 -3.832991709337972286e-01
7.350000000174856041e+02 -9.866125363668620807e-02
7.355000000175176638e+02 6.365838835728504508e-02
7.360000000175496098e+02 1.094850955443617269e-01
7.365000000175816695e+02 -3.190113207700811387e-02
7.370000000176137291e+02 -1.067974923900891354e-01
7.375000000176457888e+02 1.868730245481923513e-01
7.380000000176777348e+02 1.574922278768601247e-01
7.385000000177097945e+02 -1.941941093209981761e-01
7.390000000177418542e+02 -4.148691729118349492e-01
7.395000000177739139e+02 -4.193139484124662197e-01
7.400000000178058599e+02 -2.201215330786969182e-01
7.405000000178379196e+02 -8.561026250819940564e-02
7.410000000178699793e+02 1.086889425038330831e-02
7.415000000179020390e+02 3.681709270749710869e-03
7.420000000179339850e+02 -2.001449321279611671e-01
7.425000000179660447e+02 7.433233366328992342e-03
7.430000000179981043e+02 -4.362302968989648089e-02
7.435000000180301640e+02 -8.662418399664612023e-02
7.440000000180622237e+02 -3.534388038676628679e-02
7.445000000180941697e+02 -5.659248736608524927e-02
7.450000000181262294e+02 -1.054562772904128753e-01
7.455000000181582891e+02 -3.430063903478728915e-01
7.460000000181903488e+02 -2.376950233856211722e-02
7.465000000182222948e+02 -3.993106683087761788e-02
7.470000000182543545e+02 -3.655434682626296228e-01
7.475000000182864142e+02 -3.144867588572974881e-01
7.480000000183184738e+02 -2.393814722504557513e-01
7.485000000183504199e+02 -1.351885862628008361e-01
7.490000000183824795e+02 -1.536818872829023297e-01
7.495000000184145392e+02 -1.489467793468555734e-01
7.500000000184465989e+02 -1.324247078869654759e-01
7.505000000184785449e+02 2.447589560740627557e-03
7.510000000185106046e+02 -2.307480221463277248e-01
7.515000000185426643e+02 -4.613850044188371607e-02
7.520000000185747240e+02 -9.996175859923699114e-02
7.525000000186067837e+02 -3.950341581814827974e-01
7.530000000186387297e+02 -3.774998498013502624e-01
7.535000000186707894e+02 -2.647268510631873850e-01
7.540000000187028490e+02 -2.124582303052742482e-01
7.545000000187349087e+02 -2.504992787243035535e-01
7.550000000187668547e+02 -2.554449410322164327e-01
7.555000000187989144e+02 -3.311723740998833709e-01
7.560000000188309741e+02 -2.006027789484350066e-01
7.565000000188630338e+02 -3.397329633019659512e-01
7.570000000188949798e+02 -1.813399519863265197e-01
7.575000000189270395e+02 4.199047895550106491e-02
7.580000000189590992e+02 -1.793204388182373654e-01
7.585000000189911589e+02 -8.424458958821061383e-02
7.590000000190231049e+02 4.661980670654803510e-02
7.595000000190551646e+02 -6.874354918033405426e-02
7.600000000190872242e+02 -2.850976436779726134e-02
7.605000000191192839e+02 -6.665852619426811121e-02
7.610000000191512299e+02 -3.041068443383364017e-01
7.615000000191832896e+02 -1.199170138028336080e-01
7.620000000192153493e+02 -1.906969766291545521e-01
7.625000000192474090e+02 -2.067604167547097693e-01
7.630000000192794687e+02 -3.284410932318682641e-01
7.635000000193114147e+02 -2.569682245313759661e-01
7.640000000193434744e+02 -1.391078579522866399e-01
7.645000000193755341e+02 -2.235659143760511947e-01
7.650000000194075938e+02 -2.063586223326665248e-01
7.655000000194395398e+02 -1.026408923127000994e-01
7.660000000194715994e+02 -3.787490924152288052e-01
7.665000000195036591e+02 -2.461615796841071235e-01
7.670000000195357188e+02 -9.815818284643133829e-02
7.675000000195676648e+02 -2.255223992916640385e-01
7.680000000195997245e+02 -3.624559317410719905e-01
7.685000000196317842e+02 -6.665126352007665067e-02
7.690000000196638439e+02 -6.120807505997333947e-02
7.695000000196957899e+02 -4.031331370597789898e-01
7.700000000197278496e+02 -2.860795264250792780e-01
7.705000000197599093e+02 -1.977129044321540019e-01
7.710000000197919690e+02 -1.271818582728996838e-01
7.715000000198240286e+02 -4.486118557290348294e-03
7.720000000198559746e+02 -4.592075124863703034e-02
7.725000000198880343e+02 -5.947600053684180821e-02
7.730000000199200940e+02 1.689208799070011091e-01
7.735000000199521537e+02 -1.301524677883644232e-01
7.740000000199840997e+02 -3.625851586125515280e-01
7.745000000200161594e+02 -2.388965086376015901e-01
7.750000000200482191e+02 -2.985102777025560039e-01
7.755000000200802788e+02 -3.282812091357875661e-01
7.760000000201122248e+02 -2.626809981507593483e-01
7.765000000201442845e+02 -2.532471957365927673e-01
7.770000000201763442e+02 -6.887677778512900362e-02
7.775000000202084038e+02 -1.011753859452092508e-01
7.780000000202403498e+02 -2.126727727592563344e-01
7.785000000202724095e+02 -3.778710993197872403e-01
7.790000000203044692e+02 -3.133490442019692401e-01
7.795000000203365289e+02 -1.664276323177718286e-01
7.800000000203685886e+02 -2.600673834388740335e-01
7.805000000204005346e+02 -3.621846001127366765e-01
7.810000000204325943e+02 -1.681624607857028220e-01
7.815000000204646540e+02 -1.478362165119587457e-01
7.820000000204967137e+02 -3.097369846319302789e-01
7.825000000205286597e+02 -1.324751173033430485e-01
7.830000000205607193e+02 -9.182894899869786798e-03
7.835000000205927790e+02 -8.972891980604695561e-02
7.840000000206248387e+02 6.866348548958878251e-02
7.845000000206567847e+02 -1.879276092112722521e-02
7.850000000206888444e+02 -1.439964530910382567e-01
7.855000000207209041e+02 -3.154819227185804431e-01
7.860000000207529638e+02 -1.411040897624382395e-01
7.865000000207849098e+02 -2.010631198456587845e-02
7.870000000208169695e+02 6.926285862733199024e-03
7.875000000208490292e+02 1.602734862711203689e-01
7.880000000208810889e+02 -4.702738208294715561e-02
7.885000000209131485e+02 2.402149899095841479e-02
7.890000000209450945e+02 -1.562048846565926019e-01
7.895000000209771542e+02 -2.166063857781371782e-01
7.900000000210092139e+02 -3.281309297436953987e-01
7.905000000210412736e+02 -4.857267945850145541e-01
7.910000000210732196e+02 -3.703623399738778521e-01
7.915000000211052793e+02 -4.206916612810006062e-01
7.920000000211373390e+02 -6.346597017537662644e-02
7.925000000211693987e+02 -2.716089755747876366e-01
7.930000000212013447e+02 -2.791656867529218045e-01
7.935000000212334044e+02 -3.657594408922619222e-01
7.940000000212654641e+02 -2.896232760274882190e-01
7.945000000212975237e+02 -2.488537572911305451e-01
7.950000000213294697e+02 -1.519178455469453459e-01
7.955000000213615294e+02 -1.211090261695884074e-01
7.960000000213935891e+02 -1.528420772207679801e-01
7.965000000214256488e+02 -4.463062366042489515e-01
7.970000000214577085e+02 -1.933326608984728134e-01
7.975000000214896545e+02 -4.274262318146600931e-02
7.980000000215217142e+02 1.762593845356174443e-02
7.985000000215537739e+02 8.677438696465233567e-03
7.990000000215858336e+02 2.618730363720385944e-03
7.995000000216177796e+02 5.373836689105505882e-02
8.000000000216498393e+02 -6.243796972983351595e-02
8.005000000216818989e+02 1.493993630872715306e-01
8.010000000217139586e+02 5.333436656858400737e-02
8.015000000217459046e+02 -1.093418547240276317e-01
8.020000000217779643e+02 -5.925129690946415867e-02
8.025000000218100240e+02 -3.785683169935161185e-02
8.030000000218420837e+02 -2.083649041394262103e-01
8.035000000218740297e+02 -2.422933972369648026e-01
8.040000000219060894e+02 -3.443288346968271241e-01
8.045000000219381491e+02 -2.509005109831277669e-01
8.050000000219702088e+02 -1.921003408046533245e-01
8.055000000220021548e+02 -2.365367974884571289e-01
8.060000000220342145e+02 -1.897936746636653405e-01
8.065000000220662741e+02 -2.274323225194457287e-01
8.070000000220983338e+02 -2.019749550336615851e-01
8.075000000221303935e+02 -1.328422179030467887e-01
8.080000000221623395e+02 -1.072394645193957829e-01
8.085000000221943992e+02 -2.233789678216893670e-01
8.090000000222264589e+02 -1.459381288468320492e-01
8.095000000222585186e+02 -3.892082072185510944e-01
8.100000000222904646e+02 -4.248090738847604131e-01
8.105000000223225243e+02 -3.094458512977387721e-01
8.110000000223545840e+02 -4.111145489910102979e-01
8.115000000223866436e+02 -3.489342874473495559e-01
8.120000000224185897e+02 -3.101907746876201855e-01
8.125000000224506493e+02 -2.008128398988656693e-01
8.130000000224827090e+02 -2.081510853309630482e-01
8.135000000225147687e+02 -4.061976222600034991e-01
8.140000000225467147e+02 -4.450594689736861453e-01
8.145000000225787744e+02 -2.626637925768207649e-01
8.150000000226108341e+02 -2.460955638380392663e-01
8.155000000226428938e+02 -1.959139053465652203e-01
8.160000000226749535e+02 -9.227445217454410820e-02
8.165000000227068995e+02 -3.169315735889216556e-01
8.170000000227389592e+02 -4.070959942844380036e-02
8.175000000227710188e+02 -5.092064061687508886e-02
8.180000000228030785e+02 -7.924786038588420289e-02
8.185000000228350245e+02 -2.813393214169307432e-01
8.190000000228670842e+02 -8.455353302001113180e-02
8.195000000228991439e+02 4.596561774643768278e-02
8.200000000229312036e+02 -6.319648611382745751e-02
8.205000000229631496e+02 -4.840530427752310488e-02
8.210000000229952093e+02 -1.641558715705412896e-01
8.215000000230272690e+02 -1.806857273637092753e-01
8.220000000230593287e+02 -1.452425034815444105e-01
8.225000000230912747e+02 2.353045976249110161e-01
8.230000000231233344e+02 8.650654783369340906e-02
8.235000000231553940e+02 -4.168515754088350511e-02
8.240000000231874537e+02 -1.639615553834750106e-01
8.245000000232195134e+02 -2.469180291490377377e-01
8.250000000232514594e+02 -4.156783488324277687e-01
8.255000000232835191e+02 -3.325161687135996247e-01
8.260000000233155788e+02 -2.687228804115738834e-01
8.265000000233476385e+02 -2.177319735547871282e-01
8.270000000233795845e+02 -8.944978707131716333e-02
8.275000000234116442e+02 -7.644164490943647361e-02
8.280000000234437039e+02 -1.344074867244849092e-01
8.285000000234757636e+02 -2.571887623429368053e-01
8.290000000235077096e+02 -3.611669044333214451e-01
8.295000000235397692e+02 -2.998789570592818032e-01
8.300000000235718289e+02 -2.996537590586230149e-01
8.305000000236038886e+02 -2.266573117567249607e-01
8.310000000236358346e+02 -2.368934156871382868e-01
8.315000000236678943e+02 -1.134370592114380127e-01
8.320000000236999540e+02 -7.800847997704818404e-02
8.325000000237320137e+02 -3.771087175472683656e-02
8.330000000237640734e+02 -3.303463629113850396e-03
8.335000000237960194e+02 -1.943744290597328866e-02
8.340000000238280791e+02 -2.770367084359823262e-02
8.345000000238601388e+02 -1.025183503911226285e-01
8.350000000238921984e+02 -7.137262638319576136e-02
8.355000000239241444e+02 -7.629442081053117164e-02
8.360000000239562041e+02 -1.659985571810728699e-01
8.365000000239882638e+02 -3.123120169695645654e-01
8.370000000240203235e+02 -1.412748505139727884e-01
8.375000000240522695e+02 -3.631664557392019210e-01
8.380000000240843292e+02 -3.800475942071668278e-01
8.385000000241163889e+02 -1.640353859942489390e-01
8.390000000241484486e+02 -1.463169243178231160e-01
8.395000000241803946e+02 -1.609985770528462867e-01
8.400000000242124543e+02 -2.016172322473876177e-01
8.405000000242445140e+02 -2.053644268342922075e-01
8.410000000242765736e+02 -1.044611291643413320e-01
8.415000000243086333e+02 -1.268970050174085817e-01
8.420000000243405793e+02 -2.486033954084637676e-01
8.425000000243726390e+02 -1.806733207240118488e-01
8.430000000244046987e+02 -6.841936518566212044e-02
8.435000000244367584e+02 -1.759157168405473259e-01
8.440000000244687044e+02 -3.006879326121774110e-01
8.445000000245007641e+02 -1.719715838117792661e-01
8.450000000245328238e+02 -2.838183373850234337e-01
8.455000000245648835e+02 -1.909816201851854689e-01
8.460000000245968295e+02 -2.610165555384147962e-01
8.465000000246288892e+02 -3.456587445430697736e-01
8.470000000246609488e+02 -2.882334457962185126e-01
8.475000000246930085e+02 -2.311464339274069413e-01
8.480000000247249545e+02 -7.535872647445067407e-02
8.485000000247570142e+02 -2.213382521813004600e-01
8.490000000247890739e+02 -1.414034024624048480e-01
8.495000000248211336e+02 -3.582364924705744302e-01
8.500000000248530796e+02 -3.227882802829614151e-01
8.505000000248851393e+02 -9.417181351924948374e-02
8.510000000249171990e+02 -1.644499734350607367e-01
8.515000000249492587e+02 -9.857555539111535758e-02
8.520000000249813183e+02 -1.760988719379342760e-01
8.525000000250132643e+02 -7.666436752205597893e-02
8.530000000250453240e+02 -2.507367964260339907e-03
8.535000000250773837e+02 -1.552633860994242776e-01
8.540000000251094434e+02 -1.394742108623889254e-01
8.545000000251413894e+02 -2.386234112268312557e-01
8.550000000251734491e+02 -3.790757052108849057e-01
8.555000000252055088e+02 -3.307758045123388446e-01
8.560000000252375685e+02 -3.183276158547049262e-01
8.565000000252695145e+02 -2.035686745785909579e-01
8.570000000253015742e+02 -4.074404029987199055e-02
8.575000000253336339e+02 7.640440178180402803e-03
8.580000000253656935e+02 -2.109729658997892554e-01
8.585000000253976395e+02 -1.063608991154258027e-01
8.590000000254296992e+02 -2.408168660145190154e-01
8.595000000254617589e+02 -2.806978372932190102e-01
8.600000000254938186e+02 7.726898808270991903e-02
8.605000000255258783e+02 -1.163985109203635182e-01
8.610000000255578243e+02 -2.530457920593499610e-01
8.615000000255898840e+02 -2.621636221155582702e-01
8.620000000256219437e+02 -1.275093715701386687e-01
8.625000000256540034e+02 -1.875303901687205566e-01
8.630000000256859494e+02 -3.539799841853458195e-01
8.635000000257180091e+02 8.179678939684582872e-02
8.640000000257500687e+02 -1.988042564169490989e-01
8.645000000257821284e+02 4.546787085884025637e-02
8.650000000258140744e+02 2.033620028764028254e-01
8.655000000258461341e+02 -8.094516719242840497e-02
8.660000000258781938e+02 1.917245456676804627e-01
8.665000000259102535e+02 -1.795783600193308696e-03
8.670000000259421995e+02 -2.544983373903910231e-02
8.675000000259742592e+02 4.367599754292471152e-03
8.680000000260063189e+02 -5.474418695831734238e-02
8.685000000260383786e+02 -1.089771144797484631e-01
8.690000000260704383e+02 -1.447401107227510308e-01
8.695000000261023843e+02 -4.325632298250821073e-01
8.700000000261344439e+02 -2.925869268207311746e-01
8.705000000261665036e+02 7.207690181759970893e-02
8.710000000261985633e+02 -8.505343000471854431e-02
8.715000000262305093e+02 -2.595815941542553573e-01
8.720000000262625690e+02 -3.272123606702343479e-01
8.725000000262946287e+02 -1.050088247782155482e-01
8.730000000263266884e+02 -8.242538327016254995e-02
8.735000000263586344e+02 -1.865465442426963993e-01
8.740000000263906941e+02 -2.313930943303976751e-01
8.745000000264227538e+02 -3.401826809323935663e-01
8.750000000264548135e+02 -2.891765313459613296e-01
8.755000000264867595e+02 -2.769419883894147505e-01
8.760000000265188191e+02 -2.766533745298544247e-02
8.765000000265508788e+02 -6.190780772688089101e-02
8.770000000265829385e+02 -1.066597858397168724e-01
8.775000000266149982e+02 -1.511321911705997834e-01
8.780000000266469442e+02 -2.161510097426696808e-01
8.785000000266790039e+02 -2.706508019317525604e-01
8.790000000267110636e+02 -1.979426640187975095e-01
8.795000000267431233e+02 -5.245637079389980223e-02
8.800000000267750693e+02 -8.640619581526781667e-02
8.805000000268071290e+02 -1.487251092359924420e-01
8.810000000268391886e+02 -4.673427866165526245e-02
8.815000000268712483e+02 -2.398304893544835892e-01
8.820000000269031943e+02 -3.942503777498684303e-01
8.825000000269352540e+02 -2.414304167208642660e-01
8.830000000269673137e+02 -2.085946351978343605e-01
8.835000000269993734e+02 -8.640838317891420817e-02
8.840000000270313194e+02 3.819588399277131646e-02
8.845000000270633791e+02 -1.457606545694331845e-01
8.850000000270954388e+02 -1.700962365564535617e-01
8.855000000271274985e+02 -3.586179669144299864e-01
8.860000000271595582e+02 -1.696704956909201589e-01
8.865000000271915042e+02 9.591497126849486687e-02
8.870000000272235638e+02 -1.273048266799783612e-01
8.875000000272556235e+02 -6.401603804949305976e-02
8.880000000272876832e+02 -1.004035308041592404e-02
8.885000000273196292e+02 -3.117508030778581296e-01
8.890000000273516889e+02 -1.588106757696743088e-01
8.895000000273837486e+02 -1.679934408223150988e-01
8.900000000274158083e+02 -3.812628020990440070e-01
8.905000000274477543e+02 -1.749736434250758199e-01
8.910000000274798140e+02 -2.979888887508998496e-01
8.915000000275118737e+02 -3.318358726070378406e-01
8.920000000275439334e+02 -2.280936376114117703e-01
8.925000000275758794e+02 -1.670780502123521971e-01
8.930000000276079390e+02 4.598452525950121050e-02
8.935000000276399987e+02 -8.098148193396596806e-02
8.940000000276720584e+02 -2.418370331651569505e-01
8.945000000277040044e+02 -1.343764220357783201e-01
8.950000000277360641e+02 -1.269539400593033274e-01
8.955000000277681238e+02 -1.446558818145419201e-01
8.960000000278001835e+02 -1.718198290580985055e-01
8.965000000278322432e+02 8.469152210791594526e-02
8.970000000278641892e+02 -2.001065396553665388e-01
8.975000000278962489e+02 -9.415586224132196924e-02
8.980000000279283086e+02 1.101085791754029541e-01
8.985000000279603682e+02 2.454679143906531198e-03
8.990000000279923142e+02 -1.839201497823593767e-01
8.995000000280243739e+02 -5.813259573514147766e-02
9.000000000280564336e+02 7.954456681018363950e-02
9.005000000280884933e+02 -7.914975506738053390e-02
9.010000000281204393e+02 -1.394337160795055541e-01
9.015000000281524990e+02 -1.525983207155341970e-01
9.020000000281845587e+02 -2.346726773637089203e-01
9.025000000282166184e+02 -4.926504323873304170e-01
9.030000000282485644e+02 -7.626241313859180027e-01
9.035000000282806241e+02 -4.810033835742649200e-01
9.040000000283126838e+02 -1.936544213236859602e-01
9.045000000283447434e+02 -4.850733718542409034e-02
9.050000000283768031e+02 -1.217428417004190883e-01
9.055000000284087491e+02 -1.183965474479578561e-02
9.060000000284408088e+02 -1.588781564241704136e-01
9.065000000284728685e+02 -8.252273448548425039e-02
9.070000000285049282e+02 -3.212953508965707417e-01
9.075000000285368742e+02 -2.541454296785176092e-01
9.080000000285689339e+02 -2.111570632407371584e-01
9.085000000286009936e+02 -2.127435267425165921e-01
9.090000000286330533e+02 -1.754775074647490218e-01
9.095000000286649993e+02 -3.122055581897222876e-01
9.100000000286970590e+02 -3.077704854535808221e-01
9.105000000287291186e+02 -1.233280367645934322e-01
9.110000000287611783e+02 -1.479752625037486224e-01
9.115000000287931243e+02 -1.256271147969668378e-01
9.120000000288251840e+02 -2.261700637592418683e-01
9.125000000288572437e+02 -2.246275786715908607e-01
9.130000000288893034e+02 -5.856418604028659075e-03
9.135000000289213631e+02 7.317934775762625910e-02
9.140000000289533091e+02 -4.825457189376008288e-02
9.145000000289853688e+02 -2.994462726871755520e-01
9.150000000290174285e+02 -8.757101935507800861e-02
9.155000000290494881e+02 -1.080527282146670209e-01
9.160000000290814341e+02 -7.979337746192109726e-02
9.165000000291134938e+02 -1.778415903802253728e-01
9.170000000291455535e+02 -3.671291422646082332e-03
9.175000000291776132e+02 -4.815181747719238931e-02
9.180000000292095592e+02 -4.967706922447701241e-03
9.185000000292416189e+02 -2.718375990170638912e-01
9.190000000292736786e+02 -1.460401955341765201e-01
9.195000000293057383e+02 -1.784683442941975562e-01
9.200000000293376843e+02 -1.332016368377984261e-01
9.205000000293697440e+02 7.567297573936050681e-02
9.210000000294018037e+02 -3.509233155255682690e-01
9.215000000294338633e+02 -6.784431922449725427e-02
9.220000000294659230e+02 -6.213712821220644666e-02
9.225000000294978690e+02 8.312101750669499689e-02
9.230000000295299287e+02 -2.160805005085825459e-01
9.235000000295619884e+02 -3.011155536058280346e-01
9.240000000295940481e+02 -3.261400605365604721e-01
9.245000000296259941e+02 -1.569113983475997065e-01
9.250000000296580538e+02 -3.676679094402626052e-02
9.255000000296901135e+02 -5.670074734396928634e-02
9.260000000297221732e+02 6.133753983028039647e-03
9.265000000297541192e+02 -7.999757225513486059e-02
9.270000000297861789e+02 -4.954096891004721587e-02
9.275000000298182385e+02 6.698815922107723142e-02
9.280000000298502982e+02 1.281800813862331127e-02
9.285000000298822442e+02 -3.258404261598715213e-01
9.290000000299143039e+02 -4.181547554662443655e-01
9.295000000299463636e+02 -3.794334923102471446e-01
9.300000000299784233e+02 -3.413058875958023264e-01
9.305000000300104830e+02 -2.572389585083557639e-01
9.310000000300424290e+02 -2.286238290674484364e-01
9.315000000300744887e+02 2.184445856920064905e-02
9.320000000301065484e+02 1.746851943247185734e-01
9.325000000301386081e+02 -1.596800740779141525e-01
9.330000000301705541e+02 -1.580524130675708960e-01
9.335000000302026137e+02 -1.796782803249773186e-01
9.340000000302346734e+02 1.892271461047707534e-02
9.345000000302667331e+02 -8.958233316239108679e-02
9.350000000302986791e+02 -3.025349338132630184e-01
9.355000000303307388e+02 -3.573722039703894904e-01
9.360000000303627985e+02 -5.495754049269366837e-01
9.365000000303948582e+02 -4.329499454815727288e-01
9.370000000304268042e+02 -9.728701032366761370e-02
9.375000000304588639e+02 -3.310358723943998549e-01
9.380000000304909236e+02 -3.000573262255860074e-01
9.385000000305229833e+02 -3.605586383383265758e-01
9.390000000305549293e+02 -3.007568918346330000e-01
9.395000000305869889e+02 -2.280291660318402025e-01
9.400000000306190486e+02 -2.000215368915885250e-01
9.405000000306511083e+02 -5.267791937477767084e-02
9.410000000306831680e+02 7.447489032486162563e-02
9.415000000307151140e+02 -1.355947855005763814e-01
9.420000000307471737e+02 -4.375655924532572544e-02
9.425000000307792334e+02 -9.005364038803927162e-02
9.430000000308112931e+02 -2.013074969899945610e-01
9.435000000308432391e+02 -2.156180479492952051e-01
9.440000000308752988e+02 -3.815044681073223032e-01
9.445000000309073585e+02 -5.419298245344316145e-01
9.450000000309394181e+02 -4.696282291113473284e-01
9.455000000309713641e+02 -2.296870085080914836e-01
9.460000000310034238e+02 -7.820269878427263399e-02
9.465000000310354835e+02 -1.528349743279059092e-01
9.470000000310675432e+02 -1.014436057651151579e-01
9.475000000310994892e+02 -2.396766940726259842e-01
9.480000000311315489e+02 -1.599017711499781946e-01
9.485000000311636086e+02 -3.983703716006299356e-01
9.490000000311956683e+02 -2.891805568822348738e-01
9.495000000312277280e+02 -1.354456396198364110e-01
9.500000000312596740e+02 -1.166064516326662109e-01
9.505000000312917336e+02 -2.115898532155525702e-01
9.510000000313237933e+02 -8.978798687802343192e-02
9.515000000313558530e+02 -1.963382725970106435e-01
9.520000000313877990e+02 -1.200330404331878126e-01
9.525000000314198587e+02 7.311129862266337043e-02
9.530000000314519184e+02 -9.398101716546934659e-02
9.535000000314839781e+02 -2.833069667410448300e-02
9.540000000315159241e+02 8.232667098766625891e-02
9.545000000315479838e+02 -3.933496122262663541e-01
9.550000000315800435e+02 -1.371289316695211424e-01
9.555000000316121032e+02 -4.161144624872011727e-02
9.560000000316440492e+02 -2.322028981093126471e-02
9.565000000316761088e+02 -6.008253301832262860e-02
9.570000000317081685e+02 -2.532859038564482246e-01
9.575000000317402282e+02 -2.683559205858639385e-01
9.580000000317722879e+02 -1.531614168668813669e-01
9.585000000318042339e+02 -1.477240641057982889e-02
9.590000000318362936e+02 -1.533423576844375642e-02
9.595000000318683533e+02 -1.647161138025700078e-01
9.600000000319004130e+02 -7.014559862957774061e-02
9.605000000319323590e+02 -2.031962046130350238e-02
9.610000000319644187e+02 -1.960271433119124551e-01
9.615000000319964784e+02 -3.265063271842469916e-01
9.620000000320285380e+02 -2.660163767617193531e-01
9.625000000320604840e+02 -1.808520451482104052e-01
9.630000000320925437e+02 -2.696190650492166774e-01
9.635000000321246034e+02 -1.400000235089652045e-01
9.640000000321566631e+02 -2.665228409470791759e-01
9.645000000321886091e+02 -1.960218718261727278e-01
9.650000000322206688e+02 -3.115230152752675452e-01
9.655000000322527285e+02 -1.039734445761347492e-01
9.660000000322847882e+02 -3.455385826553152295e-01
9.665000000323168479e+02 -2.531521334625687625e-01
9.670000000323487939e+02 -1.505718178991629075e-01
9.675000000323808536e+02 6.821182622216474811e-02
9.680000000324129132e+02 -1.249260703894139457e-01
9.685000000324449729e+02 -1.033611885320697699e-01
9.690000000324769189e+02 -1.129519741126303600e-01
9.695000000325089786e+02 -7.816033931254018352e-03
9.700000000325410383e+02 -2.782655412431490199e-02
9.705000000325730980e+02 -4.695474969756597422e-02
9.710000000326050440e+02 -1.025417570172302562e-01
9.715000000326371037e+02 -1.660564806256404902e-01
9.720000000326691634e+02 -1.797495186224865316e-01
9.725000000327012231e+02 -1.653783503340818806e-01
9.730000000327331691e+02 -2.642052035108491959e-01
9.735000000327652288e+02 -9.007348227441984434e-02
9.740000000327972884e+02 -2.951207829615560274e-01
9.745000000328293481e+02 -2.406723292464463537e-01
9.750000000328614078e+02 -2.624390477173209613e-01
9.755000000328933538e+02 -2.357613725036699359e-01
9.760000000329254135e+02 -3.278333268451203431e-01
9.765000000329574732e+02 -3.694094561032346125e-01
9.770000000329895329e+02 -3.009348511309296592e-01
9.775000000330214789e+02 -3.976645578333278808e-01
9.780000000330535386e+02 -2.224778081576090361e-01
9.785000000330855983e+02 -1.199858495142430564e-01
9.790000000331176579e+02 -1.799709250094986002e-01
9.795000000331496040e+02 -1.325765610956093632e-01
9.800000000331816636e+02 -3.080547380577272065e-01
9.805000000332137233e+02 -3.155617616588458074e-01
9.810000000332457830e+02 -1.959321536237840222e-01
9.815000000332777290e+02 -2.393752097938836032e-01
9.820000000333097887e+02 -1.582401823955997822e-01
9.825000000333418484e+02 -1.203517358455838820e-01
9.830000000333739081e+02 8.928573252424470627e-03
9.835000000334058541e+02 5.639985117137010645e-02
9.840000000334379138e+02 -1.048251024507584200e-01
9.845000000334699735e+02 -2.531924812504418032e-01
9.850000000335020331e+02 -1.987981194649498795e-01
9.855000000335340928e+02 -1.935122966280835299e-01
9.860000000335660388e+02 -1.182171602569082047e-01
9.865000000335980985e+02 1.617577846527097976e-02
9.870000000336301582e+02 -1.578985186389518236e-01
9.875000000336622179e+02 -3.141003752111637404e-01
9.880000000336941639e+02 -3.648262090450264949e-01
9.885000000337262236e+02 -5.221704227850906266e-01
9.890000000337582833e+02 -2.412730999488719164e-01
9.895000000337903430e+02 -2.638175306267032116e-01
9.900000000338222890e+02 -1.346556827696521186e-01
9.905000000338543487e+02 -1.538941453282014274e-02
9.910000000338864083e+02 -6.694906764259418719e-02
9.915000000339184680e+02 -4.853451353557051706e-01
9.920000000339504140e+02 -4.593756005444519785e-01
9.925000000339824737e+02 -5.420453328431626971e-01
9.930000000340145334e+02 -4.297504941405199119e-01
9.935000000340465931e+02 -1.031689217163123226e-04
9.940000000340786528e+02 -5.533201862644291508e-02
9.945000000341105988e+02 -6.066944645470499081e-02
9.950000000341426585e+02 -5.123006836014519505e-02
9.955000000341747182e+02 8.312088516449298720e-04
9.960000000342067779e+02 -1.287065587860745652e-01
9.965000000342387239e+02 4.429989035205272874e-02
9.970000000342707835e+02 6.122980646641493913e-02
9.975000000343028432e+02 -6.788064654085530780e-02
9.980000000343349029e+02 -1.958344308890508645e-01
9.985000000343668489e+02 -1.745929867658135570e-01
9.990000000343989086e+02 1.529629565865157914e-02
9.995000000344309683e+02 -2.068278514865817125e-02
1.000000000034463028e+03 1.933349407572073752e-03
