# Time (ps)	CV (angstrom)
9.999999999975766229e+01 9.981280417659490922e+00
1.004999999997559001e+02 9.661299270401762840e+00
1.009999999997541380e+02 1.024315902416051927e+01
1.014999999997533990e+02 9.631924353023297414e+00
1.019999999997629061e+02 9.537320794652286438e+00
1.024999999997724132e+02 1.034995132910359850e+01
1.029999999997819060e+02 1.004173555427161268e+01
1.034999999997914131e+02 9.607907424317730261e+00
1.039999999998009201e+02 9.879138652385003994e+00
1.044999999998104272e+02 1.007226538471103439e+01
1.049999999998199343e+02 9.906777395793392671e+00
1.054999999998294413e+02 1.003085831745630863e+01
1.059999999998389484e+02 9.606184808797387120e+00
1.064999999998484554e+02 1.042986443990342771e+01
1.069999999998579483e+02 9.767915022166604899e+00
1.074999999998674554e+02 1.029050247426626363e+01
1.079999999998769624e+02 9.791185214769923206e+00
1.084999999998864695e+02 9.901473454093016713e+00
1.089999999998959765e+02 1.008852862219183955e+01
1.094999999999054836e+02 9.586304059392302790e+00
1.099999999999149907e+02 1.010025145466738472e+01
1.104999999999244977e+02 9.688065309231113531e+00
1.109999999999339906e+02 1.002337675094439362e+01
1.114999999999434976e+02 1.015047008516329896e+01
1.119999999999530047e+02 1.005199858042483640e+01
1.124999999999625118e+02 9.975157012038376791e+00
1.129999999999720188e+02 9.658596221112819791e+00
1.134999999999815259e+02 9.856954414019272193e+00
1.139999999999910330e+02 9.869547248549139340e+00
1.145000000000005400e+02 1.003868493364114833e+01
1.150000000000100329e+02 9.545601733249602816e+00
1.155000000000195399e+02 1.041967861361203695e+01
1.160000000000290470e+02 9.686920897955001664e+00
1.165000000000385540e+02 9.693694657219172228e+00
1.170000000000480611e+02 9.776055237923600316e+00
1.175000000000575682e+02 1.011329468848922630e+01
1.180000000000670752e+02 9.824362329033677455e+00
1.185000000000765823e+02 1.021289631527911723e+01
1.190000000000860751e+02 9.529421238743648104e+00
1.195000000000955822e+02 1.037470736275527550e+01
1.200000000001050893e+02 9.670835990901876400e+00
1.205000000001145963e+02 9.205701877518114529e+00
1.210000000001241034e+02 9.919247785929638184e+00
1.215000000001336105e+02 9.779552831744254604e+00
1.220000000001431175e+02 1.008715167611262942e+01
1.225000000001526246e+02 9.429886053903379306e+00
1.230000000001621174e+02 1.034234131501145271e+01
1.235000000001716245e+02 9.826299243425477670e+00
1.240000000001811316e+02 1.008532911083644912e+01
1.245000000001906386e+02 9.467350665791018471e+00
1.250000000002001457e+02 1.033626708714658449e+01
1.255000000002096527e+02 9.517864642493320204e+00
1.260000000002191598e+02 9.834530290339646541e+00
1.265000000002286527e+02 9.557501534263113996e+00
1.270000000002381597e+02 1.030693293042521752e+01
1.275000000002476668e+02 9.722064972822588302e+00
1.280000000002571880e+02 9.997238256747994711e+00
1.285000000002666809e+02 9.719966594448395725e+00
1.290000000002761738e+02 1.030123892067962821e+01
1.295000000002856950e+02 9.811907428586421176e+00
1.300000000002951879e+02 9.645991427884725411e+00
1.305000000003047091e+02 1.042343646010473357e+01
1.310000000003142020e+02 9.765379643178066615e+00
1.315000000003237233e+02 1.010498010895601517e+01
1.320000000003332161e+02 1.001645356506326401e+01
1.325000000003427090e+02 9.800088200359992285e+00
1.330000000003522302e+02 1.037639805615458677e+01
1.335000000003617231e+02 9.621154485740584406e+00
1.340000000003712444e+02 1.020171241973405074e+01
1.345000000003807372e+02 9.963152693897965761e+00
1.350000000003902585e+02 1.020701526769034828e+01
1.355000000003997513e+02 9.983734102317150416e+00
1.360000000004092726e+02 9.843334423909062991e+00
1.365000000004187655e+02 9.694703996242921562e+00
1.370000000004282583e+02 1.033156980613533449e+01
1.375000000004377796e+02 9.792934474645386800e+00
1.380000000004472724e+02 1.015870158448098692e+01
1.385000000004567937e+02 9.880527359070420346e+00
1.390000000004662866e+02 9.964518108332073965e+00
1.395000000004758078e+02 9.630317110005746528e+00
1.400000000004853007e+02 1.041196149973110430e+01
1.405000000004947935e+02 9.520467461513899110e+00
1.410000000005043148e+02 9.700481543066613810e+00
1.415000000005138077e+02 9.543558570878088787e+00
1.420000000005233289e+02 1.059394731939297607e+01
1.425000000005328218e+02 9.565736860107408646e+00
1.430000000005423431e+02 9.924865312439704823e+00
1.435000000005518359e+02 1.022954672952534949e+01
1.440000000005613572e+02 1.004594221319842617e+01
1.445000000005708500e+02 1.020756408777131519e+01
1.450000000005803429e+02 1.029437953910688996e+01
1.455000000005898642e+02 9.722212491000185253e+00
1.460000000005993570e+02 1.035249434606300412e+01
1.465000000006088783e+02 9.678003512562513677e+00
1.470000000006183711e+02 1.006387343435626924e+01
1.475000000006278924e+02 9.693368926729084123e+00
1.480000000006373853e+02 1.001434132636655328e+01
1.485000000006468781e+02 9.758500317210064168e+00
1.490000000006563994e+02 9.615553485771643594e+00
1.495000000006658922e+02 9.380634426554600225e+00
1.500000000006754135e+02 1.048909935061801768e+01
1.505000000006849064e+02 9.928119526975271114e+00
1.510000000006944276e+02 9.600270919786201063e+00
1.515000000007039205e+02 1.055859876924363938e+01
1.520000000007134133e+02 8.969817284289325343e+00
1.525000000007229346e+02 1.065731005696556721e+01
1.530000000007324275e+02 9.415316368669687463e+00
1.535000000007419487e+02 1.038746224061344492e+01
1.540000000007514416e+02 9.106336137551794607e+00
1.545000000007609628e+02 9.865476972810466094e+00
1.550000000007704557e+02 9.549535105273008639e+00
1.555000000007799770e+02 1.021302741423550486e+01
1.560000000007894698e+02 9.752809400324329303e+00
1.565000000007989627e+02 9.856062313683835896e+00
1.570000000008084839e+02 1.000355330805025034e+01
1.575000000008179768e+02 9.850392169326498859e+00
1.580000000008274981e+02 9.766194568311359347e+00
1.585000000008369909e+02 1.052148722742222375e+01
1.590000000008465122e+02 1.000586401110174961e+01
1.595000000008560050e+02 9.744249684720429627e+00
1.600000000008654979e+02 1.051802202634174499e+01
1.605000000008750192e+02 9.467022892748392593e+00
1.610000000008845120e+02 1.031172683849800009e+01
1.615000000008940333e+02 9.931745777429757283e+00
1.620000000009035261e+02 9.461084856931217146e+00
1.625000000009130474e+02 9.812339920280360062e+00
1.630000000009225403e+02 9.883279430714416947e+00
1.635000000009320615e+02 1.002437526105582322e+01
1.640000000009415544e+02 1.033643708803222516e+01
1.645000000009510472e+02 9.539963137432444285e+00
1.650000000009605685e+02 9.582906293210220028e+00
1.655000000009700614e+02 9.537154495391456877e+00
1.660000000009795826e+02 1.038212151197401667e+01
1.665000000009890755e+02 9.906009458058466777e+00
1.670000000009985968e+02 9.808243353557623223e+00
1.675000000010080896e+02 1.034961439571096697e+01
1.680000000010175825e+02 9.495342567585280946e+00
1.685000000010271037e+02 1.002582321567289547e+01
1.690000000010365966e+02 9.876005993035791519e+00
1.695000000010461179e+02 9.365027480238914848e+00
1.700000000010556107e+02 1.001812060919589698e+01
1.705000000010651320e+02 9.771864475688497365e+00
1.710000000010746248e+02 1.028781342883827854e+01
1.715000000010841177e+02 9.925689110650463221e+00
1.720000000010936390e+02 9.862222365959079085e+00
1.725000000011031318e+02 9.781852790277083542e+00
1.730000000011126531e+02 9.606556017480940568e+00
1.735000000011221459e+02 9.925447871534098354e+00
1.740000000011316672e+02 9.955627012870250425e+00
1.745000000011411601e+02 1.013841985415235314e+01
1.750000000011506813e+02 1.017543203498480153e+01
1.755000000011601742e+02 9.899525978199275045e+00
1.760000000011696670e+02 9.984370960718630172e+00
1.765000000011791883e+02 1.011956099536727649e+01
1.770000000011886812e+02 9.866012163317321892e+00
1.775000000011982024e+02 1.046424020200263350e+01
1.780000000012076953e+02 9.940459041040782040e+00
1.785000000012172165e+02 9.717681276164432447e+00
1.790000000012267094e+02 9.484585942756037724e+00
1.795000000012362023e+02 1.051167879583913489e+01
1.800000000012457235e+02 9.560151320994890511e+00
1.805000000012552164e+02 1.033501624506758532e+01
1.810000000012647376e+02 9.797218112058329709e+00
1.815000000012742305e+02 9.872263034172638285e+00
1.820000000012837518e+02 1.003928009684030265e+01
1.825000000012932446e+02 9.987463346816756626e+00
1.830000000013027659e+02 9.531762068416629319e+00
1.835000000013122587e+02 1.018811521916666862e+01
1.840000000013217516e+02 9.583163508081078419e+00
1.845000000013312729e+02 1.015812867086538596e+01
1.850000000013407657e+02 1.010079541135486458e+01
1.855000000013502870e+02 1.021882693342256943e+01
1.860000000013597798e+02 9.933408613006754706e+00
1.865000000013693011e+02 1.009380734407456082e+01
1.870000000013787940e+02 1.028119596079807962e+01
1.875000000013882868e+02 9.976019412288787080e+00
1.880000000013978081e+02 9.714703966464895757e+00
1.885000000014073009e+02 1.008518243753686683e+01
1.890000000014168222e+02 1.008069962349200566e+01
1.895000000014263151e+02 9.917237496526304597e+00
1.900000000014358363e+02 9.802476199120651046e+00
1.905000000014453292e+02 1.006289230273013402e+01
1.910000000014548220e+02 9.432843468344977111e+00
1.915000000014643433e+02 9.228191911351991905e+00
1.920000000014738362e+02 1.001657655827176008e+01
1.925000000014833574e+02 9.961701673846897975e+00
1.930000000014928503e+02 9.883578577159902068e+00
1.935000000015023716e+02 9.796817253171509421e+00
1.940000000015118644e+02 1.019994099963887635e+01
1.945000000015213857e+02 9.363047304653015601e+00
1.950000000015308785e+02 9.579870449904442253e+00
1.955000000015403714e+02 9.388918700954219432e+00
1.960000000015498927e+02 1.053294855185024481e+01
1.965000000015593855e+02 9.600335400659771423e+00
1.970000000015689068e+02 9.917066275742200787e+00
1.975000000015783996e+02 1.006520248127306871e+01
1.980000000015879209e+02 9.290302905420386281e+00
1.985000000015974138e+02 1.047219395558272481e+01
1.990000000016069066e+02 9.521002449602544715e+00
1.995000000016164279e+02 1.003574001793148973e+01
2.000000000016259207e+02 1.011676775520198923e+01
2.005000000016354420e+02 9.691386036493002010e+00
2.010000000016449349e+02 9.968462903842516099e+00
2.015000000016544561e+02 1.008761664417159665e+01
2.020000000016639490e+02 9.624240849411634713e+00
2.025000000016734703e+02 1.039904128622382551e+01
2.030000000016789556e+02 9.730966364733228957e+00
2.035000000016659385e+02 1.057889317469361323e+01
2.040000000016529214e+02 9.642311618569284093e+00
2.045000000016398758e+02 9.977610735522354446e+00
2.050000000016268586e+02 9.935095002120265306e+00
2.055000000016138415e+02 9.913227570417614487e+00
2.060000000016008244e+02 9.966297866751075318e+00
2.065000000015878072e+02 1.010283785924766953e+01
2.070000000015747617e+02 9.886758735626553829e+00
2.075000000015617445e+02 1.037681385625317709e+01
2.080000000015487274e+02 9.623601082243371962e+00
2.085000000015357102e+02 1.007263437685773333e+01
2.090000000015226931e+02 1.008501532469314377e+01
2.095000000015096475e+02 9.878519817604752618e+00
2.100000000014966304e+02 1.005594997971834026e+01
2.105000000014836132e+02 1.018078610280580598e+01
2.110000000014705961e+02 1.013743235432934320e+01
2.115000000014575789e+02 9.933849275924476530e+00
2.120000000014445618e+02 9.928973151180882084e+00
2.125000000014315162e+02 9.815015234939080457e+00
2.130000000014184991e+02 9.979392249902653944e+00
2.135000000014054820e+02 9.934887801801455254e+00
2.140000000013924648e+02 9.957077265763329521e+00
2.145000000013794477e+02 9.774346875228296483e+00
2.150000000013664021e+02 1.001884424355692005e+01
2.155000000013533850e+02 9.920848249786791584e+00
2.160000000013403678e+02 9.585699495333914300e+00
2.165000000013273507e+02 1.028833144034279989e+01
2.170000000013143335e+02 9.888061645557023382e+00
2.175000000013013164e+02 1.005054673511891394e+01
2.180000000012882708e+02 1.004333094770534274e+01
2.185000000012752537e+02 9.977713503685656349e+00
2.190000000012622365e+02 9.815062479108975779e+00
2.195000000012492194e+02 1.010161123374997061e+01
2.200000000012362023e+02 9.879532083667269760e+00
2.205000000012231567e+02 1.016349759219573734e+01
2.210000000012101395e+02 9.853257520029860217e+00
2.215000000011971224e+02 1.013983317629817549e+01
2.220000000011841053e+02 9.956449125088516539e+00
2.225000000011710881e+02 9.988117801338612267e+00
2.230000000011580710e+02 9.574992672344489364e+00
2.235000000011450254e+02 1.007488625259361470e+01
2.240000000011320083e+02 9.524855898635152585e+00
2.245000000011189911e+02 9.933069557448135356e+00
2.250000000011059740e+02 9.804576361956799602e+00
2.255000000010929568e+02 9.761110232797335584e+00
2.260000000010799113e+02 1.027500955990198506e+01
2.265000000010668941e+02 9.793840359237680815e+00
2.270000000010538770e+02 9.815807016699773513e+00
2.275000000010408598e+02 9.572133939027818172e+00
2.280000000010278427e+02 1.001687455202666222e+01
2.285000000010148256e+02 9.825743692235141324e+00
2.290000000010017800e+02 1.008422493565920419e+01
2.295000000009887628e+02 9.262334154902319483e+00
2.300000000009757457e+02 9.714544855851183769e+00
2.305000000009627286e+02 9.845136701123404777e+00
2.310000000009497114e+02 1.007098337369906638e+01
2.315000000009366659e+02 1.028524057829927152e+01
2.320000000009236487e+02 9.946164124185045807e+00
2.325000000009106316e+02 1.011049108872599156e+01
2.330000000008976144e+02 9.707019248335061690e+00
2.335000000008845973e+02 1.015455553573523773e+01
2.340000000008715517e+02 9.983002115221356831e+00
2.345000000008585346e+02 9.914437013645596153e+00
2.350000000008455174e+02 1.040983676863602447e+01
2.355000000008325003e+02 9.596340295116846164e+00
2.360000000008194831e+02 1.026548699438632184e+01
2.365000000008064660e+02 9.591690107895050943e+00
2.370000000007934204e+02 9.344800697876818774e+00
2.375000000007804033e+02 9.927784523624191948e+00
2.380000000007673862e+02 9.742090124028887743e+00
2.385000000007543690e+02 9.624110984105890054e+00
2.390000000007413519e+02 1.062036888095620135e+01
2.395000000007283063e+02 9.452156550557880621e+00
2.400000000007152892e+02 1.037397374494239877e+01
2.405000000007022720e+02 9.999890739642122384e+00
2.410000000006892549e+02 9.368616728416524708e+00
2.415000000006762377e+02 9.565760000859624412e+00
2.420000000006632206e+02 9.915603942709209306e+00
2.425000000006501750e+02 1.037946315798575725e+01
2.430000000006371579e+02 9.498217628576352212e+00
2.435000000006241407e+02 9.608865103461587509e+00
2.440000000006111236e+02 1.017830139182693827e+01
2.445000000005981065e+02 9.919396818646518454e+00
2.450000000005850609e+02 9.663153778677074257e+00
2.455000000005720437e+02 1.033583110214884826e+01
2.460000000005590266e+02 9.697562894015808510e+00
2.465000000005460095e+02 9.870627357314173622e+00
2.470000000005329923e+02 1.019995988112606611e+01
2.475000000005199752e+02 9.621231287372014052e+00
2.480000000005069296e+02 9.897833983184209927e+00
2.485000000004939125e+02 9.735388551606638075e+00
2.490000000004808953e+02 1.015719219116669692e+01
2.495000000004678782e+02 1.052114692483136160e+01
2.500000000004548610e+02 9.724909154580515747e+00
2.505000000004418155e+02 1.018871968802905315e+01
2.510000000004287983e+02 1.006567670121277835e+01
2.515000000004157812e+02 9.835641386333215053e+00
2.520000000004027640e+02 1.023781582527246137e+01
2.525000000003897469e+02 9.713312455489100827e+00
2.530000000003767013e+02 1.007930626292405307e+01
2.535000000003636842e+02 9.944732629292460047e+00
2.540000000003506671e+02 1.015130284582985709e+01
2.545000000003376499e+02 9.918167716656812516e+00
2.550000000003246328e+02 1.006585506544568531e+01
2.555000000003116156e+02 1.009634331733379575e+01
2.560000000002985985e+02 9.954238010777093137e+00
2.565000000002855813e+02 1.009771116325213036e+01
2.570000000002725642e+02 9.500698014930760493e+00
2.575000000002594902e+02 1.003443266630209507e+01
2.580000000002464731e+02 9.564816247189893872e+00
2.585000000002334559e+02 1.011885314999736352e+01
2.590000000002204388e+02 9.563196192858347544e+00
2.595000000002074216e+02 1.023652475953585750e+01
2.600000000001944045e+02 9.866664795819637845e+00
2.605000000001813873e+02 9.991149153532381533e+00
2.610000000001683702e+02 9.685293952897783498e+00
2.615000000001553531e+02 9.743990674145118547e+00
2.620000000001423359e+02 9.806150563556943922e+00
2.625000000001292619e+02 1.011984115035678577e+01
2.630000000001162448e+02 1.015186814082720090e+01
2.635000000001032276e+02 9.225802415392260869e+00
2.640000000000902105e+02 9.127268572210988751e+00
2.645000000000771934e+02 1.015682029136633169e+01
2.650000000000641762e+02 9.698171687644082439e+00
2.655000000000511591e+02 9.848603912161483009e+00
2.660000000000381419e+02 9.874160886969656659e+00
2.665000000000251248e+02 1.015245673712120578e+01
2.670000000000121076e+02 9.604281678195190963e+00
2.674999999999990905e+02 1.018240262985983335e+01
2.679999999999860165e+02 9.953226853682819453e+00
2.684999999999729994e+02 9.898220233245295319e+00
2.689999999999599822e+02 9.835929571204848898e+00
2.694999999999469651e+02 1.042652295988090394e+01
2.699999999999339479e+02 9.716628734293486502e+00
2.704999999999209308e+02 9.752686813682926115e+00
2.709999999999079137e+02 1.011199431805042614e+01
2.714999999998948965e+02 9.901497192503835976e+00
2.719999999998818794e+02 9.645492911658681834e+00
2.724999999998688622e+02 1.010458417101057194e+01
2.729999999998558451e+02 1.015885599266274575e+01
2.734999999998427711e+02 9.907592900631660982e+00
2.739999999998297540e+02 1.018305614662951974e+01
2.744999999998167368e+02 9.907044628869327241e+00
2.749999999998037197e+02 1.006599704834957976e+01
2.754999999997907025e+02 1.017672368653018111e+01
2.759999999997776854e+02 9.510964413498976811e+00
2.764999999997646682e+02 9.924820390819839133e+00
2.769999999997516511e+02 1.006743045216659027e+01
2.774999999997386340e+02 9.794633066869765869e+00
2.779999999997256168e+02 9.973891190162555986e+00
2.784999999997125997e+02 1.026786611786186398e+01
2.789999999996995257e+02 1.002871333749238936e+01
2.794999999996865085e+02 1.003336394950533972e+01
2.799999999996734914e+02 9.910411922833395337e+00
2.804999999996604743e+02 9.717288937605923493e+00
2.809999999996474571e+02 1.012190607149249111e+01
2.814999999996344400e+02 9.760847785886937800e+00
2.819999999996214228e+02 9.657979070559520096e+00
2.824999999996084057e+02 1.015542608930229918e+01
2.829999999995953885e+02 9.536307216481851867e+00
2.834999999995823714e+02 1.017546370135380585e+01
2.839999999995693543e+02 9.550344098443364516e+00
2.844999999995562803e+02 1.048626296731214147e+01
2.849999999995432631e+02 9.744901672723589314e+00
2.854999999995302460e+02 9.684259909604442385e+00
2.859999999995172288e+02 9.861867189738578787e+00
2.864999999995042117e+02 9.984981431025900633e+00
2.869999999994911946e+02 1.009289327866789421e+01
2.874999999994781774e+02 9.933774767081891000e+00
2.879999999994651603e+02 1.001240261325454561e+01
2.884999999994521431e+02 1.007110103606428986e+01
2.889999999994391260e+02 9.762659834818361304e+00
2.894999999994261088e+02 9.948040319257916764e+00
2.899999999994130349e+02 1.008435789407834449e+01
2.904999999994000177e+02 1.035083945473385469e+01
2.909999999993870006e+02 9.685016417383629062e+00
2.914999999993739834e+02 9.595281968835573494e+00
2.919999999993609663e+02 9.467528193003168724e+00
2.924999999993479491e+02 1.063464790779233660e+01
2.929999999993349320e+02 9.268779483248344775e+00
2.934999999993219149e+02 9.703166167209978710e+00
2.939999999993088977e+02 1.024636748589025181e+01
2.944999999992958806e+02 9.238550507491835262e+00
2.949999999992828634e+02 1.050376742090863935e+01
2.954999999992697894e+02 9.884780226558154581e+00
2.959999999992567723e+02 9.708768531098760590e+00
2.964999999992437552e+02 1.003869176766963989e+01
2.969999999992307380e+02 1.022069071479049285e+01
2.974999999992177209e+02 9.622554148613726710e+00
2.979999999992047037e+02 9.958137389852049992e+00
2.984999999991916866e+02 9.782527685220268054e+00
2.989999999991786694e+02 1.028650723530538436e+01
2.994999999991656523e+02 9.469987869158572380e+00
2.999999999991526352e+02 9.990428933942572698e+00
3.004999999991396180e+02 9.815174347682933842e+00
3.009999999991265440e+02 9.928126649241411528e+00
3.014999999991135269e+02 1.004127683541718419e+01
3.019999999991005097e+02 1.008998244956846158e+01
3.024999999990874926e+02 9.828882826359778946e+00
3.029999999990744755e+02 9.906135467519042948e+00
3.034999999990614583e+02 1.013970777189502215e+01
3.039999999990484412e+02 9.939174057215891978e+00
3.044999999990354240e+02 1.019033233546424100e+01
3.049999999990224069e+02 9.605988886623160639e+00
3.054999999990093897e+02 9.932083280550434878e+00
3.059999999989963158e+02 9.723480523596979452e+00
3.064999999989832986e+02 9.837843352631765015e+00
3.069999999989702815e+02 1.002953487520567144e+01
3.074999999989572643e+02 1.031513402482286601e+01
3.079999999989442472e+02 9.305693903349093077e+00
3.084999999989312300e+02 1.041115179542973124e+01
3.089999999989182129e+02 9.426481524450213811e+00
3.094999999989051958e+02 1.046207438535461165e+01
3.099999999988921786e+02 1.004617377003311418e+01
3.104999999988791615e+02 9.770945662335019932e+00
3.109999999988661443e+02 1.008566199842342925e+01
3.114999999988530703e+02 9.926022753170881785e+00
3.119999999988400532e+02 1.011680967622629623e+01
3.124999999988270361e+02 9.838037447054871265e+00
3.129999999988140189e+02 9.284030305475056366e+00
3.134999999988010018e+02 1.002538161106980930e+01
3.139999999987879846e+02 9.581062861657974494e+00
3.144999999987749675e+02 9.793891567293236733e+00
3.149999999987619503e+02 9.497384497067614006e+00
3.154999999987489332e+02 1.024863948339192277e+01
3.159999999987359161e+02 9.707820424791156810e+00
3.164999999987228989e+02 9.701961282875803505e+00
3.169999999987098249e+02 1.004596050592447121e+01
3.174999999986968078e+02 1.021247095206538269e+01
3.179999999986837906e+02 1.001908374191565976e+01
3.184999999986707735e+02 1.036076275901439736e+01
3.189999999986577564e+02 9.644406782306425896e+00
3.194999999986447392e+02 1.017776442884872523e+01
3.199999999986317221e+02 1.005984708607919842e+01
3.204999999986187049e+02 1.000151201512971255e+01
3.209999999986056878e+02 1.049609074851890433e+01
3.214999999985926706e+02 9.917473181813463157e+00
3.219999999985796535e+02 1.002468957869831989e+01
3.224999999985665795e+02 9.827925791051944415e+00
3.229999999985535624e+02 1.031806595021170203e+01
3.234999999985405452e+02 9.903319543711408102e+00
3.239999999985275281e+02 9.964232170948248424e+00
3.244999999985145109e+02 9.829298263244361067e+00
3.249999999985014938e+02 1.023539321355672094e+01
3.254999999984884766e+02 9.657732436187293601e+00
3.259999999984754595e+02 1.002131110625213850e+01
3.264999999984624424e+02 1.002703632226576147e+01
3.269999999984494252e+02 1.012878943635561590e+01
3.274999999984364081e+02 1.008664351519345459e+01
3.279999999984233341e+02 9.902068655871383740e+00
3.284999999984103169e+02 1.014960381852009697e+01
3.289999999983972998e+02 9.929005883857643155e+00
3.294999999983842827e+02 1.025407458061078181e+01
3.299999999983712655e+02 9.836947958699612471e+00
3.304999999983582484e+02 1.011258971141179508e+01
3.309999999983452312e+02 9.871350624156468356e+00
3.314999999983322141e+02 9.875753323414437901e+00
3.319999999983191969e+02 9.956060439105687720e+00
3.324999999983061798e+02 1.003903494507089178e+01
3.329999999982931627e+02 9.708962176644149622e+00
3.334999999982800887e+02 9.614267521265018601e+00
3.339999999982670715e+02 1.048086902273018062e+01
3.344999999982540544e+02 9.527252365352333996e+00
3.349999999982410372e+02 1.024748714172126185e+01
3.354999999982280201e+02 9.687395704361591697e+00
3.359999999982150030e+02 9.974915829966159109e+00
3.364999999982019858e+02 9.853006648823022573e+00
3.369999999981889687e+02 9.877286187791087357e+00
3.374999999981759515e+02 9.211556775155690602e+00
3.379999999981629344e+02 9.955722387549471364e+00
3.384999999981499172e+02 9.998083236430151288e+00
3.389999999981368433e+02 9.658740292663470228e+00
3.394999999981238261e+02 1.041081918831667075e+01
3.399999999981108090e+02 9.383008379586222247e+00
3.404999999980977918e+02 9.966918039232542270e+00
3.409999999980847747e+02 1.021658488953597477e+01
3.414999999980717575e+02 9.685024145385860095e+00
3.419999999980587404e+02 9.918084922813175552e+00
3.424999999980457233e+02 1.011009411560402604e+01
3.429999999980327061e+02 9.904313772554209194e+00
3.434999999980196890e+02 9.775482623387309999e+00
3.439999999980066718e+02 9.948508486527721573e+00
3.444999999979935978e+02 1.012591520377811705e+01
3.449999999979805807e+02 9.982697916694901252e+00
3.454999999979675636e+02 1.030506946812488422e+01
3.459999999979545464e+02 9.509017335047182939e+00
3.464999999979415293e+02 1.006890810814029713e+01
3.469999999979285121e+02 9.948297167818425990e+00
3.474999999979154950e+02 9.545061463241742317e+00
3.479999999979024778e+02 9.556805235847084745e+00
3.484999999978894607e+02 9.968901933181408381e+00
3.489999999978764436e+02 1.000884073945965724e+01
3.494999999978633696e+02 9.782247505524827247e+00
3.499999999978503524e+02 9.844559216995170559e+00
3.504999999978373353e+02 9.646786520778251273e+00
3.509999999978243181e+02 9.508527940300322001e+00
3.514999999978113010e+02 1.021209946762613541e+01
3.519999999977982839e+02 9.768760987298319876e+00
3.524999999977852667e+02 1.013988154278796294e+01
3.529999999977722496e+02 9.929298595098686064e+00
3.534999999977592324e+02 9.930464788795346109e+00
3.539999999977462153e+02 9.536153054969233267e+00
3.544999999977331981e+02 1.024406896114014920e+01
3.549999999977201242e+02 9.752932250559441130e+00
3.554999999977071070e+02 1.005264620521953667e+01
3.559999999976940899e+02 1.005212491952943488e+01
3.564999999976810727e+02 9.798875567470938464e+00
3.569999999976680556e+02 9.955960326634530233e+00
3.574999999976550384e+02 9.774528453573591236e+00
3.579999999976420213e+02 1.044671655512759934e+01
3.584999999976290042e+02 9.929108397165983035e+00
3.589999999976159870e+02 1.006391693998513226e+01
3.594999999976029699e+02 1.032907717577602824e+01
3.599999999975899527e+02 9.367412632535296879e+00
3.604999999975768787e+02 1.048224498646884406e+01
3.609999999975638616e+02 9.751815906284903690e+00
3.614999999975508445e+02 9.742812384646635238e+00
3.619999999975378273e+02 1.000651575180298458e+01
3.624999999975248102e+02 1.024044699936398573e+01
3.629999999975117930e+02 9.945482072233659210e+00
3.634999999974987759e+02 1.040976192438208336e+01
3.639999999974857587e+02 9.317111644499560086e+00
3.644999999974727416e+02 9.809772064051569984e+00
3.649999999974597245e+02 9.589522283372431843e+00
3.654999999974467073e+02 1.005442996736218575e+01
3.659999999974336333e+02 9.898947413700055264e+00
3.664999999974206162e+02 1.000176658576263478e+01
3.669999999974075990e+02 1.043724169277719760e+01
3.674999999973945819e+02 9.463525955193020422e+00
3.679999999973815648e+02 9.883533059385991137e+00
3.684999999973685476e+02 9.432286840625964786e+00
3.689999999973555305e+02 9.260502369782638965e+00
3.694999999973425133e+02 9.273889800622002966e+00
3.699999999973294962e+02 1.064057186284995637e+01
3.704999999973164790e+02 9.213977029417890208e+00
3.709999999973034619e+02 1.068043632972011281e+01
3.714999999972903879e+02 9.674652803983093463e+00
3.719999999972773708e+02 1.010415793501323023e+01
3.724999999972643536e+02 1.000003219969597090e+01
3.729999999972513365e+02 1.003119063767430674e+01
3.734999999972383193e+02 9.636263709640109809e+00
3.739999999972253022e+02 9.595718444628792199e+00
3.744999999972122851e+02 1.019568452388893398e+01
3.749999999971992679e+02 9.342465949679141346e+00
3.754999999971862508e+02 1.049072633167776836e+01
3.759999999971732336e+02 9.337851890351492656e+00
3.764999999971602165e+02 9.233023948783010582e+00
3.769999999971471425e+02 1.022857492216832220e+01
3.774999999971341254e+02 1.003304132402652371e+01
3.779999999971211082e+02 9.500752665192031543e+00
3.784999999971080911e+02 9.561436497807401125e+00
3.789999999970950739e+02 9.546441999051719307e+00
3.794999999970820568e+02 9.801825963907445427e+00
3.799999999970690396e+02 9.956886575552887919e+00
3.804999999970560225e+02 1.048596634546710860e+01
3.809999999970430054e+02 9.772264933014502830e+00
3.814999999970299882e+02 9.361274577564893562e+00
3.819999999970169711e+02 9.689319836883564463e+00
3.824999999970038971e+02 1.006668084898420723e+01
3.829999999969908799e+02 1.022422305634107431e+01
3.834999999969778628e+02 9.936761105148827156e+00
3.839999999969648456e+02 9.913655987199916808e+00
3.844999999969518285e+02 9.685356014643506484e+00
3.849999999969388114e+02 1.019503649014234625e+01
3.854999999969257942e+02 9.807312846476461843e+00
3.859999999969127771e+02 9.686794357331981686e+00
3.864999999968997599e+02 1.011035397743795627e+01
3.869999999968867428e+02 1.008549600053701667e+01
3.874999999968737256e+02 9.880105514889955032e+00
3.879999999968606517e+02 1.008691644104895246e+01
3.884999999968476345e+02 9.984666603953520791e+00
3.889999999968346174e+02 1.018024664210524932e+01
3.894999999968216002e+02 1.007437779710421921e+01
3.899999999968085831e+02 1.010079050255048116e+01
3.904999999967955659e+02 1.003015663449801309e+01
3.909999999967825488e+02 9.463671424597297488e+00
3.914999999967695317e+02 1.017096905593716016e+01
3.919999999967565145e+02 9.513757814871688367e+00
3.924999999967434974e+02 9.924953297916209394e+00
3.929999999967304234e+02 1.010716382833252247e+01
3.934999999967174062e+02 9.951742423535989701e+00
3.939999999967043891e+02 9.665232627545801591e+00
3.944999999966913720e+02 9.878178171476969638e+00
3.949999999966783548e+02 9.808989621549695670e+00
3.954999999966653377e+02 9.612512180716718646e+00
3.959999999966523205e+02 1.035649117643634298e+01
3.964999999966393034e+02 9.901306225220546153e+00
3.969999999966262862e+02 1.011611054540803600e+01
3.974999999966132691e+02 9.597220979047188294e+00
3.979999999966002520e+02 1.011087159649358824e+01
3.984999999965871780e+02 9.913516639651492213e+00
3.989999999965741608e+02 9.576454125589860311e+00
3.994999999965611437e+02 1.058412004559878561e+01
3.999999999965481265e+02 9.798227168374417317e+00
4.004999999965351094e+02 9.614195922424137564e+00
4.009999999965220923e+02 1.072934045254551094e+01
4.014999999965090751e+02 9.674133999858000266e+00
4.019999999964960580e+02 1.001426078678042053e+01
4.024999999964830408e+02 9.646172162866866628e+00
4.029999999964700237e+02 8.468257791553096325e+00
4.034999999964570065e+02 1.015195367751291577e+01
4.039999999964439326e+02 9.502716456496894892e+00
4.044999999964309154e+02 9.524305620749515811e+00
4.049999999964178983e+02 9.718581176048720849e+00
4.054999999964048811e+02 9.154559513011836458e+00
4.059999999964079507e+02 1.066752011152950175e+01
4.064999999964400104e+02 9.683390368492945655e+00
4.069999999964720132e+02 9.670745069932795701e+00
4.074999999965040729e+02 9.726206598191666330e+00
4.079999999965360757e+02 1.029086308174134423e+01
4.084999999965681354e+02 9.285349547354083910e+00
4.089999999966001383e+02 1.004905474494351125e+01
4.094999999966321980e+02 9.880214617879980565e+00
4.099999999966642008e+02 1.050232815803469144e+01
4.104999999966962605e+02 9.968419503752951272e+00
4.109999999967282633e+02 1.006958117122466412e+01
4.114999999967603230e+02 9.840068111870039047e+00
4.119999999967923259e+02 9.873450658346859754e+00
4.124999999968243856e+02 1.005927567421821145e+01
4.129999999968563884e+02 9.909165265343604645e+00
4.134999999968884481e+02 1.043735675974296662e+01
4.139999999969205078e+02 9.800669173529222178e+00
4.144999999969525106e+02 9.474816227997045814e+00
4.149999999969845703e+02 1.059118719525056385e+01
4.154999999970165732e+02 1.006402381409878899e+01
4.159999999970486328e+02 9.509248437885053917e+00
4.164999999970806357e+02 9.884548787924785529e+00
4.169999999971126954e+02 1.003627883762075790e+01
4.174999999971446982e+02 1.011425248226335150e+01
4.179999999971767579e+02 9.521363153996048823e+00
4.184999999972087608e+02 9.708886632897163693e+00
4.189999999972408204e+02 1.000171793549741572e+01
4.194999999972728233e+02 9.526093309858854496e+00
4.199999999973048830e+02 1.037209881196469929e+01
4.204999999973368858e+02 9.907619366253960891e+00
4.209999999973689455e+02 9.856686401174217238e+00
4.214999999974009484e+02 1.024147914868303033e+01
4.219999999974330080e+02 9.564105128414574608e+00
4.224999999974650109e+02 9.893530481118320452e+00
4.229999999974970706e+02 1.032773031520016715e+01
4.234999999975291303e+02 9.626056445000262585e+00
4.239999999975611331e+02 9.680885146987682432e+00
4.244999999975931928e+02 9.688119128843887040e+00
4.249999999976251956e+02 1.014946385638587145e+01
4.254999999976572553e+02 9.786589035716993124e+00
4.259999999976892582e+02 1.044745377348488091e+01
4.264999999977213179e+02 9.618702218281141469e+00
4.269999999977533207e+02 1.014505304912741224e+01
4.274999999977853804e+02 9.867733388817935491e+00
4.279999999978173832e+02 1.020107754026816949e+01
4.284999999978494429e+02 9.266339263945877036e+00
4.289999999978814458e+02 9.527176430114748129e+00
4.294999999979135055e+02 1.079370018249933594e+01
4.299999999979455083e+02 9.198638592553903592e+00
4.304999999979775680e+02 9.979701499893469219e+00
4.309999999980095708e+02 9.570215099503910139e+00
4.314999999980416305e+02 9.893688427926928597e+00
4.319999999980736902e+02 9.961815485249061908e+00
4.324999999981056931e+02 9.754072696738694148e+00
4.329999999981377528e+02 1.043955189338765699e+01
4.334999999981697556e+02 1.007449913807221442e+01
4.339999999982018153e+02 9.804823071349918706e+00
4.344999999982338181e+02 9.390488992506210053e+00
4.349999999982658778e+02 1.005730875228631405e+01
4.354999999982978807e+02 1.009866488421066855e+01
4.359999999983299404e+02 1.001025509718756012e+01
4.364999999983619432e+02 9.392157723971081396e+00
4.369999999983940029e+02 9.782590222929474777e+00
4.374999999984260057e+02 9.822314345814955772e+00
4.379999999984580654e+02 1.012604976747010532e+01
4.384999999984900683e+02 9.658688398948601872e+00
4.389999999985221280e+02 1.047778031979579971e+01
4.394999999985541308e+02 9.677122995883410184e+00
4.399999999985861905e+02 1.052905040986493823e+01
4.404999999986182502e+02 9.719481362451306339e+00
4.409999999986502530e+02 1.006279817041649771e+01
4.414999999986823127e+02 1.004300908461566166e+01
4.419999999987143156e+02 9.755338897705675194e+00
4.424999999987463752e+02 1.024779285728631173e+01
4.429999999987783781e+02 9.790790977989447086e+00
4.434999999988104378e+02 1.032061091889491067e+01
4.439999999988424406e+02 9.784282453366687449e+00
4.444999999988745003e+02 1.003344108537745960e+01
4.449999999989065032e+02 1.009740145058920824e+01
4.454999999989385628e+02 9.908861926477660731e+00
4.459999999989705657e+02 1.009975493654419054e+01
4.464999999990026254e+02 1.010643361429420573e+01
4.469999999990346282e+02 9.943711557743556639e+00
4.474999999990666879e+02 1.030290777334239571e+01
4.479999999990986908e+02 9.657129888375683535e+00
4.484999999991307504e+02 1.034283084087792481e+01
4.489999999991627533e+02 1.020001501120930953e+01
4.494999999991948130e+02 9.982199827749482779e+00
4.499999999992268727e+02 9.951462159664501428e+00
4.504999999992588755e+02 1.016645756509652365e+01
4.509999999992909352e+02 9.816019812906501940e+00
4.514999999993229380e+02 1.015415322475581839e+01
4.519999999993549977e+02 1.019595132202850962e+01
4.524999999993870006e+02 1.007859425576546286e+01
4.529999999994190603e+02 9.877313136381541625e+00
4.534999999994510631e+02 9.896133198946063914e+00
4.539999999994831228e+02 1.019865693556629438e+01
4.544999999995151256e+02 9.663052391525708273e+00
4.549999999995471853e+02 1.043164162535489936e+01
4.554999999995791882e+02 9.655431336607961157e+00
4.559999999996112479e+02 9.633575471817549030e+00
4.564999999996432507e+02 9.986881347765022454e+00
4.569999999996753104e+02 9.672540551984360135e+00
4.574999999997073132e+02 9.544921970641564002e+00
4.579999999997393729e+02 9.817562734231740862e+00
4.584999999997714326e+02 1.013730517488514060e+01
4.589999999998034355e+02 9.474850952680045069e+00
4.594999999998354951e+02 1.046769758887937840e+01
4.599999999998674980e+02 9.683355939987141170e+00
4.604999999998995577e+02 1.008583156255080127e+01
4.609999999999315605e+02 9.923464892122161984e+00
4.614999999999636202e+02 1.003293974577371372e+01
4.619999999999956231e+02 9.705932978795534183e+00
4.625000000000276827e+02 9.680523768402110818e+00
4.630000000000596856e+02 1.009516659594627974e+01
4.635000000000917453e+02 9.893220081717506886e+00
4.640000000001237481e+02 9.772141840626963116e+00
4.645000000001558078e+02 1.068416164222542974e+01
4.650000000001878107e+02 9.089473698891980646e+00
4.655000000002198703e+02 1.016798488328291228e+01
4.660000000002518732e+02 9.814506712848901415e+00
4.665000000002839329e+02 9.923218036240172069e+00
4.670000000003159357e+02 9.877533520883856610e+00
4.675000000003479954e+02 1.056740909271191953e+01
4.680000000003800551e+02 9.936682843220447481e+00
4.685000000004120579e+02 9.996418896644904351e+00
4.690000000004441176e+02 1.003899267335575018e+01
4.695000000004761205e+02 1.001766099857909609e+01
4.700000000005081802e+02 1.004137938340821634e+01
4.705000000005401830e+02 9.889489834850053285e+00
4.710000000005722427e+02 1.049357500152621192e+01
4.715000000006042455e+02 9.236798583617625624e+00
4.720000000006363052e+02 1.079283330480126146e+01
4.725000000006683081e+02 9.113603164519737732e+00
4.730000000007003678e+02 9.669531589429324114e+00
4.735000000007323706e+02 9.671731235349929179e+00
4.740000000007644303e+02 9.838953262254209520e+00
4.745000000007964331e+02 9.295944613278088298e+00
4.750000000008284928e+02 1.031368826643266523e+01
4.755000000008604957e+02 9.838360780976959319e+00
4.760000000008925554e+02 1.001467707056927203e+01
4.765000000009246151e+02 9.923343784728457351e+00
4.770000000009566179e+02 9.909711830588635806e+00
4.775000000009886776e+02 1.026084415087104418e+01
4.780000000010206804e+02 9.460022796338032336e+00
4.785000000010527401e+02 1.044945736046524942e+01
4.790000000010847430e+02 9.702155425817000634e+00
4.795000000011168027e+02 9.918275410238400980e+00
4.800000000011488055e+02 9.913530318393716456e+00
4.805000000011808652e+02 9.672045475092346578e+00
4.810000000012128680e+02 1.046198610295079057e+01
4.815000000012449277e+02 9.129157503045421507e+00
4.820000000012769306e+02 1.037878531764598478e+01
4.825000000013089902e+02 9.803955506400907183e+00
4.830000000013409931e+02 9.860649064887978099e+00
4.835000000013730528e+02 1.017192110122285165e+01
4.840000000014050556e+02 9.939235697188749441e+00
4.845000000014371153e+02 1.018099747575801217e+01
4.850000000014691750e+02 9.627540518626963362e+00
4.855000000015011778e+02 1.032967717146389752e+01
4.860000000015332375e+02 9.827687009222056957e+00
4.865000000015652404e+02 1.008480175539355450e+01
4.870000000015973001e+02 9.971130569640429542e+00
4.875000000016293029e+02 9.835845359402616950e+00
4.880000000016613626e+02 1.002507517423018513e+01
4.885000000016933654e+02 1.009729590756244733e+01
4.890000000017254251e+02 9.489728131342920037e+00
4.895000000017574280e+02 1.042749398971379016e+01
4.900000000017894877e+02 9.471631351086292838e+00
4.905000000018214905e+02 9.529004801087184617e+00
4.910000000018535502e+02 9.887240259272420673e+00
4.915000000018855530e+02 1.021855841621372107e+01
4.920000000019176127e+02 9.917343523139580341e+00
4.925000000019496156e+02 1.005969753642775188e+01
4.930000000019816753e+02 9.829641435878503586e+00
4.935000000020136781e+02 1.021493790073535557e+01
4.940000000020457378e+02 9.955295383974064549e+00
4.945000000020777975e+02 9.798076006009228678e+00
4.950000000021098003e+02 1.006340755252338326e+01
4.955000000021418600e+02 9.553862363362853216e+00
4.960000000021738629e+02 1.019314962422598647e+01
4.965000000022059226e+02 1.000225570996351721e+01
4.970000000022379254e+02 9.836555928563331719e+00
4.975000000022699851e+02 1.030179914793050955e+01
4.980000000023019879e+02 9.719163029488155914e+00
4.985000000023340476e+02 9.760842878755882523e+00
4.990000000023660505e+02 9.651700159134573909e+00
4.995000000023981102e+02 1.030785652656259721e+01
5.000000000024301130e+02 9.505717170833763774e+00
5.005000000024621727e+02 9.841882435471159596e+00
5.010000000024941755e+02 1.013682172300951301e+01
5.015000000025262352e+02 9.655301560404923933e+00
5.020000000025582381e+02 1.015794061660200676e+01
5.025000000025902978e+02 1.015102853731341881e+01
5.030000000026223574e+02 1.014308673325352217e+01
5.035000000026543603e+02 9.663264662306637831e+00
5.040000000026864200e+02 9.885773226291698634e+00
5.045000000027184228e+02 1.012085148108016419e+01
5.050000000027504825e+02 9.825075383660090367e+00
5.055000000027824854e+02 1.016157203228089934e+01
5.060000000028145450e+02 1.003873230450489373e+01
5.065000000028465479e+02 9.973274949383220900e+00
5.070000000028786076e+02 9.934602256726112302e+00
5.075000000029106104e+02 9.664861025462199606e+00
5.080000000029426701e+02 1.010369762224051193e+01
5.085000000029746730e+02 9.539096769987585489e+00
5.090000000030067326e+02 9.342644058727701761e+00
5.095000000030387355e+02 9.722140638727450934e+00
5.100000000030707952e+02 9.591851089631687088e+00
5.105000000031027980e+02 9.881037098884192460e+00
5.110000000031348577e+02 9.421058400466410632e+00
5.115000000031668606e+02 9.815768819554119062e+00
5.120000000031989202e+02 9.744591431716413510e+00
5.125000000032309799e+02 9.603286108344507355e+00
5.130000000032630396e+02 1.011817526079233609e+01
5.135000000032949856e+02 9.770090270833383883e+00
5.140000000033270453e+02 9.981576733722500094e+00
5.145000000033591050e+02 9.146765453944039947e+00
5.150000000033911647e+02 9.946463864382655728e+00
5.155000000034231107e+02 9.559222700542676421e+00
5.160000000034551704e+02 1.043074509075405132e+01
5.165000000034872301e+02 9.366646272947003027e+00
5.170000000035192897e+02 1.020830043393348241e+01
5.175000000035512357e+02 1.017944790218324869e+01
5.180000000035832954e+02 9.475236988633890078e+00
5.185000000036153551e+02 9.575030579559056676e+00
5.190000000036474148e+02 1.070469349897869016e+01
5.195000000036793608e+02 9.480790088780397085e+00
5.200000000037114205e+02 9.690333998234892832e+00
5.205000000037434802e+02 9.692420417403937449e+00
5.210000000037755399e+02 1.011929533871384024e+01
5.215000000038075996e+02 8.936856236742306336e+00
5.220000000038395456e+02 1.015782182019457736e+01
5.225000000038716053e+02 9.265624887917581987e+00
5.230000000039036649e+02 1.013557437095904312e+01
5.235000000039357246e+02 9.195829289352179359e+00
5.240000000039676706e+02 9.836987818765120295e+00
5.245000000039997303e+02 9.518758297253921086e+00
5.250000000040317900e+02 9.786710783711770389e+00
5.255000000040638497e+02 9.965064334444321048e+00
5.260000000040957957e+02 1.020231095218763429e+01
5.265000000041278554e+02 9.856094183097935613e+00
5.270000000041599151e+02 9.769845280093724327e+00
5.275000000041919748e+02 1.010227768173004925e+01
5.280000000042239208e+02 9.746632414887992368e+00
5.285000000042559805e+02 9.523337444447960820e+00
5.290000000042880401e+02 1.019905180298756164e+01
5.295000000043200998e+02 9.985517768281347628e+00
5.300000000043521595e+02 1.012691723887687445e+01
5.305000000043841055e+02 9.904992041489556698e+00
5.310000000044161652e+02 1.016546951200942139e+01
5.315000000044482249e+02 9.701007045341155433e+00
5.320000000044802846e+02 9.920512121739774258e+00
5.325000000045122306e+02 1.007281979613468081e+01
5.330000000045442903e+02 9.772144441181922048e+00
5.335000000045763500e+02 9.805951811151086162e+00
5.340000000046084097e+02 1.031968247402485872e+01
5.345000000046403557e+02 9.718280717995105178e+00
5.350000000046724153e+02 9.836525438750273409e+00
5.355000000047044750e+02 9.688410684712311038e+00
5.360000000047365347e+02 1.012541089597612753e+01
5.365000000047684807e+02 9.890241019120489696e+00
5.370000000048005404e+02 1.010511100278006502e+01
5.375000000048326001e+02 9.835529213012701888e+00
5.380000000048646598e+02 9.535669168865261724e+00
5.385000000048967195e+02 9.737052816631807772e+00
5.390000000049286655e+02 1.038861994690691404e+01
5.395000000049607252e+02 9.509353788816273578e+00
5.400000000049927849e+02 1.007848542913043666e+01
5.405000000050248445e+02 9.696268535755535822e+00
5.410000000050567905e+02 9.535953494359842963e+00
5.415000000050888502e+02 1.028885356833953679e+01
5.420000000051209099e+02 9.849726452573793978e+00
5.425000000051529696e+02 9.903014130093996670e+00
5.430000000051849156e+02 9.803294097794980289e+00
5.435000000052169753e+02 9.435175307773858933e+00
5.440000000052490350e+02 1.044157140709885923e+01
5.445000000052810947e+02 9.664870742169341611e+00
5.450000000053130407e+02 1.009104673139471942e+01
5.455000000053451004e+02 9.885128249597862293e+00
5.460000000053771601e+02 1.000838560593498627e+01
5.465000000054092197e+02 9.881142439040035086e+00
5.470000000054411657e+02 1.039814415049021434e+01
5.475000000054732254e+02 9.882262990509708800e+00
5.480000000055052851e+02 1.016488006494772911e+01
5.485000000055373448e+02 9.469852657519149730e+00
5.490000000055694045e+02 1.014372518783035382e+01
5.495000000056013505e+02 9.363374980228494238e+00
5.500000000056334102e+02 9.716233263333583281e+00
5.505000000056654699e+02 9.633526468780832630e+00
5.510000000056975296e+02 9.510924207855836698e+00
5.515000000057294756e+02 1.089036390824559852e+01
5.520000000057615352e+02 9.538984469064292426e+00
5.525000000057935949e+02 9.956867820454265328e+00
5.530000000058256546e+02 9.859419171713472707e+00
5.535000000058576006e+02 9.889561268385053339e+00
5.540000000058896603e+02 9.370083195088298567e+00
5.545000000059217200e+02 1.032461669944005855e+01
5.550000000059537797e+02 9.553128347420498656e+00
5.555000000059857257e+02 1.059078428267775429e+01
5.560000000060177854e+02 9.659415174339331500e+00
5.565000000060498451e+02 1.035213755826073445e+01
5.570000000060819048e+02 9.683801099657538103e+00
5.575000000061139644e+02 9.826936006147874991e+00
5.580000000061459104e+02 1.033272126958433290e+01
5.585000000061779701e+02 9.413104954693364945e+00
5.590000000062100298e+02 1.029700218866412698e+01
5.595000000062420895e+02 9.907178529580388471e+00
5.600000000062740355e+02 9.899478181925394082e+00
5.605000000063060952e+02 9.919315365975418075e+00
5.610000000063381549e+02 1.033354618072486630e+01
5.615000000063702146e+02 9.729570534967457718e+00
5.620000000064021606e+02 9.843838989558463481e+00
5.625000000064342203e+02 1.045053941534770381e+01
5.630000000064662800e+02 9.499422822923611065e+00
5.635000000064983396e+02 1.031528523397056141e+01
5.640000000065302856e+02 9.634507082396964961e+00
5.645000000065623453e+02 9.882005256885369349e+00
5.650000000065944050e+02 1.048622154575975074e+01
5.655000000066264647e+02 9.440166189871332492e+00
5.660000000066585244e+02 9.940443845332648465e+00
5.665000000066904704e+02 9.689644106082884178e+00
5.670000000067225301e+02 9.561705219558298552e+00
5.675000000067545898e+02 9.496520551309835412e+00
5.680000000067866495e+02 9.966748767660300601e+00
5.685000000068185955e+02 9.661434957974481819e+00
5.690000000068506552e+02 9.867075492931624225e+00
5.695000000068827148e+02 1.036040416644314099e+01
5.700000000069147745e+02 9.420355921003052302e+00
5.705000000069467205e+02 1.046369676054868592e+01
5.710000000069787802e+02 9.459211816981571985e+00
5.715000000070108399e+02 1.056790031686768394e+01
5.720000000070428996e+02 9.625570722942393687e+00
5.725000000070748456e+02 9.577209870262938907e+00
5.730000000071069053e+02 1.020603459499331578e+01
5.735000000071389650e+02 9.972443165590055614e+00
5.740000000071710247e+02 9.816946679999990266e+00
5.745000000072030844e+02 9.805685033857873378e+00
5.750000000072350304e+02 9.777097198344192108e+00
5.755000000072670900e+02 1.004577686278196857e+01
5.760000000072991497e+02 9.189121940120799081e+00
5.765000000073312094e+02 1.043148193016605418e+01
5.770000000073631554e+02 9.984400557721963665e+00
5.775000000073952151e+02 9.770755574152669709e+00
5.780000000074272748e+02 9.771603838980626122e+00
5.785000000074593345e+02 9.762060568281805573e+00
5.790000000074912805e+02 1.005782333253387506e+01
5.795000000075233402e+02 9.923484837675314196e+00
5.800000000075553999e+02 9.942999066590951784e+00
5.805000000075874595e+02 9.891902039513515987e+00
5.810000000076194056e+02 1.021592529113857495e+01
5.815000000076514652e+02 9.908320825796788966e+00
5.820000000076835249e+02 9.883761728031071669e+00
5.825000000077155846e+02 1.004864342382766473e+01
5.830000000077476443e+02 1.011860679864767398e+01
5.835000000077795903e+02 1.008145015815215828e+01
5.840000000078116500e+02 9.654130355797684970e+00
5.845000000078437097e+02 1.027300622920807527e+01
5.850000000078757694e+02 9.387231250880443412e+00
5.855000000079077154e+02 1.027534061376826102e+01
5.860000000079397751e+02 9.848351177774453902e+00
5.865000000079718347e+02 9.729707792656002496e+00
5.870000000080038944e+02 9.541027860784543790e+00
5.875000000080358404e+02 9.936179705362617298e+00
5.880000000080679001e+02 1.030599361668126690e+01
5.885000000080999598e+02 1.025151479253304387e+01
5.890000000081320195e+02 9.981736461331671251e+00
5.895000000081639655e+02 1.008850273788067575e+01
5.900000000081960252e+02 1.009840573188633428e+01
5.905000000082280849e+02 1.005768184370433183e+01
5.910000000082601446e+02 9.931240227249165997e+00
5.915000000082920906e+02 1.040063640724626914e+01
5.920000000083241503e+02 9.623189295166532986e+00
5.925000000083562099e+02 9.602252934225173675e+00
5.930000000083882696e+02 1.042125187391860131e+01
5.935000000084203293e+02 9.976916652078640979e+00
5.940000000084522753e+02 9.874742324326486909e+00
5.945000000084843350e+02 1.023189092146992252e+01
5.950000000085163947e+02 9.297858276152002333e+00
5.955000000085484544e+02 1.042221067265972678e+01
5.960000000085804004e+02 9.559087788273551212e+00
5.965000000086124601e+02 1.017560213854943818e+01
5.970000000086445198e+02 1.017029330059078873e+01
5.975000000086765795e+02 9.790190090410529677e+00
5.980000000087085255e+02 1.001192066968090799e+01
5.985000000087405851e+02 1.001253249704120662e+01
5.990000000087726448e+02 9.977301477444537881e+00
5.995000000088047045e+02 9.758848998819502185e+00
6.000000000088366505e+02 9.957958553564221660e+00
6.005000000088687102e+02 9.914306876414968883e+00
6.010000000089007699e+02 9.583583351893901536e+00
6.015000000089328296e+02 1.035907419246204597e+01
6.020000000089648893e+02 9.812154837094542614e+00
6.025000000089968353e+02 9.838168638350747841e+00
6.030000000090288950e+02 9.850952693740477883e+00
6.035000000090609547e+02 9.920925169383124853e+00
6.040000000090930143e+02 9.543706709720767734e+00
6.045000000091249603e+02 9.935233445477207326e+00
6.050000000091570200e+02 9.254727954318747507e+00
6.055000000091890797e+02 1.034277415926612420e+01
6.060000000092211394e+02 9.174171891159495829e+00
6.065000000092530854e+02 1.039782201695550867e+01
6.070000000092851451e+02 9.461279474100694031e+00
6.075000000093172048e+02 9.470386941713822893e+00
6.080000000093492645e+02 1.011029701842181439e+01
6.085000000093812105e+02 9.723202207681840292e+00
6.090000000094132702e+02 9.378444463687703347e+00
6.095000000094453299e+02 1.058582018999815233e+01
6.100000000094773895e+02 1.000293547620097101e+01
6.105000000095094492e+02 9.433333389922186285e+00
6.110000000095413952e+02 9.796114191487820477e+00
6.115000000095734549e+02 1.014655250981663137e+01
6.120000000096055146e+02 1.046487272502750976e+01
6.125000000096375743e+02 9.635445529556761812e+00
6.130000000096695203e+02 9.524997864020296134e+00
6.135000000097015800e+02 1.009137309034805696e+01
6.140000000097336397e+02 9.886468117081532725e+00
6.145000000097656994e+02 1.003514000207390922e+01
6.150000000097976454e+02 1.007217922884515282e+01
6.155000000098297050e+02 9.728481669413890032e+00
6.160000000098617647e+02 1.061670096589724466e+01
6.165000000098938244e+02 9.419707858268401068e+00
6.170000000099257704e+02 1.007721936376731975e+01
6.175000000099578301e+02 9.592300694787288862e+00
6.180000000099898898e+02 9.035807475025265489e+00
6.185000000100219495e+02 1.021716135194977682e+01
6.190000000100540092e+02 9.722892357155073384e+00
6.195000000100859552e+02 9.833108875443793195e+00
6.200000000101180149e+02 1.035052361425187861e+01
6.205000000101500746e+02 9.807000870230426770e+00
6.210000000101821342e+02 9.601751367416387239e+00
6.215000000102140802e+02 9.792353567409817217e+00
6.220000000102461399e+02 9.794696140870945200e+00
6.225000000102781996e+02 1.033485634348592974e+01
6.230000000103102593e+02 9.391455242253542224e+00
6.235000000103422053e+02 9.956636175390650934e+00
6.240000000103742650e+02 9.427077920248114751e+00
6.245000000104063247e+02 1.043747484807953541e+01
6.250000000104383844e+02 9.473973316059566940e+00
6.255000000104703304e+02 9.867579177104767396e+00
6.260000000105023901e+02 9.470279856973004229e+00
6.265000000105344498e+02 1.039061180633686199e+01
6.270000000105665094e+02 9.583861394109042919e+00
6.275000000105985691e+02 9.868376686723982161e+00
6.280000000106305151e+02 1.014697818150803066e+01
6.285000000106625748e+02 9.592540766211191894e+00
6.290000000106946345e+02 1.015869827162596373e+01
6.295000000107266942e+02 1.010888908082571369e+01
6.300000000107586402e+02 9.637487006490260910e+00
6.305000000107906999e+02 9.841016272070998383e+00
6.310000000108227596e+02 9.915074205886689640e+00
6.315000000108548193e+02 9.687458463026397126e+00
6.320000000108867653e+02 1.028817232296400519e+01
6.325000000109188250e+02 9.870868941094098403e+00
6.330000000109508846e+02 1.021321430311673772e+01
6.335000000109829443e+02 9.433495331336631651e+00
6.340000000110148903e+02 1.001819607086687824e+01
6.345000000110469500e+02 1.011713430032298255e+01
6.350000000110790097e+02 9.972852119861649101e+00
6.355000000111110694e+02 1.011955687853904706e+01
6.360000000111430154e+02 9.800357856674342116e+00
6.365000000111750751e+02 1.055360838943851576e+01
6.370000000112071348e+02 9.610081099644041558e+00
6.375000000112391945e+02 1.021155321013001149e+01
6.380000000112712542e+02 1.010656631201225508e+01
6.385000000113032002e+02 9.955953417698513164e+00
6.390000000113352598e+02 9.946867792350076343e+00
6.395000000113673195e+02 9.735277602969123478e+00
6.400000000113993792e+02 9.670628679297795571e+00
6.405000000114313252e+02 1.011356896961612328e+01
6.410000000114633849e+02 9.932839123400549752e+00
6.415000000114954446e+02 1.002671186021491678e+01
6.420000000115275043e+02 9.857948379680635753e+00
6.425000000115594503e+02 9.852816136164351590e+00
6.430000000115915100e+02 1.012467517953671425e+01
6.435000000116235697e+02 9.837837488917122286e+00
6.440000000116556294e+02 9.795196047639244341e+00
6.445000000116875754e+02 9.986254366468727994e+00
6.450000000117196350e+02 9.785815396516250431e+00
6.455000000117516947e+02 1.028494299398750833e+01
6.460000000117837544e+02 9.423495863834020270e+00
6.465000000118158141e+02 9.790828423209410047e+00
6.470000000118477601e+02 1.031688894132907386e+01
6.475000000118798198e+02 9.873548499841081849e+00
6.480000000119118795e+02 1.038887609340901008e+01
6.485000000119439392e+02 9.482057130934085976e+00
6.490000000119758852e+02 1.058754614979699582e+01
6.495000000120079449e+02 9.692529170831612362e+00
6.500000000120400045e+02 1.008311223454528971e+01
6.505000000120720642e+02 9.944406398840692773e+00
6.510000000121040102e+02 1.023739442103051545e+01
6.515000000121360699e+02 9.742110619837905716e+00
6.520000000121681296e+02 1.055459118691418574e+01
6.525000000122001893e+02 9.433990882321012350e+00
6.530000000122321353e+02 1.008080278734527369e+01
6.535000000122641950e+02 9.415490747886448020e+00
6.540000000122962547e+02 9.743239297068297944e+00
6.545000000123283144e+02 9.635718194656067936e+00
6.550000000123603741e+02 1.016502292239331950e+01
6.555000000123923201e+02 9.119086565114230325e+00
6.560000000124243797e+02 9.479859551192802769e+00
6.565000000124564394e+02 1.054703772693354225e+01
6.570000000124884991e+02 9.426151732012447937e+00
6.575000000125204451e+02 1.010834232240923214e+01
6.580000000125525048e+02 9.823760727112372138e+00
6.585000000125845645e+02 9.537914970901017142e+00
6.590000000126166242e+02 1.010263067699523276e+01
6.595000000126485702e+02 9.840322207643483310e+00
6.600000000126806299e+02 9.992587935378161035e+00
6.605000000127126896e+02 1.038496999992669245e+01
6.610000000127447493e+02 9.687818577872391757e+00
6.615000000127766953e+02 1.020646956071194111e+01
6.620000000128087549e+02 9.663719547198754256e+00
6.625000000128408146e+02 9.693917096638598352e+00
6.630000000128728743e+02 1.022954985100482617e+01
6.635000000129049340e+02 9.822114331743810212e+00
6.640000000129368800e+02 9.914967220209732091e+00
6.645000000129689397e+02 1.000150470731596997e+01
6.650000000130009994e+02 1.000681481010401974e+01
6.655000000130330591e+02 9.302138596441965390e+00
6.660000000130650051e+02 1.046462429014113660e+01
6.665000000130970648e+02 9.697015430074225506e+00
6.670000000131291245e+02 9.634575630487521636e+00
6.675000000131611841e+02 1.020834071531695031e+01
6.680000000131931301e+02 9.711069439714490770e+00
6.685000000132251898e+02 9.767715121616076246e+00
6.690000000132572495e+02 1.007821784738066206e+01
6.695000000132893092e+02 9.800683178700676734e+00
6.700000000133212552e+02 1.014436513039230547e+01
6.705000000133533149e+02 9.694411623274747924e+00
6.710000000133853746e+02 9.842081458872350197e+00
6.715000000134174343e+02 1.023002145677712527e+01
6.720000000134494940e+02 9.851519084029600748e+00
6.725000000134814400e+02 9.949605284083649082e+00
6.730000000135134997e+02 9.529804100235967468e+00
6.735000000135455593e+02 1.032506860284618178e+01
6.740000000135776190e+02 9.635540691885640996e+00
6.745000000136095650e+02 1.028649905116215812e+01
6.750000000136416247e+02 9.716552923210503678e+00
6.755000000136736844e+02 9.919942920518623808e+00
6.760000000137057441e+02 1.038897940948533893e+01
6.765000000137376901e+02 9.760342057137512128e+00
6.770000000137697498e+02 1.004404522981321080e+01
6.775000000138018095e+02 9.869459564148268527e+00
6.780000000138338692e+02 9.862902139186642714e+00
6.785000000138658152e+02 1.064971570013095281e+01
6.790000000138978749e+02 9.818658025792647237e+00
6.795000000139299345e+02 1.023265547417697974e+01
6.800000000139619942e+02 9.853444601871833797e+00
6.805000000139939402e+02 9.859270843350177671e+00
6.810000000140259999e+02 1.024545794041191193e+01
6.815000000140580596e+02 9.824459415145065933e+00
6.820000000140901193e+02 1.009360096975853693e+01
6.825000000141221790e+02 9.965769698039869340e+00
6.830000000141541250e+02 1.010158216013997823e+01
6.835000000141861847e+02 9.991804629093534729e+00
6.840000000142182444e+02 1.004648877110653871e+01
6.845000000142503040e+02 9.933098843625533192e+00
6.850000000142822500e+02 9.974472382379044433e+00
6.855000000143143097e+02 1.005533936497238479e+01
6.860000000143463694e+02 1.013974465353682675e+01
6.865000000143784291e+02 1.006663048350380230e+01
6.870000000144103751e+02 9.942739485575067704e+00
6.875000000144424348e+02 1.038105134236483629e+01
6.880000000144744945e+02 9.483308605308668149e+00
6.885000000145065542e+02 9.644874239797664117e+00
6.890000000145385002e+02 9.736982649506714438e+00
6.895000000145705599e+02 9.914492652576651466e+00
6.900000000146026196e+02 1.037548451407580430e+01
6.905000000146346792e+02 9.906984544275877269e+00
6.910000000146667389e+02 9.906938505299944353e+00
6.915000000146986849e+02 9.997530335350059971e+00
6.920000000147307446e+02 9.632242144311961241e+00
6.925000000147628043e+02 1.012312730088772739e+01
6.930000000147948640e+02 1.007192822889286354e+01
6.935000000148268100e+02 1.010700128727055436e+01
6.940000000148588697e+02 9.818087956951732309e+00
6.945000000148909294e+02 9.754445308063630193e+00
6.950000000149229891e+02 9.739921658980978947e+00
6.955000000149549351e+02 1.000711590561828501e+01
6.960000000149869948e+02 9.797362246312831147e+00
6.965000000150190544e+02 9.539234387262704118e+00
6.970000000150511141e+02 1.025513393030558618e+01
6.975000000150830601e+02 9.540367512373755687e+00
6.980000000151151198e+02 1.048750710156989996e+01
6.985000000151471795e+02 9.855281075257385837e+00
6.990000000151792392e+02 9.748467250147694330e+00
6.995000000152112989e+02 9.870775015109911621e+00
7.000000000152432449e+02 9.945224981549499077e+00
7.005000000152753046e+02 9.889287068893874988e+00
7.010000000153073643e+02 1.004126310062975591e+01
7.015000000153394240e+02 9.615918089710602246e+00
7.020000000153713700e+02 9.837717589894099390e+00
7.025000000154034296e+02 9.396672657128862127e+00
7.030000000154354893e+02 1.036099766162083924e+01
7.035000000154675490e+02 9.815367754085777108e+00
7.040000000154994950e+02 9.587861059310931466e+00
7.045000000155315547e+02 9.987832870155092024e+00
7.050000000155636144e+02 9.623406807879526070e+00
7.055000000155956741e+02 9.864316642645103883e+00
7.060000000156276201e+02 1.006040606622362432e+01
7.065000000156596798e+02 9.885855112774086351e+00
7.070000000156917395e+02 9.158724198968723584e+00
7.075000000157237992e+02 1.023558427591379072e+01
7.080000000157558588e+02 1.020878358371427375e+01
7.085000000157878048e+02 9.766627501379812060e+00
7.090000000158198645e+02 1.044902920547285063e+01
7.095000000158519242e+02 9.639607395392888023e+00
7.100000000158839839e+02 1.034873875409213362e+01
7.105000000159159299e+02 9.633062908311046613e+00
7.110000000159479896e+02 1.004246226577081913e+01
7.115000000159800493e+02 9.769067171671476757e+00
7.120000000160121090e+02 1.024125970269444608e+01
7.125000000160440550e+02 1.000813937418567967e+01
7.130000000160761147e+02 9.619429215383775045e+00
7.135000000161081743e+02 9.583435355709362113e+00
7.140000000161402340e+02 9.981082296808907017e+00
7.145000000161721800e+02 9.982400550458226718e+00
7.150000000162042397e+02 9.707554255390430598e+00
7.155000000162362994e+02 9.750200243761060648e+00
7.160000000162683591e+02 1.029945590774380904e+01
7.165000000163003051e+02 9.585438891554126428e+00
7.170000000163323648e+02 9.881749404404120085e+00
7.175000000163644245e+02 1.000959071369411291e+01
7.180000000163964842e+02 9.757740014314398636e+00
7.185000000164285439e+02 9.915892525478438913e+00
7.190000000164604899e+02 9.630445161207754623e+00
7.195000000164925495e+02 1.023872068851612482e+01
7.200000000165246092e+02 9.679228284969404683e+00
7.205000000165566689e+02 1.028986843920004546e+01
7.210000000165886149e+02 9.359082869810073646e+00
7.215000000166206746e+02 1.041227251609241833e+01
7.220000000166527343e+02 9.816724916566423431e+00
7.225000000166847940e+02 9.725923118109921717e+00
7.230000000167167400e+02 9.757245266086842506e+00
7.235000000167487997e+02 1.008815926942302177e+01
7.240000000167808594e+02 9.887704441743121464e+00
7.245000000168129191e+02 1.019403938080483307e+01
7.250000000168448651e+02 9.576694173163165402e+00
7.255000000168769247e+02 1.051187981434112828e+01
7.260000000169089844e+02 9.462572446558306538e+00
7.265000000169410441e+02 1.036543455030299832e+01
7.270000000169731038e+02 1.006546297954319691e+01
7.275000000170050498e+02 9.523146619341755326e+00
7.280000000170371095e+02 1.028342388818992958e+01
7.285000000170691692e+02 9.339279438951962220e+00
7.290000000171012289e+02 1.016806839895084558e+01
7.295000000171331749e+02 9.733311547343898695e+00
7.300000000171652346e+02 9.729932696588072361e+00
7.305000000171972943e+02 9.933179268564517272e+00
7.310000000172293539e+02 9.654425225796005705e+00
7.315000000172612999e+02 9.703115560791959027e+00
7.320000000172933596e+02 9.441796806904823924e+00
7.325000000173254193e+02 9.845904830820302323e+00
7.330000000173574790e+02 1.004608818584967445e+01
7.335000000173894250e+02 9.962471787341979024e+00
7.340000000174214847e+02 1.015430938954209417e+01
7.345000000174535444e+02 9.968766428492736864e+00
7.350000000174856041e+02 1.026008804693605292e+01
7.355000000175176638e+02 9.906250722299017042e+00
7.360000000175496098e+02 1.001577773653436054e+01
7.365000000175816695e+02 1.023042414933681776e+01
7.370000000176137291e+02 9.621415768752560993e+00
7.375000000176457888e+02 1.022533356961905326e+01
7.380000000176777348e+02 9.756655655798356364e+00
7.385000000177097945e+02 1.021599239563837003e+01
7.390000000177418542e+02 9.950591438704570635e+00
7.395000000177739139e+02 9.963025053676673792e+00
7.400000000178058599e+02 9.825471905885104107e+00
7.405000000178379196e+02 1.006252071796492054e+01
7.410000000178699793e+02 1.004966876799257491e+01
7.415000000179020390e+02 9.683243783848071828e+00
7.420000000179339850e+02 9.853301014395617230e+00
7.425000000179660447e+02 9.840688126786170997e+00
7.430000000179981043e+02 9.511698431953394817e+00
7.435000000180301640e+02 1.017927764326981155e+01
7.440000000180622237e+02 9.419638413193188953e+00
7.445000000180941697e+02 9.449171911354298459e+00
7.450000000181262294e+02 9.761382442740963228e+00
7.455000000181582891e+02 9.643327401945814614e+00
7.460000000181903488e+02 9.333484980502802841e+00
7.465000000182222948e+02 1.005111751234115403e+01
7.470000000182543545e+02 9.993896558968019761e+00
7.475000000182864142e+02 9.603361317229756722e+00
7.480000000183184738e+02 1.051362137042636746e+01
7.485000000183504199e+02 9.760135013780622870e+00
7.490000000183824795e+02 1.002026899183538688e+01
7.495000000184145392e+02 9.726891010065537913e+00
7.500000000184465989e+02 1.011346981294324721e+01
7.505000000184785449e+02 9.977851715644625585e+00
7.510000000185106046e+02 1.005979991757817515e+01
7.515000000185426643e+02 1.009410423319564210e+01
7.520000000185747240e+02 1.014673015212647122e+01
7.525000000186067837e+02 1.013467338972656862e+01
7.530000000186387297e+02 9.879106045682448212e+00
7.535000000186707894e+02 1.037518758145203535e+01
7.540000000187028490e+02 9.616112713730915473e+00
7.545000000187349087e+02 1.008500642862494878e+01
7.550000000187668547e+02 9.904757218473827507e+00
7.555000000187989144e+02 1.017565748241670853e+01
7.560000000188309741e+02 1.017778437517727497e+01
7.565000000188630338e+02 9.953388893807543880e+00
7.570000000188949798e+02 1.017067383483933973e+01
7.575000000189270395e+02 9.521499270340692433e+00
7.580000000189590992e+02 1.039560303846566569e+01
7.585000000189911589e+02 9.471778288449339556e+00
7.590000000190231049e+02 1.030656681352681403e+01
7.595000000190551646e+02 9.791715700656329346e+00
7.600000000190872242e+02 1.012115448543310947e+01
7.605000000191192839e+02 9.957162499575993309e+00
7.610000000191512299e+02 9.726534765147750505e+00
7.615000000191832896e+02 9.993451794018680445e+00
7.620000000192153493e+02 9.910115131782927023e+00
7.625000000192474090e+02 9.887406397536597780e+00
7.630000000192794687e+02 1.054948669948879925e+01
7.635000000193114147e+02 9.974535679486336903e+00
7.640000000193434744e+02 1.011991270957687838e+01
7.645000000193755341e+02 9.880654961857073815e+00
7.650000000194075938e+02 9.672259575844673662e+00
7.655000000194395398e+02 1.010590654700409274e+01
7.660000000194715994e+02 9.775216499576680818e+00
7.665000000195036591e+02 9.659386247787432822e+00
7.670000000195357188e+02 9.914914332560311294e+00
7.675000000195676648e+02 1.014887097214159262e+01
7.680000000195997245e+02 9.618853807716137183e+00
7.685000000196317842e+02 9.906517819486737153e+00
7.690000000196638439e+02 9.447535544997588630e+00
7.695000000196957899e+02 1.050102581248297007e+01
7.700000000197278496e+02 9.527173787958451712e+00
7.705000000197599093e+02 1.011154742285810748e+01
7.710000000197919690e+02 9.387488129720315655e+00
7.715000000198240286e+02 9.895370632210244821e+00
7.720000000198559746e+02 9.916142973780365466e+00
7.725000000198880343e+02 9.719090988860839886e+00
7.730000000199200940e+02 1.048306636787040524e+01
7.735000000199521537e+02 9.944937564730771840e+00
7.740000000199840997e+02 9.771187820883261210e+00
7.745000000200161594e+02 1.009608050731940132e+01
7.750000000200482191e+02 9.630806167538176865e+00
7.755000000200802788e+02 1.033634468157446307e+01
7.760000000201122248e+02 9.793747814243911165e+00
7.765000000201442845e+02 1.017147015776345675e+01
7.770000000201763442e+02 1.034055294365292710e+01
7.775000000202084038e+02 9.515626313418341198e+00
7.780000000202403498e+02 1.029959342775991615e+01
7.785000000202724095e+02 9.709526439139128939e+00
7.790000000203044692e+02 9.906042837099739984e+00
7.795000000203365289e+02 8.927041735363854258e+00
7.800000000203685886e+02 9.982609800520586774e+00
7.805000000204005346e+02 1.012148623928981550e+01
7.810000000204325943e+02 9.124751208200558850e+00
7.815000000204646540e+02 9.865703573337475163e+00
7.820000000204967137e+02 1.030483320296471561e+01
7.825000000205286597e+02 9.701304181509996738e+00
7.830000000205607193e+02 1.014161564973895935e+01
7.835000000205927790e+02 1.003085657135001796e+01
7.840000000206248387e+02 1.027793584885894695e+01
7.845000000206567847e+02 9.702759243628634067e+00
7.850000000206888444e+02 1.064225187987001142e+01
7.855000000207209041e+02 9.694538489123019076e+00
7.860000000207529638e+02 9.534454729375669402e+00
7.865000000207849098e+02 9.313805095515187205e+00
7.870000000208169695e+02 1.025254409821545387e+01
7.875000000208490292e+02 9.191607523197829366e+00
7.880000000208810889e+02 1.044039263917725258e+01
7.885000000209131485e+02 9.968489179833774472e+00
7.890000000209450945e+02 9.419653618203959411e+00
7.895000000209771542e+02 1.022315714009891252e+01
7.900000000210092139e+02 9.835811409461424404e+00
7.905000000210412736e+02 1.035901803747238148e+01
7.910000000210732196e+02 9.829664516813119590e+00
7.915000000211052793e+02 9.777465921535645421e+00
7.920000000211373390e+02 9.586313546807028629e+00
7.925000000211693987e+02 1.006453178820131811e+01
7.930000000212013447e+02 9.577131703407516738e+00
7.935000000212334044e+02 9.705741244405205137e+00
7.940000000212654641e+02 9.658224557761400320e+00
7.945000000212975237e+02 1.022131585940487675e+01
7.950000000213294697e+02 9.939453045127827124e+00
7.955000000213615294e+02 1.023310239515744868e+01
7.960000000213935891e+02 1.016106825360163768e+01
7.965000000214256488e+02 1.005249995744070901e+01
7.970000000214577085e+02 9.497352148620681334e+00
7.975000000214896545e+02 9.665729988347031565e+00
7.980000000215217142e+02 1.006974350653215211e+01
7.985000000215537739e+02 9.721257925302126068e+00
7.990000000215858336e+02 9.833056833554369547e+00
7.995000000216177796e+02 9.480923960679970008e+00
8.000000000216498393e+02 9.724819534023387391e+00
8.005000000216818989e+02 9.620033569628905212e+00
8.010000000217139586e+02 9.786803909105193711e+00
8.015000000217459046e+02 9.896956932328134116e+00
8.020000000217779643e+02 1.005620955880762324e+01
8.025000000218100240e+02 1.045761816205517292e+01
8.030000000218420837e+02 9.451556275744067648e+00
8.035000000218740297e+02 1.045646987500206393e+01
8.040000000219060894e+02 9.408858780859731041e+00
8.045000000219381491e+02 9.818269774513096237e+00
8.050000000219702088e+02 9.530683530648722979e+00
8.055000000220021548e+02 9.902533266173376703e+00
8.060000000220342145e+02 1.037848955527801387e+01
8.065000000220662741e+02 9.774035420265963836e+00
8.070000000220983338e+02 9.919334165913754831e+00
8.075000000221303935e+02 9.770416770587162958e+00
8.080000000221623395e+02 1.004162669957346665e+01
8.085000000221943992e+02 9.638958779879061467e+00
8.090000000222264589e+02 9.637896212190732115e+00
8.095000000222585186e+02 1.016229514874624407e+01
8.100000000222904646e+02 9.649426556850231762e+00
8.105000000223225243e+02 1.009316804044825666e+01
8.110000000223545840e+02 1.007854976893788823e+01
8.115000000223866436e+02 9.396429433730842717e+00
8.120000000224185897e+02 1.014554296102287445e+01
8.125000000224506493e+02 9.236698277773966126e+00
8.130000000224827090e+02 1.051743805965855927e+01
8.135000000225147687e+02 9.674601625427488472e+00
8.140000000225467147e+02 9.920337488039676188e+00
8.145000000225787744e+02 9.858732596128893633e+00
8.150000000226108341e+02 9.274170913379165881e+00
8.155000000226428938e+02 1.012916621999362654e+01
8.160000000226749535e+02 1.011223202897636675e+01
8.165000000227068995e+02 9.345000808082685850e+00
8.170000000227389592e+02 1.002665512787403479e+01
8.175000000227710188e+02 9.882575987550186625e+00
8.180000000228030785e+02 1.042205576166537995e+01
8.185000000228350245e+02 1.012817264111423299e+01
8.190000000228670842e+02 1.034123942536315788e+01
8.195000000228991439e+02 9.628607085319957903e+00
8.200000000229312036e+02 9.831854845816607735e+00
8.205000000229631496e+02 9.482765563152252497e+00
8.210000000229952093e+02 1.000231867323913448e+01
8.215000000230272690e+02 1.033836638397369256e+01
8.220000000230593287e+02 9.672888829322756621e+00
8.225000000230912747e+02 1.045029061711411167e+01
8.230000000231233344e+02 9.683992482590070949e+00
8.235000000231553940e+02 1.013810278615676097e+01
8.240000000231874537e+02 9.805385271588059837e+00
8.245000000232195134e+02 9.755753771917499151e+00
8.250000000232514594e+02 1.040431330778806540e+01
8.255000000232835191e+02 9.765450667974846510e+00
8.260000000233155788e+02 1.024411840927622741e+01
8.265000000233476385e+02 9.863670271745510476e+00
8.270000000233795845e+02 9.870946318774171502e+00
8.275000000234116442e+02 1.025965681620203718e+01
8.280000000234437039e+02 9.765910015387849086e+00
8.285000000234757636e+02 1.013992380375227143e+01
8.290000000235077096e+02 1.009884871637351544e+01
8.295000000235397692e+02 9.610095914542116091e+00
8.300000000235718289e+02 9.874551759310074672e+00
8.305000000236038886e+02 9.831044099644294931e+00
8.310000000236358346e+02 1.029420112513391494e+01
8.315000000236678943e+02 9.906905870875776898e+00
8.320000000236999540e+02 9.855810621933137838e+00
8.325000000237320137e+02 1.037291328931170398e+01
8.330000000237640734e+02 9.789676286196183241e+00
8.335000000237960194e+02 9.516078739399956632e+00
8.340000000238280791e+02 1.006282029283709356e+01
8.345000000238601388e+02 9.352612045954796116e+00
8.350000000238921984e+02 9.862672296123520255e+00
8.355000000239241444e+02 1.012760105175878422e+01
8.360000000239562041e+02 1.013702936175191915e+01
8.365000000239882638e+02 1.013421406995847285e+01
8.370000000240203235e+02 9.832398821315230464e+00
8.375000000240522695e+02 1.003766074916011064e+01
8.380000000240843292e+02 1.002877316273858277e+01
8.385000000241163889e+02 9.781463371296426956e+00
8.390000000241484486e+02 1.000309461265679367e+01
8.395000000241803946e+02 9.760544463284892558e+00
8.400000000242124543e+02 1.015348570245621751e+01
8.405000000242445140e+02 9.634455465250400863e+00
8.410000000242765736e+02 1.019644099876095567e+01
8.415000000243086333e+02 9.105091725405230818e+00
8.420000000243405793e+02 9.978482171767772968e+00
8.425000000243726390e+02 9.693596685888174136e+00
8.430000000244046987e+02 9.653513521518043206e+00
8.435000000244367584e+02 9.966540671019018305e+00
8.440000000244687044e+02 9.834747902300303934e+00
8.445000000245007641e+02 1.014155936406433511e+01
8.450000000245328238e+02 9.954500057032106497e+00
8.455000000245648835e+02 9.863314664778245699e+00
8.460000000245968295e+02 1.024047533205335370e+01
8.465000000246288892e+02 1.000742060005691414e+01
8.470000000246609488e+02 1.023058415789545705e+01
8.475000000246930085e+02 9.716415886526002410e+00
8.480000000247249545e+02 9.777202515939556804e+00
8.485000000247570142e+02 1.022050492097473118e+01
8.490000000247890739e+02 9.926575538438791924e+00
8.495000000248211336e+02 9.786083545234950165e+00
8.500000000248530796e+02 1.008010018819535958e+01
8.505000000248851393e+02 1.012583179831723967e+01
8.510000000249171990e+02 9.720157196723278048e+00
8.515000000249492587e+02 1.015936505513619004e+01
8.520000000249813183e+02 9.857699281357213295e+00
8.525000000250132643e+02 9.662953085821596844e+00
8.530000000250453240e+02 9.469338155901159126e+00
8.535000000250773837e+02 9.643305243954168660e+00
8.540000000251094434e+02 9.563298489698834004e+00
8.545000000251413894e+02 1.063432076793608871e+01
8.550000000251734491e+02 9.448478912980734279e+00
8.555000000252055088e+02 1.037284722700758621e+01
8.560000000252375685e+02 9.811058665038364879e+00
8.565000000252695145e+02 9.402344021546147346e+00
8.570000000253015742e+02 1.018432374565523446e+01
8.575000000253336339e+02 9.706565834750152888e+00
8.580000000253656935e+02 9.864566703465140307e+00
8.585000000253976395e+02 1.005922380163394081e+01
8.590000000254296992e+02 9.941786688664201677e+00
8.595000000254617589e+02 9.767094530919559148e+00
8.600000000254938186e+02 9.822111407055432508e+00
8.605000000255258783e+02 9.576153055941700742e+00
8.610000000255578243e+02 1.027971895401106117e+01
8.615000000255898840e+02 9.832037028992381522e+00
8.620000000256219437e+02 1.016262650767765940e+01
8.625000000256540034e+02 9.738465400283949691e+00
8.630000000256859494e+02 1.003427136876602255e+01
8.635000000257180091e+02 1.017312432662005151e+01
8.640000000257500687e+02 9.945598326445853843e+00
8.645000000257821284e+02 9.917183066716866335e+00
8.650000000258140744e+02 1.024356207421835840e+01
8.655000000258461341e+02 9.898854330528665812e+00
8.660000000258781938e+02 9.955226414568510762e+00
8.665000000259102535e+02 9.753241924754808778e+00
8.670000000259421995e+02 9.862332389141410971e+00
8.675000000259742592e+02 9.819151465268475931e+00
8.680000000260063189e+02 1.000555989662351664e+01
8.685000000260383786e+02 1.035315447642004472e+01
8.690000000260704383e+02 9.844636283467798066e+00
8.695000000261023843e+02 1.037140849304580392e+01
8.700000000261344439e+02 9.858070051437696435e+00
8.705000000261665036e+02 1.009212695438098528e+01
8.710000000261985633e+02 9.758917370573758632e+00
8.715000000262305093e+02 9.994678249705570394e+00
8.720000000262625690e+02 9.484472114156467626e+00
8.725000000262946287e+02 1.017756650004064767e+01
8.730000000263266884e+02 9.727901665132458575e+00
8.735000000263586344e+02 1.020798911396528119e+01
8.740000000263906941e+02 1.020008091917402560e+01
8.745000000264227538e+02 9.691726952218038704e+00
8.750000000264548135e+02 1.017437464012142456e+01
8.755000000264867595e+02 9.973490806296595679e+00
8.760000000265188191e+02 9.425166890005016285e+00
8.765000000265508788e+02 1.036455286430327405e+01
8.770000000265829385e+02 9.664291723989579808e+00
8.775000000266149982e+02 9.890962016720839856e+00
8.780000000266469442e+02 9.875723208275065446e+00
8.785000000266790039e+02 9.914913098639811295e+00
8.790000000267110636e+02 1.017509882502302787e+01
8.795000000267431233e+02 9.861278528402490196e+00
8.800000000267750693e+02 9.213505282519530937e+00
8.805000000268071290e+02 9.772609542457136200e+00
8.810000000268391886e+02 9.915537508826407276e+00
8.815000000268712483e+02 1.002531987212734066e+01
8.820000000269031943e+02 9.981713667071691276e+00
8.825000000269352540e+02 9.531881908117513902e+00
8.830000000269673137e+02 1.032535468091629127e+01
8.835000000269993734e+02 9.717176226552769691e+00
8.840000000270313194e+02 1.009400432861975894e+01
8.845000000270633791e+02 9.772148973575758291e+00
8.850000000270954388e+02 9.419403080053569965e+00
8.855000000271274985e+02 9.681401407187015806e+00
8.860000000271595582e+02 1.031322034517511455e+01
8.865000000271915042e+02 9.480022737053591442e+00
8.870000000272235638e+02 1.019042903850158055e+01
8.875000000272556235e+02 9.792491129920772863e+00
8.880000000272876832e+02 9.650396204700410152e+00
8.885000000273196292e+02 9.934505663147113808e+00
8.890000000273516889e+02 9.211417618316639633e+00
8.895000000273837486e+02 9.902652097983176915e+00
8.900000000274158083e+02 1.024237054981805706e+01
8.905000000274477543e+02 9.563176171213152443e+00
8.910000000274798140e+02 1.028401332391080736e+01
8.915000000275118737e+02 9.696228366031245827e+00
8.920000000275439334e+02 9.673701807298408895e+00
8.925000000275758794e+02 9.955287511489769869e+00
8.930000000276079390e+02 1.009887312052874897e+01
8.935000000276399987e+02 1.014439902858001119e+01
8.940000000276720584e+02 9.816002974243149382e+00
8.945000000277040044e+02 9.906723716447727313e+00
8.950000000277360641e+02 9.788128035678575145e+00
8.955000000277681238e+02 9.791338548719226154e+00
8.960000000278001835e+02 1.028400550436236927e+01
8.965000000278322432e+02 9.463705943003880350e+00
8.970000000278641892e+02 1.060287284394620677e+01
8.975000000278962489e+02 9.646730723084825598e+00
8.980000000279283086e+02 9.904022815121702905e+00
8.985000000279603682e+02 1.027647633017614481e+01
8.990000000279923142e+02 9.637825903565172325e+00
8.995000000280243739e+02 9.868850843168948117e+00
9.000000000280564336e+02 9.804608926588532114e+00
9.005000000280884933e+02 9.920178732840568614e+00
9.010000000281204393e+02 9.761073538191368471e+00
9.015000000281524990e+02 9.754932541851626837e+00
9.020000000281845587e+02 1.015289164930326038e+01
9.025000000282166184e+02 9.400407849541316807e+00
9.030000000282485644e+02 1.003227061192338887e+01
9.035000000282806241e+02 9.616613882798528579e+00
9.040000000283126838e+02 1.022137439402208159e+01
9.045000000283447434e+02 9.674835701047763692e+00
9.050000000283768031e+02 9.936130588310721379e+00
9.055000000284087491e+02 9.934085130474541003e+00
9.060000000284408088e+02 1.000920476424071381e+01
9.065000000284728685e+02 1.010729903642096517e+01
9.070000000285049282e+02 9.820391843230767748e+00
9.075000000285368742e+02 1.006120696304524920e+01
9.080000000285689339e+02 1.004819546055783519e+01
9.085000000286009936e+02 1.012330777366097756e+01
9.090000000286330533e+02 9.572193674308405065e+00
9.095000000286649993e+02 1.033722049804415910e+01
9.100000000286970590e+02 9.870120792623756856e+00
9.105000000287291186e+02 1.028398694076587638e+01
9.110000000287611783e+02 9.628709104548113018e+00
9.115000000287931243e+02 1.054683997676609053e+01
9.120000000288251840e+02 9.809502130863229752e+00
9.125000000288572437e+02 1.002887249967935013e+01
9.130000000288893034e+02 1.002888110033497071e+01
9.135000000289213631e+02 1.002563095507223068e+01
9.140000000289533091e+02 9.934658133354179910e+00
9.145000000289853688e+02 1.010162346963517521e+01
9.150000000290174285e+02 1.009766766141560268e+01
9.155000000290494881e+02 1.021162159856656082e+01
9.160000000290814341e+02 1.003424667975538753e+01
9.165000000291134938e+02 1.008250019536066233e+01
9.170000000291455535e+02 1.007795159928501505e+01
9.175000000291776132e+02 9.884851629110087856e+00
9.180000000292095592e+02 9.770881497418022477e+00
9.185000000292416189e+02 9.586417718633938989e+00
9.190000000292736786e+02 1.001630163321974365e+01
9.195000000293057383e+02 9.951642472134636819e+00
9.200000000293376843e+02 9.734108948540944439e+00
9.205000000293697440e+02 9.947799919166381954e+00
9.210000000294018037e+02 9.629629079454794294e+00
9.215000000294338633e+02 1.000045729749772683e+01
9.220000000294659230e+02 9.868373773912606950e+00
9.225000000294978690e+02 1.025696298632178838e+01
9.230000000295299287e+02 9.550992206539090645e+00
9.235000000295619884e+02 1.023068033399247945e+01
9.240000000295940481e+02 9.942528189262860749e+00
9.245000000296259941e+02 1.004152639712098605e+01
9.250000000296580538e+02 1.038116444305639519e+01
9.255000000296901135e+02 9.356163366373293044e+00
9.260000000297221732e+02 9.604783208058030652e+00
9.265000000297541192e+02 1.000350971736458661e+01
9.270000000297861789e+02 9.941859401850772215e+00
9.275000000298182385e+02 9.922057326203386651e+00
9.280000000298502982e+02 1.025798368965549656e+01
9.285000000298822442e+02 9.696951100591254757e+00
9.290000000299143039e+02 1.019730483157119139e+01
9.295000000299463636e+02 9.741999966617726159e+00
9.300000000299784233e+02 1.011684034917548303e+01
9.305000000300104830e+02 9.986402171969466224e+00
9.310000000300424290e+02 1.009766050818182137e+01
9.315000000300744887e+02 9.881751805872012184e+00
9.320000000301065484e+02 1.038252471460631199e+01
9.325000000301386081e+02 9.899740330298872237e+00
9.330000000301705541e+02 9.883582666605612133e+00
9.335000000302026137e+02 9.448940635444342817e+00
9.340000000302346734e+02 1.013246640167669987e+01
9.345000000302667331e+02 9.872556216115610184e+00
9.350000000302986791e+02 1.012032894588215015e+01
9.355000000303307388e+02 1.005320702443129477e+01
9.360000000303627985e+02 1.015753697241654763e+01
9.365000000303948582e+02 1.013847009055320214e+01
9.370000000304268042e+02 1.004892366906368650e+01
9.375000000304588639e+02 9.899934795760680473e+00
9.380000000304909236e+02 1.007636604151360515e+01
9.385000000305229833e+02 1.027748528884832702e+01
9.390000000305549293e+02 9.808731176434729804e+00
9.395000000305869889e+02 1.013094848982250618e+01
9.400000000306190486e+02 9.843078914024468773e+00
9.405000000306511083e+02 9.570715192604506427e+00
9.410000000306831680e+02 1.005537503399309252e+01
9.415000000307151140e+02 1.012396080667458520e+01
9.420000000307471737e+02 9.604483824206772269e+00
9.425000000307792334e+02 1.000167484030476039e+01
9.430000000308112931e+02 9.941627307098617194e+00
9.435000000308432391e+02 1.034590866174919555e+01
9.440000000308752988e+02 9.493153093244622198e+00
9.445000000309073585e+02 1.000129611358521942e+01
9.450000000309394181e+02 9.776155918518952603e+00
9.455000000309713641e+02 1.018969451855850039e+01
9.460000000310034238e+02 9.705749052658465104e+00
9.465000000310354835e+02 9.953339515055796838e+00
9.470000000310675432e+02 9.939198343861969320e+00
9.475000000310994892e+02 1.019196658718172976e+01
9.480000000311315489e+02 9.966915752594371014e+00
9.485000000311636086e+02 1.002060438302107848e+01
9.490000000311956683e+02 1.021836018003339319e+01
9.495000000312277280e+02 9.876053475558251193e+00
9.500000000312596740e+02 1.002687014718151914e+01
9.505000000312917336e+02 1.010045056264785046e+01
9.510000000313237933e+02 9.866053117759461699e+00
9.515000000313558530e+02 9.826574136270624038e+00
9.520000000313877990e+02 9.746568087470766528e+00
9.525000000314198587e+02 1.024320820205748817e+01
9.530000000314519184e+02 1.014980037855730544e+01
9.535000000314839781e+02 9.669207416855337911e+00
9.540000000315159241e+02 1.031618936612716020e+01
9.545000000315479838e+02 9.830943189699098639e+00
9.550000000315800435e+02 9.760532481165720142e+00
9.555000000316121032e+02 1.011822250560644498e+01
9.560000000316440492e+02 9.794441429816549416e+00
9.565000000316761088e+02 9.811306343586315037e+00
9.570000000317081685e+02 9.798963871392679437e+00
9.575000000317402282e+02 1.019315847605742320e+01
9.580000000317722879e+02 1.012063144754431931e+01
9.585000000318042339e+02 9.942728508701204504e+00
9.590000000318362936e+02 1.016419917747855806e+01
9.595000000318683533e+02 1.042268648183956081e+01
9.600000000319004130e+02 9.700767935093791650e+00
9.605000000319323590e+02 1.013432500359220256e+01
9.610000000319644187e+02 9.826165744174026884e+00
9.615000000319964784e+02 1.018917834254094501e+01
9.620000000320285380e+02 1.019044193190174141e+01
9.625000000320604840e+02 1.009025547539158829e+01
9.630000000320925437e+02 9.651363342657758082e+00
9.635000000321246034e+02 9.303585441969330461e+00
9.640000000321566631e+02 1.032527315147877189e+01
9.645000000321886091e+02 9.933108386143443269e+00
9.650000000322206688e+02 9.737597614657058642e+00
9.655000000322527285e+02 9.977911122342021599e+00
9.660000000322847882e+02 9.758388705549421616e+00
9.665000000323168479e+02 1.038105725822718206e+01
9.670000000323487939e+02 9.809633911704455755e+00
9.675000000323808536e+02 1.001112496816890740e+01
9.680000000324129132e+02 1.021148335302414800e+01
9.685000000324449729e+02 9.705599146569124258e+00
9.690000000324769189e+02 1.036284080910645500e+01
9.695000000325089786e+02 9.801491822214602578e+00
9.700000000325410383e+02 1.016638583704328092e+01
9.705000000325730980e+02 9.861666547034822372e+00
9.710000000326050440e+02 9.956092683958704725e+00
9.715000000326371037e+02 1.008816105035724142e+01
9.720000000326691634e+02 9.886921260538098721e+00
9.725000000327012231e+02 9.676105926375651478e+00
9.730000000327331691e+02 9.880484253996177912e+00
9.735000000327652288e+02 1.003692338999636746e+01
9.740000000327972884e+02 1.021626210940115875e+01
9.745000000328293481e+02 1.010976642729790420e+01
9.750000000328614078e+02 1.017752817023044898e+01
9.755000000328933538e+02 9.734149687934525730e+00
9.760000000329254135e+02 1.027665897134362716e+01
9.765000000329574732e+02 9.953520626835334895e+00
9.770000000329895329e+02 1.021814291875840119e+01
9.775000000330214789e+02 9.785709009570080497e+00
9.780000000330535386e+02 9.812799232847206454e+00
9.785000000330855983e+02 9.877964813885402151e+00
9.790000000331176579e+02 1.017216276969027611e+01
9.795000000331496040e+02 9.929605594481204278e+00
9.800000000331816636e+02 1.004453528966936027e+01
9.805000000332137233e+02 1.005595531242996010e+01
9.810000000332457830e+02 1.016112822943725824e+01
9.815000000332777290e+02 1.032306179358474019e+01
9.820000000333097887e+02 9.995077868245052954e+00
9.825000000333418484e+02 9.800952597365020225e+00
9.830000000333739081e+02 1.022433908032341954e+01
9.835000000334058541e+02 9.558168780161691913e+00
9.840000000334379138e+02 1.048322112220480307e+01
9.845000000334699735e+02 1.008768774168421345e+01
9.850000000335020331e+02 9.735332477134914342e+00
9.855000000335340928e+02 1.058333951235520409e+01
9.860000000335660388e+02 9.400617297759559676e+00
9.865000000335980985e+02 9.060392859133928667e+00
9.870000000336301582e+02 1.034186182105393748e+01
9.875000000336622179e+02 9.867633796117191380e+00
9.880000000336941639e+02 1.004709411995702517e+01
9.885000000337262236e+02 9.630957078885622025e+00
9.890000000337582833e+02 9.760503576609798060e+00
9.895000000337903430e+02 1.027955942085518259e+01
9.900000000338222890e+02 1.023500154064725010e+01
9.905000000338543487e+02 9.832939864866585111e+00
9.910000000338864083e+02 1.036849698737776393e+01
9.915000000339184680e+02 9.738612946919692703e+00
9.920000000339504140e+02 1.014619409615594137e+01
9.925000000339824737e+02 9.760130135151820596e+00
9.930000000340145334e+02 1.002016761590073379e+01
9.935000000340465931e+02 9.356963443176798734e+00
9.940000000340786528e+02 1.032669870158036396e+01
9.945000000341105988e+02 9.740323134176941622e+00
9.950000000341426585e+02 9.732193077572786066e+00
9.955000000341747182e+02 1.017735122012068771e+01
9.960000000342067779e+02 9.918697476112386724e+00
9.965000000342387239e+02 1.015551694321754894e+01
9.970000000342707835e+02 9.825767842291000420e+00
9.975000000343028432e+02 1.013285267925346922e+01
9.980000000343349029e+02 9.862550826254617320e+00
9.985000000343668489e+02 1.003797635797075394e+01
9.990000000343989086e+02 9.880631668145172242e+00
9.995000000344309683e+02 9.919198235060427749e+00
1.000000000034463028e+03 9.938515157847520598e+00
