# Time (ps)	CV (angstrom)
9.999999999975766229e+01 -9.872072321577028964e-01
1.004999999997559001e+02 -1.257677509568277507e+00
1.009999999997541380e+02 -1.415161338125695778e+00
1.014999999997533990e+02 -1.034898338373101856e+00
1.019999999997629061e+02 -1.030240542087088373e+00
1.024999999997724132e+02 -1.203485363655673490e+00
1.029999999997819060e+02 -1.247948443875020352e+00
1.034999999997914131e+02 -8.437345118799000065e-01
1.039999999998009201e+02 -1.023725524513298790e+00
1.044999999998104272e+02 -1.272381746718808992e+00
1.049999999998199343e+02 -1.135703983956889873e+00
1.054999999998294413e+02 -1.072618556220439334e+00
1.059999999998389484e+02 -9.024545054106422048e-01
1.064999999998484554e+02 -1.108778043585425532e+00
1.069999999998579483e+02 -1.292074759318728061e+00
1.074999999998674554e+02 -1.617382780676930976e+00
1.079999999998769624e+02 -1.136223374609947490e+00
1.084999999998864695e+02 -1.106132102752398927e+00
1.089999999998959765e+02 -1.252540727430867307e+00
1.094999999999054836e+02 -1.116573451514597082e+00
1.099999999999149907e+02 -1.160551277374997969e+00
1.104999999999244977e+02 -9.749564866447423261e-01
1.109999999999339906e+02 -1.259205744720145459e+00
1.114999999999434976e+02 -1.238586807750806429e+00
1.119999999999530047e+02 -1.007280790267290227e+00
1.124999999999625118e+02 -1.137766404747661664e+00
1.129999999999720188e+02 -1.152576471899728228e+00
1.134999999999815259e+02 -8.630837482649111880e-01
1.139999999999910330e+02 -1.139088389692100467e+00
1.145000000000005400e+02 -1.116459359540412422e+00
1.150000000000100329e+02 -9.164329788419535161e-01
1.155000000000195399e+02 -1.043315872463915772e+00
1.160000000000290470e+02 -1.291239420034755891e+00
1.165000000000385540e+02 -1.155704193583025452e+00
1.170000000000480611e+02 -1.110212031092845830e+00
1.175000000000575682e+02 -9.845606577211920563e-01
1.180000000000670752e+02 -1.276844527956409570e+00
1.185000000000765823e+02 -1.189451321818173257e+00
1.190000000000860751e+02 -1.058474273315583192e+00
1.195000000000955822e+02 -9.335631506305110960e-01
1.200000000001050893e+02 -1.113606698212688206e+00
1.205000000001145963e+02 -1.159124948883457851e+00
1.210000000001241034e+02 -1.160265637395350602e+00
1.215000000001336105e+02 -1.255240778818135228e+00
1.220000000001431175e+02 -1.165369061418904062e+00
1.225000000001526246e+02 -9.546454505028729720e-01
1.230000000001621174e+02 -9.322398987945625937e-01
1.235000000001716245e+02 -9.530923547001020069e-01
1.240000000001811316e+02 -1.180246779144430214e+00
1.245000000001906386e+02 -1.121158267669818631e+00
1.250000000002001457e+02 -9.886401787493049875e-01
1.255000000002096527e+02 -1.181577913724199735e+00
1.260000000002191598e+02 -1.284514910573812063e+00
1.265000000002286527e+02 -1.067264633375930138e+00
1.270000000002381597e+02 -1.102894590402790476e+00
1.275000000002476668e+02 -1.118835008226994221e+00
1.280000000002571880e+02 -1.234685906710695891e+00
1.285000000002666809e+02 -1.152425298140522303e+00
1.290000000002761738e+02 -1.051856332444603526e+00
1.295000000002856950e+02 -1.276526308608068927e+00
1.300000000002951879e+02 -1.105626863050471087e+00
1.305000000003047091e+02 -1.040907174177314154e+00
1.310000000003142020e+02 -9.903676872458508917e-01
1.315000000003237233e+02 -1.173495210319577264e+00
1.320000000003332161e+02 -1.149870865803009679e+00
1.325000000003427090e+02 -9.928613029217910890e-01
1.330000000003522302e+02 -1.191060264639868249e+00
1.335000000003617231e+02 -1.161560348040535651e+00
1.340000000003712444e+02 -8.783303081972786419e-01
1.345000000003807372e+02 -9.986382970259246594e-01
1.350000000003902585e+02 -1.131547947519344843e+00
1.355000000003997513e+02 -9.796486138324321802e-01
1.360000000004092726e+02 -1.046850189062911829e+00
1.365000000004187655e+02 -1.158899401318558287e+00
1.370000000004282583e+02 -9.449460417187574013e-01
1.375000000004377796e+02 -8.143654754110011273e-01
1.380000000004472724e+02 -1.202684798313927717e+00
1.385000000004567937e+02 -1.066129278220224297e+00
1.390000000004662866e+02 -9.308826009217591180e-01
1.395000000004758078e+02 -1.331669950848773043e+00
1.400000000004853007e+02 -1.138466430864252033e+00
1.405000000004947935e+02 -9.782388779353887731e-01
1.410000000005043148e+02 -1.070369668125028095e+00
1.415000000005138077e+02 -1.157790697009001724e+00
1.420000000005233289e+02 -1.062765138366256634e+00
1.425000000005328218e+02 -1.141800886135864168e+00
1.430000000005423431e+02 -1.049277569980650249e+00
1.435000000005518359e+02 -1.103631837706235519e+00
1.440000000005613572e+02 -1.015758437569184380e+00
1.445000000005708500e+02 -1.115684224083019371e+00
1.450000000005803429e+02 -1.087080284466395819e+00
1.455000000005898642e+02 -1.125984780571062327e+00
1.460000000005993570e+02 -1.270948326573762888e+00
1.465000000006088783e+02 -1.054690391776961889e+00
1.470000000006183711e+02 -1.027528627611304923e+00
1.475000000006278924e+02 -1.052532380322804162e+00
1.480000000006373853e+02 -1.196053324649776428e+00
1.485000000006468781e+02 -1.157722901454930620e+00
1.490000000006563994e+02 -1.235516098104330496e+00
1.495000000006658922e+02 -1.167499612895685379e+00
1.500000000006754135e+02 -1.056836585184278476e+00
1.505000000006849064e+02 -8.398468332735339326e-01
1.510000000006944276e+02 -1.039233965810114624e+00
1.515000000007039205e+02 -1.208208822844905939e+00
1.520000000007134133e+02 -1.287574321760902807e+00
1.525000000007229346e+02 -9.445757915334731525e-01
1.530000000007324275e+02 -1.138311160931293475e+00
1.535000000007419487e+02 -1.095269149126108621e+00
1.540000000007514416e+02 -1.094666884990240119e+00
1.545000000007609628e+02 -1.305408268340221722e+00
1.550000000007704557e+02 -1.250432173843180061e+00
1.555000000007799770e+02 -7.923843690793130889e-01
1.560000000007894698e+02 -1.038321181767099644e+00
1.565000000007989627e+02 -1.012746886693133730e+00
1.570000000008084839e+02 -1.132466954622850519e+00
1.575000000008179768e+02 -1.057132259639333549e+00
1.580000000008274981e+02 -1.135354545903315859e+00
1.585000000008369909e+02 -9.785422587714616149e-01
1.590000000008465122e+02 -1.087596799976348061e+00
1.595000000008560050e+02 -1.226983835194138894e+00
1.600000000008654979e+02 -1.182185461214187328e+00
1.605000000008750192e+02 -9.741440801932386151e-01
1.610000000008845120e+02 -9.720965518453781318e-01
1.615000000008940333e+02 -1.146926895253793210e+00
1.620000000009035261e+02 -9.680855143771073257e-01
1.625000000009130474e+02 -1.119479979992880514e+00
1.630000000009225403e+02 -1.226658673131071575e+00
1.635000000009320615e+02 -1.133292578740699552e+00
1.640000000009415544e+02 -9.974371626102018773e-01
1.645000000009510472e+02 -1.089789658123262450e+00
1.650000000009605685e+02 -1.174731904015902328e+00
1.655000000009700614e+02 -1.030226116684201054e+00
1.660000000009795826e+02 -1.132564795352597020e+00
1.665000000009890755e+02 -1.232375037373243831e+00
1.670000000009985968e+02 -1.114138663430203735e+00
1.675000000010080896e+02 -1.165963783733866554e+00
1.680000000010175825e+02 -1.273611911707414279e+00
1.685000000010271037e+02 -1.143834921619759859e+00
1.690000000010365966e+02 -1.170754940148160950e+00
1.695000000010461179e+02 -1.112734527432388543e+00
1.700000000010556107e+02 -1.147922705154264644e+00
1.705000000010651320e+02 -1.186187691609337458e+00
1.710000000010746248e+02 -9.399140837603604526e-01
1.715000000010841177e+02 -1.244105666172004243e+00
1.720000000010936390e+02 -1.296119494814989226e+00
1.725000000011031318e+02 -9.469174420126321712e-01
1.730000000011126531e+02 -1.016083052838408163e+00
1.735000000011221459e+02 -1.231566158987184023e+00
1.740000000011316672e+02 -1.126200115984477668e+00
1.745000000011411601e+02 -9.505403976927914167e-01
1.750000000011506813e+02 -1.209641943261098085e+00
1.755000000011601742e+02 -1.146486012408677535e+00
1.760000000011696670e+02 -1.020003947836918945e+00
1.765000000011791883e+02 -1.150867961620742230e+00
1.770000000011886812e+02 -1.019832775958490645e+00
1.775000000011982024e+02 -1.100243583036601303e+00
1.780000000012076953e+02 -1.122019671386262907e+00
1.785000000012172165e+02 -1.250309313121686250e+00
1.790000000012267094e+02 -9.260334585068544788e-01
1.795000000012362023e+02 -1.120762256022493020e+00
1.800000000012457235e+02 -1.016711185703954579e+00
1.805000000012552164e+02 -8.582406422518942257e-01
1.810000000012647376e+02 -1.028687727223608572e+00
1.815000000012742305e+02 -1.085949080894085705e+00
1.820000000012837518e+02 -1.034492629160165267e+00
1.825000000012932446e+02 -1.082152494168067802e+00
1.830000000013027659e+02 -1.142645671733834467e+00
1.835000000013122587e+02 -1.078357456908578316e+00
1.840000000013217516e+02 -9.471588581094787518e-01
1.845000000013312729e+02 -1.030814390112492873e+00
1.850000000013407657e+02 -1.224935043789898925e+00
1.855000000013502870e+02 -1.006589183423250322e+00
1.860000000013597798e+02 -1.120737478059422365e+00
1.865000000013693011e+02 -9.904343056405093826e-01
1.870000000013787940e+02 -1.123865494313933233e+00
1.875000000013882868e+02 -1.177753666666828236e+00
1.880000000013978081e+02 -1.099262990967156295e+00
1.885000000014073009e+02 -9.397072699714719146e-01
1.890000000014168222e+02 -1.054948062322284219e+00
1.895000000014263151e+02 -1.165307339545867960e+00
1.900000000014358363e+02 -1.095565672566631621e+00
1.905000000014453292e+02 -1.021558176515301231e+00
1.910000000014548220e+02 -8.143633826859930647e-01
1.915000000014643433e+02 -1.061351148578795645e+00
1.920000000014738362e+02 -1.242470005924060761e+00
1.925000000014833574e+02 -1.022890745128535395e+00
1.930000000014928503e+02 -1.096508092419630431e+00
1.935000000015023716e+02 -1.065319583283079075e+00
1.940000000015118644e+02 -9.691037529400521322e-01
1.945000000015213857e+02 -1.108788393641714443e+00
1.950000000015308785e+02 -8.965423654644739671e-01
1.955000000015403714e+02 -1.032583426832703655e+00
1.960000000015498927e+02 -1.012046693934855579e+00
1.965000000015593855e+02 -1.023817342512226558e+00
1.970000000015689068e+02 -9.647307859262330698e-01
1.975000000015783996e+02 -1.126601529659098322e+00
1.980000000015879209e+02 -1.165922453474242726e+00
1.985000000015974138e+02 -1.041606777102987325e+00
1.990000000016069066e+02 -1.239167426064614830e+00
1.995000000016164279e+02 -1.265454836552136753e+00
2.000000000016259207e+02 -1.207782636002000309e+00
2.005000000016354420e+02 -1.100781955739878137e+00
2.010000000016449349e+02 -9.799436677340935820e-01
2.015000000016544561e+02 -9.739434907522434015e-01
2.020000000016639490e+02 -1.286393695170308549e+00
2.025000000016734703e+02 -1.144620784711245509e+00
2.030000000016789556e+02 -1.150165489744314096e+00
2.035000000016659385e+02 -1.042314602270346446e+00
2.040000000016529214e+02 -1.106140182312090436e+00
2.045000000016398758e+02 -1.071660592539953605e+00
2.050000000016268586e+02 -1.304693605928198163e+00
2.055000000016138415e+02 -1.325768903810923938e+00
2.060000000016008244e+02 -1.034007458599676577e+00
2.065000000015878072e+02 -9.944063098889296404e-01
2.070000000015747617e+02 -1.094668639872587779e+00
2.075000000015617445e+02 -1.061514839217037043e+00
2.080000000015487274e+02 -1.046963748492933499e+00
2.085000000015357102e+02 -1.145132855712111875e+00
2.090000000015226931e+02 -1.140381007233208788e+00
2.095000000015096475e+02 -1.148981569389485813e+00
2.100000000014966304e+02 -1.322499716410576731e+00
2.105000000014836132e+02 -1.225972456771740049e+00
2.110000000014705961e+02 -1.118220687234816380e+00
2.115000000014575789e+02 -1.073604163825440994e+00
2.120000000014445618e+02 -1.047680441988468214e+00
2.125000000014315162e+02 -1.156156867766645613e+00
2.130000000014184991e+02 -1.158922023527110712e+00
2.135000000014054820e+02 -1.145633175092976686e+00
2.140000000013924648e+02 -1.200032899846985801e+00
2.145000000013794477e+02 -1.005403006768692320e+00
2.150000000013664021e+02 -9.165840134292227992e-01
2.155000000013533850e+02 -1.082656969851428563e+00
2.160000000013403678e+02 -1.107221024008395061e+00
2.165000000013273507e+02 -1.194389929906198189e+00
2.170000000013143335e+02 -1.108009697592186482e+00
2.175000000013013164e+02 -9.808366357053198703e-01
2.180000000012882708e+02 -1.060917789899622266e+00
2.185000000012752537e+02 -1.226302532285461266e+00
2.190000000012622365e+02 -1.124986223366523763e+00
2.195000000012492194e+02 -9.807971373688159078e-01
2.200000000012362023e+02 -9.295468883269243365e-01
2.205000000012231567e+02 -1.063861815730298588e+00
2.210000000012101395e+02 -1.165907567883593954e+00
2.215000000011971224e+02 -9.656087926113541275e-01
2.220000000011841053e+02 -1.033796950131057546e+00
2.225000000011710881e+02 -1.100309217626273206e+00
2.230000000011580710e+02 -9.909819359304116171e-01
2.235000000011450254e+02 -1.114874691288143760e+00
2.240000000011320083e+02 -1.290891591518551484e+00
2.245000000011189911e+02 -9.590100845084655878e-01
2.250000000011059740e+02 -1.126467374298616209e+00
2.255000000010929568e+02 -1.070652737486260442e+00
2.260000000010799113e+02 -1.073511860008832697e+00
2.265000000010668941e+02 -9.423273331547549203e-01
2.270000000010538770e+02 -9.327933553299102565e-01
2.275000000010408598e+02 -1.066388110276726087e+00
2.280000000010278427e+02 -1.334565208080307430e+00
2.285000000010148256e+02 -1.171686466027475060e+00
2.290000000010017800e+02 -1.081466871920311990e+00
2.295000000009887628e+02 -1.161130594504876878e+00
2.300000000009757457e+02 -1.185724300321532088e+00
2.305000000009627286e+02 -1.176110861567558841e+00
2.310000000009497114e+02 -1.136197625118865906e+00
2.315000000009366659e+02 -9.862992036366192705e-01
2.320000000009236487e+02 -1.043385658863516641e+00
2.325000000009106316e+02 -1.009221216947086441e+00
2.330000000008976144e+02 -9.572752730191064208e-01
2.335000000008845973e+02 -1.095829132835262287e+00
2.340000000008715517e+02 -1.222067362935830070e+00
2.345000000008585346e+02 -1.059899110918480103e+00
2.350000000008455174e+02 -1.017058467395195898e+00
2.355000000008325003e+02 -1.103449080071448707e+00
2.360000000008194831e+02 -1.036195659945145842e+00
2.365000000008064660e+02 -1.082513154660321275e+00
2.370000000007934204e+02 -1.144038189846145359e+00
2.375000000007804033e+02 -1.175076892262530759e+00
2.380000000007673862e+02 -8.690715442030892968e-01
2.385000000007543690e+02 -9.591679539778040775e-01
2.390000000007413519e+02 -1.322853295895352721e+00
2.395000000007283063e+02 -1.292374977417149129e+00
2.400000000007152892e+02 -1.055274317317819177e+00
2.405000000007022720e+02 -8.996593999588120560e-01
2.410000000006892549e+02 -9.251278692060721509e-01
2.415000000006762377e+02 -1.067223599672668222e+00
2.420000000006632206e+02 -9.265810671620912098e-01
2.425000000006501750e+02 -9.980098614378248856e-01
2.430000000006371579e+02 -1.110635638980129070e+00
2.435000000006241407e+02 -1.301830381536054349e+00
2.440000000006111236e+02 -9.609885866263725429e-01
2.445000000005981065e+02 -1.053746366511944865e+00
2.450000000005850609e+02 -1.265622675401097963e+00
2.455000000005720437e+02 -1.203487071232772321e+00
2.460000000005590266e+02 -1.147893042906604544e+00
2.465000000005460095e+02 -1.011946526010140346e+00
2.470000000005329923e+02 -1.088743461806497725e+00
2.475000000005199752e+02 -1.201527163902848416e+00
2.480000000005069296e+02 -1.054322862042271103e+00
2.485000000004939125e+02 -1.064725350320908426e+00
2.490000000004808953e+02 -9.160427956530258209e-01
2.495000000004678782e+02 -1.185117951692408411e+00
2.500000000004548610e+02 -1.163321456692807399e+00
2.505000000004418155e+02 -1.100603682633470415e+00
2.510000000004287983e+02 -1.022715064706911869e+00
2.515000000004157812e+02 -1.098638432639328366e+00
2.520000000004027640e+02 -1.027539277336492196e+00
2.525000000003897469e+02 -1.139111142894776663e+00
2.530000000003767013e+02 -1.297458225206461702e+00
2.535000000003636842e+02 -1.191731280008664795e+00
2.540000000003506671e+02 -1.311714006902528595e+00
2.545000000003376499e+02 -1.194655066363900398e+00
2.550000000003246328e+02 -1.065343156572144956e+00
2.555000000003116156e+02 -1.089697502788509631e+00
2.560000000002985985e+02 -1.224389161935210302e+00
2.565000000002855813e+02 -1.116121103487830002e+00
2.570000000002725642e+02 -1.184380714230260256e+00
2.575000000002594902e+02 -9.667883478234358119e-01
2.580000000002464731e+02 -1.040536703425688270e+00
2.585000000002334559e+02 -1.161567904492109449e+00
2.590000000002204388e+02 -1.256784123735548375e+00
2.595000000002074216e+02 -1.197426885118782813e+00
2.600000000001944045e+02 -1.118527822854845422e+00
2.605000000001813873e+02 -1.237910643189390036e+00
2.610000000001683702e+02 -1.219084949772814674e+00
2.615000000001553531e+02 -9.504302760747719292e-01
2.620000000001423359e+02 -1.050621541956180627e+00
2.625000000001292619e+02 -1.150909567565152392e+00
2.630000000001162448e+02 -1.007101706041702460e+00
2.635000000001032276e+02 -1.051891414710625972e+00
2.640000000000902105e+02 -1.220811854795095908e+00
2.645000000000771934e+02 -1.069675801918557267e+00
2.650000000000641762e+02 -1.198057000481841605e+00
2.655000000000511591e+02 -1.145846169562798389e+00
2.660000000000381419e+02 -1.085884976526492629e+00
2.665000000000251248e+02 -1.058480742400513153e+00
2.670000000000121076e+02 -1.291990383567928724e+00
2.674999999999990905e+02 -1.166436096144393364e+00
2.679999999999860165e+02 -9.433577609619033799e-01
2.684999999999729994e+02 -1.075659297697066252e+00
2.689999999999599822e+02 -1.161267401179522540e+00
2.694999999999469651e+02 -1.149887551518029793e+00
2.699999999999339479e+02 -9.533933458038666986e-01
2.704999999999209308e+02 -9.316188905504785289e-01
2.709999999999079137e+02 -1.101593445179362307e+00
2.714999999998948965e+02 -1.322085006321552347e+00
2.719999999998818794e+02 -1.233381389314060605e+00
2.724999999998688622e+02 -1.064602573261766105e+00
2.729999999998558451e+02 -1.075967370498251752e+00
2.734999999998427711e+02 -1.162001404067919852e+00
2.739999999998297540e+02 -1.165830754887899667e+00
2.744999999998167368e+02 -1.013621830331600915e+00
2.749999999998037197e+02 -1.070794343034924267e+00
2.754999999997907025e+02 -1.026862201941666219e+00
2.759999999997776854e+02 -1.041120797318132896e+00
2.764999999997646682e+02 -1.242039835025226413e+00
2.769999999997516511e+02 -1.405877687379777363e+00
2.774999999997386340e+02 -1.100190898639655801e+00
2.779999999997256168e+02 -1.081497740156212695e+00
2.784999999997125997e+02 -1.249892101574703540e+00
2.789999999996995257e+02 -1.233412532043183907e+00
2.794999999996865085e+02 -1.178250315030682671e+00
2.799999999996734914e+02 -1.207035047099444869e+00
2.804999999996604743e+02 -1.024336031045802287e+00
2.809999999996474571e+02 -1.106010625848243834e+00
2.814999999996344400e+02 -1.001921781596206040e+00
2.819999999996214228e+02 -1.017842346132458831e+00
2.824999999996084057e+02 -1.105851294163648690e+00
2.829999999995953885e+02 -1.097258836343536936e+00
2.834999999995823714e+02 -1.201159517371808372e+00
2.839999999995693543e+02 -1.165671850872697313e+00
2.844999999995562803e+02 -1.013488536214509406e+00
2.849999999995432631e+02 -9.684312721875596441e-01
2.854999999995302460e+02 -1.101093572154042022e+00
2.859999999995172288e+02 -1.246995409910882202e+00
2.864999999995042117e+02 -1.258259790956468116e+00
2.869999999994911946e+02 -1.088183414677015515e+00
2.874999999994781774e+02 -1.186986539061086088e+00
2.879999999994651603e+02 -1.210146738304379355e+00
2.884999999994521431e+02 -1.127994017524611925e+00
2.889999999994391260e+02 -1.080879218440221390e+00
2.894999999994261088e+02 -1.202624196515721389e+00
2.899999999994130349e+02 -1.155757977711115547e+00
2.904999999994000177e+02 -1.213433244735666827e+00
2.909999999993870006e+02 -1.190080059989210293e+00
2.914999999993739834e+02 -1.247520715698073213e+00
2.919999999993609663e+02 -1.140736682139618763e+00
2.924999999993479491e+02 -1.039493593449402731e+00
2.929999999993349320e+02 -1.014832574352205974e+00
2.934999999993219149e+02 -1.217422757357408125e+00
2.939999999993088977e+02 -1.147543763630134439e+00
2.944999999992958806e+02 -1.103128397948965222e+00
2.949999999992828634e+02 -1.106478424523872128e+00
2.954999999992697894e+02 -1.149560125636877927e+00
2.959999999992567723e+02 -9.393225072902851025e-01
2.964999999992437552e+02 -9.953186016002524283e-01
2.969999999992307380e+02 -1.018115452962475409e+00
2.974999999992177209e+02 -1.258353990608175099e+00
2.979999999992047037e+02 -1.137890364807157439e+00
2.984999999991916866e+02 -9.924786217527661325e-01
2.989999999991786694e+02 -1.047037074611902430e+00
2.994999999991656523e+02 -1.237593159303050250e+00
2.999999999991526352e+02 -1.049216575550929065e+00
3.004999999991396180e+02 -8.793686640434695834e-01
3.009999999991265440e+02 -1.079459415139685241e+00
3.014999999991135269e+02 -1.224703191191180762e+00
3.019999999991005097e+02 -1.179248236253207294e+00
3.024999999990874926e+02 -1.091895437451803508e+00
3.029999999990744755e+02 -1.176346498849366373e+00
3.034999999990614583e+02 -1.181034307483211032e+00
3.039999999990484412e+02 -9.919351797205885335e-01
3.044999999990354240e+02 -1.093377175180674010e+00
3.049999999990224069e+02 -1.131342000278465543e+00
3.054999999990093897e+02 -9.646422437784802906e-01
3.059999999989963158e+02 -1.103149947047453727e+00
3.064999999989832986e+02 -1.263159164197953821e+00
3.069999999989702815e+02 -1.133283847969175362e+00
3.074999999989572643e+02 -9.963396452266792824e-01
3.079999999989442472e+02 -1.079766823589049185e+00
3.084999999989312300e+02 -1.291013270358039033e+00
3.089999999989182129e+02 -1.300068006063396453e+00
3.094999999989051958e+02 -1.051787631945694024e+00
3.099999999988921786e+02 -1.006308866365098531e+00
3.104999999988791615e+02 -1.224943540133311304e+00
3.109999999988661443e+02 -1.050098666159799965e+00
3.114999999988530703e+02 -9.735528573949344677e-01
3.119999999988400532e+02 -1.224831893300834196e+00
3.124999999988270361e+02 -1.213303029537365685e+00
3.129999999988140189e+02 -1.220251787961863954e+00
3.134999999988010018e+02 -1.246306941069559748e+00
3.139999999987879846e+02 -1.026262485995584894e+00
3.144999999987749675e+02 -9.713620810489275170e-01
3.149999999987619503e+02 -1.166856930326959363e+00
3.154999999987489332e+02 -1.136979712253163299e+00
3.159999999987359161e+02 -9.321640776991547694e-01
3.164999999987228989e+02 -1.063014928203841247e+00
3.169999999987098249e+02 -1.184754317836618664e+00
3.174999999986968078e+02 -1.346301166031194541e+00
3.179999999986837906e+02 -1.253770016361870132e+00
3.184999999986707735e+02 -1.022990698469449899e+00
3.189999999986577564e+02 -1.143139882104261540e+00
3.194999999986447392e+02 -1.082944407964869793e+00
3.199999999986317221e+02 -1.026060836511484498e+00
3.204999999986187049e+02 -1.141781969737400537e+00
3.209999999986056878e+02 -1.150157818123589637e+00
3.214999999985926706e+02 -1.117970982002109093e+00
3.219999999985796535e+02 -1.025427575809370717e+00
3.224999999985665795e+02 -1.075627055838220825e+00
3.229999999985535624e+02 -1.122335375307737415e+00
3.234999999985405452e+02 -1.006239573526215736e+00
3.239999999985275281e+02 -1.037425012067566321e+00
3.244999999985145109e+02 -1.132299026418922994e+00
3.249999999985014938e+02 -1.038516505080516517e+00
3.254999999984884766e+02 -9.660257221076133938e-01
3.259999999984754595e+02 -1.053050494512141722e+00
3.264999999984624424e+02 -9.710553823073767576e-01
3.269999999984494252e+02 -1.046381245187446130e+00
3.274999999984364081e+02 -1.257949503792479051e+00
3.279999999984233341e+02 -1.180766656958759597e+00
3.284999999984103169e+02 -1.199790208989482299e+00
3.289999999983972998e+02 -9.724821513006323137e-01
3.294999999983842827e+02 -9.087537394163510696e-01
3.299999999983712655e+02 -9.805077818172347470e-01
3.304999999983582484e+02 -1.337938214969170758e+00
3.309999999983452312e+02 -1.110471119487502323e+00
3.314999999983322141e+02 -8.770419260293979002e-01
3.319999999983191969e+02 -1.070856969679334192e+00
3.324999999983061798e+02 -1.204466658984113314e+00
3.329999999982931627e+02 -1.035031612657370204e+00
3.334999999982800887e+02 -9.239120765565893567e-01
3.339999999982670715e+02 -1.269224655294499016e+00
3.344999999982540544e+02 -1.285429449072962527e+00
3.349999999982410372e+02 -1.039887566398651986e+00
3.354999999982280201e+02 -1.164911632851844292e+00
3.359999999982150030e+02 -1.142011192337128778e+00
3.364999999982019858e+02 -1.226377387832239707e+00
3.369999999981889687e+02 -1.223990003020247741e+00
3.374999999981759515e+02 -1.267026693263252568e+00
3.379999999981629344e+02 -1.207576011242420755e+00
3.384999999981499172e+02 -1.204297683222147475e+00
3.389999999981368433e+02 -1.171404405522852743e+00
3.394999999981238261e+02 -1.131345100158195782e+00
3.399999999981108090e+02 -1.125320933600953532e+00
3.404999999980977918e+02 -9.376577566038346578e-01
3.409999999980847747e+02 -1.248795485609739853e+00
3.414999999980717575e+02 -1.211022170567402245e+00
3.419999999980587404e+02 -1.072558894570491361e+00
3.424999999980457233e+02 -1.053416149554389447e+00
3.429999999980327061e+02 -1.122391013373624125e+00
3.434999999980196890e+02 -1.172615180837280002e+00
3.439999999980066718e+02 -1.150724799254111641e+00
3.444999999979935978e+02 -1.139069347395517795e+00
3.449999999979805807e+02 -1.276120532296026511e+00
3.454999999979675636e+02 -1.152201333409376804e+00
3.459999999979545464e+02 -1.006004625077554504e+00
3.464999999979415293e+02 -1.105820698978820182e+00
3.469999999979285121e+02 -1.056647970110896617e+00
3.474999999979154950e+02 -1.303195880715542154e+00
3.479999999979024778e+02 -1.166220503319024937e+00
3.484999999978894607e+02 -9.246738817860632453e-01
3.489999999978764436e+02 -8.630265922391007205e-01
3.494999999978633696e+02 -1.016727101430057179e+00
3.499999999978503524e+02 -1.183517722747370327e+00
3.504999999978373353e+02 -1.272628675038202761e+00
3.509999999978243181e+02 -8.931399434957331129e-01
3.514999999978113010e+02 -1.223242480698394585e+00
3.519999999977982839e+02 -1.185603561254635618e+00
3.524999999977852667e+02 -1.030741088966234509e+00
3.529999999977722496e+02 -1.080500447782087869e+00
3.534999999977592324e+02 -1.168872108662614817e+00
3.539999999977462153e+02 -1.176803692321203076e+00
3.544999999977331981e+02 -9.907692093451417881e-01
3.549999999977201242e+02 -1.152518728407481818e+00
3.554999999977071070e+02 -1.210101390968466362e+00
3.559999999976940899e+02 -1.156003164513563108e+00
3.564999999976810727e+02 -1.045539481056516617e+00
3.569999999976680556e+02 -1.182072413967622859e+00
3.574999999976550384e+02 -1.290343047343524452e+00
3.579999999976420213e+02 -1.000447172165850995e+00
3.584999999976290042e+02 -1.028733712052129823e+00
3.589999999976159870e+02 -1.213659102511118304e+00
3.594999999976029699e+02 -1.096057654764151179e+00
3.599999999975899527e+02 -1.055060605993296763e+00
3.604999999975768787e+02 -1.149475480385285797e+00
3.609999999975638616e+02 -1.254363433061682631e+00
3.614999999975508445e+02 -1.109403325247474648e+00
3.619999999975378273e+02 -1.256787170035037482e+00
3.624999999975248102e+02 -1.237692544664752425e+00
3.629999999975117930e+02 -1.190642529105539582e+00
3.634999999974987759e+02 -1.081558890039745924e+00
3.639999999974857587e+02 -1.176074133344215511e+00
3.644999999974727416e+02 -1.168532772274430975e+00
3.649999999974597245e+02 -1.045733750783634397e+00
3.654999999974467073e+02 -1.092132670840035402e+00
3.659999999974336333e+02 -9.720450126163050486e-01
3.664999999974206162e+02 -1.095971388323401907e+00
3.669999999974075990e+02 -1.266928189377630742e+00
3.674999999973945819e+02 -1.156733926882934860e+00
3.679999999973815648e+02 -1.089927878662253713e+00
3.684999999973685476e+02 -1.143129158442372839e+00
3.689999999973555305e+02 -1.048606465257720943e+00
3.694999999973425133e+02 -1.096030975966562737e+00
3.699999999973294962e+02 -1.026398225258189578e+00
3.704999999973164790e+02 -1.161770823475734238e+00
3.709999999973034619e+02 -1.116451904380011850e+00
3.714999999972903879e+02 -9.670543799875633839e-01
3.719999999972773708e+02 -9.660566020071488236e-01
3.724999999972643536e+02 -8.973806862411433105e-01
3.729999999972513365e+02 -1.102338765839733226e+00
3.734999999972383193e+02 -1.156040682709312817e+00
3.739999999972253022e+02 -8.793919700094410263e-01
3.744999999972122851e+02 -1.210849380122174912e+00
3.749999999971992679e+02 -1.076199941221229972e+00
3.754999999971862508e+02 -1.104351727031348318e+00
3.759999999971732336e+02 -1.194899783141422311e+00
3.764999999971602165e+02 -1.108981571328972793e+00
3.769999999971471425e+02 -9.382482836033961826e-01
3.774999999971341254e+02 -1.039608780816088984e+00
3.779999999971211082e+02 -1.023891942034935498e+00
3.784999999971080911e+02 -1.148529127750377077e+00
3.789999999970950739e+02 -8.534701199477884304e-01
3.794999999970820568e+02 -1.117760717287183070e+00
3.799999999970690396e+02 -1.157684901225693785e+00
3.804999999970560225e+02 -1.216817266611122106e+00
3.809999999970430054e+02 -1.285862206255191209e+00
3.814999999970299882e+02 -1.144588581760956236e+00
3.819999999970169711e+02 -1.016255507497980215e+00
3.824999999970038971e+02 -1.137575795075220109e+00
3.829999999969908799e+02 -1.191114818995869795e+00
3.834999999969778628e+02 -1.223356537669382016e+00
3.839999999969648456e+02 -1.167236298179857856e+00
3.844999999969518285e+02 -1.147132346259006841e+00
3.849999999969388114e+02 -1.154561313196085681e+00
3.854999999969257942e+02 -9.117514246585202153e-01
3.859999999969127771e+02 -1.167503779482550907e+00
3.864999999968997599e+02 -1.072635134244582789e+00
3.869999999968867428e+02 -1.256482347928984167e+00
3.874999999968737256e+02 -1.046160369835557713e+00
3.879999999968606517e+02 -9.596510171187139226e-01
3.884999999968476345e+02 -1.095646171261823731e+00
3.889999999968346174e+02 -1.345870019612128488e+00
3.894999999968216002e+02 -1.338350791529176576e+00
3.899999999968085831e+02 -1.020593230669705864e+00
3.904999999967955659e+02 -1.142978768894898467e+00
3.909999999967825488e+02 -1.105780639227273543e+00
3.914999999967695317e+02 -1.316169755235724326e+00
3.919999999967565145e+02 -1.201736689385499934e+00
3.924999999967434974e+02 -1.131574069556826379e+00
3.929999999967304234e+02 -1.176904423892390916e+00
3.934999999967174062e+02 -1.222918082773982729e+00
3.939999999967043891e+02 -1.229627035008174829e+00
3.944999999966913720e+02 -1.103501014666866675e+00
3.949999999966783548e+02 -1.265302516816690481e+00
3.954999999966653377e+02 -1.183526771447711790e+00
3.959999999966523205e+02 -1.013276875446424974e+00
3.964999999966393034e+02 -1.212508783754266073e+00
3.969999999966262862e+02 -1.143060203148251075e+00
3.974999999966132691e+02 -1.332148550967150014e+00
3.979999999966002520e+02 -1.104206212912118845e+00
3.984999999965871780e+02 -1.042829124022526033e+00
3.989999999965741608e+02 -1.052728574306862397e+00
3.994999999965611437e+02 -9.363028960957945346e-01
3.999999999965481265e+02 -1.128408100600027497e+00
4.004999999965351094e+02 -1.272830579410687779e+00
4.009999999965220923e+02 -1.060199997439004616e+00
4.014999999965090751e+02 -1.125091656172847010e+00
4.019999999964960580e+02 -1.006108430616936111e+00
4.024999999964830408e+02 -1.159934458360773801e+00
4.029999999964700237e+02 -1.155362392102502023e+00
4.034999999964570065e+02 -1.038784025480269158e+00
4.039999999964439326e+02 -1.005349320944008307e+00
4.044999999964309154e+02 -1.094118760845104399e+00
4.049999999964178983e+02 -1.036813033040868692e+00
4.054999999964048811e+02 -1.028991267150988653e+00
4.059999999964079507e+02 -1.072881738775700589e+00
4.064999999964400104e+02 -1.039035938430884043e+00
4.069999999964720132e+02 -1.144079320213209572e+00
4.074999999965040729e+02 -1.247799814768893789e+00
4.079999999965360757e+02 -1.199168591355475266e+00
4.084999999965681354e+02 -1.163259795862989332e+00
4.089999999966001383e+02 -1.101247643319024805e+00
4.094999999966321980e+02 -1.035198615717759507e+00
4.099999999966642008e+02 -1.010675045558006246e+00
4.104999999966962605e+02 -1.090904656076825852e+00
4.109999999967282633e+02 -1.228345694615069039e+00
4.114999999967603230e+02 -1.223602558528643858e+00
4.119999999967923259e+02 -1.164848071680875563e+00
4.124999999968243856e+02 -1.118923114010767383e+00
4.129999999968563884e+02 -1.076865315646544863e+00
4.134999999968884481e+02 -1.086812556864337420e+00
4.139999999969205078e+02 -1.174329537278701707e+00
4.144999999969525106e+02 -1.166526216253151782e+00
4.149999999969845703e+02 -8.963818377012259253e-01
4.154999999970165732e+02 -1.161319753223395423e+00
4.159999999970486328e+02 -1.255037239072164912e+00
4.164999999970806357e+02 -1.077431207886593523e+00
4.169999999971126954e+02 -1.020191406690609259e+00
4.174999999971446982e+02 -1.127405587052525027e+00
4.179999999971767579e+02 -1.267728985703434619e+00
4.184999999972087608e+02 -9.894122474895582497e-01
4.189999999972408204e+02 -1.107344101399998060e+00
4.194999999972728233e+02 -1.106532274698624585e+00
4.199999999973048830e+02 -1.297819656663034449e+00
4.204999999973368858e+02 -1.111466973776336520e+00
4.209999999973689455e+02 -1.144632475472322275e+00
4.214999999974009484e+02 -1.172404318431951475e+00
4.219999999974330080e+02 -1.153574598691490705e+00
4.224999999974650109e+02 -1.190262110109581384e+00
4.229999999974970706e+02 -1.125168764291118562e+00
4.234999999975291303e+02 -1.104099865367168309e+00
4.239999999975611331e+02 -1.299151031162009584e+00
4.244999999975931928e+02 -1.258417292325580750e+00
4.249999999976251956e+02 -1.033361626658804822e+00
4.254999999976572553e+02 -1.030908175829871931e+00
4.259999999976892582e+02 -1.242144760304205731e+00
4.264999999977213179e+02 -1.239072733985436825e+00
4.269999999977533207e+02 -1.104432786632111307e+00
4.274999999977853804e+02 -1.190359015429686584e+00
4.279999999978173832e+02 -1.173080173191914488e+00
4.284999999978494429e+02 -1.000343768689824220e+00
4.289999999978814458e+02 -1.093092851541789035e+00
4.294999999979135055e+02 -1.142252170633405672e+00
4.299999999979455083e+02 -1.216562126242921815e+00
4.304999999979775680e+02 -1.014941350947223375e+00
4.309999999980095708e+02 -1.172945265551099459e+00
4.314999999980416305e+02 -1.170655491222177158e+00
4.319999999980736902e+02 -9.449343109910705030e-01
4.324999999981056931e+02 -1.114446104189556808e+00
4.329999999981377528e+02 -1.157950902294441420e+00
4.334999999981697556e+02 -1.272801013369950329e+00
4.339999999982018153e+02 -1.073049130463849421e+00
4.344999999982338181e+02 -1.093208539121611977e+00
4.349999999982658778e+02 -1.035638240793604226e+00
4.354999999982978807e+02 -1.261891704776688661e+00
4.359999999983299404e+02 -1.113522050451945855e+00
4.364999999983619432e+02 -1.300438417562505444e+00
4.369999999983940029e+02 -1.162100182282784111e+00
4.374999999984260057e+02 -1.064638028028116912e+00
4.379999999984580654e+02 -9.171100833368631688e-01
4.384999999984900683e+02 -1.204967188205008588e+00
4.389999999985221280e+02 -1.143734391767359249e+00
4.394999999985541308e+02 -1.157715010766874109e+00
4.399999999985861905e+02 -1.133077650178083928e+00
4.404999999986182502e+02 -1.176296941403653262e+00
4.409999999986502530e+02 -1.054893610834886974e+00
4.414999999986823127e+02 -1.059992423699816610e+00
4.419999999987143156e+02 -1.171231979144208291e+00
4.424999999987463752e+02 -1.261960531829085852e+00
4.429999999987783781e+02 -1.006429000872790525e+00
4.434999999988104378e+02 -9.814639090168256752e-01
4.439999999988424406e+02 -1.055708037455812098e+00
4.444999999988745003e+02 -1.093722915679521179e+00
4.449999999989065032e+02 -1.254820897954039394e+00
4.454999999989385628e+02 -1.301330026605267198e+00
4.459999999989705657e+02 -1.330286391061195284e+00
4.464999999990026254e+02 -1.088715093016439761e+00
4.469999999990346282e+02 -1.138705737387062378e+00
4.474999999990666879e+02 -1.051558108621133192e+00
4.479999999990986908e+02 -1.167219193559654311e+00
4.484999999991307504e+02 -9.954554578014535027e-01
4.489999999991627533e+02 -1.053870416759687512e+00
4.494999999991948130e+02 -1.126198824053208591e+00
4.499999999992268727e+02 -9.547628732167513510e-01
4.504999999992588755e+02 -1.147561495548939936e+00
4.509999999992909352e+02 -1.182070476891085686e+00
4.514999999993229380e+02 -1.130107548039469778e+00
4.519999999993549977e+02 -1.058652371839686301e+00
4.524999999993870006e+02 -9.836375794056804178e-01
4.529999999994190603e+02 -1.078601312290669689e+00
4.534999999994510631e+02 -1.133378065995444661e+00
4.539999999994831228e+02 -1.083296569741402093e+00
4.544999999995151256e+02 -1.077998727206065155e+00
4.549999999995471853e+02 -1.059470689283307232e+00
4.554999999995791882e+02 -1.074683235497205347e+00
4.559999999996112479e+02 -1.109082823132244267e+00
4.564999999996432507e+02 -1.192783398157731600e+00
4.569999999996753104e+02 -1.139171694365968435e+00
4.574999999997073132e+02 -1.008141325126872045e+00
4.579999999997393729e+02 -1.145304649278423126e+00
4.584999999997714326e+02 -1.153311644043231388e+00
4.589999999998034355e+02 -1.225717827714589703e+00
4.594999999998354951e+02 -1.032552992743469344e+00
4.599999999998674980e+02 -1.010969630597112756e+00
4.604999999998995577e+02 -1.127566195943940919e+00
4.609999999999315605e+02 -1.122623620766996622e+00
4.614999999999636202e+02 -1.203746197277762331e+00
4.619999999999956231e+02 -1.166687373112452075e+00
4.625000000000276827e+02 -1.036883232997459103e+00
4.630000000000596856e+02 -1.197273599552801437e+00
4.635000000000917453e+02 -1.213470716294070995e+00
4.640000000001237481e+02 -9.451053442159151885e-01
4.645000000001558078e+02 -9.803098104941858626e-01
4.650000000001878107e+02 -1.070968802201774484e+00
4.655000000002198703e+02 -1.167333263324210835e+00
4.660000000002518732e+02 -1.073604649410968559e+00
4.665000000002839329e+02 -1.095406651837679934e+00
4.670000000003159357e+02 -1.156318288667872451e+00
4.675000000003479954e+02 -1.055135515909752630e+00
4.680000000003800551e+02 -1.015585837010524184e+00
4.685000000004120579e+02 -1.259503057158558592e+00
4.690000000004441176e+02 -1.224733796679312814e+00
4.695000000004761205e+02 -1.131291030160232136e+00
4.700000000005081802e+02 -1.065632588527503088e+00
4.705000000005401830e+02 -1.165862755348567870e+00
4.710000000005722427e+02 -1.204648664619919041e+00
4.715000000006042455e+02 -1.102210561517097176e+00
4.720000000006363052e+02 -8.882580405441588001e-01
4.725000000006683081e+02 -1.193251047635567996e+00
4.730000000007003678e+02 -1.210739475434075008e+00
4.735000000007323706e+02 -1.294636306777276813e+00
4.740000000007644303e+02 -1.091749896358744421e+00
4.745000000007964331e+02 -9.464082485187866878e-01
4.750000000008284928e+02 -1.106182175923039468e+00
4.755000000008604957e+02 -1.273520214242441329e+00
4.760000000008925554e+02 -1.160325662620341092e+00
4.765000000009246151e+02 -1.095247712258367034e+00
4.770000000009566179e+02 -1.023696517726104815e+00
4.775000000009886776e+02 -1.240884101849585752e+00
4.780000000010206804e+02 -1.086870644620068882e+00
4.785000000010527401e+02 -1.146845648161941345e+00
4.790000000010847430e+02 -1.257882180597240440e+00
4.795000000011168027e+02 -9.524288698117087115e-01
4.800000000011488055e+02 -1.009894662190914838e+00
4.805000000011808652e+02 -9.960907523059970847e-01
4.810000000012128680e+02 -1.200870008642732412e+00
4.815000000012449277e+02 -1.069816053080154372e+00
4.820000000012769306e+02 -1.148340298546627558e+00
4.825000000013089902e+02 -1.249610478431109506e+00
4.830000000013409931e+02 -1.072888955522537824e+00
4.835000000013730528e+02 -1.062335230108442996e+00
4.840000000014050556e+02 -1.354329580359807883e+00
4.845000000014371153e+02 -1.141115097341383278e+00
4.850000000014691750e+02 -1.127862270097924835e+00
4.855000000015011778e+02 -1.384788256599789102e+00
4.860000000015332375e+02 -1.215519747302707509e+00
4.865000000015652404e+02 -1.264857389603972759e+00
4.870000000015973001e+02 -8.844685178762315969e-01
4.875000000016293029e+02 -1.043616464617580064e+00
4.880000000016613626e+02 -1.234885394551429760e+00
4.885000000016933654e+02 -1.224753062512982771e+00
4.890000000017254251e+02 -1.090577238711195829e+00
4.895000000017574280e+02 -1.170717989336066633e+00
4.900000000017894877e+02 -1.314034247959501300e+00
4.905000000018214905e+02 -1.072120929117751809e+00
4.910000000018535502e+02 -1.030196258981703972e+00
4.915000000018855530e+02 -1.154740831895569864e+00
4.920000000019176127e+02 -1.260866037852334642e+00
4.925000000019496156e+02 -1.131490369284349873e+00
4.930000000019816753e+02 -1.295874923326342243e+00
4.935000000020136781e+02 -1.247301880418813624e+00
4.940000000020457378e+02 -9.641127641520640390e-01
4.945000000020777975e+02 -1.095248654744039651e+00
4.950000000021098003e+02 -1.140494277779246168e+00
4.955000000021418600e+02 -1.215330773915517915e+00
4.960000000021738629e+02 -1.040192720054982534e+00
4.965000000022059226e+02 -1.029875488422240082e+00
4.970000000022379254e+02 -1.258201358976739348e+00
4.975000000022699851e+02 -1.160590598109007443e+00
4.980000000023019879e+02 -1.104249201857064433e+00
4.985000000023340476e+02 -1.113202410462529990e+00
4.990000000023660505e+02 -9.217504350956651216e-01
4.995000000023981102e+02 -1.126727138743775614e+00
5.000000000024301130e+02 -1.175325595369423493e+00
5.005000000024621727e+02 -1.004018841427054110e+00
5.010000000024941755e+02 -1.094485974515472027e+00
5.015000000025262352e+02 -1.045088962211935479e+00
5.020000000025582381e+02 -1.033568833685932109e+00
5.025000000025902978e+02 -1.211254514897743828e+00
5.030000000026223574e+02 -1.049187008859569836e+00
5.035000000026543603e+02 -1.131130675241327932e+00
5.040000000026864200e+02 -1.080022460331697243e+00
5.045000000027184228e+02 -1.118255828856884015e+00
5.050000000027504825e+02 -1.190716188161464739e+00
5.055000000027824854e+02 -1.134360536944485576e+00
5.060000000028145450e+02 -9.986928101191762108e-01
5.065000000028465479e+02 -1.143022871739893809e+00
5.070000000028786076e+02 -1.147204918066874413e+00
5.075000000029106104e+02 -1.118695132535950654e+00
5.080000000029426701e+02 -1.023650836754905313e+00
5.085000000029746730e+02 -1.070983967830171135e+00
5.090000000030067326e+02 -1.177109668610798021e+00
5.095000000030387355e+02 -1.174877743422267473e+00
5.100000000030707952e+02 -1.161274751875141398e+00
5.105000000031027980e+02 -1.082563145816548555e+00
5.110000000031348577e+02 -8.803013011498879159e-01
5.115000000031668606e+02 -9.322873643650930742e-01
5.120000000031989202e+02 -1.074702079893345319e+00
5.125000000032309799e+02 -1.278023445025306515e+00
5.130000000032630396e+02 -1.165410466960834501e+00
5.135000000032949856e+02 -1.101591065611390086e+00
5.140000000033270453e+02 -1.079969278588543080e+00
5.145000000033591050e+02 -1.229227410229172257e+00
5.150000000033911647e+02 -1.065154839181229551e+00
5.155000000034231107e+02 -1.155334063449500404e+00
5.160000000034551704e+02 -1.151846557679476524e+00
5.165000000034872301e+02 -1.013661656224996932e+00
5.170000000035192897e+02 -1.156445348637612947e+00
5.175000000035512357e+02 -1.184289457277909019e+00
5.180000000035832954e+02 -1.030373345134856899e+00
5.185000000036153551e+02 -1.129523077566385370e+00
5.190000000036474148e+02 -1.276283175104256928e+00
5.195000000036793608e+02 -1.198777823021007327e+00
5.200000000037114205e+02 -9.406879500005664863e-01
5.205000000037434802e+02 -1.049296318916658866e+00
5.210000000037755399e+02 -9.915635409534796496e-01
5.215000000038075996e+02 -9.063697592253486812e-01
5.220000000038395456e+02 -1.124252546023073451e+00
5.225000000038716053e+02 -1.342866679115467532e+00
5.230000000039036649e+02 -9.773557490927059499e-01
5.235000000039357246e+02 -1.004784427550091452e+00
5.240000000039676706e+02 -1.130320784803752643e+00
5.245000000039997303e+02 -9.445059813968184059e-01
5.250000000040317900e+02 -1.027579144413274692e+00
5.255000000040638497e+02 -1.220895104271042308e+00
5.260000000040957957e+02 -9.073018576044864503e-01
5.265000000041278554e+02 -1.122195829064110084e+00
5.270000000041599151e+02 -1.166446745425629983e+00
5.275000000041919748e+02 -1.283072257936599847e+00
5.280000000042239208e+02 -1.220002477511671124e+00
5.285000000042559805e+02 -1.085174587134452695e+00
5.290000000042880401e+02 -1.049696907686204161e+00
5.295000000043200998e+02 -1.115194157413565534e+00
5.300000000043521595e+02 -1.241492181495705838e+00
5.305000000043841055e+02 -1.233556351889848912e+00
5.310000000044161652e+02 -1.119927849630657279e+00
5.315000000044482249e+02 -1.129197116386350563e+00
5.320000000044802846e+02 -1.203786295323076239e+00
5.325000000045122306e+02 -1.086239125968612829e+00
5.330000000045442903e+02 -1.201296654507885142e+00
5.335000000045763500e+02 -1.095928350519649763e+00
5.340000000046084097e+02 -8.870912085929549828e-01
5.345000000046403557e+02 -1.007184005641458491e+00
5.350000000046724153e+02 -1.032382950550866818e+00
5.355000000047044750e+02 -1.140315937375779187e+00
5.360000000047365347e+02 -1.126929652401025717e+00
5.365000000047684807e+02 -1.003981815916243248e+00
5.370000000048005404e+02 -1.215298298603985083e+00
5.375000000048326001e+02 -1.327058578622284601e+00
5.380000000048646598e+02 -1.060400158773087798e+00
5.385000000048967195e+02 -1.005864551097057857e+00
5.390000000049286655e+02 -1.098559697242360134e+00
5.395000000049607252e+02 -1.026568889568417076e+00
5.400000000049927849e+02 -1.081342899407963021e+00
5.405000000050248445e+02 -1.122804524895946843e+00
5.410000000050567905e+02 -1.000550875278819030e+00
5.415000000050888502e+02 -1.043820290503423731e+00
5.420000000051209099e+02 -1.175692391794496805e+00
5.425000000051529696e+02 -1.248323993971089285e+00
5.430000000051849156e+02 -1.071824215535826186e+00
5.435000000052169753e+02 -1.077009434001521493e+00
5.440000000052490350e+02 -1.232701919263587520e+00
5.445000000052810947e+02 -1.300021070620537067e+00
5.450000000053130407e+02 -9.782732768656895450e-01
5.455000000053451004e+02 -1.099673574898288209e+00
5.460000000053771601e+02 -1.224771140363966060e+00
5.465000000054092197e+02 -9.750313712731416560e-01
5.470000000054411657e+02 -9.147040366771292952e-01
5.475000000054732254e+02 -8.354022673626599893e-01
5.480000000055052851e+02 -1.080716848906554839e+00
5.485000000055373448e+02 -1.182214403483932808e+00
5.490000000055694045e+02 -1.086209791547112724e+00
5.495000000056013505e+02 -1.108335875043509944e+00
5.500000000056334102e+02 -1.109762696684301053e+00
5.505000000056654699e+02 -1.070469663116015546e+00
5.510000000056975296e+02 -9.535869561994785304e-01
5.515000000057294756e+02 -1.054328747264205557e+00
5.520000000057615352e+02 -1.018963256995316424e+00
5.525000000057935949e+02 -1.034351241549992473e+00
5.530000000058256546e+02 -9.091099738321409829e-01
5.535000000058576006e+02 -1.154665529273231073e+00
5.540000000058896603e+02 -8.897883247042727151e-01
5.545000000059217200e+02 -1.207294982822857188e+00
5.550000000059537797e+02 -1.277911250447881564e+00
5.555000000059857257e+02 -1.192831996509159165e+00
5.560000000060177854e+02 -1.190506027628136287e+00
5.565000000060498451e+02 -1.276676893997907181e+00
5.570000000060819048e+02 -1.226949564630039236e+00
5.575000000061139644e+02 -8.389428722644385328e-01
5.580000000061459104e+02 -1.010794266402167185e+00
5.585000000061779701e+02 -1.034389631173840085e+00
5.590000000062100298e+02 -1.226319459735695672e+00
5.595000000062420895e+02 -1.212476221774876572e+00
5.600000000062740355e+02 -1.000264812531953540e+00
5.605000000063060952e+02 -1.032503462126841409e+00
5.610000000063381549e+02 -9.958502564529965184e-01
5.615000000063702146e+02 -1.243831354953368384e+00
5.620000000064021606e+02 -1.231269271284385791e+00
5.625000000064342203e+02 -1.068817146005764052e+00
5.630000000064662800e+02 -1.137311965884661769e+00
5.635000000064983396e+02 -1.174256923329820568e+00
5.640000000065302856e+02 -1.120614906463286653e+00
5.645000000065623453e+02 -1.086512834115888948e+00
5.650000000065944050e+02 -1.057532030748721041e+00
5.655000000066264647e+02 -9.889650797118698655e-01
5.660000000066585244e+02 -1.010784767687795238e+00
5.665000000066904704e+02 -1.177226008246403888e+00
5.670000000067225301e+02 -1.199761402979075742e+00
5.675000000067545898e+02 -1.003726166251183827e+00
5.680000000067866495e+02 -1.189928551765929265e+00
5.685000000068185955e+02 -1.099680393394422140e+00
5.690000000068506552e+02 -1.069198900645559558e+00
5.695000000068827148e+02 -1.204793089274156959e+00
5.700000000069147745e+02 -1.143716473542655043e+00
5.705000000069467205e+02 -1.054823012700511375e+00
5.710000000069787802e+02 -1.021163782679956444e+00
5.715000000070108399e+02 -1.005025581583090188e+00
5.720000000070428996e+02 -1.005980093050831359e+00
5.725000000070748456e+02 -9.050105413866708082e-01
5.730000000071069053e+02 -1.001946016253692395e+00
5.735000000071389650e+02 -1.266667978631431213e+00
5.740000000071710247e+02 -1.105140460537227698e+00
5.745000000072030844e+02 -9.719932927356186303e-01
5.750000000072350304e+02 -7.766599033816399267e-01
5.755000000072670900e+02 -1.270143919364044471e+00
5.760000000072991497e+02 -1.411773399987063637e+00
5.765000000073312094e+02 -1.025652027520479459e+00
5.770000000073631554e+02 -8.495438722405264098e-01
5.775000000073952151e+02 -1.180425633490659765e+00
5.780000000074272748e+02 -1.202019156222955631e+00
5.785000000074593345e+02 -1.157694969728896739e+00
5.790000000074912805e+02 -1.087229952967169622e+00
5.795000000075233402e+02 -1.161036447048182874e+00
5.800000000075553999e+02 -1.147993698391729156e+00
5.805000000075874595e+02 -1.127270102504276617e+00
5.810000000076194056e+02 -9.669529650339560023e-01
5.815000000076514652e+02 -1.006730603732244100e+00
5.820000000076835249e+02 -1.165445900247404687e+00
5.825000000077155846e+02 -1.243996580016920372e+00
5.830000000077476443e+02 -1.125989214602225008e+00
5.835000000077795903e+02 -1.017553331850114207e+00
5.840000000078116500e+02 -1.075332636303855782e+00
5.845000000078437097e+02 -9.953330959740639416e-01
5.850000000078757694e+02 -1.158001212034952765e+00
5.855000000079077154e+02 -1.082643900812775950e+00
5.860000000079397751e+02 -1.047737467532315891e+00
5.865000000079718347e+02 -1.021004793781272513e+00
5.870000000080038944e+02 -9.064752332877537011e-01
5.875000000080358404e+02 -1.231245247561784995e+00
5.880000000080679001e+02 -1.100609654697245476e+00
5.885000000080999598e+02 -8.805596378288287340e-01
5.890000000081320195e+02 -1.245514012030472406e+00
5.895000000081639655e+02 -1.234369734517741346e+00
5.900000000081960252e+02 -9.689879682137456651e-01
5.905000000082280849e+02 -1.176595273051116219e+00
5.910000000082601446e+02 -9.222319073492355468e-01
5.915000000082920906e+02 -9.971661660825804629e-01
5.920000000083241503e+02 -1.038547528290848065e+00
5.925000000083562099e+02 -9.618095528539076788e-01
5.930000000083882696e+02 -1.205646209473376640e+00
5.935000000084203293e+02 -1.172420026602204235e+00
5.940000000084522753e+02 -8.139698334218026243e-01
5.945000000084843350e+02 -1.183444323282945687e+00
5.950000000085163947e+02 -1.157968241635924489e+00
5.955000000085484544e+02 -1.094308402728141116e+00
5.960000000085804004e+02 -1.314475821466751126e+00
5.965000000086124601e+02 -1.036660356460557875e+00
5.970000000086445198e+02 -1.039168298862974016e+00
5.975000000086765795e+02 -1.086830169216121522e+00
5.980000000087085255e+02 -1.073546290675575943e+00
5.985000000087405851e+02 -1.192222856913847773e+00
5.990000000087726448e+02 -1.278004884483361581e+00
5.995000000088047045e+02 -1.093823982775091741e+00
6.000000000088366505e+02 -1.028370507584132953e+00
6.005000000088687102e+02 -1.266650169493677369e+00
6.010000000089007699e+02 -1.062611939635223379e+00
6.015000000089328296e+02 -9.003530619158562898e-01
6.020000000089648893e+02 -1.214525597132992685e+00
6.025000000089968353e+02 -1.188723715184139218e+00
6.030000000090288950e+02 -1.094693052117398091e+00
6.035000000090609547e+02 -9.586694359177045932e-01
6.040000000090930143e+02 -1.082205637639239271e+00
6.045000000091249603e+02 -1.158201101335449845e+00
6.050000000091570200e+02 -1.110178756229674324e+00
6.055000000091890797e+02 -9.402535053042767599e-01
6.060000000092211394e+02 -8.547041854853526521e-01
6.065000000092530854e+02 -1.048252924888189108e+00
6.070000000092851451e+02 -1.175864724477083456e+00
6.075000000093172048e+02 -1.132703379087561579e+00
6.080000000093492645e+02 -1.289034611131020913e+00
6.085000000093812105e+02 -1.170516367533636748e+00
6.090000000094132702e+02 -1.124469251681946336e+00
6.095000000094453299e+02 -1.076603502923556999e+00
6.100000000094773895e+02 -1.097653513041479290e+00
6.105000000095094492e+02 -1.056242689506211807e+00
6.110000000095413952e+02 -1.239803855511984354e+00
6.115000000095734549e+02 -1.098173384456165413e+00
6.120000000096055146e+02 -1.089723796725516891e+00
6.125000000096375743e+02 -1.231623649103722462e+00
6.130000000096695203e+02 -1.218609996174089272e+00
6.135000000097015800e+02 -9.755025458897168544e-01
6.140000000097336397e+02 -9.837949583110847662e-01
6.145000000097656994e+02 -1.094872036648761870e+00
6.150000000097976454e+02 -9.911685377153295340e-01
6.155000000098297050e+02 -9.979427031746527232e-01
6.160000000098617647e+02 -1.193206959312776316e+00
6.165000000098938244e+02 -1.094963898697104421e+00
6.170000000099257704e+02 -1.160373430802819961e+00
6.175000000099578301e+02 -1.017226579159566491e+00
6.180000000099898898e+02 -1.117604474644242396e+00
6.185000000100219495e+02 -9.587789271083925202e-01
6.190000000100540092e+02 -1.184782177238901779e+00
6.195000000100859552e+02 -1.214255194324338039e+00
6.200000000101180149e+02 -1.066561680515238475e+00
6.205000000101500746e+02 -1.072030882298320220e+00
6.210000000101821342e+02 -1.320714789593492089e+00
6.215000000102140802e+02 -1.130697955333269666e+00
6.220000000102461399e+02 -8.349884675200347495e-01
6.225000000102781996e+02 -1.004106192355614047e+00
6.230000000103102593e+02 -1.111594270611492075e+00
6.235000000103422053e+02 -1.082754156631777098e+00
6.240000000103742650e+02 -1.101118176210046373e+00
6.245000000104063247e+02 -1.352680435981132634e+00
6.250000000104383844e+02 -1.189132880338245046e+00
6.255000000104703304e+02 -1.144600188340979763e+00
6.260000000105023901e+02 -1.060481700026158824e+00
6.265000000105344498e+02 -1.108867485725887336e+00
6.270000000105665094e+02 -9.975353397617041651e-01
6.275000000105985691e+02 -1.028368470575919291e+00
6.280000000106305151e+02 -1.129921833661036379e+00
6.285000000106625748e+02 -1.246704857211316186e+00
6.290000000106946345e+02 -1.095366030086619036e+00
6.295000000107266942e+02 -1.081032733848098282e+00
6.300000000107586402e+02 -1.072033270999500409e+00
6.305000000107906999e+02 -1.154581350966373599e+00
6.310000000108227596e+02 -8.997125465910461584e-01
6.315000000108548193e+02 -1.181478983178001041e+00
6.320000000108867653e+02 -1.154678689657693713e+00
6.325000000109188250e+02 -1.093724669364108948e+00
6.330000000109508846e+02 -1.034393822696499043e+00
6.335000000109829443e+02 -1.293541636362923075e+00
6.340000000110148903e+02 -1.179823775360049787e+00
6.345000000110469500e+02 -9.921120230506228488e-01
6.350000000110790097e+02 -1.137951186969210493e+00
6.355000000111110694e+02 -1.278138520444543014e+00
6.360000000111430154e+02 -1.058415278228755252e+00
6.365000000111750751e+02 -1.002481510214076055e+00
6.370000000112071348e+02 -1.282314287955922172e+00
6.375000000112391945e+02 -1.108341158924893932e+00
6.380000000112712542e+02 -1.122885138462595078e+00
6.385000000113032002e+02 -1.102041099284722936e+00
6.390000000113352598e+02 -1.285383320525653961e+00
6.395000000113673195e+02 -1.201076828421537401e+00
6.400000000113993792e+02 -1.307628726302006994e+00
6.405000000114313252e+02 -1.130072811043832948e+00
6.410000000114633849e+02 -9.941873590563156116e-01
6.415000000114954446e+02 -1.064187995662655428e+00
6.420000000115275043e+02 -9.884821898134651397e-01
6.425000000115594503e+02 -9.306818873960914784e-01
6.430000000115915100e+02 -1.341863978877122721e+00
6.435000000116235697e+02 -1.084370867497021607e+00
6.440000000116556294e+02 -1.062099249081813968e+00
6.445000000116875754e+02 -1.182289118051729870e+00
6.450000000117196350e+02 -1.064199306071783369e+00
6.455000000117516947e+02 -1.024292986436602604e+00
6.460000000117837544e+02 -1.118252489871595756e+00
6.465000000118158141e+02 -1.101215607132742802e+00
6.470000000118477601e+02 -1.052361609595648728e+00
6.475000000118798198e+02 -1.326617984611861312e+00
6.480000000119118795e+02 -1.188570940497039707e+00
6.485000000119439392e+02 -1.001113848221943492e+00
6.490000000119758852e+02 -9.266929109792850783e-01
6.495000000120079449e+02 -1.021607675094702072e+00
6.500000000120400045e+02 -1.190811630256648268e+00
6.505000000120720642e+02 -1.135556697748499433e+00
6.510000000121040102e+02 -1.069105694702445097e+00
6.515000000121360699e+02 -1.120620633130155586e+00
6.520000000121681296e+02 -1.105453718195551271e+00
6.525000000122001893e+02 -1.197698019858767449e+00
6.530000000122321353e+02 -1.112034850481017134e+00
6.535000000122641950e+02 -1.017709509519655997e+00
6.540000000122962547e+02 -1.087359561523145945e+00
6.545000000123283144e+02 -9.296945238541449719e-01
6.550000000123603741e+02 -1.087570856523833784e+00
6.555000000123923201e+02 -1.027004979064433554e+00
6.560000000124243797e+02 -1.147837306277527558e+00
6.565000000124564394e+02 -1.162767832569595816e+00
6.570000000124884991e+02 -1.110214850435818690e+00
6.575000000125204451e+02 -9.986875747403037851e-01
6.580000000125525048e+02 -1.048997944877460453e+00
6.585000000125845645e+02 -1.154053465669020451e+00
6.590000000126166242e+02 -1.178728571876420217e+00
6.595000000126485702e+02 -1.277281315815928187e+00
6.600000000126806299e+02 -9.847718728373348052e-01
6.605000000127126896e+02 -1.236909576006627987e+00
6.610000000127447493e+02 -1.257683684404801383e+00
6.615000000127766953e+02 -1.078718655122966608e+00
6.620000000128087549e+02 -1.008335219597423338e+00
6.625000000128408146e+02 -1.119718951895625203e+00
6.630000000128728743e+02 -9.192815022520079982e-01
6.635000000129049340e+02 -9.135395527873790833e-01
6.640000000129368800e+02 -1.173285596158926358e+00
6.645000000129689397e+02 -1.179717663142868522e+00
6.650000000130009994e+02 -1.166408442698377845e+00
6.655000000130330591e+02 -1.108264672955139751e+00
6.660000000130650051e+02 -9.199137400615362559e-01
6.665000000130970648e+02 -1.138453677882796722e+00
6.670000000131291245e+02 -1.184154684056996754e+00
6.675000000131611841e+02 -1.018274776443348850e+00
6.680000000131931301e+02 -1.104085636921158464e+00
6.685000000132251898e+02 -1.175971872124911499e+00
6.690000000132572495e+02 -1.122731051603527375e+00
6.695000000132893092e+02 -1.126749790656905059e+00
6.700000000133212552e+02 -1.105915680592278738e+00
6.705000000133533149e+02 -1.096724709369319539e+00
6.710000000133853746e+02 -9.850400441148650099e-01
6.715000000134174343e+02 -9.305493789572623076e-01
6.720000000134494940e+02 -1.194704382628208439e+00
6.725000000134814400e+02 -1.223994015851479711e+00
6.730000000135134997e+02 -1.041867078931607571e+00
6.735000000135455593e+02 -1.145827487335464356e+00
6.740000000135776190e+02 -1.240434318949738879e+00
6.745000000136095650e+02 -9.411417486652126074e-01
6.750000000136416247e+02 -1.012949862384929345e+00
6.755000000136736844e+02 -1.185779960624875118e+00
6.760000000137057441e+02 -9.530359482245304159e-01
6.765000000137376901e+02 -8.621384241837793949e-01
6.770000000137697498e+02 -1.206338801163556518e+00
6.775000000138018095e+02 -1.176233644282086876e+00
6.780000000138338692e+02 -9.546354522870196258e-01
6.785000000138658152e+02 -1.067582946733797611e+00
6.790000000138978749e+02 -1.173719135126485069e+00
6.795000000139299345e+02 -1.182504695928599858e+00
6.800000000139619942e+02 -1.054950058193765194e+00
6.805000000139939402e+02 -1.123685776257596691e+00
6.810000000140259999e+02 -1.213210733181024681e+00
6.815000000140580596e+02 -1.124961011812692480e+00
6.820000000140901193e+02 -1.116866559693418859e+00
6.825000000141221790e+02 -1.050988182811483318e+00
6.830000000141541250e+02 -9.732829533685302126e-01
6.835000000141861847e+02 -1.149927752013098603e+00
6.840000000142182444e+02 -1.291575163091706502e+00
6.845000000142503040e+02 -1.108364023894673256e+00
6.850000000142822500e+02 -1.174399611297962220e+00
6.855000000143143097e+02 -1.124141067451317033e+00
6.860000000143463694e+02 -1.148087530604471551e+00
6.865000000143784291e+02 -1.172261753706053566e+00
6.870000000144103751e+02 -1.212128482634972526e+00
6.875000000144424348e+02 -1.161950096652610620e+00
6.880000000144744945e+02 -1.126929989333771864e+00
6.885000000145065542e+02 -1.088209678871911334e+00
6.890000000145385002e+02 -9.431944850402450564e-01
6.895000000145705599e+02 -9.053655340563344645e-01
6.900000000146026196e+02 -1.025737539306793344e+00
6.905000000146346792e+02 -1.152749460493248224e+00
6.910000000146667389e+02 -1.209290694727336302e+00
6.915000000146986849e+02 -1.156631269994024658e+00
6.920000000147307446e+02 -1.010815218872386012e+00
6.925000000147628043e+02 -1.110924971488028934e+00
6.930000000147948640e+02 -1.191846302980465122e+00
6.935000000148268100e+02 -1.183396368491684392e+00
6.940000000148588697e+02 -1.013374217032040780e+00
6.945000000148909294e+02 -1.043532366239524833e+00
6.950000000149229891e+02 -1.033488273054117279e+00
6.955000000149549351e+02 -1.437910255189124742e+00
6.960000000149869948e+02 -1.010310183160216368e+00
6.965000000150190544e+02 -9.755129084690576935e-01
6.970000000150511141e+02 -1.118820762124322465e+00
6.975000000150830601e+02 -1.110928856830131650e+00
6.980000000151151198e+02 -1.028978140121246776e+00
6.985000000151471795e+02 -1.050927879616720517e+00
6.990000000151792392e+02 -1.097846074357861301e+00
6.995000000152112989e+02 -1.145653516486168977e+00
7.000000000152432449e+02 -1.131425505498931061e+00
7.005000000152753046e+02 -1.009661115039425461e+00
7.010000000153073643e+02 -1.035853672868365827e+00
7.015000000153394240e+02 -1.030171513741604095e+00
7.020000000153713700e+02 -1.377276664221420033e+00
7.025000000154034296e+02 -1.172807180179641806e+00
7.030000000154354893e+02 -1.114828527335814501e+00
7.035000000154675490e+02 -1.275944824978500813e+00
7.040000000154994950e+02 -9.685729064696130264e-01
7.045000000155315547e+02 -1.063315173032668870e+00
7.050000000155636144e+02 -1.110010890882243695e+00
7.055000000155956741e+02 -9.455978147990066196e-01
7.060000000156276201e+02 -1.230047984080713031e+00
7.065000000156596798e+02 -1.177911088382591620e+00
7.070000000156917395e+02 -9.161629146218472908e-01
7.075000000157237992e+02 -1.179723992058725912e+00
7.080000000157558588e+02 -1.055858556376427115e+00
7.085000000157878048e+02 -9.168238106743477056e-01
7.090000000158198645e+02 -9.008105606614574823e-01
7.095000000158519242e+02 -1.104171544568311791e+00
7.100000000158839839e+02 -1.226706478267371780e+00
7.105000000159159299e+02 -1.084195884915570618e+00
7.110000000159479896e+02 -9.308780503287953367e-01
7.115000000159800493e+02 -9.495667329498719278e-01
7.120000000160121090e+02 -1.153893458307309494e+00
7.125000000160440550e+02 -1.125451406619906169e+00
7.130000000160761147e+02 -1.046024648113417665e+00
7.135000000161081743e+02 -1.114033851632657557e+00
7.140000000161402340e+02 -1.028969032693588970e+00
7.145000000161721800e+02 -9.528275398460958057e-01
7.150000000162042397e+02 -8.688809804644961332e-01
7.155000000162362994e+02 -1.164905884804855685e+00
7.160000000162683591e+02 -1.310735896416465929e+00
7.165000000163003051e+02 -1.009910265621728920e+00
7.170000000163323648e+02 -1.194518770469279678e+00
7.175000000163644245e+02 -1.243022664248015996e+00
7.180000000163964842e+02 -1.001288728766914771e+00
7.185000000164285439e+02 -1.029270596889787059e+00
7.190000000164604899e+02 -1.192469002755816909e+00
7.195000000164925495e+02 -1.207721532381840213e+00
7.200000000165246092e+02 -1.079239197883860024e+00
7.205000000165566689e+02 -1.165432570539187696e+00
7.210000000165886149e+02 -9.669975504947480038e-01
7.215000000166206746e+02 -1.221405775178988851e+00
7.220000000166527343e+02 -9.668488438377622618e-01
7.225000000166847940e+02 -9.063076819613717916e-01
7.230000000167167400e+02 -1.026898701260471114e+00
7.235000000167487997e+02 -1.146313603142925519e+00
7.240000000167808594e+02 -1.136530412896737952e+00
7.245000000168129191e+02 -9.552064490215345094e-01
7.250000000168448651e+02 -1.071998205145043848e+00
7.255000000168769247e+02 -1.055951695150592728e+00
7.260000000169089844e+02 -1.110706431511475190e+00
7.265000000169410441e+02 -1.282517302947471460e+00
7.270000000169731038e+02 -1.133973366612744504e+00
7.275000000170050498e+02 -1.000661381594430299e+00
7.280000000170371095e+02 -1.002003075223139250e+00
7.285000000170691692e+02 -1.025712332162109330e+00
7.290000000171012289e+02 -1.017648943166570508e+00
7.295000000171331749e+02 -1.151034455732705242e+00
7.300000000171652346e+02 -1.010649596458398136e+00
7.305000000171972943e+02 -1.017200236390524593e+00
7.310000000172293539e+02 -1.338978328701190490e+00
7.315000000172612999e+02 -1.299549532338488467e+00
7.320000000172933596e+02 -8.373227495269467413e-01
7.325000000173254193e+02 -1.146940017523700339e+00
7.330000000173574790e+02 -1.097606318388077318e+00
7.335000000173894250e+02 -1.184513466972175966e+00
7.340000000174214847e+02 -1.147907320512673968e+00
7.345000000174535444e+02 -1.066938638963256469e+00
7.350000000174856041e+02 -1.193435862237891110e+00
7.355000000175176638e+02 -1.098216863192402304e+00
7.360000000175496098e+02 -9.446237314683764152e-01
7.365000000175816695e+02 -1.147516242076428439e+00
7.370000000176137291e+02 -1.081783302141155589e+00
7.375000000176457888e+02 -1.094538553867137720e+00
7.380000000176777348e+02 -1.101567623360688364e+00
7.385000000177097945e+02 -1.178037479312329827e+00
7.390000000177418542e+02 -1.042267337323426135e+00
7.395000000177739139e+02 -1.132771240767914911e+00
7.400000000178058599e+02 -1.234639406699276298e+00
7.405000000178379196e+02 -9.259759559423912378e-01
7.410000000178699793e+02 -1.071962659704858156e+00
7.415000000179020390e+02 -1.093518278916272068e+00
7.420000000179339850e+02 -1.263488482917227707e+00
7.425000000179660447e+02 -1.084590623794721820e+00
7.430000000179981043e+02 -9.537293305343792493e-01
7.435000000180301640e+02 -1.079276964775023329e+00
7.440000000180622237e+02 -1.079120108798023558e+00
7.445000000180941697e+02 -1.232732940988847448e+00
7.450000000181262294e+02 -1.404258970719446609e+00
7.455000000181582891e+02 -1.230294137168233215e+00
7.460000000181903488e+02 -1.039365196943307756e+00
7.465000000182222948e+02 -9.890896889855401719e-01
7.470000000182543545e+02 -1.184649836583663962e+00
7.475000000182864142e+02 -1.302625836670382675e+00
7.480000000183184738e+02 -9.753009517283970364e-01
7.485000000183504199e+02 -1.101550431550958109e+00
7.490000000183824795e+02 -1.087754486329133741e+00
7.495000000184145392e+02 -1.115037592837928582e+00
7.500000000184465989e+02 -1.218255508247097607e+00
7.505000000184785449e+02 -1.108793517899628656e+00
7.510000000185106046e+02 -1.165061692950371652e+00
7.515000000185426643e+02 -1.193460084265790755e+00
7.520000000185747240e+02 -1.166177425417581404e+00
7.525000000186067837e+02 -1.088660452825921610e+00
7.530000000186387297e+02 -1.111166681704492953e+00
7.535000000186707894e+02 -1.052859579441305593e+00
7.540000000187028490e+02 -1.133992121466650849e+00
7.545000000187349087e+02 -9.320833077445037640e-01
7.550000000187668547e+02 -1.064523922596558814e+00
7.555000000187989144e+02 -1.079003414344187339e+00
7.560000000188309741e+02 -9.777813821081916545e-01
7.565000000188630338e+02 -1.109432164763430650e+00
7.570000000188949798e+02 -9.940627800875241338e-01
7.575000000189270395e+02 -1.045561621324665902e+00
7.580000000189590992e+02 -1.158384979682039351e+00
7.585000000189911589e+02 -1.071816595209874601e+00
7.590000000190231049e+02 -1.189118577207714411e+00
7.595000000190551646e+02 -1.317482952570073085e+00
7.600000000190872242e+02 -1.120320173302512545e+00
7.605000000191192839e+02 -9.473697961111862131e-01
7.610000000191512299e+02 -1.161820614061347401e+00
7.615000000191832896e+02 -1.323702526235927657e+00
7.620000000192153493e+02 -8.551364383168365002e-01
7.625000000192474090e+02 -1.005136640322935815e+00
7.630000000192794687e+02 -1.261170613999289092e+00
7.635000000193114147e+02 -1.225833732209531846e+00
7.640000000193434744e+02 -1.095402044475978665e+00
7.645000000193755341e+02 -1.248217467890279764e+00
7.650000000194075938e+02 -1.068205476598884651e+00
7.655000000194395398e+02 -1.010249080197252569e+00
7.660000000194715994e+02 -1.096869929896259199e+00
7.665000000195036591e+02 -1.036423130137382964e+00
7.670000000195357188e+02 -1.069892511029676418e+00
7.675000000195676648e+02 -1.074044699124476532e+00
7.680000000195997245e+02 -1.173151500332760833e+00
7.685000000196317842e+02 -1.090565312746268223e+00
7.690000000196638439e+02 -1.042743327120423169e+00
7.695000000196957899e+02 -1.160123896643399100e+00
7.700000000197278496e+02 -1.302852651914126358e+00
7.705000000197599093e+02 -1.160006167192787485e+00
7.710000000197919690e+02 -1.143166586780209215e+00
7.715000000198240286e+02 -1.169018719394145034e+00
7.720000000198559746e+02 -1.123437283217851856e+00
7.725000000198880343e+02 -1.120200397016304583e+00
7.730000000199200940e+02 -1.034193098098693753e+00
7.735000000199521537e+02 -1.185672728195771741e+00
7.740000000199840997e+02 -1.099002804811281653e+00
7.745000000200161594e+02 -1.090723033222317451e+00
7.750000000200482191e+02 -1.063336050747531569e+00
7.755000000200802788e+02 -1.215612913423148811e+00
7.760000000201122248e+02 -9.385403407715807722e-01
7.765000000201442845e+02 -1.141255377979320196e+00
7.770000000201763442e+02 -1.171395872490244017e+00
7.775000000202084038e+02 -1.099645933126978559e+00
7.780000000202403498e+02 -1.005702761247196264e+00
7.785000000202724095e+02 -1.138025648525081923e+00
7.790000000203044692e+02 -1.232999119501576368e+00
7.795000000203365289e+02 -9.197046809524581645e-01
7.800000000203685886e+02 -1.098463043932535577e+00
7.805000000204005346e+02 -1.130337796777478143e+00
7.810000000204325943e+02 -9.796872612796856394e-01
7.815000000204646540e+02 -1.006807475931642992e+00
7.820000000204967137e+02 -1.079851469626952554e+00
7.825000000205286597e+02 -9.719877053381147380e-01
7.830000000205607193e+02 -1.041535377369604998e+00
7.835000000205927790e+02 -1.090529168483398870e+00
7.840000000206248387e+02 -8.849662017523387547e-01
7.845000000206567847e+02 -1.080580016072552052e+00
7.850000000206888444e+02 -1.034234038223124541e+00
7.855000000207209041e+02 -1.055578439495990173e+00
7.860000000207529638e+02 -1.258292896511048697e+00
7.865000000207849098e+02 -1.278581338447119409e+00
7.870000000208169695e+02 -1.121771198828928506e+00
7.875000000208490292e+02 -1.394845181174408255e+00
7.880000000208810889e+02 -1.355045732121233026e+00
7.885000000209131485e+02 -9.509325417078281495e-01
7.890000000209450945e+02 -9.940484178975199647e-01
7.895000000209771542e+02 -1.216171042537753655e+00
7.900000000210092139e+02 -1.132437497502616797e+00
7.905000000210412736e+02 -9.390705720452907634e-01
7.910000000210732196e+02 -1.163432645225487283e+00
7.915000000211052793e+02 -1.170310621029715614e+00
7.920000000211373390e+02 -1.154806490205571912e+00
7.925000000211693987e+02 -1.096101339748307923e+00
7.930000000212013447e+02 -1.047374600172081394e+00
7.935000000212334044e+02 -1.034065234265480138e+00
7.940000000212654641e+02 -1.179395471111790439e+00
7.945000000212975237e+02 -1.318773516452687700e+00
7.950000000213294697e+02 -1.283265571629222945e+00
7.955000000213615294e+02 -1.278671232842435890e+00
7.960000000213935891e+02 -1.021003463131048283e+00
7.965000000214256488e+02 -1.151428429382843177e+00
7.970000000214577085e+02 -1.189675071166808706e+00
7.975000000214896545e+02 -1.024458867096543990e+00
7.980000000215217142e+02 -1.035396841315871841e+00
7.985000000215537739e+02 -1.254013706478428247e+00
7.990000000215858336e+02 -1.241841026633409228e+00
7.995000000216177796e+02 -1.048338623226356514e+00
8.000000000216498393e+02 -1.088787871727661782e+00
8.005000000216818989e+02 -1.101594702175574758e+00
8.010000000217139586e+02 -1.319822900771348895e+00
8.015000000217459046e+02 -1.322350889968227472e+00
8.020000000217779643e+02 -1.019757815525209832e+00
8.025000000218100240e+02 -1.021319402415961530e+00
8.030000000218420837e+02 -1.169749247922456048e+00
8.035000000218740297e+02 -1.077422193321481370e+00
8.040000000219060894e+02 -1.026789805955638402e+00
8.045000000219381491e+02 -1.102576258794509600e+00
8.050000000219702088e+02 -1.150914585721444672e+00
8.055000000220021548e+02 -1.019964126263574800e+00
8.060000000220342145e+02 -1.118773821685025149e+00
8.065000000220662741e+02 -1.230074018369142541e+00
8.070000000220983338e+02 -1.122634877779997487e+00
8.075000000221303935e+02 -1.116608502042308659e+00
8.080000000221623395e+02 -1.029375761620567209e+00
8.085000000221943992e+02 -1.140067611536272230e+00
8.090000000222264589e+02 -1.318144183351433796e+00
8.095000000222585186e+02 -1.314116359944661250e+00
8.100000000222904646e+02 -1.066746977676900965e+00
8.105000000223225243e+02 -1.056750224272622773e+00
8.110000000223545840e+02 -9.512070823105647221e-01
8.115000000223866436e+02 -1.147019682462706580e+00
8.120000000224185897e+02 -1.278429071963380848e+00
8.125000000224506493e+02 -1.003046115997194399e+00
8.130000000224827090e+02 -1.112124539472437279e+00
8.135000000225147687e+02 -1.169151874908849642e+00
8.140000000225467147e+02 -1.135258441906266125e+00
8.145000000225787744e+02 -1.091425459739518988e+00
8.150000000226108341e+02 -1.066652462367530196e+00
8.155000000226428938e+02 -9.631477396112202438e-01
8.160000000226749535e+02 -1.162032633753502520e+00
8.165000000227068995e+02 -1.124228454802003840e+00
8.170000000227389592e+02 -8.423874523321140950e-01
8.175000000227710188e+02 -1.090169177441827175e+00
8.180000000228030785e+02 -1.207239013050358523e+00
8.185000000228350245e+02 -1.197607601324468529e+00
8.190000000228670842e+02 -9.931484170342266271e-01
8.195000000228991439e+02 -1.137216595034013178e+00
8.200000000229312036e+02 -1.104012718705733143e+00
8.205000000229631496e+02 -9.627513135088274776e-01
8.210000000229952093e+02 -1.038817212137228996e+00
8.215000000230272690e+02 -1.267392950025995724e+00
8.220000000230593287e+02 -1.201688715530912388e+00
8.225000000230912747e+02 -1.073450381471685589e+00
8.230000000231233344e+02 -1.073747588501481998e+00
8.235000000231553940e+02 -1.069589179080692620e+00
8.240000000231874537e+02 -1.059282159321077277e+00
8.245000000232195134e+02 -9.645819326906016622e-01
8.250000000232514594e+02 -1.113658092995803095e+00
8.255000000232835191e+02 -1.179896093959907022e+00
8.260000000233155788e+02 -1.123424678435964941e+00
8.265000000233476385e+02 -1.252307745338009370e+00
8.270000000233795845e+02 -1.324870106308727813e+00
8.275000000234116442e+02 -1.160120979883091374e+00
8.280000000234437039e+02 -1.219802120050617278e+00
8.285000000234757636e+02 -1.174035819878915143e+00
8.290000000235077096e+02 -1.073876157253442098e+00
8.295000000235397692e+02 -1.081406136332159207e+00
8.300000000235718289e+02 -1.000632043390986103e+00
8.305000000236038886e+02 -1.119643184635169764e+00
8.310000000236358346e+02 -1.077501760036312151e+00
8.315000000236678943e+02 -1.143645199534157886e+00
8.320000000236999540e+02 -1.055034740838060703e+00
8.325000000237320137e+02 -1.063149896385806814e+00
8.330000000237640734e+02 -1.126162905773191891e+00
8.335000000237960194e+02 -1.228915450825843969e+00
8.340000000238280791e+02 -1.168443146017228651e+00
8.345000000238601388e+02 -1.126043962371769291e+00
8.350000000238921984e+02 -1.181145339301421737e+00
8.355000000239241444e+02 -1.371316008231398875e+00
8.360000000239562041e+02 -1.152108003920303991e+00
8.365000000239882638e+02 -9.850884880092312113e-01
8.370000000240203235e+02 -1.156182266815559689e+00
8.375000000240522695e+02 -1.100695911770698920e+00
8.380000000240843292e+02 -1.131297830022213624e+00
8.385000000241163889e+02 -9.834720486364346703e-01
8.390000000241484486e+02 -1.018085719708012205e+00
8.395000000241803946e+02 -9.829420672664056502e-01
8.400000000242124543e+02 -1.079341685949236185e+00
8.405000000242445140e+02 -1.172923210505585789e+00
8.410000000242765736e+02 -1.159175755930511142e+00
8.415000000243086333e+02 -1.095414181402763143e+00
8.420000000243405793e+02 -1.314632326776934645e+00
8.425000000243726390e+02 -1.092181674034453209e+00
8.430000000244046987e+02 -1.124783790333144795e+00
8.435000000244367584e+02 -1.309508423380072006e+00
8.440000000244687044e+02 -1.286479595672400889e+00
8.445000000245007641e+02 -1.127099525343311814e+00
8.450000000245328238e+02 -1.003127259225931045e+00
8.455000000245648835e+02 -1.162102012532657325e+00
8.460000000245968295e+02 -1.217161725073576672e+00
8.465000000246288892e+02 -1.224013233680609991e+00
8.470000000246609488e+02 -1.116002437355844146e+00
8.475000000246930085e+02 -1.040937548693900538e+00
8.480000000247249545e+02 -1.079506001385490910e+00
8.485000000247570142e+02 -1.260517025840810712e+00
8.490000000247890739e+02 -1.331713853322524788e+00
8.495000000248211336e+02 -9.229062716045662862e-01
8.500000000248530796e+02 -1.071787131165631513e+00
8.505000000248851393e+02 -1.155093840344731282e+00
8.510000000249171990e+02 -1.002979691107505289e+00
8.515000000249492587e+02 -1.248942613986983918e+00
8.520000000249813183e+02 -1.294166285274100048e+00
8.525000000250132643e+02 -1.336385157034774895e+00
8.530000000250453240e+02 -1.167595440265473572e+00
8.535000000250773837e+02 -1.323481612303377242e+00
8.540000000251094434e+02 -1.341645760645844510e+00
8.545000000251413894e+02 -1.141767609952252460e+00
8.550000000251734491e+02 -9.971011121368220653e-01
8.555000000252055088e+02 -1.145844539876318180e+00
8.560000000252375685e+02 -1.230827457295044836e+00
8.565000000252695145e+02 -1.217106381200598220e+00
8.570000000253015742e+02 -1.085242517173740984e+00
8.575000000253336339e+02 -1.097127247553311147e+00
8.580000000253656935e+02 -1.248040084859148191e+00
8.585000000253976395e+02 -1.071103034591422531e+00
8.590000000254296992e+02 -1.244535916896275296e+00
8.595000000254617589e+02 -1.170110978102524069e+00
8.600000000254938186e+02 -1.047690926511757104e+00
8.605000000255258783e+02 -1.008094722273763733e+00
8.610000000255578243e+02 -1.024677231669953947e+00
8.615000000255898840e+02 -1.099407384012696332e+00
8.620000000256219437e+02 -1.012230806833449570e+00
8.625000000256540034e+02 -1.101934657424547215e+00
8.630000000256859494e+02 -1.174856185189577351e+00
8.635000000257180091e+02 -1.052357975612028484e+00
8.640000000257500687e+02 -1.050901025008805556e+00
8.645000000257821284e+02 -1.140637287258664090e+00
8.650000000258140744e+02 -1.072696671534257629e+00
8.655000000258461341e+02 -1.162987843428235690e+00
8.660000000258781938e+02 -1.152625335056392419e+00
8.665000000259102535e+02 -8.635381604188192561e-01
8.670000000259421995e+02 -8.632644398522536511e-01
8.675000000259742592e+02 -1.176156505369408967e+00
8.680000000260063189e+02 -1.006857453468626096e+00
8.685000000260383786e+02 -1.163425990991925341e+00
8.690000000260704383e+02 -1.306505201653531234e+00
8.695000000261023843e+02 -9.902443022464991751e-01
8.700000000261344439e+02 -1.063626853548670592e+00
8.705000000261665036e+02 -1.178017751747559405e+00
8.710000000261985633e+02 -1.207328189099025950e+00
8.715000000262305093e+02 -9.087088698405867415e-01
8.720000000262625690e+02 -9.730809866192368096e-01
8.725000000262946287e+02 -9.686508345994112590e-01
8.730000000263266884e+02 -1.186983783478731569e+00
8.735000000263586344e+02 -1.099243532443284321e+00
8.740000000263906941e+02 -1.041664942182071618e+00
8.745000000264227538e+02 -1.268949094886399953e+00
8.750000000264548135e+02 -1.265446176273110845e+00
8.755000000264867595e+02 -1.128926363330852389e+00
8.760000000265188191e+02 -1.106876689258176283e+00
8.765000000265508788e+02 -1.333137387274874630e+00
8.770000000265829385e+02 -1.168973394320416581e+00
8.775000000266149982e+02 -1.125588140524427905e+00
8.780000000266469442e+02 -1.051862578340333920e+00
8.785000000266790039e+02 -1.216741886544394413e+00
8.790000000267110636e+02 -1.107620926526588612e+00
8.795000000267431233e+02 -1.224723452548389435e+00
8.800000000267750693e+02 -9.907188003700697632e-01
8.805000000268071290e+02 -1.039511678290648611e+00
8.810000000268391886e+02 -1.014927832711203681e+00
8.815000000268712483e+02 -1.086516422304484530e+00
8.820000000269031943e+02 -1.084372984253172634e+00
8.825000000269352540e+02 -1.156908869814195606e+00
8.830000000269673137e+02 -1.197926080502099699e+00
8.835000000269993734e+02 -1.355941454040016536e+00
8.840000000270313194e+02 -1.350566611929328475e+00
8.845000000270633791e+02 -1.189978124015532046e+00
8.850000000270954388e+02 -9.113658575990486455e-01
8.855000000271274985e+02 -1.055811890711218393e+00
8.860000000271595582e+02 -1.222581011810592644e+00
8.865000000271915042e+02 -1.193804701352310760e+00
8.870000000272235638e+02 -1.158571700464152476e+00
8.875000000272556235e+02 -1.229013376061508955e+00
8.880000000272876832e+02 -1.204865333267136185e+00
8.885000000273196292e+02 -1.042017371984039986e+00
8.890000000273516889e+02 -8.705230409062074681e-01
8.895000000273837486e+02 -9.948953641481460552e-01
8.900000000274158083e+02 -1.208169900445233536e+00
8.905000000274477543e+02 -1.056919139447134670e+00
8.910000000274798140e+02 -1.108835967647494369e+00
8.915000000275118737e+02 -1.385972570226096101e+00
8.920000000275439334e+02 -1.103340630640248010e+00
8.925000000275758794e+02 -9.441929015486054677e-01
8.930000000276079390e+02 -1.055330107120687755e+00
8.935000000276399987e+02 -1.110103234204425249e+00
8.940000000276720584e+02 -1.224689469627134875e+00
8.945000000277040044e+02 -1.307552553491363456e+00
8.950000000277360641e+02 -1.385810906145348076e+00
8.955000000277681238e+02 -1.413166715161802811e+00
8.960000000278001835e+02 -1.190035935182613525e+00
8.965000000278322432e+02 -1.118899986644887212e+00
8.970000000278641892e+02 -1.184927387159183221e+00
8.975000000278962489e+02 -1.186438519804573488e+00
8.980000000279283086e+02 -1.032628503920703711e+00
8.985000000279603682e+02 -1.207151831240200979e+00
8.990000000279923142e+02 -1.138765265663011839e+00
8.995000000280243739e+02 -1.095043059437033950e+00
9.000000000280564336e+02 -1.246764683870815515e+00
9.005000000280884933e+02 -1.221115159849535781e+00
9.010000000281204393e+02 -1.004652733454732383e+00
9.015000000281524990e+02 -1.319558579147193544e+00
9.020000000281845587e+02 -1.065754406271251842e+00
9.025000000282166184e+02 -1.186663580052655709e+00
9.030000000282485644e+02 -9.572469043312974435e-01
9.035000000282806241e+02 -1.179653878475759754e+00
9.040000000283126838e+02 -1.129774251591640022e+00
9.045000000283447434e+02 -1.105925956541004007e+00
9.050000000283768031e+02 -1.158152894466600857e+00
9.055000000284087491e+02 -1.171500675534379310e+00
9.060000000284408088e+02 -1.030132790329094439e+00
9.065000000284728685e+02 -1.064963722597503049e+00
9.070000000285049282e+02 -1.248710291864465916e+00
9.075000000285368742e+02 -1.127704728036521553e+00
9.080000000285689339e+02 -1.092027452525914377e+00
9.085000000286009936e+02 -1.203825900144561700e+00
9.090000000286330533e+02 -1.270329912825644669e+00
9.095000000286649993e+02 -1.333889863324026592e+00
9.100000000286970590e+02 -1.173905969143107741e+00
9.105000000287291186e+02 -9.043441839033652396e-01
9.110000000287611783e+02 -1.025250086160905294e+00
9.115000000287931243e+02 -1.093913005368170710e+00
9.120000000288251840e+02 -8.567551755664042368e-01
9.125000000288572437e+02 -1.215647222441225805e+00
9.130000000288893034e+02 -1.138788427291854699e+00
9.135000000289213631e+02 -1.101127297151052398e+00
9.140000000289533091e+02 -1.028206556320605092e+00
9.145000000289853688e+02 -1.271362316059489572e+00
9.150000000290174285e+02 -1.183977811862127805e+00
9.155000000290494881e+02 -9.554838084159762435e-01
9.160000000290814341e+02 -1.172521855741835761e+00
9.165000000291134938e+02 -1.211933567393250311e+00
9.170000000291455535e+02 -1.171128102724796394e+00
9.175000000291776132e+02 -1.111822894676753881e+00
9.180000000292095592e+02 -1.285423874927856147e+00
9.185000000292416189e+02 -1.276449882387468371e+00
9.190000000292736786e+02 -1.161747438359845175e+00
9.195000000293057383e+02 -9.532539233249317512e-01
9.200000000293376843e+02 -1.013650277867498950e+00
9.205000000293697440e+02 -1.220525100816272746e+00
9.210000000294018037e+02 -1.291528140863137608e+00
9.215000000294338633e+02 -1.045610590191665912e+00
9.220000000294659230e+02 -1.110303176588060881e+00
9.225000000294978690e+02 -1.161040231292475911e+00
9.230000000295299287e+02 -9.874152258815248606e-01
9.235000000295619884e+02 -1.282249086235319302e+00
9.240000000295940481e+02 -1.024466342803237451e+00
9.245000000296259941e+02 -1.005049669529229028e+00
9.250000000296580538e+02 -9.789549876752470237e-01
9.255000000296901135e+02 -1.114634946792755432e+00
9.260000000297221732e+02 -1.082199375645436890e+00
9.265000000297541192e+02 -1.088831711722792583e+00
9.270000000297861789e+02 -1.055683434123236841e+00
9.275000000298182385e+02 -1.189547282469832767e+00
9.280000000298502982e+02 -1.080852123548382782e+00
9.285000000298822442e+02 -1.041184669872514901e+00
9.290000000299143039e+02 -1.225064658745770974e+00
9.295000000299463636e+02 -1.071461424594319478e+00
9.300000000299784233e+02 -1.119057672986762286e+00
9.305000000300104830e+02 -1.074858149166838972e+00
9.310000000300424290e+02 -1.032016425663636605e+00
9.315000000300744887e+02 -1.165001533499133268e+00
9.320000000301065484e+02 -1.257460200461935074e+00
9.325000000301386081e+02 -1.258496508494826305e+00
9.330000000301705541e+02 -9.316303768328844104e-01
9.335000000302026137e+02 -1.190816749885774906e+00
9.340000000302346734e+02 -1.092097946098304018e+00
9.345000000302667331e+02 -1.132983191693985647e+00
9.350000000302986791e+02 -1.214111474865970042e+00
9.355000000303307388e+02 -1.141121596909901337e+00
9.360000000303627985e+02 -1.090276787568982497e+00
9.365000000303948582e+02 -1.059712681665500700e+00
9.370000000304268042e+02 -1.376342766313358723e+00
9.375000000304588639e+02 -1.041202858493126104e+00
9.380000000304909236e+02 -9.008202660262578654e-01
9.385000000305229833e+02 -1.056702338177538003e+00
9.390000000305549293e+02 -1.137454465542206972e+00
9.395000000305869889e+02 -1.171663304089197277e+00
9.400000000306190486e+02 -1.040539920315697531e+00
9.405000000306511083e+02 -8.966100013494124887e-01
9.410000000306831680e+02 -1.170869204677349895e+00
9.415000000307151140e+02 -1.206496147020199583e+00
9.420000000307471737e+02 -9.499716835758137412e-01
9.425000000307792334e+02 -1.080475980263440050e+00
9.430000000308112931e+02 -9.225189137832637831e-01
9.435000000308432391e+02 -1.148851643230535124e+00
9.440000000308752988e+02 -1.236928520268895992e+00
9.445000000309073585e+02 -1.098764877651922989e+00
9.450000000309394181e+02 -1.070070914716925836e+00
9.455000000309713641e+02 -1.134381817541769033e+00
9.460000000310034238e+02 -1.090892276028405439e+00
9.465000000310354835e+02 -1.130923849058937058e+00
9.470000000310675432e+02 -9.585252234360865931e-01
9.475000000310994892e+02 -1.064844516330176294e+00
9.480000000311315489e+02 -1.201099562721140712e+00
9.485000000311636086e+02 -1.039360874035608617e+00
9.490000000311956683e+02 -1.105085423450409055e+00
9.495000000312277280e+02 -1.045835933343286062e+00
9.500000000312596740e+02 -1.095856659509452991e+00
9.505000000312917336e+02 -1.222143141607263228e+00
9.510000000313237933e+02 -1.321699893042896701e+00
9.515000000313558530e+02 -1.100968660236074204e+00
9.520000000313877990e+02 -1.017947464445426276e+00
9.525000000314198587e+02 -1.111832281675769529e+00
9.530000000314519184e+02 -1.310677812306136447e+00
9.535000000314839781e+02 -1.021958826522848529e+00
9.540000000315159241e+02 -1.284544303648352814e+00
9.545000000315479838e+02 -1.183887984857370457e+00
9.550000000315800435e+02 -1.145360727027176173e+00
9.555000000316121032e+02 -1.087375749425126825e+00
9.560000000316440492e+02 -1.085024612004845901e+00
9.565000000316761088e+02 -1.073006098966178934e+00
9.570000000317081685e+02 -9.362035640429232641e-01
9.575000000317402282e+02 -1.082218326726854141e+00
9.580000000317722879e+02 -1.074775103963549139e+00
9.585000000318042339e+02 -1.185620977357689343e+00
9.590000000318362936e+02 -1.239027179401572809e+00
9.595000000318683533e+02 -1.051646627500390618e+00
9.600000000319004130e+02 -1.218850510316222602e+00
9.605000000319323590e+02 -1.249141779912551264e+00
9.610000000319644187e+02 -1.072469749992042587e+00
9.615000000319964784e+02 -1.067051602621102768e+00
9.620000000320285380e+02 -1.121393046509728375e+00
9.625000000320604840e+02 -1.236442941508886673e+00
9.630000000320925437e+02 -1.206968523101310087e+00
9.635000000321246034e+02 -1.106519099336642054e+00
9.640000000321566631e+02 -9.734152679295046129e-01
9.645000000321886091e+02 -9.438190974746367701e-01
9.650000000322206688e+02 -9.607577783614742462e-01
9.655000000322527285e+02 -1.147904145146014576e+00
9.660000000322847882e+02 -1.091162283427856705e+00
9.665000000323168479e+02 -1.026921494233794530e+00
9.670000000323487939e+02 -1.121840004391829293e+00
9.675000000323808536e+02 -1.094127759329700300e+00
9.680000000324129132e+02 -1.224158735203573212e+00
9.685000000324449729e+02 -1.237677467381714580e+00
9.690000000324769189e+02 -1.002795656874544861e+00
9.695000000325089786e+02 -1.165411690348944429e+00
9.700000000325410383e+02 -1.225577759428714497e+00
9.705000000325730980e+02 -1.079247153199017095e+00
9.710000000326050440e+02 -1.016608410835546428e+00
9.715000000326371037e+02 -1.122186567543104863e+00
9.720000000326691634e+02 -1.223172936087755014e+00
9.725000000327012231e+02 -1.127939055732526175e+00
9.730000000327331691e+02 -9.180698002620787390e-01
9.735000000327652288e+02 -8.469468882654569430e-01
9.740000000327972884e+02 -1.173768521657893693e+00
9.745000000328293481e+02 -1.044107792740958551e+00
9.750000000328614078e+02 -1.086139578176428033e+00
9.755000000328933538e+02 -1.122978271201296341e+00
9.760000000329254135e+02 -1.132803173497453297e+00
9.765000000329574732e+02 -1.100839626806295435e+00
9.770000000329895329e+02 -1.207007798226536588e+00
9.775000000330214789e+02 -1.218766190704622110e+00
9.780000000330535386e+02 -1.181888445569337476e+00
9.785000000330855983e+02 -1.136071438217338470e+00
9.790000000331176579e+02 -1.095737429103518235e+00
9.795000000331496040e+02 -1.207234176733300579e+00
9.800000000331816636e+02 -1.213821493135667229e+00
9.805000000332137233e+02 -9.084538606549823481e-01
9.810000000332457830e+02 -1.022791718592089172e+00
9.815000000332777290e+02 -1.203147082187306705e+00
9.820000000333097887e+02 -1.196262709338692165e+00
9.825000000333418484e+02 -1.061994933815911146e+00
9.830000000333739081e+02 -9.892067803971684725e-01
9.835000000334058541e+02 -1.165496923533175133e+00
9.840000000334379138e+02 -1.090535473159753410e+00
9.845000000334699735e+02 -1.128029698143851789e+00
9.850000000335020331e+02 -9.357285381597262308e-01
9.855000000335340928e+02 -1.142092686829669246e+00
9.860000000335660388e+02 -1.183108307046092378e+00
9.865000000335980985e+02 -1.140373325358603029e+00
9.870000000336301582e+02 -1.045871050529545210e+00
9.875000000336622179e+02 -1.120252328427659094e+00
9.880000000336941639e+02 -1.220196550949062209e+00
9.885000000337262236e+02 -1.047131100510275692e+00
9.890000000337582833e+02 -1.022159464657687034e+00
9.895000000337903430e+02 -1.009433653409216536e+00
9.900000000338222890e+02 -1.093936106500893457e+00
9.905000000338543487e+02 -1.173225454362810227e+00
9.910000000338864083e+02 -1.265029254434134831e+00
9.915000000339184680e+02 -9.598131578424344834e-01
9.920000000339504140e+02 -1.099938399811817735e+00
9.925000000339824737e+02 -1.317505131789947104e+00
9.930000000340145334e+02 -1.095055694372144561e+00
9.935000000340465931e+02 -9.674854674622532791e-01
9.940000000340786528e+02 -1.204584658994314772e+00
9.945000000341105988e+02 -1.097523424197138775e+00
9.950000000341426585e+02 -1.015292872766666576e+00
9.955000000341747182e+02 -1.322296528373731350e+00
9.960000000342067779e+02 -1.172755267327644013e+00
9.965000000342387239e+02 -1.082466759802882761e+00
9.970000000342707835e+02 -1.079595530372915668e+00
9.975000000343028432e+02 -1.115163072788386556e+00
9.980000000343349029e+02 -9.210438377944133448e-01
9.985000000343668489e+02 -1.196003141160770999e+00
9.990000000343989086e+02 -1.123898740202377677e+00
9.995000000344309683e+02 -9.846269005064726132e-01
1.000000000034463028e+03 -1.112276982730687980e+00
