# Time (ps)	CV (angstrom)
9.999999999975766229e+01 -6.409941141402585307e-01
1.004999999997559001e+02 -5.650945075174560461e-01
1.009999999997541380e+02 -4.828765685689317966e-02
1.014999999997533990e+02 -4.825180784536435841e-01
1.019999999997629061e+02 -5.453271321905890368e-01
1.024999999997724132e+02 -2.678701196113592586e-01
1.029999999997819060e+02 -3.693278513075928249e-01
1.034999999997914131e+02 -4.413836926463914900e-01
1.039999999998009201e+02 -2.575420977674964806e-01
1.044999999998104272e+02 -4.984943101041221514e-01
1.049999999998199343e+02 -2.521350263297782446e-01
1.054999999998294413e+02 -3.874431105112519091e-01
1.059999999998389484e+02 -2.560785705207298535e-01
1.064999999998484554e+02 -6.776990032416643217e-01
1.069999999998579483e+02 -3.917928908848647973e-01
1.074999999998674554e+02 -4.427277744002827142e-01
1.079999999998769624e+02 -1.865996023555974992e-01
1.084999999998864695e+02 -3.881295754042207169e-01
1.089999999998959765e+02 -4.371712326094110423e-01
1.094999999999054836e+02 -6.514719275415455924e-01
1.099999999999149907e+02 -6.373438428428761515e-01
1.104999999999244977e+02 -4.858768552430693943e-01
1.109999999999339906e+02 -3.358151394001543943e-01
1.114999999999434976e+02 -2.381983273109625487e-01
1.119999999999530047e+02 -4.438041977988547160e-01
1.124999999999625118e+02 -4.802274842033538715e-01
1.129999999999720188e+02 -2.185551048069970248e-01
1.134999999999815259e+02 -1.775413438531379395e-01
1.139999999999910330e+02 -4.325645285022379216e-01
1.145000000000005400e+02 -4.237639118546102646e-01
1.150000000000100329e+02 -2.016512541397255109e-01
1.155000000000195399e+02 -2.137227011301872370e-01
1.160000000000290470e+02 -4.623699709908046102e-02
1.165000000000385540e+02 -2.802930603958695421e-01
1.170000000000480611e+02 -6.849912201656793709e-01
1.175000000000575682e+02 -4.016365170728474210e-01
1.180000000000670752e+02 5.561991181524561512e-03
1.185000000000765823e+02 -5.417590239966546539e-01
1.190000000000860751e+02 -5.586947224493461484e-01
1.195000000000955822e+02 -4.693732240812137357e-01
1.200000000001050893e+02 -3.389655491701004664e-01
1.205000000001145963e+02 -3.911040337420702007e-01
1.210000000001241034e+02 -3.517301678440317159e-01
1.215000000001336105e+02 -2.418081430082538175e-01
1.220000000001431175e+02 -4.966327358599071928e-01
1.225000000001526246e+02 -4.371073895397105669e-01
1.230000000001621174e+02 -1.641245214700925992e-01
1.235000000001716245e+02 -4.345483827311960590e-01
1.240000000001811316e+02 -5.488314861898526686e-01
1.245000000001906386e+02 -2.184824251421588204e-01
1.250000000002001457e+02 -3.649149504680339051e-01
1.255000000002096527e+02 -6.625880666572785127e-02
1.260000000002191598e+02 -5.500023236584364317e-02
1.265000000002286527e+02 -2.119990860613195360e-01
1.270000000002381597e+02 -5.857662340280466173e-01
1.275000000002476668e+02 -3.837165898167823608e-01
1.280000000002571880e+02 -3.597391316407601014e-01
1.285000000002666809e+02 -2.219204255528388070e-01
1.290000000002761738e+02 -3.474512996108509166e-01
1.295000000002856950e+02 -7.286466402365148198e-01
1.300000000002951879e+02 -2.497935346896048847e-01
1.305000000003047091e+02 -3.104248805414532852e-01
1.310000000003142020e+02 -3.474659222369940181e-01
1.315000000003237233e+02 -3.009268058747703867e-01
1.320000000003332161e+02 -1.535966221434497680e-01
1.325000000003427090e+02 -3.931356181399252581e-01
1.330000000003522302e+02 -1.134246810342726397e-01
1.335000000003617231e+02 -3.138645433021866049e-01
1.340000000003712444e+02 -6.328925054083680557e-01
1.345000000003807372e+02 -2.566829629085914388e-01
1.350000000003902585e+02 1.191420961901540343e-01
1.355000000003997513e+02 -5.230654007990855892e-01
1.360000000004092726e+02 -3.423436235610398115e-01
1.365000000004187655e+02 -1.482768954243773862e-01
1.370000000004282583e+02 -7.234330361098487705e-01
1.375000000004377796e+02 -5.171572616415477386e-01
1.380000000004472724e+02 3.807487564407794484e-02
1.385000000004567937e+02 -3.608630160463648373e-01
1.390000000004662866e+02 -2.731742503726253823e-01
1.395000000004758078e+02 -3.617662916196004996e-01
1.400000000004853007e+02 -4.626278598337901782e-01
1.405000000004947935e+02 -4.391895181638890144e-01
1.410000000005043148e+02 -3.113063475401056102e-01
1.415000000005138077e+02 -4.250054437425446197e-01
1.420000000005233289e+02 -7.463958420354576129e-01
1.425000000005328218e+02 -3.598214568405059821e-01
1.430000000005423431e+02 8.475704277144759102e-02
1.435000000005518359e+02 -6.088266663514618759e-01
1.440000000005613572e+02 -4.652342760209798311e-01
1.445000000005708500e+02 -3.155625071536160009e-01
1.450000000005803429e+02 -3.633208759441751146e-01
1.455000000005898642e+02 -2.308582579820420422e-01
1.460000000005993570e+02 -3.357129755850511987e-01
1.465000000006088783e+02 -5.405414545909082991e-01
1.470000000006183711e+02 -1.474601101671975112e-01
1.475000000006278924e+02 -5.544616049531256863e-01
1.480000000006373853e+02 -5.198085289341235482e-01
1.485000000006468781e+02 -1.910043571024658271e-01
1.490000000006563994e+02 -3.456164646356893466e-01
1.495000000006658922e+02 -2.920409983641782392e-01
1.500000000006754135e+02 -4.311221167281407696e-01
1.505000000006849064e+02 -4.808217968680429943e-01
1.510000000006944276e+02 -1.666207029326914058e-01
1.515000000007039205e+02 -3.124166124978691172e-01
1.520000000007134133e+02 -4.116979233444620911e-01
1.525000000007229346e+02 -1.525021165404324142e-01
1.530000000007324275e+02 -3.154830148786353372e-01
1.535000000007419487e+02 -4.867459576401924060e-01
1.540000000007514416e+02 -3.529850920720980501e-01
1.545000000007609628e+02 -6.888355527631313535e-01
1.550000000007704557e+02 -3.864677335975617023e-01
1.555000000007799770e+02 -2.685882787517956949e-01
1.560000000007894698e+02 -1.977743197113480400e-01
1.565000000007989627e+02 -6.572065270930913528e-01
1.570000000008084839e+02 -3.533931911695645800e-01
1.575000000008179768e+02 -2.448881798969680390e-01
1.580000000008274981e+02 -2.685768284366087943e-01
1.585000000008369909e+02 -3.118561252801920203e-01
1.590000000008465122e+02 -2.577670988460029067e-01
1.595000000008560050e+02 -1.833542259965772747e-01
1.600000000008654979e+02 -2.470895857192966505e-01
1.605000000008750192e+02 -3.215642760164009184e-01
1.610000000008845120e+02 -2.918243319846446360e-01
1.615000000008940333e+02 -4.993231746885071209e-01
1.620000000009035261e+02 -2.825550026540656345e-01
1.625000000009130474e+02 -3.640075091384326611e-01
1.630000000009225403e+02 -3.148705682113344118e-01
1.635000000009320615e+02 -4.172000362649677108e-01
1.640000000009415544e+02 -2.847048254814724122e-01
1.645000000009510472e+02 -2.241964747953507919e-01
1.650000000009605685e+02 -7.817134965366634436e-01
1.655000000009700614e+02 -1.676196672727279374e-02
1.660000000009795826e+02 -2.181040175054289043e-01
1.665000000009890755e+02 -7.250388407341041841e-01
1.670000000009985968e+02 -3.134004122052101438e-01
1.675000000010080896e+02 -4.703217177250941516e-02
1.680000000010175825e+02 -8.626130467977768945e-02
1.685000000010271037e+02 -3.395997420597726135e-01
1.690000000010365966e+02 -5.766703384015070544e-01
1.695000000010461179e+02 -3.234469032599405214e-01
1.700000000010556107e+02 -1.432181702329748674e-01
1.705000000010651320e+02 -3.597901775146974401e-01
1.710000000010746248e+02 -1.442971698547021731e-01
1.715000000010841177e+02 -1.029145452606137906e-01
1.720000000010936390e+02 -6.383907770584147379e-01
1.725000000011031318e+02 -1.185769087194540050e-01
1.730000000011126531e+02 -2.178957219752609142e-01
1.735000000011221459e+02 -6.470708987786738531e-01
1.740000000011316672e+02 -3.802408951125775260e-01
1.745000000011411601e+02 -2.447969734087656057e-01
1.750000000011506813e+02 -5.687951135381300594e-01
1.755000000011601742e+02 -4.652833672217678296e-01
1.760000000011696670e+02 -3.595133107631288127e-01
1.765000000011791883e+02 -5.540553297651162890e-01
1.770000000011886812e+02 -3.473401203221652134e-01
1.775000000011982024e+02 -1.309680149656771708e-01
1.780000000012076953e+02 -4.355545964682270288e-01
1.785000000012172165e+02 -8.292320790963774169e-01
1.790000000012267094e+02 -4.024534487047152220e-01
1.795000000012362023e+02 -1.327289629051106312e-01
1.800000000012457235e+02 -5.576867169959753845e-01
1.805000000012552164e+02 -3.272522770189383867e-01
1.810000000012647376e+02 -9.819878271358030430e-02
1.815000000012742305e+02 -1.325927856239930702e-01
1.820000000012837518e+02 -4.945485381528054725e-01
1.825000000012932446e+02 -2.311118057488904531e-01
1.830000000013027659e+02 -2.196833039988021763e-01
1.835000000013122587e+02 -5.721642332512254514e-01
1.840000000013217516e+02 -1.841880479688854932e-01
1.845000000013312729e+02 -4.757806673168049061e-01
1.850000000013407657e+02 -4.890574521694195376e-01
1.855000000013502870e+02 -2.278471328916012451e-01
1.860000000013597798e+02 -5.000090176599950587e-01
1.865000000013693011e+02 -5.301511237089521211e-01
1.870000000013787940e+02 -5.371410064581809696e-01
1.875000000013882868e+02 -5.916780665352611157e-01
1.880000000013978081e+02 -2.647294296021807103e-01
1.885000000014073009e+02 -2.780553753081178581e-01
1.890000000014168222e+02 -3.474153022773164290e-01
1.895000000014263151e+02 -6.295878790105924327e-01
1.900000000014358363e+02 -1.107216523719293383e-02
1.905000000014453292e+02 -2.523689865933919085e-01
1.910000000014548220e+02 -4.775124935468575416e-01
1.915000000014643433e+02 -3.089359951414719641e-01
1.920000000014738362e+02 -2.915189618381713310e-01
1.925000000014833574e+02 -3.880768710475859806e-01
1.930000000014928503e+02 -3.112246372084667700e-01
1.935000000015023716e+02 -1.168197605713222897e-01
1.940000000015118644e+02 5.472667295255923686e-02
1.945000000015213857e+02 -3.089306906180492862e-01
1.950000000015308785e+02 1.126355715762802738e-02
1.955000000015403714e+02 -4.258683441900009692e-01
1.960000000015498927e+02 -6.345049221246964466e-01
1.965000000015593855e+02 -4.683190309796878004e-01
1.970000000015689068e+02 -2.875537185644305160e-01
1.975000000015783996e+02 -3.487228324380177713e-01
1.980000000015879209e+02 6.004383083356875511e-02
1.985000000015974138e+02 -3.981906126432318560e-01
1.990000000016069066e+02 -6.217169270839651984e-01
1.995000000016164279e+02 -1.598622902859563044e-01
2.000000000016259207e+02 -9.855357142624616984e-02
2.005000000016354420e+02 -5.319399540868102738e-01
2.010000000016449349e+02 -6.609296470575256599e-01
2.015000000016544561e+02 -3.206127309284623750e-01
2.020000000016639490e+02 -3.332327888683405126e-01
2.025000000016734703e+02 -1.704798922917531157e-01
2.030000000016789556e+02 -5.789120157182846560e-01
2.035000000016659385e+02 -3.833024026768964698e-01
2.040000000016529214e+02 -1.428506746392193549e-01
2.045000000016398758e+02 -1.890385970260520521e-01
2.050000000016268586e+02 -1.236417984399971158e-02
2.055000000016138415e+02 -3.504350089184410932e-01
2.060000000016008244e+02 -3.004909294733718594e-01
2.065000000015878072e+02 -4.172301479682183900e-01
2.070000000015747617e+02 -3.172312434572691076e-01
2.075000000015617445e+02 -2.272471871075626149e-01
2.080000000015487274e+02 -2.086484200760205521e-01
2.085000000015357102e+02 -4.491870660248932223e-01
2.090000000015226931e+02 -1.165828770169769352e-01
2.095000000015096475e+02 -2.810714831857304419e-01
2.100000000014966304e+02 -4.344643652307836890e-01
2.105000000014836132e+02 -5.000017374286123140e-01
2.110000000014705961e+02 -4.278605853054474051e-01
2.115000000014575789e+02 -1.119067825587451298e-01
2.120000000014445618e+02 -3.425144872928866380e-01
2.125000000014315162e+02 -3.242381255603842272e-01
2.130000000014184991e+02 -3.384972514017696166e-01
2.135000000014054820e+02 -6.262451476950665619e-01
2.140000000013924648e+02 -4.515917979807300697e-01
2.145000000013794477e+02 -3.196513157921241355e-01
2.150000000013664021e+02 -4.216447435254616072e-01
2.155000000013533850e+02 -2.496817387644669206e-01
2.160000000013403678e+02 -2.938333861102608857e-01
2.165000000013273507e+02 -1.068792264483870158e-01
2.170000000013143335e+02 -4.853351617949084318e-01
2.175000000013013164e+02 -3.579610834526312790e-01
2.180000000012882708e+02 -3.925490890941337740e-01
2.185000000012752537e+02 -6.238839188962967963e-01
2.190000000012622365e+02 -2.938683961618649421e-01
2.195000000012492194e+02 -5.333748784088790940e-01
2.200000000012362023e+02 -1.760392876903942860e-01
2.205000000012231567e+02 -1.753639214097921228e-01
2.210000000012101395e+02 -6.297156597345684448e-01
2.215000000011971224e+02 -4.577179500408098956e-02
2.220000000011841053e+02 -1.417206805222882837e-01
2.225000000011710881e+02 -1.921122071285415456e-01
2.230000000011580710e+02 -8.833408832753804063e-01
2.235000000011450254e+02 -4.069419366270708993e-01
2.240000000011320083e+02 -4.322957205788663382e-02
2.245000000011189911e+02 -5.316921482592140702e-01
2.250000000011059740e+02 -5.757716746340747482e-01
2.255000000010929568e+02 -4.169951026379672965e-01
2.260000000010799113e+02 -5.184844717281532622e-01
2.265000000010668941e+02 -2.367840299944750926e-01
2.270000000010538770e+02 -1.493430861713142266e-01
2.275000000010408598e+02 -6.025679942480850482e-01
2.280000000010278427e+02 -2.979445576893591241e-01
2.285000000010148256e+02 -1.527404580618877405e-01
2.290000000010017800e+02 -5.216586305567010307e-01
2.295000000009887628e+02 -2.809275230780584054e-01
2.300000000009757457e+02 1.085907857794205233e-01
2.305000000009627286e+02 -4.209176147743826646e-01
2.310000000009497114e+02 -2.497096960280691114e-01
2.315000000009366659e+02 -1.381122078744801730e-02
2.320000000009236487e+02 -4.069615055159019334e-01
2.325000000009106316e+02 -3.705660599760040586e-01
2.330000000008976144e+02 -2.543396697993006161e-01
2.335000000008845973e+02 -1.755002025586961945e-01
2.340000000008715517e+02 -3.256476150054442020e-01
2.345000000008585346e+02 -2.462802559495431420e-01
2.350000000008455174e+02 -3.501936204020411059e-01
2.355000000008325003e+02 -2.755881957742032928e-01
2.360000000008194831e+02 -2.807817186553898670e-01
2.365000000008064660e+02 -3.646309697575661479e-01
2.370000000007934204e+02 -3.428804322852703201e-01
2.375000000007804033e+02 -5.217455369125584275e-01
2.380000000007673862e+02 -5.173569323227070749e-01
2.385000000007543690e+02 -3.618944425976661772e-01
2.390000000007413519e+02 -3.012147464830787214e-01
2.395000000007283063e+02 -1.417424841649880529e-01
2.400000000007152892e+02 -5.773108202639227748e-01
2.405000000007022720e+02 -2.111154518842008054e-01
2.410000000006892549e+02 -4.069358710665829104e-01
2.415000000006762377e+02 -1.719567068556579759e-01
2.420000000006632206e+02 -6.732419060184549053e-01
2.425000000006501750e+02 -6.950250960347328921e-02
2.430000000006371579e+02 -5.229727096333069980e-01
2.435000000006241407e+02 -2.298137155198977377e-01
2.440000000006111236e+02 -4.385035312241936101e-02
2.445000000005981065e+02 -6.220205519679992134e-01
2.450000000005850609e+02 -4.160085358092034946e-01
2.455000000005720437e+02 -2.470223205680531220e-01
2.460000000005590266e+02 -4.954291603127942700e-01
2.465000000005460095e+02 -6.631859568128831706e-01
2.470000000005329923e+02 -2.589987884737722790e-01
2.475000000005199752e+02 -4.862512501707467738e-01
2.480000000005069296e+02 -3.737725728770211475e-01
2.485000000004939125e+02 -2.846209297546903882e-01
2.490000000004808953e+02 -1.411894630089795266e-01
2.495000000004678782e+02 -4.237562017610744247e-01
2.500000000004548610e+02 -1.095314498464407121e-01
2.505000000004418155e+02 -3.034532450689276240e-01
2.510000000004287983e+02 -5.908105072588545337e-01
2.515000000004157812e+02 -4.801823042600281144e-01
2.520000000004027640e+02 -2.743589393378648711e-01
2.525000000003897469e+02 -4.588969268847293836e-01
2.530000000003767013e+02 -4.776582439350887110e-01
2.535000000003636842e+02 -2.560349099909060566e-01
2.540000000003506671e+02 8.730645934966618782e-02
2.545000000003376499e+02 -5.014258049647918325e-01
2.550000000003246328e+02 -4.578547816515856073e-01
2.555000000003116156e+02 -2.097178025177344751e-01
2.560000000002985985e+02 -5.748151170823274647e-01
2.565000000002855813e+02 -5.058931392997314536e-01
2.570000000002725642e+02 -3.224397141055493909e-01
2.575000000002594902e+02 -5.008416927673857710e-01
2.580000000002464731e+02 -4.481062937430899118e-01
2.585000000002334559e+02 -2.003902610018165886e-01
2.590000000002204388e+02 -3.237306807494890748e-01
2.595000000002074216e+02 -2.626052849812093859e-01
2.600000000001944045e+02 -2.563562629082056787e-01
2.605000000001813873e+02 -2.211171640650760883e-01
2.610000000001683702e+02 -4.331864270185602495e-01
2.615000000001553531e+02 -3.844042154124089894e-01
2.620000000001423359e+02 -5.337468723347192634e-02
2.625000000001292619e+02 -2.964574345662197019e-01
2.630000000001162448e+02 -4.365385333637470389e-01
2.635000000001032276e+02 -2.388297770569425826e-01
2.640000000000902105e+02 -4.442134318834333739e-01
2.645000000000771934e+02 -1.836590105646746518e-01
2.650000000000641762e+02 -1.357120141529203905e-01
2.655000000000511591e+02 -2.562295578239035532e-01
2.660000000000381419e+02 -5.528231801817043989e-01
2.665000000000251248e+02 -3.386077158564613221e-01
2.670000000000121076e+02 -1.601619247781711219e-01
2.674999999999990905e+02 -8.914630057333682023e-02
2.679999999999860165e+02 -3.204300563581767847e-01
2.684999999999729994e+02 -3.822772459737205919e-01
2.689999999999599822e+02 -4.212959342820452036e-01
2.694999999999469651e+02 -2.068128724522113882e-01
2.699999999999339479e+02 -3.487428629748994258e-01
2.704999999999209308e+02 -1.007271187389229550e-01
2.709999999999079137e+02 -4.685139621152856204e-01
2.714999999998948965e+02 -3.900567272443031253e-01
2.719999999998818794e+02 -4.247652133004599095e-01
2.724999999998688622e+02 -4.187818189639854194e-01
2.729999999998558451e+02 -6.810664015735327093e-01
2.734999999998427711e+02 -4.442381578034843015e-01
2.739999999998297540e+02 -1.297164778966820586e-01
2.744999999998167368e+02 -4.779969816258412552e-01
2.749999999998037197e+02 -1.965164166130495826e-01
2.754999999997907025e+02 -3.606341457054035859e-01
2.759999999997776854e+02 -3.856165811110223718e-01
2.764999999997646682e+02 -4.707097773691231724e-01
2.769999999997516511e+02 -2.935258678115840736e-01
2.774999999997386340e+02 -6.754018438161432103e-01
2.779999999997256168e+02 -3.572236970696752723e-01
2.784999999997125997e+02 -2.189457486984484891e-01
2.789999999996995257e+02 -5.111263454374546100e-01
2.794999999996865085e+02 -1.961867092034145221e-01
2.799999999996734914e+02 -1.891401331804971608e-01
2.804999999996604743e+02 -2.496773614674237807e-01
2.809999999996474571e+02 -4.168457514663668761e-01
2.814999999996344400e+02 -4.538984008812421145e-01
2.819999999996214228e+02 -4.329702054128362620e-01
2.824999999996084057e+02 -1.343991271878285376e-01
2.829999999995953885e+02 -2.561926947154049561e-01
2.834999999995823714e+02 -7.347873186462121620e-01
2.839999999995693543e+02 -5.393879184799676985e-01
2.844999999995562803e+02 -4.548346993971827401e-01
2.849999999995432631e+02 -4.775724354717511000e-01
2.854999999995302460e+02 -4.863481656820460852e-01
2.859999999995172288e+02 -2.675204599620317203e-01
2.864999999995042117e+02 -3.695268693510128655e-01
2.869999999994911946e+02 -5.317890749050783183e-01
2.874999999994781774e+02 -2.522669624546706180e-01
2.879999999994651603e+02 -5.453023883518812731e-01
2.884999999994521431e+02 -4.553467243916182738e-01
2.889999999994391260e+02 -4.553846957011635221e-01
2.894999999994261088e+02 -1.515089942676930979e-01
2.899999999994130349e+02 -4.697991843569763182e-01
2.904999999994000177e+02 -3.262193297980895412e-01
2.909999999993870006e+02 -2.617254343123704974e-01
2.914999999993739834e+02 1.714964978511669402e-01
2.919999999993609663e+02 -3.507970851606240781e-01
2.924999999993479491e+02 -6.416700546961529028e-01
2.929999999993349320e+02 -3.367956566237123583e-01
2.934999999993219149e+02 -2.209998855867466028e-01
2.939999999993088977e+02 -5.411023890223743971e-01
2.944999999992958806e+02 -2.500690833229217147e-01
2.949999999992828634e+02 -2.029190764053420692e-01
2.954999999992697894e+02 -4.880535134123883956e-01
2.959999999992567723e+02 -5.065260987863579034e-01
2.964999999992437552e+02 -5.154900117542197124e-01
2.969999999992307380e+02 -1.126274255139060876e-01
2.974999999992177209e+02 -5.934455992732763363e-01
2.979999999992047037e+02 -4.962404198155371260e-01
2.984999999991916866e+02 3.037321591186090131e-02
2.989999999991786694e+02 -4.395007388018631889e-01
2.994999999991656523e+02 -6.132680184565534320e-01
2.999999999991526352e+02 -2.244678798901874120e-02
3.004999999991396180e+02 -4.977062716183521252e-01
3.009999999991265440e+02 -4.385398406127496984e-01
3.014999999991135269e+02 -3.431690922293418322e-01
3.019999999991005097e+02 -4.718495456045033315e-02
3.024999999990874926e+02 -3.317614377033461515e-01
3.029999999990744755e+02 -2.643282708840969386e-01
3.034999999990614583e+02 -2.241538486766003757e-01
3.039999999990484412e+02 -3.559967136289743928e-01
3.044999999990354240e+02 -5.122712335680478235e-01
3.049999999990224069e+02 -2.855055377061049282e-01
3.054999999990093897e+02 -5.632930420301988095e-01
3.059999999989963158e+02 -2.015212324829006307e-01
3.064999999989832986e+02 -1.097822409224485651e-01
3.069999999989702815e+02 -3.215181405962621031e-01
3.074999999989572643e+02 -4.129230605970800605e-01
3.079999999989442472e+02 2.976211651242711975e-03
3.084999999989312300e+02 -5.039326361695544154e-01
3.089999999989182129e+02 -2.820938133917101354e-01
3.094999999989051958e+02 -5.325288735262853068e-01
3.099999999988921786e+02 -4.051792808962488834e-01
3.104999999988791615e+02 -6.078690438729439371e-01
3.109999999988661443e+02 -2.205840840098870215e-01
3.114999999988530703e+02 -3.863744967549144760e-01
3.119999999988400532e+02 -1.854033809810093358e-01
3.124999999988270361e+02 -6.912808272297448209e-01
3.129999999988140189e+02 -5.117951342528190839e-01
3.134999999988010018e+02 9.071582535437844319e-02
3.139999999987879846e+02 -4.829914544664493659e-01
3.144999999987749675e+02 -4.759593298998175404e-01
3.149999999987619503e+02 -1.291489091239929332e-01
3.154999999987489332e+02 -4.258016723285275584e-01
3.159999999987359161e+02 -3.690861396410461404e-01
3.164999999987228989e+02 -3.052489874016806048e-01
3.169999999987098249e+02 -4.423466892918281879e-01
3.174999999986968078e+02 -5.268299772447790907e-01
3.179999999986837906e+02 -3.300061980091678615e-01
3.184999999986707735e+02 -6.775675862000826166e-01
3.189999999986577564e+02 -3.548660312296718078e-01
3.194999999986447392e+02 -2.585126853166696548e-01
3.199999999986317221e+02 -1.248979341018132405e-01
3.204999999986187049e+02 -4.482312249904443213e-01
3.209999999986056878e+02 -3.835890171656967662e-01
3.214999999985926706e+02 -3.146945596706295922e-01
3.219999999985796535e+02 -2.862505069351848341e-01
3.224999999985665795e+02 -3.750272172668659421e-01
3.229999999985535624e+02 3.094723194638432373e-02
3.234999999985405452e+02 -5.037371337188824016e-01
3.239999999985275281e+02 -8.150509147400398779e-01
3.244999999985145109e+02 -1.471229353944681836e-02
3.249999999985014938e+02 -3.481013419124630581e-01
3.254999999984884766e+02 -3.771296658563022541e-01
3.259999999984754595e+02 -2.261817803191827347e-01
3.264999999984624424e+02 -4.143024373091533930e-01
3.269999999984494252e+02 -2.806532032360030127e-01
3.274999999984364081e+02 -2.638905798872958619e-01
3.279999999984233341e+02 -2.280833327833862723e-01
3.284999999984103169e+02 -5.555462278281543265e-01
3.289999999983972998e+02 -2.684923486819418281e-01
3.294999999983842827e+02 -2.546342052811446099e-01
3.299999999983712655e+02 -1.473174003959772660e-01
3.304999999983582484e+02 -2.801006819538594539e-01
3.309999999983452312e+02 -3.376683417862699765e-01
3.314999999983322141e+02 -5.852737801686510588e-01
3.319999999983191969e+02 -1.880424640094814359e-01
3.324999999983061798e+02 -4.163904302942577629e-01
3.329999999982931627e+02 -1.440243909510801890e-01
3.334999999982800887e+02 -8.753055167294280237e-01
3.339999999982670715e+02 -1.432907312147205237e-01
3.344999999982540544e+02 -6.527911746472931931e-01
3.349999999982410372e+02 -3.484876918718352590e-01
3.354999999982280201e+02 -3.210835437867406439e-01
3.359999999982150030e+02 -4.168139869015047294e-01
3.364999999982019858e+02 -5.822263896572503761e-01
3.369999999981889687e+02 -6.721335121327536299e-01
3.374999999981759515e+02 -2.356840717426544538e-02
3.379999999981629344e+02 -5.447925028197571073e-01
3.384999999981499172e+02 -5.489282364369570955e-01
3.389999999981368433e+02 -3.347611499853632711e-01
3.394999999981238261e+02 -1.075264401699927985e-01
3.399999999981108090e+02 -5.823331784046315018e-01
3.404999999980977918e+02 -3.070422936847091444e-01
3.409999999980847747e+02 -6.647273123857194710e-02
3.414999999980717575e+02 -3.991655657262090373e-01
3.419999999980587404e+02 -6.864427555249672519e-01
3.424999999980457233e+02 -1.127075895637345559e-01
3.429999999980327061e+02 -4.157915306949022116e-01
3.434999999980196890e+02 -4.822309818548109472e-01
3.439999999980066718e+02 -1.571177640982287793e-01
3.444999999979935978e+02 -4.045028768107954975e-01
3.449999999979805807e+02 -2.513360268123101537e-01
3.454999999979675636e+02 -3.561044749180229396e-01
3.459999999979545464e+02 -7.099472095722361153e-01
3.464999999979415293e+02 -2.661258830936943376e-01
3.469999999979285121e+02 -1.990389703681796352e-01
3.474999999979154950e+02 -3.076496018606852956e-01
3.479999999979024778e+02 -1.667748074454119545e-01
3.484999999978894607e+02 -4.783328149086416015e-01
3.489999999978764436e+02 1.371381202677840125e-02
3.494999999978633696e+02 -5.075760336876024015e-01
3.499999999978503524e+02 -2.785755989423091550e-01
3.504999999978373353e+02 -1.492059904303372209e-01
3.509999999978243181e+02 -6.975488199109489695e-01
3.514999999978113010e+02 -1.292542669726964577e-01
3.519999999977982839e+02 -2.836440977624654636e-01
3.524999999977852667e+02 -6.078788779021742084e-01
3.529999999977722496e+02 -2.715578631967117129e-01
3.534999999977592324e+02 -1.346109107597991961e-01
3.539999999977462153e+02 -6.628587958330394159e-01
3.544999999977331981e+02 -2.758679934254648636e-01
3.549999999977201242e+02 -3.478584304730286125e-01
3.554999999977071070e+02 -5.255417306630207896e-01
3.559999999976940899e+02 -3.435501507597247817e-01
3.564999999976810727e+02 -3.930554605267665980e-01
3.569999999976680556e+02 -3.879823398410079394e-01
3.574999999976550384e+02 -4.823254039356502515e-02
3.579999999976420213e+02 -4.292108852444987965e-01
3.584999999976290042e+02 -3.429898194423051105e-01
3.589999999976159870e+02 -5.248064017246065749e-01
3.594999999976029699e+02 -2.898343582800478324e-01
3.599999999975899527e+02 -2.239599934162704309e-01
3.604999999975768787e+02 -5.024529370339134715e-01
3.609999999975638616e+02 -3.800041922319511989e-01
3.614999999975508445e+02 -3.326342846855178115e-01
3.619999999975378273e+02 -3.157819149535808778e-01
3.624999999975248102e+02 -4.777907701423906861e-01
3.629999999975117930e+02 -5.044197586951476575e-01
3.634999999974987759e+02 -5.591811224138292236e-01
3.639999999974857587e+02 -5.671231246328075626e-01
3.644999999974727416e+02 -2.545956758404004372e-01
3.649999999974597245e+02 -4.984230800945987361e-01
3.654999999974467073e+02 -5.839387745571744670e-01
3.659999999974336333e+02 -6.768463203245225768e-02
3.664999999974206162e+02 -5.585511600403573196e-01
3.669999999974075990e+02 -4.977771438404517412e-01
3.674999999973945819e+02 -1.433805750538307555e-01
3.679999999973815648e+02 -5.608612251427970152e-01
3.684999999973685476e+02 -5.789656800520306262e-02
3.689999999973555305e+02 -4.686527398364279673e-01
3.694999999973425133e+02 -6.282582957100505405e-01
3.699999999973294962e+02 -2.394347112634126196e-01
3.704999999973164790e+02 -3.272893936660794534e-01
3.709999999973034619e+02 -3.150011586108968364e-01
3.714999999972903879e+02 -3.904747237634133561e-01
3.719999999972773708e+02 -5.484514635720063591e-01
3.724999999972643536e+02 -5.454413571140112049e-01
3.729999999972513365e+02 -2.949811339844912172e-01
3.734999999972383193e+02 -5.163712452251989493e-01
3.739999999972253022e+02 -3.300791502730182625e-01
3.744999999972122851e+02 -3.063198018968201763e-01
3.749999999971992679e+02 -5.118796376452645625e-01
3.754999999971862508e+02 -4.157901251772669338e-01
3.759999999971732336e+02 1.214823867604217060e-02
3.764999999971602165e+02 -2.409035184810180419e-01
3.769999999971471425e+02 -8.900663292431310047e-01
3.774999999971341254e+02 -1.554391497053196902e-01
3.779999999971211082e+02 -4.353003857598931048e-01
3.784999999971080911e+02 -4.628214232754545021e-01
3.789999999970950739e+02 4.437936694305467250e-02
3.794999999970820568e+02 -2.330129348239590448e-01
3.799999999970690396e+02 -4.214425084599404125e-01
3.804999999970560225e+02 -1.202592973503841395e-01
3.809999999970430054e+02 -2.865340308444777051e-01
3.814999999970299882e+02 -4.336517302415811570e-01
3.819999999970169711e+02 -3.744668648815943079e-01
3.824999999970038971e+02 4.528586397546846554e-02
3.829999999969908799e+02 -3.231628677093424384e-01
3.834999999969778628e+02 -4.535810021021451921e-01
3.839999999969648456e+02 -2.777006783475404750e-01
3.844999999969518285e+02 -1.200202006674465360e-01
3.849999999969388114e+02 -2.472961857087860593e-01
3.854999999969257942e+02 -4.782683148496476022e-01
3.859999999969127771e+02 -8.828180812586386428e-02
3.864999999968997599e+02 -3.804081350854141563e-01
3.869999999968867428e+02 -3.060618219853329380e-01
3.874999999968737256e+02 -2.561389001778613395e-01
3.879999999968606517e+02 -4.130270160670377888e-01
3.884999999968476345e+02 -3.593872259710667594e-01
3.889999999968346174e+02 -3.030033953444005723e-01
3.894999999968216002e+02 -1.770033900066439736e-01
3.899999999968085831e+02 -1.942629450275138725e-01
3.904999999967955659e+02 -4.267084973552212612e-01
3.909999999967825488e+02 -3.839991072740600586e-01
3.914999999967695317e+02 -3.146596038734831291e-01
3.919999999967565145e+02 -3.640583259398468274e-01
3.924999999967434974e+02 -1.904075324106583034e-01
3.929999999967304234e+02 -3.111212143640935679e-01
3.934999999967174062e+02 -4.447534195853594663e-01
3.939999999967043891e+02 -3.624318177644016425e-01
3.944999999966913720e+02 -2.375528104682038955e-01
3.949999999966783548e+02 2.549561064017606682e-02
3.954999999966653377e+02 -3.469045956382285079e-01
3.959999999966523205e+02 -8.733035249971539404e-02
3.964999999966393034e+02 -3.743763323244270191e-01
3.969999999966262862e+02 -4.885955648002796026e-01
3.974999999966132691e+02 -2.462197714923886616e-01
3.979999999966002520e+02 -1.684920490066243309e-02
3.984999999965871780e+02 -3.418676689107829070e-01
3.989999999965741608e+02 -4.834386759903968600e-01
3.994999999965611437e+02 -4.153380778660706318e-01
3.999999999965481265e+02 -2.237991762370983295e-01
4.004999999965351094e+02 -3.736341522861474918e-01
4.009999999965220923e+02 -4.163227020552679458e-01
4.014999999965090751e+02 -1.968369212819033320e-01
4.019999999964960580e+02 -3.155688701996987588e-01
4.024999999964830408e+02 -1.209861134169954722e-01
4.029999999964700237e+02 -1.798199803641240269e-01
4.034999999964570065e+02 -4.694115218706081949e-01
4.039999999964439326e+02 -7.404810853636364931e-02
4.044999999964309154e+02 -2.344245540472326417e-01
4.049999999964178983e+02 -5.259121085548105201e-01
4.054999999964048811e+02 -1.433153415875979275e-01
4.059999999964079507e+02 -2.493264499436125547e-01
4.064999999964400104e+02 -3.014217172304536341e-01
4.069999999964720132e+02 -4.706917228419280064e-01
4.074999999965040729e+02 -3.237757903724426956e-01
4.079999999965360757e+02 -4.280493314110745406e-01
4.084999999965681354e+02 -3.791210356301092932e-01
4.089999999966001383e+02 -3.594843769338367245e-01
4.094999999966321980e+02 -2.727531996910356193e-01
4.099999999966642008e+02 -5.472523601366512391e-01
4.104999999966962605e+02 -2.158246226706824755e-01
4.109999999967282633e+02 -3.966110384320847837e-01
4.114999999967603230e+02 -6.503881797171475743e-01
4.119999999967923259e+02 -6.026409368893743679e-01
4.124999999968243856e+02 -2.209084686810539877e-01
4.129999999968563884e+02 -3.095148445374990565e-01
4.134999999968884481e+02 -5.848209962089943037e-01
4.139999999969205078e+02 -5.672021282994316183e-01
4.144999999969525106e+02 -5.913347248968520153e-01
4.149999999969845703e+02 -2.007431215136955271e-01
4.154999999970165732e+02 -5.491333479779749727e-01
4.159999999970486328e+02 -2.438505508863669097e-02
4.164999999970806357e+02 -4.454953732421674806e-01
4.169999999971126954e+02 -3.175853684698839441e-01
4.174999999971446982e+02 -5.322631372739266009e-01
4.179999999971767579e+02 -6.491848769892828719e-02
4.184999999972087608e+02 -3.731545954943444321e-01
4.189999999972408204e+02 -4.770140566273415872e-01
4.194999999972728233e+02 -5.748017735930945893e-01
4.199999999973048830e+02 -2.686527082619150075e-01
4.204999999973368858e+02 -5.744237818449734467e-01
4.209999999973689455e+02 -2.539730166138439160e-01
4.214999999974009484e+02 -4.420448176486903025e-01
4.219999999974330080e+02 -3.337769434790284762e-01
4.224999999974650109e+02 -2.643544098416485411e-01
4.229999999974970706e+02 -5.739915137095429332e-01
4.234999999975291303e+02 -1.740550989712836005e-01
4.239999999975611331e+02 4.975199897103059488e-02
4.244999999975931928e+02 -2.288860517714773612e-01
4.249999999976251956e+02 -4.024201303140125252e-01
4.254999999976572553e+02 -2.646565128406346279e-01
4.259999999976892582e+02 -1.353543500361231167e-01
4.264999999977213179e+02 -3.522678141758419090e-01
4.269999999977533207e+02 -3.417668489403328236e-01
4.274999999977853804e+02 -1.958340292678659444e-01
4.279999999978173832e+02 -4.115838258425698060e-01
4.284999999978494429e+02 -7.826446327938483272e-01
4.289999999978814458e+02 -1.022675212846457377e-01
4.294999999979135055e+02 1.533157830293239814e-02
4.299999999979455083e+02 -6.436044295733795995e-01
4.304999999979775680e+02 -5.704270293045690110e-01
4.309999999980095708e+02 -1.802597943965248140e-01
4.314999999980416305e+02 -3.293226033902967309e-01
4.319999999980736902e+02 -5.789384690709167280e-01
4.324999999981056931e+02 -1.553637925545355847e-01
4.329999999981377528e+02 -2.462302227909500263e-01
4.334999999981697556e+02 -1.237686514070293620e-01
4.339999999982018153e+02 -1.109608223531271531e-01
4.344999999982338181e+02 -1.114144977136847514e-01
4.349999999982658778e+02 -1.501499190856395716e-01
4.354999999982978807e+02 -5.770106381450791355e-01
4.359999999983299404e+02 -5.541889589980968367e-01
4.364999999983619432e+02 -8.407258952378007799e-02
4.369999999983940029e+02 -3.245836701591134354e-01
4.374999999984260057e+02 -4.006830236230884967e-01
4.379999999984580654e+02 -1.772171863572297168e-01
4.384999999984900683e+02 -5.054219428858172103e-01
4.389999999985221280e+02 -2.315736453290896391e-01
4.394999999985541308e+02 -3.088998338011604283e-01
4.399999999985861905e+02 -3.372543561920091082e-01
4.404999999986182502e+02 -4.268841822663279606e-01
4.409999999986502530e+02 -4.947131361872056932e-01
4.414999999986823127e+02 -2.924477304265790667e-01
4.419999999987143156e+02 -5.194840813489780551e-01
4.424999999987463752e+02 -6.223156939183183134e-01
4.429999999987783781e+02 -1.073466110734611900e-01
4.434999999988104378e+02 -1.406311174052161383e-01
4.439999999988424406e+02 -2.866484558888268142e-01
4.444999999988745003e+02 -7.486559738661499042e-01
4.449999999989065032e+02 -3.231055179353685691e-01
4.454999999989385628e+02 -2.166109995587466031e-01
4.459999999989705657e+02 -3.842925430253519292e-01
4.464999999990026254e+02 -1.028310963417673612e-01
4.469999999990346282e+02 -3.222602111411567716e-01
4.474999999990666879e+02 -5.906759375817555169e-01
4.479999999990986908e+02 -4.112715433407351240e-01
4.484999999991307504e+02 -2.525680931851351785e-01
4.489999999991627533e+02 -5.789112136289452648e-01
4.494999999991948130e+02 -7.713282324410783986e-01
4.499999999992268727e+02 -1.849533063495253093e-01
4.504999999992588755e+02 -5.826868849433111119e-01
4.509999999992909352e+02 -6.512284123490886811e-01
4.514999999993229380e+02 -2.725083983408101429e-01
4.519999999993549977e+02 -7.752052910126515650e-01
4.524999999993870006e+02 -2.336665802330009645e-01
4.529999999994190603e+02 -2.985972030058203774e-01
4.534999999994510631e+02 -5.856288061165276781e-01
4.539999999994831228e+02 -3.063300552843434277e-01
4.544999999995151256e+02 -2.610965768406145471e-01
4.549999999995471853e+02 -2.897632393579152033e-01
4.554999999995791882e+02 -2.401680055615816045e-01
4.559999999996112479e+02 -4.904481211164250509e-01
4.564999999996432507e+02 -5.085202075039008118e-01
4.569999999996753104e+02 -3.632883773323769550e-01
4.574999999997073132e+02 -1.819633439941666653e-01
4.579999999997393729e+02 1.139687610821283476e-02
4.584999999997714326e+02 -4.810138570352752718e-01
4.589999999998034355e+02 -4.798535920464413462e-01
4.594999999998354951e+02 -1.435784378061998323e-01
4.599999999998674980e+02 -3.653379770524171066e-01
4.604999999998995577e+02 -5.336952383651286658e-01
4.609999999999315605e+02 -1.573045889437224287e-01
4.614999999999636202e+02 -2.380386434984464727e-01
4.619999999999956231e+02 -3.771223639934417893e-01
4.625000000000276827e+02 -9.014911820888250882e-02
4.630000000000596856e+02 -3.374389488505652457e-01
4.635000000000917453e+02 -4.480432594023863735e-01
4.640000000001237481e+02 8.256697833195535130e-02
4.645000000001558078e+02 -5.478000352633217718e-01
4.650000000001878107e+02 -8.590541311867748719e-01
4.655000000002198703e+02 1.617260015670710649e-01
4.660000000002518732e+02 -4.187259565131117856e-01
4.665000000002839329e+02 -9.799055561798504232e-01
4.670000000003159357e+02 -1.600500764058790104e-01
4.675000000003479954e+02 -4.991325058369733836e-01
4.680000000003800551e+02 -3.937215176169514552e-01
4.685000000004120579e+02 -3.460532861592632292e-01
4.690000000004441176e+02 -7.716032541518261789e-01
4.695000000004761205e+02 -2.187411295091311048e-01
4.700000000005081802e+02 -4.396612956991594046e-01
4.705000000005401830e+02 -5.110371535969731038e-01
4.710000000005722427e+02 -1.900300507724656529e-01
4.715000000006042455e+02 -3.861924191083802582e-01
4.720000000006363052e+02 -6.028594257057118266e-01
4.725000000006683081e+02 -3.834970876773192705e-01
4.730000000007003678e+02 -3.670647811906406210e-01
4.735000000007323706e+02 -4.547230493685396890e-01
4.740000000007644303e+02 -1.994185109970321168e-01
4.745000000007964331e+02 -2.847607098615607679e-01
4.750000000008284928e+02 -9.507242004966705295e-02
4.755000000008604957e+02 -1.477419844409813832e-01
4.760000000008925554e+02 -5.018131715153888450e-01
4.765000000009246151e+02 -1.063792877841392842e-02
4.770000000009566179e+02 -2.182303656651418122e-01
4.775000000009886776e+02 -1.743329094425018488e-01
4.780000000010206804e+02 -4.356368821838585981e-01
4.785000000010527401e+02 -5.067555453839124591e-02
4.790000000010847430e+02 -1.339298483745034463e-01
4.795000000011168027e+02 -3.046199116769650606e-01
4.800000000011488055e+02 -5.608222018943079812e-01
4.805000000011808652e+02 -2.707241004234592352e-01
4.810000000012128680e+02 1.619484052893128967e-01
4.815000000012449277e+02 -5.014787781290732660e-01
4.820000000012769306e+02 -3.827385676794289315e-01
4.825000000013089902e+02 6.689289398649334029e-02
4.830000000013409931e+02 -2.757002441130803061e-01
4.835000000013730528e+02 2.791089866106623296e-02
4.840000000014050556e+02 -4.875667613176907222e-01
4.845000000014371153e+02 -3.558398005417600651e-01
4.850000000014691750e+02 -3.000030688079415309e-01
4.855000000015011778e+02 -4.646115965508769707e-01
4.860000000015332375e+02 -4.246662946902884928e-01
4.865000000015652404e+02 -3.757182045608143395e-01
4.870000000015973001e+02 -2.853687524538998654e-01
4.875000000016293029e+02 -2.667761556644610010e-01
4.880000000016613626e+02 1.318629830763239918e-01
4.885000000016933654e+02 -3.217083492852909621e-01
4.890000000017254251e+02 -5.412126994660516610e-01
4.895000000017574280e+02 -6.301053235967086774e-01
4.900000000017894877e+02 -4.207697864437161539e-01
4.905000000018214905e+02 -5.043795071179268952e-02
4.910000000018535502e+02 -1.718714832586423213e-01
4.915000000018855530e+02 -5.868760927727556531e-01
4.920000000019176127e+02 -3.401917041604851089e-01
4.925000000019496156e+02 -6.401527464103284881e-01
4.930000000019816753e+02 -5.069457974766264918e-01
4.935000000020136781e+02 -2.080570055413527020e-01
4.940000000020457378e+02 -3.222094132576234782e-01
4.945000000020777975e+02 -2.000092656712925687e-01
4.950000000021098003e+02 -8.614434852550707511e-01
4.955000000021418600e+02 -2.129077475403916286e-01
4.960000000021738629e+02 -1.381128193094914303e-01
4.965000000022059226e+02 -6.907343528556018075e-01
4.970000000022379254e+02 -5.031800126388729089e-01
4.975000000022699851e+02 -8.372690993498317635e-02
4.980000000023019879e+02 -2.643948624556838323e-01
4.985000000023340476e+02 -5.261031193982044218e-01
4.990000000023660505e+02 -4.078194594519314320e-01
4.995000000023981102e+02 -1.734820200728059147e-01
5.000000000024301130e+02 -2.568316507974415797e-01
5.005000000024621727e+02 -3.869279979061660546e-01
5.010000000024941755e+02 -4.414611421979484085e-01
5.015000000025262352e+02 -2.118354031380351998e-01
5.020000000025582381e+02 -5.350303219146863576e-01
5.025000000025902978e+02 -2.979213866979009695e-01
5.030000000026223574e+02 -2.997807004758896166e-01
5.035000000026543603e+02 -1.244107186219971933e-01
5.040000000026864200e+02 -3.720924979920705589e-01
5.045000000027184228e+02 -2.843720890585422767e-01
5.050000000027504825e+02 -1.851357989020935846e-01
5.055000000027824854e+02 -2.016109885540431357e-01
5.060000000028145450e+02 -4.320216583799735277e-01
5.065000000028465479e+02 -1.838701691841537478e-01
5.070000000028786076e+02 -1.581093485628173312e-01
5.075000000029106104e+02 -3.138048155477868306e-01
5.080000000029426701e+02 -2.093795105793172795e-01
5.085000000029746730e+02 -5.695704330324172782e-01
5.090000000030067326e+02 -2.086990253943869777e-01
5.095000000030387355e+02 -3.732608524024578212e-01
5.100000000030707952e+02 -5.000695511859338804e-01
5.105000000031027980e+02 -1.881772534284431586e-01
5.110000000031348577e+02 -5.800831812319893199e-01
5.115000000031668606e+02 -1.437268995119855008e-01
5.120000000031989202e+02 -6.072677106566586047e-02
5.125000000032309799e+02 -4.609341413776186780e-01
5.130000000032630396e+02 -1.351736748712960290e-01
5.135000000032949856e+02 -1.233264361667098241e-01
5.140000000033270453e+02 -4.607009534794007100e-01
5.145000000033591050e+02 -3.234555556735372872e-01
5.150000000033911647e+02 -2.135549278226786807e-01
5.155000000034231107e+02 -6.990019975785888295e-01
5.160000000034551704e+02 -8.202288642013423337e-01
5.165000000034872301e+02 -1.460328400492191536e-01
5.170000000035192897e+02 -1.508316666488407343e-01
5.175000000035512357e+02 -5.079323695956419193e-01
5.180000000035832954e+02 -5.170859155229485804e-01
5.185000000036153551e+02 -4.553011404654652150e-01
5.190000000036474148e+02 -3.947567782939935266e-01
5.195000000036793608e+02 1.892830731563552651e-02
5.200000000037114205e+02 -3.016602514033440152e-01
5.205000000037434802e+02 -1.846649812687201075e-01
5.210000000037755399e+02 -2.506124642203662600e-01
5.215000000038075996e+02 -2.412686556599875631e-01
5.220000000038395456e+02 -4.703043571390245203e-01
5.225000000038716053e+02 -3.332390115996821112e-01
5.230000000039036649e+02 -7.840764239149480841e-02
5.235000000039357246e+02 -1.779681918296739662e-01
5.240000000039676706e+02 -4.689081280828023557e-01
5.245000000039997303e+02 -2.713297862752251932e-01
5.250000000040317900e+02 -1.299507912656205910e-01
5.255000000040638497e+02 -3.675320993222198629e-01
5.260000000040957957e+02 -7.914888615261964772e-03
5.265000000041278554e+02 -4.969233858713005270e-01
5.270000000041599151e+02 -5.320099477502758800e-01
5.275000000041919748e+02 -8.607895614452947680e-03
5.280000000042239208e+02 -7.363955217681251997e-02
5.285000000042559805e+02 -2.446843877247792398e-01
5.290000000042880401e+02 -1.490790883881756845e-01
5.295000000043200998e+02 -1.096556601008265852e-01
5.300000000043521595e+02 -3.931820568206512156e-01
5.305000000043841055e+02 -4.323891205566672280e-01
5.310000000044161652e+02 -3.865262944659931810e-01
5.315000000044482249e+02 -3.915966271495400219e-01
5.320000000044802846e+02 -5.548049239547384603e-01
5.325000000045122306e+02 -3.281428601511122978e-02
5.330000000045442903e+02 -7.021086096553685874e-02
5.335000000045763500e+02 -4.979621284561919214e-01
5.340000000046084097e+02 -4.631070178602826881e-01
5.345000000046403557e+02 -2.194547258782130195e-01
5.350000000046724153e+02 -1.882840625544545884e-02
5.355000000047044750e+02 -2.643162141490250638e-01
5.360000000047365347e+02 -5.656690770274918068e-01
5.365000000047684807e+02 -3.754996341322273112e-01
5.370000000048005404e+02 -2.097143736033602324e-01
5.375000000048326001e+02 -4.101728719061487616e-01
5.380000000048646598e+02 -2.584982881831269785e-01
5.385000000048967195e+02 -3.679331079008061889e-01
5.390000000049286655e+02 -6.559647298455545394e-01
5.395000000049607252e+02 -1.465225407482746989e-01
5.400000000049927849e+02 -4.207265846975586365e-01
5.405000000050248445e+02 -2.726514585792298440e-01
5.410000000050567905e+02 -2.389989965811077643e-01
5.415000000050888502e+02 -2.584564537191153533e-01
5.420000000051209099e+02 -5.193278108558379014e-01
5.425000000051529696e+02 -2.748483543541991314e-01
5.430000000051849156e+02 -4.532308325443285546e-01
5.435000000052169753e+02 -3.355082306802011360e-01
5.440000000052490350e+02 -1.203857728874592470e-01
5.445000000052810947e+02 -3.793762475986375282e-01
5.450000000053130407e+02 -6.982339077859212040e-01
5.455000000053451004e+02 -3.838318880376217490e-01
5.460000000053771601e+02 -1.341615230492630428e-01
5.465000000054092197e+02 -7.940692338992703936e-02
5.470000000054411657e+02 -3.762640341124560694e-01
5.475000000054732254e+02 -2.950186450686339557e-01
5.480000000055052851e+02 -3.505563322319950603e-01
5.485000000055373448e+02 -5.637983421663357309e-01
5.490000000055694045e+02 -4.978442660189792424e-01
5.495000000056013505e+02 -1.727446442508984992e-01
5.500000000056334102e+02 -2.487746122663919146e-01
5.505000000056654699e+02 -5.007493122222752557e-01
5.510000000056975296e+02 -3.902303067292643979e-01
5.515000000057294756e+02 -3.138994461126764501e-01
5.520000000057615352e+02 -1.745672018929852187e-01
5.525000000057935949e+02 -2.657508801331998419e-02
5.530000000058256546e+02 -4.712755848310703488e-01
5.535000000058576006e+02 -4.405761993304124213e-01
5.540000000058896603e+02 -3.474521423417967214e-02
5.545000000059217200e+02 -2.644513060815333327e-01
5.550000000059537797e+02 -4.229509904291244848e-01
5.555000000059857257e+02 -5.142569581297925518e-01
5.560000000060177854e+02 -1.809875366660426699e-01
5.565000000060498451e+02 -2.916521105031958938e-01
5.570000000060819048e+02 -5.330839944239055272e-01
5.575000000061139644e+02 -3.560466929906799249e-01
5.580000000061459104e+02 -3.874570445698899968e-01
5.585000000061779701e+02 -1.292770943106487935e-01
5.590000000062100298e+02 -3.912851211672210318e-03
5.595000000062420895e+02 -4.375802909145865560e-01
5.600000000062740355e+02 -2.447484873057829968e-01
5.605000000063060952e+02 -1.006951675805268648e-01
5.610000000063381549e+02 -3.086826253027947775e-01
5.615000000063702146e+02 -3.829590808199049290e-01
5.620000000064021606e+02 -3.901114581858350361e-01
5.625000000064342203e+02 -3.664697550028534478e-01
5.630000000064662800e+02 -4.360987370009156150e-02
5.635000000064983396e+02 -3.290742106716598725e-01
5.640000000065302856e+02 -5.253430777656936668e-01
5.645000000065623453e+02 -4.615677456149961944e-01
5.650000000065944050e+02 -3.216888173658823957e-01
5.655000000066264647e+02 -2.845531510260675412e-01
5.660000000066585244e+02 -5.184570950642046760e-01
5.665000000066904704e+02 -4.102533010223293752e-01
5.670000000067225301e+02 -2.168241237127933041e-01
5.675000000067545898e+02 -4.099172467694935373e-01
5.680000000067866495e+02 -7.411531106348798192e-02
5.685000000068185955e+02 -1.441278570199533149e-01
5.690000000068506552e+02 -3.724108062697730204e-01
5.695000000068827148e+02 -1.327020655625977819e-01
5.700000000069147745e+02 -6.451432610168837678e-02
5.705000000069467205e+02 -4.440667373472023671e-01
5.710000000069787802e+02 -4.829181160529770755e-01
5.715000000070108399e+02 -5.272237475743921653e-01
5.720000000070428996e+02 -2.032602653349904198e-01
5.725000000070748456e+02 -6.092844078627277504e-01
5.730000000071069053e+02 -4.538983975728460019e-01
5.735000000071389650e+02 -3.366874877566766733e-01
5.740000000071710247e+02 -1.760616676747764064e-01
5.745000000072030844e+02 -6.206928494121157769e-01
5.750000000072350304e+02 -4.055857186885628574e-01
5.755000000072670900e+02 -1.334235419052649529e-01
5.760000000072991497e+02 -8.846646365105409471e-01
5.765000000073312094e+02 -4.271964890618213939e-01
5.770000000073631554e+02 -2.476668046211535357e-01
5.775000000073952151e+02 -7.542537684215792904e-02
5.780000000074272748e+02 -4.367614884148093291e-01
5.785000000074593345e+02 -4.087128930961176354e-01
5.790000000074912805e+02 -3.280281211121583995e-01
5.795000000075233402e+02 -5.471562211001258502e-01
5.800000000075553999e+02 -2.197574394187143954e-01
5.805000000075874595e+02 -2.457975209545444351e-01
5.810000000076194056e+02 -4.188446048873695204e-01
5.815000000076514652e+02 -2.563387899692790017e-01
5.820000000076835249e+02 -9.583665183774466023e-02
5.825000000077155846e+02 -4.073111318558061411e-01
5.830000000077476443e+02 -1.838027792308187525e-01
5.835000000077795903e+02 -1.140556581526180613e-01
5.840000000078116500e+02 -5.044449197819614872e-01
5.845000000078437097e+02 -2.852525505262693550e-01
5.850000000078757694e+02 -8.168092559655329432e-02
5.855000000079077154e+02 -2.095374736742658950e-01
5.860000000079397751e+02 -5.135624368696192071e-02
5.865000000079718347e+02 -2.814932664817543229e-01
5.870000000080038944e+02 -3.464570622897285013e-01
5.875000000080358404e+02 -2.437697893089591505e-01
5.880000000080679001e+02 -7.170099228483188189e-03
5.885000000080999598e+02 -7.376310923267591635e-01
5.890000000081320195e+02 -2.883944204915095955e-01
5.895000000081639655e+02 -1.216292517229530384e-01
5.900000000081960252e+02 -4.181214127720774693e-02
5.905000000082280849e+02 -3.445488733339756582e-01
5.910000000082601446e+02 -3.451015838953950809e-01
5.915000000082920906e+02 -5.608507089387823052e-01
5.920000000083241503e+02 -3.443718948860538531e-01
5.925000000083562099e+02 -4.453723986225585074e-01
5.930000000083882696e+02 -5.507300503064498365e-01
5.935000000084203293e+02 -1.342066607214489338e-01
5.940000000084522753e+02 -3.330337615570360676e-01
5.945000000084843350e+02 -3.759413293113088028e-01
5.950000000085163947e+02 -5.324596729836449799e-02
5.955000000085484544e+02 -4.929004934384420555e-01
5.960000000085804004e+02 -3.603159785195678144e-01
5.965000000086124601e+02 -4.343685732300623381e-01
5.970000000086445198e+02 -5.044897505427774487e-01
5.975000000086765795e+02 -1.739677312817999311e-01
5.980000000087085255e+02 -1.202242855922559112e-01
5.985000000087405851e+02 -2.997023654352445887e-01
5.990000000087726448e+02 -2.108191265603170939e-01
5.995000000088047045e+02 -1.331357171880360180e-01
6.000000000088366505e+02 -5.707072229889850190e-01
6.005000000088687102e+02 -2.946349919012600793e-01
6.010000000089007699e+02 -2.010262491539245300e-01
6.015000000089328296e+02 -2.520051520557771707e-01
6.020000000089648893e+02 -4.171475822169247172e-01
6.025000000089968353e+02 -5.755979709614611473e-01
6.030000000090288950e+02 -6.647907831000344769e-01
6.035000000090609547e+02 -2.332105929230075814e-01
6.040000000090930143e+02 -1.634367686087212501e-01
6.045000000091249603e+02 -5.571723317290482314e-01
6.050000000091570200e+02 -4.172310829884661731e-01
6.055000000091890797e+02 -1.348912395378120688e-01
6.060000000092211394e+02 -4.876724388510027541e-01
6.065000000092530854e+02 -5.075561303056562723e-01
6.070000000092851451e+02 -4.380741173384707365e-01
6.075000000093172048e+02 -3.312056457326526537e-01
6.080000000093492645e+02 -2.312109631077413074e-01
6.085000000093812105e+02 1.038189813315976151e-01
6.090000000094132702e+02 -3.953251995781678629e-01
6.095000000094453299e+02 -2.588659363799890589e-01
6.100000000094773895e+02 -3.693690933252835595e-01
6.105000000095094492e+02 -4.245693249216464515e-01
6.110000000095413952e+02 -2.069987337615840362e-01
6.115000000095734549e+02 -1.083407500907547505e-01
6.120000000096055146e+02 -2.889887733226285671e-01
6.125000000096375743e+02 -7.242112494014724122e-01
6.130000000096695203e+02 -2.955694104138661960e-01
6.135000000097015800e+02 -2.186902711174904673e-02
6.140000000097336397e+02 -2.998943426710695137e-01
6.145000000097656994e+02 -1.211759700430279779e-01
6.150000000097976454e+02 -4.549015616228003767e-01
6.155000000098297050e+02 -5.344574078056019140e-01
6.160000000098617647e+02 -1.016668553289052368e-01
6.165000000098938244e+02 -1.504537408025909406e-01
6.170000000099257704e+02 -3.997078783681592418e-01
6.175000000099578301e+02 -2.683377363292323570e-01
6.180000000099898898e+02 -4.673540805863844461e-01
6.185000000100219495e+02 -4.661612552515356778e-01
6.190000000100540092e+02 -6.178811618745635448e-01
6.195000000100859552e+02 -4.974304334250929105e-01
6.200000000101180149e+02 -3.352623896551373828e-01
6.205000000101500746e+02 -4.746709820468550944e-01
6.210000000101821342e+02 -4.368735184534711657e-01
6.215000000102140802e+02 -2.983474592175779372e-01
6.220000000102461399e+02 -2.652803288855389852e-01
6.225000000102781996e+02 2.125748032184206909e-02
6.230000000103102593e+02 -4.620393297297650248e-01
6.235000000103422053e+02 -4.269185019765232014e-01
6.240000000103742650e+02 -4.864364777482660385e-01
6.245000000104063247e+02 -3.715531396566125744e-01
6.250000000104383844e+02 -3.029166199850485408e-01
6.255000000104703304e+02 -5.216319555231769822e-01
6.260000000105023901e+02 -4.088829304509477014e-01
6.265000000105344498e+02 -2.089350852170730188e-01
6.270000000105665094e+02 -4.513698083931758087e-01
6.275000000105985691e+02 -4.728906397879639734e-01
6.280000000106305151e+02 -4.198125525778204636e-01
6.285000000106625748e+02 -5.204888781064404002e-01
6.290000000106946345e+02 -4.434582628293236573e-01
6.295000000107266942e+02 -2.750507208716689300e-01
6.300000000107586402e+02 -2.378054958964550269e-01
6.305000000107906999e+02 -5.719406682151129129e-01
6.310000000108227596e+02 -6.351212080989038222e-01
6.315000000108548193e+02 -3.073691652016944387e-01
6.320000000108867653e+02 -5.453401398129364974e-01
6.325000000109188250e+02 -7.149361208321893812e-01
6.330000000109508846e+02 -4.864198005972259486e-01
6.335000000109829443e+02 -5.844312014096965102e-01
6.340000000110148903e+02 -2.745664405491636262e-01
6.345000000110469500e+02 -2.193708751215272257e-01
6.350000000110790097e+02 -4.183796950486284305e-01
6.355000000111110694e+02 -1.331668962074116225e-01
6.360000000111430154e+02 -3.738614091085810665e-01
6.365000000111750751e+02 -4.023490487966077112e-01
6.370000000112071348e+02 -5.249149864459031756e-01
6.375000000112391945e+02 -4.782613881646664011e-01
6.380000000112712542e+02 -1.770573070853724840e-01
6.385000000113032002e+02 -6.316557105271936035e-01
6.390000000113352598e+02 -1.648913104074194447e-01
6.395000000113673195e+02 -5.155597126567563748e-01
6.400000000113993792e+02 -3.461212188408738233e-01
6.405000000114313252e+02 -4.080734475945087536e-01
6.410000000114633849e+02 -4.615924314317956800e-01
6.415000000114954446e+02 -7.982520757114934529e-02
6.420000000115275043e+02 -5.137135128443854892e-01
6.425000000115594503e+02 -6.642877530405437714e-01
6.430000000115915100e+02 -2.771734439094288294e-01
6.435000000116235697e+02 -3.314965042877190404e-01
6.440000000116556294e+02 -2.132990547984307539e-01
6.445000000116875754e+02 -5.384299364607585403e-01
6.450000000117196350e+02 -3.478627479764946351e-01
6.455000000117516947e+02 1.112646013148096552e-01
6.460000000117837544e+02 -4.073332696709253686e-01
6.465000000118158141e+02 -3.303971242717071433e-01
6.470000000118477601e+02 -8.803452411294963864e-02
6.475000000118798198e+02 6.157183380600469297e-02
6.480000000119118795e+02 -2.386766447684500747e-01
6.485000000119439392e+02 -5.670469430567827152e-01
6.490000000119758852e+02 -3.272583183726801570e-01
6.495000000120079449e+02 -2.005640838860867636e-01
6.500000000120400045e+02 -2.794154092105023413e-01
6.505000000120720642e+02 -4.172729476199368848e-01
6.510000000121040102e+02 -1.048840530865951526e-01
6.515000000121360699e+02 -4.908781907981385473e-01
6.520000000121681296e+02 -4.047647223606820610e-01
6.525000000122001893e+02 3.518841880562138119e-02
6.530000000122321353e+02 -5.952603299472053466e-01
6.535000000122641950e+02 -2.921151259098275776e-01
6.540000000122962547e+02 -3.980409218647604774e-01
6.545000000123283144e+02 -1.977430932445502498e-01
6.550000000123603741e+02 -5.267944885133963862e-01
6.555000000123923201e+02 -2.170010560762844765e-01
6.560000000124243797e+02 -3.131383557964689812e-01
6.565000000124564394e+02 -6.239802394394116103e-01
6.570000000124884991e+02 -4.267823773686579836e-01
6.575000000125204451e+02 -3.695561665877766244e-01
6.580000000125525048e+02 -3.322704902548265782e-01
6.585000000125845645e+02 -7.135128411676144866e-01
6.590000000126166242e+02 -2.578178517004926507e-01
6.595000000126485702e+02 -6.378250668838097992e-01
6.600000000126806299e+02 -6.284849109270270739e-01
6.605000000127126896e+02 -4.147694978381105124e-01
6.610000000127447493e+02 -3.405226856623398413e-01
6.615000000127766953e+02 -3.892919594651400028e-01
6.620000000128087549e+02 -6.324326129305047894e-01
6.625000000128408146e+02 -3.091789411993640102e-01
6.630000000128728743e+02 -3.107834743867649019e-01
6.635000000129049340e+02 -7.992534640917881017e-01
6.640000000129368800e+02 -5.065007062183595615e-02
6.645000000129689397e+02 -2.070019444070786419e-02
6.650000000130009994e+02 -6.299590997913446788e-01
6.655000000130330591e+02 -4.798144671479753209e-01
6.660000000130650051e+02 -1.502068814844982336e-01
6.665000000130970648e+02 -1.937412569200724910e-01
6.670000000131291245e+02 -5.823177437003577150e-01
6.675000000131611841e+02 -3.888524222586927093e-01
6.680000000131931301e+02 -2.892641958474896913e-01
6.685000000132251898e+02 -9.135853944955649175e-02
6.690000000132572495e+02 -5.601883849796586157e-01
6.695000000132893092e+02 -5.290172066790892469e-01
6.700000000133212552e+02 -3.744064243074806120e-01
6.705000000133533149e+02 -4.840253486251493986e-01
6.710000000133853746e+02 -5.407537349532652859e-01
6.715000000134174343e+02 -2.760379562217399885e-01
6.720000000134494940e+02 -1.516807915292847364e-01
6.725000000134814400e+02 -5.608328139415048597e-01
6.730000000135134997e+02 -3.266256793228957678e-01
6.735000000135455593e+02 -4.785598192110629423e-01
6.740000000135776190e+02 -6.851276107024432127e-01
6.745000000136095650e+02 -6.507661543894728562e-02
6.750000000136416247e+02 -2.607362325656216173e-01
6.755000000136736844e+02 -6.519912129111846699e-01
6.760000000137057441e+02 -5.513417455997248195e-01
6.765000000137376901e+02 -1.454283744968303538e-01
6.770000000137697498e+02 -2.923989529362267525e-01
6.775000000138018095e+02 -3.915979730306949902e-01
6.780000000138338692e+02 -4.309935311882346354e-01
6.785000000138658152e+02 -3.733835579807128768e-01
6.790000000138978749e+02 2.551564390679162200e-02
6.795000000139299345e+02 -5.565220190148320034e-01
6.800000000139619942e+02 -7.368691739903207027e-01
6.805000000139939402e+02 -7.045071100684931198e-02
6.810000000140259999e+02 -2.023747814831376168e-01
6.815000000140580596e+02 -6.194066935504264348e-01
6.820000000140901193e+02 -3.566762651430626097e-01
6.825000000141221790e+02 -2.671143590416383828e-01
6.830000000141541250e+02 -1.090336848851563151e-01
6.835000000141861847e+02 -3.523768628524486246e-01
6.840000000142182444e+02 -2.524986486881875547e-01
6.845000000142503040e+02 -3.856940446562630576e-01
6.850000000142822500e+02 -3.481592338062203806e-01
6.855000000143143097e+02 -2.449693496417745808e-01
6.860000000143463694e+02 -2.612843409095225722e-01
6.865000000143784291e+02 -5.983461997755614714e-01
6.870000000144103751e+02 -2.000557414114043087e-01
6.875000000144424348e+02 -3.403329419406881939e-01
6.880000000144744945e+02 -3.684986576713879525e-01
6.885000000145065542e+02 -2.719375288979289929e-01
6.890000000145385002e+02 -4.925899470392685053e-01
6.895000000145705599e+02 -7.667750611334803734e-01
6.900000000146026196e+02 -5.613809836068042042e-03
6.905000000146346792e+02 -2.915566964142606299e-01
6.910000000146667389e+02 -8.961343791267604164e-01
6.915000000146986849e+02 -9.139509449063690227e-02
6.920000000147307446e+02 -5.135598856834933112e-01
6.925000000147628043e+02 -7.755416740205884896e-01
6.930000000147948640e+02 -3.251857787430204594e-01
6.935000000148268100e+02 -2.706419512818389883e-01
6.940000000148588697e+02 -2.730137655746464609e-01
6.945000000148909294e+02 -3.974900868980363322e-01
6.950000000149229891e+02 -5.117770219112058872e-01
6.955000000149549351e+02 -3.798687010056456814e-01
6.960000000149869948e+02 -3.887994952944051619e-01
6.965000000150190544e+02 -6.739663910775584021e-01
6.970000000150511141e+02 -2.184427329174076227e-01
6.975000000150830601e+02 -1.305785108992672458e-02
6.980000000151151198e+02 -1.655231512096567992e-01
6.985000000151471795e+02 -4.725031675677601739e-01
6.990000000151792392e+02 -2.951470286839453783e-01
6.995000000152112989e+02 5.057204819579196042e-02
7.000000000152432449e+02 -2.903031588115908002e-01
7.005000000152753046e+02 -1.223310931072324054e-01
7.010000000153073643e+02 -2.057022903046047402e-01
7.015000000153394240e+02 -5.699495016379905188e-01
7.020000000153713700e+02 -2.187926078121540663e-01
7.025000000154034296e+02 -4.441928609808130646e-01
7.030000000154354893e+02 -5.063207016544852834e-01
7.035000000154675490e+02 -4.783228107562613463e-02
7.040000000154994950e+02 -2.197586030774116572e-01
7.045000000155315547e+02 -1.588951041364239369e-01
7.050000000155636144e+02 -5.124907591905540905e-01
7.055000000155956741e+02 -5.341425625106782649e-01
7.060000000156276201e+02 -1.956541063102471834e-01
7.065000000156596798e+02 -1.626042437494885362e-01
7.070000000156917395e+02 -2.960238595442776788e-01
7.075000000157237992e+02 -4.314197930238938827e-01
7.080000000157558588e+02 -4.112869575236069997e-01
7.085000000157878048e+02 -1.267608438902779466e-01
7.090000000158198645e+02 -2.816427758764806777e-01
7.095000000158519242e+02 -3.616383157485618671e-01
7.100000000158839839e+02 -7.408432655223260582e-03
7.105000000159159299e+02 -2.208964787744493730e-01
7.110000000159479896e+02 -2.674902286530129736e-01
7.115000000159800493e+02 -4.921134901484726099e-01
7.120000000160121090e+02 -2.214721934155627903e-01
7.125000000160440550e+02 -8.176201541657517335e-01
7.130000000160761147e+02 -3.492040685176385773e-01
7.135000000161081743e+02 -1.065526997426853306e-01
7.140000000161402340e+02 -1.282742715472610928e-01
7.145000000161721800e+02 -6.333721747642877542e-01
7.150000000162042397e+02 -6.027869117763013929e-01
7.155000000162362994e+02 -5.962299172511736911e-01
7.160000000162683591e+02 -2.372631145089438842e-01
7.165000000163003051e+02 -3.002997517656460502e-01
7.170000000163323648e+02 -9.220430998517745169e-02
7.175000000163644245e+02 -3.770710766731824037e-01
7.180000000163964842e+02 -3.112230514383315660e-01
7.185000000164285439e+02 -3.682207568489586635e-01
7.190000000164604899e+02 -5.217900077639360257e-01
7.195000000164925495e+02 -1.677009195688430598e-01
7.200000000165246092e+02 -1.485735765292023614e-01
7.205000000165566689e+02 -1.360703970206192104e-01
7.210000000165886149e+02 -2.257469621777160595e-01
7.215000000166206746e+02 -4.234629577645934173e-01
7.220000000166527343e+02 -3.677249222771381554e-01
7.225000000166847940e+02 -2.043015618676640721e-01
7.230000000167167400e+02 -1.250817351348431916e-01
7.235000000167487997e+02 -7.142947036080372625e-01
7.240000000167808594e+02 -5.336831193916293792e-01
7.245000000168129191e+02 -2.558379753995672634e-01
7.250000000168448651e+02 -3.943785088188386800e-01
7.255000000168769247e+02 -2.981000868732237019e-01
7.260000000169089844e+02 -3.366677392823433923e-01
7.265000000169410441e+02 -6.423972490608165220e-01
7.270000000169731038e+02 -2.377684793153989617e-01
7.275000000170050498e+02 -3.889744795404520561e-01
7.280000000170371095e+02 -5.450605552076657201e-01
7.285000000170691692e+02 -8.938584560972158422e-02
7.290000000171012289e+02 -2.151828644807865232e-01
7.295000000171331749e+02 -3.083383450562968697e-01
7.300000000171652346e+02 -2.879563200957463431e-01
7.305000000171972943e+02 -7.674657252035675670e-02
7.310000000172293539e+02 -6.748624410084522740e-01
7.315000000172612999e+02 -4.745437986669123198e-01
7.320000000172933596e+02 -4.717500254031634643e-01
7.325000000173254193e+02 -3.711381534256790737e-01
7.330000000173574790e+02 -1.399294995644936035e-01
7.335000000173894250e+02 -2.718012085088335472e-01
7.340000000174214847e+02 -3.743573244811051470e-01
7.345000000174535444e+02 -5.699592558398531850e-01
7.350000000174856041e+02 -2.739340625645896865e-01
7.355000000175176638e+02 -4.804717462735059730e-01
7.360000000175496098e+02 -1.467075451189417123e-01
7.365000000175816695e+02 -5.258145828217397622e-01
7.370000000176137291e+02 -2.755085500117495645e-01
7.375000000176457888e+02 -3.103420895494576337e-01
7.380000000176777348e+02 -4.603576424498337372e-01
7.385000000177097945e+02 -5.317558215489673890e-01
7.390000000177418542e+02 -2.542071750720177326e-01
7.395000000177739139e+02 -1.188843029707370436e-02
7.400000000178058599e+02 -1.549651065646347192e-01
7.405000000178379196e+02 -4.367544216311015637e-01
7.410000000178699793e+02 -6.096130654854670095e-01
7.415000000179020390e+02 -1.645126649067737146e-01
7.420000000179339850e+02 -2.655996233610777857e-01
7.425000000179660447e+02 -2.140528385319756255e-01
7.430000000179981043e+02 -4.693733591021829743e-01
7.435000000180301640e+02 -3.456294816385045987e-01
7.440000000180622237e+02 -3.424330757637649159e-01
7.445000000180941697e+02 -4.283273749511246065e-01
7.450000000181262294e+02 -2.394249420232495429e-01
7.455000000181582891e+02 -3.964497240945116796e-01
7.460000000181903488e+02 -2.988549438939950842e-01
7.465000000182222948e+02 -1.671759382446703079e-01
7.470000000182543545e+02 -1.158180775433077653e-01
7.475000000182864142e+02 -1.738368752244750515e-01
7.480000000183184738e+02 -1.400630536558428452e-01
7.485000000183504199e+02 -4.005445576308270250e-01
7.490000000183824795e+02 -6.661363565235084438e-01
7.495000000184145392e+02 -2.693415572525592258e-02
7.500000000184465989e+02 -3.236244282339871270e-01
7.505000000184785449e+02 -6.693083183841652684e-01
7.510000000185106046e+02 -2.199546530003235745e-01
7.515000000185426643e+02 -3.727407466702928884e-01
7.520000000185747240e+02 -4.564779029019624401e-01
7.525000000186067837e+02 -4.246795821069105359e-01
7.530000000186387297e+02 -4.837431726772735141e-01
7.535000000186707894e+02 -4.076049285977851877e-01
7.540000000187028490e+02 -2.991137271916864404e-01
7.545000000187349087e+02 -3.980553214967170184e-01
7.550000000187668547e+02 -4.687233589546823675e-01
7.555000000187989144e+02 -2.107165479093870142e-01
7.560000000188309741e+02 -3.659342002289912577e-01
7.565000000188630338e+02 -3.396332890325607923e-01
7.570000000188949798e+02 -3.654726458271760903e-01
7.575000000189270395e+02 8.991255707572008704e-02
7.580000000189590992e+02 -3.412085825447500054e-01
7.585000000189911589e+02 -5.963868904171288898e-01
7.590000000190231049e+02 -2.860771353264983108e-01
7.595000000190551646e+02 -1.650588216491196414e-01
7.600000000190872242e+02 -3.742915697021368948e-01
7.605000000191192839e+02 -2.754150895114928499e-01
7.610000000191512299e+02 -4.248576209046273644e-01
7.615000000191832896e+02 -1.371469791058461396e-01
7.620000000192153493e+02 -2.872704642585487411e-01
7.625000000192474090e+02 -3.908730452914349063e-01
7.630000000192794687e+02 -2.531566539850291231e-01
7.635000000193114147e+02 -2.970126753616713078e-01
7.640000000193434744e+02 -1.758422723386935116e-01
7.645000000193755341e+02 -1.799403362928846950e-01
7.650000000194075938e+02 -2.686539691908660377e-01
7.655000000194395398e+02 -1.473633662600216665e-01
7.660000000194715994e+02 -6.176454570002800487e-02
7.665000000195036591e+02 -2.012008611354093035e-01
7.670000000195357188e+02 -6.348186409557774468e-01
7.675000000195676648e+02 -2.806706285236779119e-01
7.680000000195997245e+02 -4.859792364841813983e-01
7.685000000196317842e+02 -6.290040836130127433e-01
7.690000000196638439e+02 -2.297797455630132546e-01
7.695000000196957899e+02 -5.171615210774286320e-01
7.700000000197278496e+02 -2.408123790038939338e-01
7.705000000197599093e+02 -5.044226662245565596e-01
7.710000000197919690e+02 -6.207577963675197097e-01
7.715000000198240286e+02 -2.970773523361975310e-01
7.720000000198559746e+02 -1.541620895175750683e-01
7.725000000198880343e+02 -1.851536904311713028e-01
7.730000000199200940e+02 -2.461205603892025195e-01
7.735000000199521537e+02 -1.691641545264795099e-01
7.740000000199840997e+02 -5.616272508001253216e-01
7.745000000200161594e+02 -2.950312697133953277e-01
7.750000000200482191e+02 -5.156647137294525507e-01
7.755000000200802788e+02 -7.167889382002760046e-01
7.760000000201122248e+02 -6.708985697429187267e-02
7.765000000201442845e+02 -3.726493702152592902e-01
7.770000000201763442e+02 -5.884710985781670400e-01
7.775000000202084038e+02 -4.627785043651262975e-01
7.780000000202403498e+02 9.525463664928224272e-02
7.785000000202724095e+02 -4.815206655927907753e-01
7.790000000203044692e+02 -4.362652668876336737e-01
7.795000000203365289e+02 1.169915350756755290e-01
7.800000000203685886e+02 -3.937528226533824616e-01
7.805000000204005346e+02 -5.956527459934424229e-01
7.810000000204325943e+02 -5.018783491046264755e-01
7.815000000204646540e+02 -6.993637165252772347e-02
7.820000000204967137e+02 -5.395448236488379345e-01
7.825000000205286597e+02 -5.094671945478688180e-01
7.830000000205607193e+02 -1.365113386916581018e-01
7.835000000205927790e+02 -1.928171063894078274e-01
7.840000000206248387e+02 -4.643029052503470089e-01
7.845000000206567847e+02 -5.977612432407610754e-01
7.850000000206888444e+02 -1.859044792176502703e-01
7.855000000207209041e+02 -4.500120175799596223e-01
7.860000000207529638e+02 -3.834054296074148049e-01
7.865000000207849098e+02 -1.510041241842222104e-01
7.870000000208169695e+02 -4.732931439441848132e-01
7.875000000208490292e+02 -3.288198919677211562e-01
7.880000000208810889e+02 -4.130416591402888971e-01
7.885000000209131485e+02 -2.987638752763591143e-01
7.890000000209450945e+02 -5.229803222553223302e-02
7.895000000209771542e+02 -6.645451265530544216e-01
7.900000000210092139e+02 -2.352453585113974677e-01
7.905000000210412736e+02 -3.753695610460320298e-01
7.910000000210732196e+02 -2.637001077774415725e-01
7.915000000211052793e+02 -3.868253090188349952e-01
7.920000000211373390e+02 -4.244968732022058600e-01
7.925000000211693987e+02 -6.015137825436105423e-01
7.930000000212013447e+02 -5.301667279723269212e-03
7.935000000212334044e+02 -4.546367195418569151e-01
7.940000000212654641e+02 -1.712247447208583850e-01
7.945000000212975237e+02 -8.188885993953916309e-02
7.950000000213294697e+02 -2.707521235463694609e-01
7.955000000213615294e+02 -3.196500059416912953e-01
7.960000000213935891e+02 -5.830070641275943988e-01
7.965000000214256488e+02 -4.517269145770077543e-01
7.970000000214577085e+02 -3.334369066645471724e-01
7.975000000214896545e+02 -4.001297970460723219e-01
7.980000000215217142e+02 -1.287343355002020240e-01
7.985000000215537739e+02 -4.771561688737446794e-01
7.990000000215858336e+02 -9.749358732279954365e-02
7.995000000216177796e+02 -1.946380728585370978e-01
8.000000000216498393e+02 -6.263149441723958599e-01
8.005000000216818989e+02 -2.426539718923997890e-01
8.010000000217139586e+02 -2.355815479313838334e-01
8.015000000217459046e+02 -2.763310827362853717e-01
8.020000000217779643e+02 1.387438538116341769e-01
8.025000000218100240e+02 -4.215804462911331707e-01
8.030000000218420837e+02 -3.762800433070326300e-01
8.035000000218740297e+02 -2.230048262762008571e-01
8.040000000219060894e+02 8.511411431853421056e-03
8.045000000219381491e+02 -6.213522433601601502e-01
8.050000000219702088e+02 -4.370875944928294121e-01
8.055000000220021548e+02 -2.597784059624524966e-01
8.060000000220342145e+02 -3.845298588846673971e-01
8.065000000220662741e+02 -4.816797749342900947e-01
8.070000000220983338e+02 -1.592134947691210486e-02
8.075000000221303935e+02 -3.595286289852420714e-01
8.080000000221623395e+02 -1.830585456735673022e-01
8.085000000221943992e+02 -2.807797329719512458e-01
8.090000000222264589e+02 -6.747417172234282390e-01
8.095000000222585186e+02 -6.224336176596078074e-01
8.100000000222904646e+02 -1.875793482090914455e-01
8.105000000223225243e+02 -1.478182309365849711e-01
8.110000000223545840e+02 -5.436150572611209153e-01
8.115000000223866436e+02 -2.757681748394066323e-01
8.120000000224185897e+02 -9.459333302702084556e-02
8.125000000224506493e+02 -3.011059241465404712e-01
8.130000000224827090e+02 -4.258082242132827933e-01
8.135000000225147687e+02 -4.847091666079267891e-01
8.140000000225467147e+02 -7.167646434968916180e-01
8.145000000225787744e+02 -3.612146237171643959e-01
8.150000000226108341e+02 -5.524348905735627924e-02
8.155000000226428938e+02 -4.237872501653765500e-01
8.160000000226749535e+02 -5.096031300242428452e-01
8.165000000227068995e+02 -2.424427917187640946e-01
8.170000000227389592e+02 -4.341132602433130927e-01
8.175000000227710188e+02 -3.343096082158221183e-01
8.180000000228030785e+02 -2.529985143891730903e-01
8.185000000228350245e+02 -5.098227500214023988e-02
8.190000000228670842e+02 -5.728661421040770474e-01
8.195000000228991439e+02 -4.815488464470383256e-01
8.200000000229312036e+02 -3.313700154255367347e-01
8.205000000229631496e+02 -2.801639376958667826e-01
8.210000000229952093e+02 -6.223884724331184559e-01
8.215000000230272690e+02 -3.612381129345670905e-01
8.220000000230593287e+02 -3.236600283763972907e-01
8.225000000230912747e+02 -3.904007115138026229e-01
8.230000000231233344e+02 -2.729777278362769954e-01
8.235000000231553940e+02 -4.438267278977294644e-02
8.240000000231874537e+02 -1.006592366485747347e-01
8.245000000232195134e+02 -2.569493788274078150e-01
8.250000000232514594e+02 7.299457791457809874e-02
8.255000000232835191e+02 -1.879353675747260088e-01
8.260000000233155788e+02 -3.198807581004837752e-01
8.265000000233476385e+02 -1.179393320270834961e-01
8.270000000233795845e+02 -1.977665202570145497e-01
8.275000000234116442e+02 -5.334584549013212662e-01
8.280000000234437039e+02 -3.127253782792642767e-01
8.285000000234757636e+02 -5.650221299767237415e-01
8.290000000235077096e+02 -3.011065329068850493e-01
8.295000000235397692e+02 -3.724777961129612236e-01
8.300000000235718289e+02 -3.180529379730245854e-01
8.305000000236038886e+02 -2.662983587250159490e-01
8.310000000236358346e+02 -2.328374694450537352e-01
8.315000000236678943e+02 -2.362713067636067477e-01
8.320000000236999540e+02 1.499877457172224537e-01
8.325000000237320137e+02 -1.981881327871704568e-01
8.330000000237640734e+02 -6.404812285622097923e-01
8.335000000237960194e+02 -2.129859160433706655e-01
8.340000000238280791e+02 -4.334396104954864326e-02
8.345000000238601388e+02 -6.946666264439284033e-01
8.350000000238921984e+02 -4.608381559535436045e-01
8.355000000239241444e+02 -3.025392254398252545e-01
8.360000000239562041e+02 -3.725190867107721626e-01
8.365000000239882638e+02 -4.569729930734147128e-01
8.370000000240203235e+02 -5.969163884487171945e-01
8.375000000240522695e+02 1.635196605176215609e-02
8.380000000240843292e+02 -6.098820562708006099e-01
8.385000000241163889e+02 -3.785771800701016598e-01
8.390000000241484486e+02 2.215511968462232639e-01
8.395000000241803946e+02 -5.110207061491733871e-01
8.400000000242124543e+02 -3.854861661489544788e-01
8.405000000242445140e+02 -1.844868312243615471e-01
8.410000000242765736e+02 -3.931150000142886736e-01
8.415000000243086333e+02 -4.059578730658682799e-01
8.420000000243405793e+02 -3.454589048467096024e-01
8.425000000243726390e+02 4.247034238793061939e-02
8.430000000244046987e+02 -4.760927502369934894e-01
8.435000000244367584e+02 -4.292034062082557277e-02
8.440000000244687044e+02 -3.470592581913086172e-01
8.445000000245007641e+02 -3.835813810529055679e-01
8.450000000245328238e+02 -1.061191016967175799e-02
8.455000000245648835e+02 -3.546093425662165122e-01
8.460000000245968295e+02 -4.879987899950756769e-01
8.465000000246288892e+02 -4.659662812997171777e-01
8.470000000246609488e+02 -5.275586038881124873e-01
8.475000000246930085e+02 -2.964194009249755957e-01
8.480000000247249545e+02 -4.859017338104766881e-01
8.485000000247570142e+02 -3.420186736466638844e-01
8.490000000247890739e+02 -5.886826086969572103e-01
8.495000000248211336e+02 -3.610382164492721979e-01
8.500000000248530796e+02 1.377317270000894857e-02
8.505000000248851393e+02 -7.896577720062460948e-01
8.510000000249171990e+02 -3.048180851475762454e-01
8.515000000249492587e+02 -1.067454782295864796e-01
8.520000000249813183e+02 -3.981236384548710316e-01
8.525000000250132643e+02 -5.237578719066102728e-01
8.530000000250453240e+02 -3.743518015399815435e-01
8.535000000250773837e+02 -4.901769872228652902e-01
8.540000000251094434e+02 -3.443202010474530894e-01
8.545000000251413894e+02 -2.813269846835459442e-01
8.550000000251734491e+02 -5.478069559052207715e-01
8.555000000252055088e+02 -5.336864302479826794e-01
8.560000000252375685e+02 -4.130629304667097212e-01
8.565000000252695145e+02 -4.609210344675442744e-02
8.570000000253015742e+02 -4.425415242712359420e-01
8.575000000253336339e+02 -2.177344875520775824e-01
8.580000000253656935e+02 -4.070210212632590641e-01
8.585000000253976395e+02 -5.941983583286892801e-01
8.590000000254296992e+02 7.021570741410364247e-02
8.595000000254617589e+02 -1.888412348202840596e-01
8.600000000254938186e+02 -1.580987243931279984e-01
8.605000000255258783e+02 -5.637501462088220228e-01
8.610000000255578243e+02 -1.381442572839744753e-01
8.615000000255898840e+02 -3.117431155974080825e-01
8.620000000256219437e+02 -6.423414272230175692e-01
8.625000000256540034e+02 -4.558673192439688937e-01
8.630000000256859494e+02 -3.453713686537737693e-01
8.635000000257180091e+02 -1.399743223763618150e-01
8.640000000257500687e+02 1.217993631381814185e-01
8.645000000257821284e+02 -3.121746116811362493e-01
8.650000000258140744e+02 -5.005238600066589383e-01
8.655000000258461341e+02 -1.570067724948403520e-01
8.660000000258781938e+02 -4.670600164574625346e-01
8.665000000259102535e+02 -4.083708161023730243e-01
8.670000000259421995e+02 -3.463913288977824023e-01
8.675000000259742592e+02 -1.790246167693370638e-01
8.680000000260063189e+02 -3.974182976439877280e-01
8.685000000260383786e+02 -3.409153033956952572e-01
8.690000000260704383e+02 -3.611185516466039469e-01
8.695000000261023843e+02 -6.401979200815433035e-01
8.700000000261344439e+02 -2.821709449207663312e-01
8.705000000261665036e+02 -2.812436622559935095e-01
8.710000000261985633e+02 -4.633601863892548023e-01
8.715000000262305093e+02 -5.325046117796049527e-01
8.720000000262625690e+02 -7.788877049406454922e-02
8.725000000262946287e+02 -4.232693212780086478e-01
8.730000000263266884e+02 -3.312895970921314048e-01
8.735000000263586344e+02 -4.243422293593805961e-01
8.740000000263906941e+02 -7.083018428457993343e-01
8.745000000264227538e+02 -2.099204143016353274e-01
8.750000000264548135e+02 -2.300149222313512543e-01
8.755000000264867595e+02 -2.768975429154155732e-01
8.760000000265188191e+02 1.130800240059444059e-02
8.765000000265508788e+02 -2.694338402367045249e-01
8.770000000265829385e+02 -5.614020511274874226e-01
8.775000000266149982e+02 -1.463355994065427546e-01
8.780000000266469442e+02 -5.499009389224741584e-01
8.785000000266790039e+02 -1.342413181055070182e-01
8.790000000267110636e+02 -1.097845097462012143e-01
8.795000000267431233e+02 -3.154459709555449409e-01
8.800000000267750693e+02 -7.573684231410537926e-02
8.805000000268071290e+02 -4.843466392409078725e-01
8.810000000268391886e+02 -5.698312023927567527e-01
8.815000000268712483e+02 -5.373950039173110982e-01
8.820000000269031943e+02 -1.942504155190921122e-01
8.825000000269352540e+02 -4.167508590876091157e-01
8.830000000269673137e+02 -6.638872674330683621e-01
8.835000000269993734e+02 -1.727072725369770967e-01
8.840000000270313194e+02 -4.570218722422674795e-01
8.845000000270633791e+02 7.953096735511896997e-02
8.850000000270954388e+02 -2.549846433287588643e-01
8.855000000271274985e+02 -4.661291693523578195e-01
8.860000000271595582e+02 -4.468099871050142946e-01
8.865000000271915042e+02 -2.173975288459324140e-01
8.870000000272235638e+02 2.629634769826552088e-01
8.875000000272556235e+02 -3.640882365049127878e-01
8.880000000272876832e+02 -1.715406001603016206e-01
8.885000000273196292e+02 -3.950651208500646216e-01
8.890000000273516889e+02 -3.148805940261890646e-01
8.895000000273837486e+02 -2.888026310235507488e-01
8.900000000274158083e+02 -5.108957133588859501e-01
8.905000000274477543e+02 -3.295865589736652890e-01
8.910000000274798140e+02 -4.634409415298412771e-01
8.915000000275118737e+02 -2.522010351451558496e-01
8.920000000275439334e+02 -4.597877703467908028e-01
8.925000000275758794e+02 -3.615591868200968007e-01
8.930000000276079390e+02 -5.329961307832020712e-01
8.935000000276399987e+02 -4.885126180800917761e-01
8.940000000276720584e+02 -2.266129456581071622e-01
8.945000000277040044e+02 -3.436942371532507590e-01
8.950000000277360641e+02 -4.654915992656511459e-01
8.955000000277681238e+02 -3.317711443609888677e-01
8.960000000278001835e+02 -2.071544990195762492e-01
8.965000000278322432e+02 -4.933551701731132000e-01
8.970000000278641892e+02 -6.921816402620821762e-01
8.975000000278962489e+02 -5.562133474407173761e-01
8.980000000279283086e+02 -3.657436077673481001e-01
8.985000000279603682e+02 -4.124477908087993971e-01
8.990000000279923142e+02 -5.584803989867951346e-01
8.995000000280243739e+02 -6.511996326881271113e-02
9.000000000280564336e+02 -4.922833371874143493e-01
9.005000000280884933e+02 -4.080311656024558919e-01
9.010000000281204393e+02 -1.381255692880770658e-01
9.015000000281524990e+02 -5.702240804392977314e-01
9.020000000281845587e+02 -4.575528655905161668e-01
9.025000000282166184e+02 -3.760559120934833244e-01
9.030000000282485644e+02 -1.559267642855710900e-01
9.035000000282806241e+02 -4.139131542925936214e-01
9.040000000283126838e+02 -4.779788051480228783e-01
9.045000000283447434e+02 -3.213120436876994446e-01
9.050000000283768031e+02 -1.889584745666425883e-02
9.055000000284087491e+02 -2.237728592019592455e-01
9.060000000284408088e+02 -6.455404434697064042e-01
9.065000000284728685e+02 -3.705539748196632344e-01
9.070000000285049282e+02 -2.008673861676614769e-01
9.075000000285368742e+02 -3.306936091372911779e-01
9.080000000285689339e+02 -3.098537817530194749e-01
9.085000000286009936e+02 -3.518373887785039567e-01
9.090000000286330533e+02 -2.162031494938545517e-01
9.095000000286649993e+02 -5.759972849037231502e-01
9.100000000286970590e+02 -6.189006897071995805e-01
9.105000000287291186e+02 -5.178532587481060601e-01
9.110000000287611783e+02 -4.156684587500561467e-01
9.115000000287931243e+02 -3.270015519449756547e-01
9.120000000288251840e+02 -4.445007694301006396e-01
9.125000000288572437e+02 -1.349887732855021560e-01
9.130000000288893034e+02 -5.150227012618386890e-01
9.135000000289213631e+02 -1.808628735283823730e-01
9.140000000289533091e+02 -4.390148102652974837e-01
9.145000000289853688e+02 -3.784852309166869544e-01
9.150000000290174285e+02 -2.508003817811201297e-01
9.155000000290494881e+02 -3.355704475146932819e-01
9.160000000290814341e+02 -3.614720955632420019e-01
9.165000000291134938e+02 -3.961601791808816442e-01
9.170000000291455535e+02 -3.719862394070937994e-01
9.175000000291776132e+02 -1.001843697705874781e-01
9.180000000292095592e+02 -5.890262424666083962e-01
9.185000000292416189e+02 -6.044193055608269027e-01
9.190000000292736786e+02 -1.445240502982016173e-01
9.195000000293057383e+02 -5.468130614426158775e-01
9.200000000293376843e+02 -4.312248662694980195e-01
9.205000000293697440e+02 -3.541443744655374815e-01
9.210000000294018037e+02 -2.060717158126246784e-01
9.215000000294338633e+02 -4.514429534339335359e-01
9.220000000294659230e+02 -3.019615687137197635e-01
9.225000000294978690e+02 -3.231519425374735355e-01
9.230000000295299287e+02 -5.076374340688540876e-01
9.235000000295619884e+02 -4.101825680385041140e-01
9.240000000295940481e+02 -5.971433397617835759e-01
9.245000000296259941e+02 -5.569608116646792562e-01
9.250000000296580538e+02 3.439839714922149350e-02
9.255000000296901135e+02 -3.496479382179153439e-01
9.260000000297221732e+02 -5.306999651174207910e-01
9.265000000297541192e+02 -2.807282590858815041e-01
9.270000000297861789e+02 -4.968639418856589107e-01
9.275000000298182385e+02 -2.507623781967638354e-01
9.280000000298502982e+02 -3.581714558543085403e-01
9.285000000298822442e+02 -2.964125702062863077e-01
9.290000000299143039e+02 -2.693818210735532404e-01
9.295000000299463636e+02 -5.967999577067425454e-01
9.300000000299784233e+02 -1.148950672997554878e-01
9.305000000300104830e+02 -5.417687842167068224e-01
9.310000000300424290e+02 -6.089250439513302915e-01
9.315000000300744887e+02 -2.252063529233088723e-01
9.320000000301065484e+02 -3.082658107086450050e-01
9.325000000301386081e+02 -4.765770020824001141e-01
9.330000000301705541e+02 -7.646698457292062934e-02
9.335000000302026137e+02 -3.326470487459890490e-01
9.340000000302346734e+02 -2.603804355004397664e-01
9.345000000302667331e+02 -1.863509987143143476e-01
9.350000000302986791e+02 1.560654652708774459e-01
9.355000000303307388e+02 -2.417229314458327338e-01
9.360000000303627985e+02 -6.738897663635040614e-01
9.365000000303948582e+02 -4.086701807841834899e-01
9.370000000304268042e+02 -2.212966364491491256e-01
9.375000000304588639e+02 -2.583666514072354703e-01
9.380000000304909236e+02 -2.480363511691580092e-01
9.385000000305229833e+02 -1.219321813672392257e-01
9.390000000305549293e+02 -3.561526593188527601e-01
9.395000000305869889e+02 -1.869473501004915439e-01
9.400000000306190486e+02 -3.701754414725685338e-01
9.405000000306511083e+02 -1.963201994972383901e-01
9.410000000306831680e+02 -1.831636975527974887e-01
9.415000000307151140e+02 -3.676694900141677658e-01
9.420000000307471737e+02 -2.808747422141624206e-01
9.425000000307792334e+02 -2.366778192409680626e-01
9.430000000308112931e+02 -2.015363639749336300e-01
9.435000000308432391e+02 -5.590720795511403551e-01
9.440000000308752988e+02 -4.260247293860499052e-01
9.445000000309073585e+02 -2.875610822544414913e-01
9.450000000309394181e+02 -1.926483668230449253e-01
9.455000000309713641e+02 -4.074658908087849252e-01
9.460000000310034238e+02 -6.450832274075711803e-01
9.465000000310354835e+02 -3.874550062653561167e-01
9.470000000310675432e+02 -3.825094457306596474e-01
9.475000000310994892e+02 -5.979783757087447915e-01
9.480000000311315489e+02 -3.576162514858308161e-01
9.485000000311636086e+02 -5.280584966202991337e-01
9.490000000311956683e+02 -5.422391830250882228e-01
9.495000000312277280e+02 -2.001054911432122441e-01
9.500000000312596740e+02 -4.785666092962714835e-01
9.505000000312917336e+02 -2.912602678591975081e-01
9.510000000313237933e+02 -2.963347996951423702e-01
9.515000000313558530e+02 -5.706001051764567622e-01
9.520000000313877990e+02 -3.258659254926028481e-01
9.525000000314198587e+02 -3.575272987500945909e-01
9.530000000314519184e+02 -4.810132750707817872e-01
9.535000000314839781e+02 -2.462990281392742342e-01
9.540000000315159241e+02 -2.298137357298546957e-01
9.545000000315479838e+02 -5.775206990165948628e-01
9.550000000315800435e+02 -3.834977323653520620e-01
9.555000000316121032e+02 -5.253945029394722077e-01
9.560000000316440492e+02 -4.453942747217333187e-01
9.565000000316761088e+02 -2.552237630694701997e-01
9.570000000317081685e+02 1.506816298915264300e-02
9.575000000317402282e+02 -4.855157353706106016e-01
9.580000000317722879e+02 -3.726436405150604925e-01
9.585000000318042339e+02 -9.059614109100935786e-02
9.590000000318362936e+02 -2.240012668321484379e-01
9.595000000318683533e+02 -4.801664130478646708e-01
9.600000000319004130e+02 -1.326430563327558182e-02
9.605000000319323590e+02 -2.631352832694713872e-01
9.610000000319644187e+02 -3.769123561230490749e-01
9.615000000319964784e+02 -1.675370138308423518e-01
9.620000000320285380e+02 -1.519439259602699543e-01
9.625000000320604840e+02 -1.886130750701880965e-01
9.630000000320925437e+02 -1.978807988503115678e-01
9.635000000321246034e+02 -1.646201970827918248e-01
9.640000000321566631e+02 -3.626362476685548453e-01
9.645000000321886091e+02 -4.516084009093324636e-01
9.650000000322206688e+02 5.721442165179109474e-02
9.655000000322527285e+02 -7.189419928553937300e-01
9.660000000322847882e+02 -6.397944076319349582e-01
9.665000000323168479e+02 -6.077478451312215424e-02
9.670000000323487939e+02 -1.732618351064935391e-01
9.675000000323808536e+02 -6.132825605309255579e-01
9.680000000324129132e+02 -1.319494358633544195e-01
9.685000000324449729e+02 -5.176892358484933565e-01
9.690000000324769189e+02 -3.767169228143662507e-01
9.695000000325089786e+02 -6.943197111276510070e-01
9.700000000325410383e+02 -2.258268548294712907e-01
9.705000000325730980e+02 -3.061242400449140089e-01
9.710000000326050440e+02 -5.473957254359156366e-01
9.715000000326371037e+02 -3.959216889736750233e-01
9.720000000326691634e+02 -2.300266243477322170e-01
9.725000000327012231e+02 -5.985305534123629145e-02
9.730000000327331691e+02 -1.794610447936838271e-01
9.735000000327652288e+02 -5.709921309053466176e-01
9.740000000327972884e+02 -3.957137330750541415e-01
9.745000000328293481e+02 -1.770284277712000365e-01
9.750000000328614078e+02 -4.274122550003647825e-01
9.755000000328933538e+02 -6.341868446132937764e-01
9.760000000329254135e+02 1.037177655844305144e-02
9.765000000329574732e+02 -4.007876052130289191e-01
9.770000000329895329e+02 -2.460614254708945181e-01
9.775000000330214789e+02 -4.861810332741649532e-01
9.780000000330535386e+02 -4.796536110268401765e-01
9.785000000330855983e+02 -2.329993086728544549e-01
9.790000000331176579e+02 -4.876069199098921336e-01
9.795000000331496040e+02 -3.899753039850925584e-01
9.800000000331816636e+02 -9.299813980535198699e-02
9.805000000332137233e+02 -5.285106019193670512e-01
9.810000000332457830e+02 -3.998842786390782167e-01
9.815000000332777290e+02 -1.201502138342902121e-01
9.820000000333097887e+02 -1.106045659492610744e-01
9.825000000333418484e+02 -5.242089023875398102e-01
9.830000000333739081e+02 -4.759377064307266370e-01
9.835000000334058541e+02 -2.561709828296948044e-01
9.840000000334379138e+02 -4.023891080911091711e-01
9.845000000334699735e+02 -4.495616222342340151e-01
9.850000000335020331e+02 -3.305932949902441464e-01
9.855000000335340928e+02 1.275935271948132332e-02
9.860000000335660388e+02 -1.624122300759236470e-01
9.865000000335980985e+02 -3.134311883786896624e-01
9.870000000336301582e+02 -4.233617091918024516e-02
9.875000000336622179e+02 -7.049188009455469306e-01
9.880000000336941639e+02 -5.661880665860183903e-01
9.885000000337262236e+02 -3.556393119790752233e-01
9.890000000337582833e+02 -8.457722171896822072e-01
9.895000000337903430e+02 -2.761980703961879335e-01
9.900000000338222890e+02 5.584874089316153867e-02
9.905000000338543487e+02 -1.524908164480521522e-01
9.910000000338864083e+02 -2.349763063028214305e-01
9.915000000339184680e+02 -2.848103949170482929e-01
9.920000000339504140e+02 -5.984863935402850998e-01
9.925000000339824737e+02 -4.772218026405477403e-02
9.930000000340145334e+02 -3.593569931689740704e-01
9.935000000340465931e+02 -3.346097884964375352e-02
9.940000000340786528e+02 -1.845375125246591363e-01
9.945000000341105988e+02 -6.736954116659785718e-01
9.950000000341426585e+02 -4.831538288949838722e-01
9.955000000341747182e+02 -5.402184071483252109e-02
9.960000000342067779e+02 -4.620411111727871778e-01
9.965000000342387239e+02 -7.525204732739888824e-02
9.970000000342707835e+02 -2.339060584386290775e-01
9.975000000343028432e+02 -6.836582881400524725e-01
9.980000000343349029e+02 -4.050138188040928733e-01
9.985000000343668489e+02 -2.644547946797863869e-01
9.990000000343989086e+02 -4.417732324013155520e-01
9.995000000344309683e+02 -4.996282846928379318e-01
1.000000000034463028e+03 -3.757546107611738351e-01
