# Time (ps)	CV (angstrom)
9.999999999975766229e+01 3.139216148184706956e+00
1.004999999997559001e+02 3.071176749840130782e+00
1.009999999997541380e+02 2.968149106609928811e+00
1.014999999997533990e+02 3.129722626675990327e+00
1.019999999997629061e+02 3.112116441040301051e+00
1.024999999997724132e+02 3.125691307274778286e+00
1.029999999997819060e+02 3.070922170823451758e+00
1.034999999997914131e+02 3.242054064887582410e+00
1.039999999998009201e+02 3.156969774565886677e+00
1.044999999998104272e+02 2.857523243474231478e+00
1.049999999998199343e+02 3.208521082048151563e+00
1.054999999998294413e+02 3.178620029924424273e+00
1.059999999998389484e+02 3.123431628443284591e+00
1.064999999998484554e+02 3.245676097194095888e+00
1.069999999998579483e+02 3.040865434160081371e+00
1.074999999998674554e+02 3.021706216737204631e+00
1.079999999998769624e+02 3.023918744402142256e+00
1.084999999998864695e+02 3.182445580898028314e+00
1.089999999998959765e+02 3.091102469653275620e+00
1.094999999999054836e+02 3.282148345862811567e+00
1.099999999999149907e+02 3.129297305975714760e+00
1.104999999999244977e+02 3.047532175590770276e+00
1.109999999999339906e+02 3.027027977724892072e+00
1.114999999999434976e+02 3.222163973756320576e+00
1.119999999999530047e+02 2.978827950744896924e+00
1.124999999999625118e+02 3.034898436143861122e+00
1.129999999999720188e+02 3.217566873895312707e+00
1.134999999999815259e+02 3.222444311806365036e+00
1.139999999999910330e+02 2.930133054173211349e+00
1.145000000000005400e+02 2.974814533731796384e+00
1.150000000000100329e+02 3.104174044840360303e+00
1.155000000000195399e+02 3.072526757436381484e+00
1.160000000000290470e+02 3.027413572986456192e+00
1.165000000000385540e+02 3.129730862879885223e+00
1.170000000000480611e+02 3.099947251870965648e+00
1.175000000000575682e+02 3.011898360903708216e+00
1.180000000000670752e+02 3.026908919134009501e+00
1.185000000000765823e+02 3.166256346034932445e+00
1.190000000000860751e+02 3.077988547259290719e+00
1.195000000000955822e+02 3.173018873495227599e+00
1.200000000001050893e+02 2.906644768812108648e+00
1.205000000001145963e+02 3.040019840201050094e+00
1.210000000001241034e+02 3.127527471773053680e+00
1.215000000001336105e+02 2.998276396372277386e+00
1.220000000001431175e+02 3.154421849301588754e+00
1.225000000001526246e+02 2.979005668257088679e+00
1.230000000001621174e+02 3.129794624540560122e+00
1.235000000001716245e+02 3.089062151840682446e+00
1.240000000001811316e+02 3.005640487990824727e+00
1.245000000001906386e+02 2.955612158878541784e+00
1.250000000002001457e+02 3.125756676113075727e+00
1.255000000002096527e+02 3.147805631486776612e+00
1.260000000002191598e+02 3.146822100911316422e+00
1.265000000002286527e+02 2.941408878484466083e+00
1.270000000002381597e+02 2.945267492369899376e+00
1.275000000002476668e+02 2.959634957847884884e+00
1.280000000002571880e+02 2.940002392470943970e+00
1.285000000002666809e+02 3.295131303131320522e+00
1.290000000002761738e+02 3.116911212873759940e+00
1.295000000002856950e+02 3.054677081062651567e+00
1.300000000002951879e+02 3.093671797391158940e+00
1.305000000003047091e+02 2.926021051052728250e+00
1.310000000003142020e+02 3.038577514394105172e+00
1.315000000003237233e+02 3.076842381777891600e+00
1.320000000003332161e+02 3.159642989929946300e+00
1.325000000003427090e+02 3.180632251298229018e+00
1.330000000003522302e+02 3.197894670531318706e+00
1.335000000003617231e+02 3.034435136663532262e+00
1.340000000003712444e+02 3.035118690056738622e+00
1.345000000003807372e+02 3.145028735054435476e+00
1.350000000003902585e+02 3.056598157604280441e+00
1.355000000003997513e+02 3.102353623997254672e+00
1.360000000004092726e+02 3.075857551469583839e+00
1.365000000004187655e+02 3.166925155757361221e+00
1.370000000004282583e+02 3.049691573680680445e+00
1.375000000004377796e+02 3.024089546870251777e+00
1.380000000004472724e+02 3.194113189721468071e+00
1.385000000004567937e+02 3.030997365937296628e+00
1.390000000004662866e+02 3.013498737598193422e+00
1.395000000004758078e+02 3.182254386927286571e+00
1.400000000004853007e+02 3.164755320640947556e+00
1.405000000004947935e+02 3.110230683492026582e+00
1.410000000005043148e+02 3.085695941744935222e+00
1.415000000005138077e+02 2.984052694340001644e+00
1.420000000005233289e+02 2.960058602897598590e+00
1.425000000005328218e+02 3.126454660232871330e+00
1.430000000005423431e+02 3.024188504721366577e+00
1.435000000005518359e+02 3.248849617804278278e+00
1.440000000005613572e+02 3.136948675619678717e+00
1.445000000005708500e+02 2.998153477847735449e+00
1.450000000005803429e+02 2.967713140443272390e+00
1.455000000005898642e+02 3.161400868234771178e+00
1.460000000005993570e+02 3.133401564805504247e+00
1.465000000006088783e+02 3.014144342862528969e+00
1.470000000006183711e+02 3.014107983237718891e+00
1.475000000006278924e+02 3.069152063001201913e+00
1.480000000006373853e+02 3.239434200069452263e+00
1.485000000006468781e+02 3.178148712951134325e+00
1.490000000006563994e+02 3.074387711597168948e+00
1.495000000006658922e+02 2.916074747129364209e+00
1.500000000006754135e+02 3.180114526662865426e+00
1.505000000006849064e+02 3.057916119219652451e+00
1.510000000006944276e+02 3.121137392415141765e+00
1.515000000007039205e+02 3.181744721498667605e+00
1.520000000007134133e+02 3.028738964096628017e+00
1.525000000007229346e+02 3.025598931046100226e+00
1.530000000007324275e+02 3.036712690427374461e+00
1.535000000007419487e+02 3.196334370957038651e+00
1.540000000007514416e+02 3.183060843289240882e+00
1.545000000007609628e+02 3.064817320621641805e+00
1.550000000007704557e+02 3.051200676119033783e+00
1.555000000007799770e+02 3.199903685242531548e+00
1.560000000007894698e+02 3.332029293990567798e+00
1.565000000007989627e+02 3.118058998043458541e+00
1.570000000008084839e+02 2.787320294116723218e+00
1.575000000008179768e+02 3.037169937311187784e+00
1.580000000008274981e+02 3.015151148892130539e+00
1.585000000008369909e+02 3.001798241763594000e+00
1.590000000008465122e+02 3.093478844407118178e+00
1.595000000008560050e+02 3.111449950880234017e+00
1.600000000008654979e+02 3.076892178748986240e+00
1.605000000008750192e+02 3.057179858450794985e+00
1.610000000008845120e+02 3.268068448542463145e+00
1.615000000008940333e+02 3.254781455361631881e+00
1.620000000009035261e+02 3.154244990288265438e+00
1.625000000009130474e+02 2.950405765388520063e+00
1.630000000009225403e+02 3.053507370943342014e+00
1.635000000009320615e+02 3.177957646431946337e+00
1.640000000009415544e+02 3.108754122129454789e+00
1.645000000009510472e+02 3.025359896724506559e+00
1.650000000009605685e+02 3.034083211885909570e+00
1.655000000009700614e+02 3.025802308342824709e+00
1.660000000009795826e+02 3.172308570503694192e+00
1.665000000009890755e+02 3.054386512464832837e+00
1.670000000009985968e+02 3.222509956922313457e+00
1.675000000010080896e+02 2.989198801064531175e+00
1.680000000010175825e+02 3.180417710952650800e+00
1.685000000010271037e+02 2.971254117776012116e+00
1.690000000010365966e+02 3.125259220326784604e+00
1.695000000010461179e+02 3.108786732740086212e+00
1.700000000010556107e+02 2.953357631611958301e+00
1.705000000010651320e+02 2.982372575025578954e+00
1.710000000010746248e+02 3.275815652095934727e+00
1.715000000010841177e+02 3.248525303622652238e+00
1.720000000010936390e+02 2.901248968061336697e+00
1.725000000011031318e+02 2.992886589406739350e+00
1.730000000011126531e+02 3.106673543483813749e+00
1.735000000011221459e+02 3.061670629983335612e+00
1.740000000011316672e+02 2.978413040178369720e+00
1.745000000011411601e+02 3.152184737468037401e+00
1.750000000011506813e+02 3.091500303080239931e+00
1.755000000011601742e+02 3.025223007661971053e+00
1.760000000011696670e+02 3.123070802926800837e+00
1.765000000011791883e+02 3.202667974626853375e+00
1.770000000011886812e+02 3.113201341219102858e+00
1.775000000011982024e+02 3.037395804717161862e+00
1.780000000012076953e+02 3.053541223153521056e+00
1.785000000012172165e+02 3.197476112257994885e+00
1.790000000012267094e+02 3.213548776642815685e+00
1.795000000012362023e+02 2.873355369258949743e+00
1.800000000012457235e+02 2.914610636040711800e+00
1.805000000012552164e+02 3.344648749987913394e+00
1.810000000012647376e+02 2.979929755625070342e+00
1.815000000012742305e+02 3.037173315828653575e+00
1.820000000012837518e+02 3.102938566741001658e+00
1.825000000012932446e+02 3.079165208831379452e+00
1.830000000013027659e+02 3.037425964584213656e+00
1.835000000013122587e+02 3.223059734386910069e+00
1.840000000013217516e+02 2.918599459102784621e+00
1.845000000013312729e+02 3.005111060758338226e+00
1.850000000013407657e+02 3.042554300750470730e+00
1.855000000013502870e+02 3.130412978684895986e+00
1.860000000013597798e+02 3.160993079325221444e+00
1.865000000013693011e+02 3.083245850348383055e+00
1.870000000013787940e+02 2.972322161563332621e+00
1.875000000013882868e+02 3.099037948153743116e+00
1.880000000013978081e+02 3.275196301752462347e+00
1.885000000014073009e+02 3.031933697821128870e+00
1.890000000014168222e+02 3.281052097054445227e+00
1.895000000014263151e+02 3.113199239657593154e+00
1.900000000014358363e+02 3.056618402804085477e+00
1.905000000014453292e+02 3.160276622616471798e+00
1.910000000014548220e+02 3.188710881299789079e+00
1.915000000014643433e+02 3.109844956249631309e+00
1.920000000014738362e+02 3.045508705445503672e+00
1.925000000014833574e+02 3.150543074491754414e+00
1.930000000014928503e+02 3.064929741397931728e+00
1.935000000015023716e+02 2.983273216923119087e+00
1.940000000015118644e+02 3.153822601538901260e+00
1.945000000015213857e+02 3.147944327101566131e+00
1.950000000015308785e+02 3.053383320122304845e+00
1.955000000015403714e+02 3.180671031562946727e+00
1.960000000015498927e+02 3.024290304819188258e+00
1.965000000015593855e+02 3.095719713979694365e+00
1.970000000015689068e+02 3.167848841156086337e+00
1.975000000015783996e+02 2.912566825460173092e+00
1.980000000015879209e+02 2.960664545342285070e+00
1.985000000015974138e+02 3.049801804779475933e+00
1.990000000016069066e+02 3.123354248499168762e+00
1.995000000016164279e+02 3.051438096641743147e+00
2.000000000016259207e+02 3.055432427936220829e+00
2.005000000016354420e+02 3.180953070183761167e+00
2.010000000016449349e+02 3.126929751340064456e+00
2.015000000016544561e+02 2.949851655672447670e+00
2.020000000016639490e+02 3.131309946715261194e+00
2.025000000016734703e+02 3.298392003525201677e+00
2.030000000016789556e+02 2.952860036406145916e+00
2.035000000016659385e+02 2.868992297139330461e+00
2.040000000016529214e+02 3.085173001843736884e+00
2.045000000016398758e+02 3.415664581361409713e+00
2.050000000016268586e+02 3.041368799243406418e+00
2.055000000016138415e+02 3.179410856270169727e+00
2.060000000016008244e+02 3.221454109445077041e+00
2.065000000015878072e+02 3.008407143363751590e+00
2.070000000015747617e+02 3.255279442182041461e+00
2.075000000015617445e+02 3.103869356162055393e+00
2.080000000015487274e+02 3.200440879778403858e+00
2.085000000015357102e+02 3.049518622428370129e+00
2.090000000015226931e+02 2.975141294105641876e+00
2.095000000015096475e+02 3.101093467086241340e+00
2.100000000014966304e+02 3.299281966211597972e+00
2.105000000014836132e+02 3.070370598010599306e+00
2.110000000014705961e+02 3.048506264781180253e+00
2.115000000014575789e+02 3.039823706598428821e+00
2.120000000014445618e+02 3.079268397704582050e+00
2.125000000014315162e+02 3.061705685485721862e+00
2.130000000014184991e+02 3.171365389050795347e+00
2.135000000014054820e+02 3.133458310036798977e+00
2.140000000013924648e+02 2.982956890495102265e+00
2.145000000013794477e+02 3.051995330782411031e+00
2.150000000013664021e+02 3.045527699041111536e+00
2.155000000013533850e+02 3.191588168517577540e+00
2.160000000013403678e+02 3.058202059817811680e+00
2.165000000013273507e+02 2.894814547281829853e+00
2.170000000013143335e+02 3.137019372316410593e+00
2.175000000013013164e+02 3.182225175763653713e+00
2.180000000012882708e+02 3.066838173673922086e+00
2.185000000012752537e+02 2.901064519673475228e+00
2.190000000012622365e+02 3.128170957010441011e+00
2.195000000012492194e+02 3.047688352223954400e+00
2.200000000012362023e+02 3.061996470181920671e+00
2.205000000012231567e+02 3.149100651501008485e+00
2.210000000012101395e+02 3.249324630039121864e+00
2.215000000011971224e+02 3.017841513391666730e+00
2.220000000011841053e+02 2.961496370226619934e+00
2.225000000011710881e+02 3.222676304121177893e+00
2.230000000011580710e+02 3.131647670489999591e+00
2.235000000011450254e+02 3.114357807338834938e+00
2.240000000011320083e+02 2.870382014341289700e+00
2.245000000011189911e+02 3.004856867269120269e+00
2.250000000011059740e+02 3.269997294448100167e+00
2.255000000010929568e+02 3.118683113705740695e+00
2.260000000010799113e+02 3.183918467353668458e+00
2.265000000010668941e+02 2.958565717040080756e+00
2.270000000010538770e+02 3.010379179267058891e+00
2.275000000010408598e+02 3.049215306108102208e+00
2.280000000010278427e+02 3.166743440312621782e+00
2.285000000010148256e+02 2.967475688461273187e+00
2.290000000010017800e+02 3.070243142198784803e+00
2.295000000009887628e+02 3.222936031743953489e+00
2.300000000009757457e+02 3.075511392868960137e+00
2.305000000009627286e+02 3.022175095578563564e+00
2.310000000009497114e+02 3.246297683335515494e+00
2.315000000009366659e+02 2.967285375029258265e+00
2.320000000009236487e+02 3.014174194185897271e+00
2.325000000009106316e+02 3.005147333954466315e+00
2.330000000008976144e+02 3.151245942295087143e+00
2.335000000008845973e+02 3.030253381082111286e+00
2.340000000008715517e+02 3.016728081408098561e+00
2.345000000008585346e+02 3.122493800509084760e+00
2.350000000008455174e+02 2.892923521309397561e+00
2.355000000008325003e+02 2.987630874519200397e+00
2.360000000008194831e+02 3.029343263350831261e+00
2.365000000008064660e+02 3.025750467034313385e+00
2.370000000007934204e+02 3.313644439122908292e+00
2.375000000007804033e+02 3.319323691646724139e+00
2.380000000007673862e+02 2.935077716903328415e+00
2.385000000007543690e+02 3.134164098467012050e+00
2.390000000007413519e+02 3.213834412794783546e+00
2.395000000007283063e+02 3.043686474338515691e+00
2.400000000007152892e+02 3.063408802895935423e+00
2.405000000007022720e+02 3.143318165974717804e+00
2.410000000006892549e+02 3.142061053781944224e+00
2.415000000006762377e+02 2.773222333233344106e+00
2.420000000006632206e+02 3.146955355658664466e+00
2.425000000006501750e+02 3.198451253842206743e+00
2.430000000006371579e+02 3.151285929814585884e+00
2.435000000006241407e+02 3.101679701952334334e+00
2.440000000006111236e+02 3.028783866287111604e+00
2.445000000005981065e+02 3.057927611671310775e+00
2.450000000005850609e+02 3.164928712365125296e+00
2.455000000005720437e+02 3.068060806456396783e+00
2.460000000005590266e+02 3.001541153975103793e+00
2.465000000005460095e+02 3.210127012250422851e+00
2.470000000005329923e+02 3.111974310231421903e+00
2.475000000005199752e+02 3.107669163045231997e+00
2.480000000005069296e+02 2.956806292770377542e+00
2.485000000004939125e+02 2.942088154986528092e+00
2.490000000004808953e+02 3.166762078470171105e+00
2.495000000004678782e+02 3.123125016335465798e+00
2.500000000004548610e+02 3.080061856764922279e+00
2.505000000004418155e+02 3.185360657060698042e+00
2.510000000004287983e+02 3.016019931496039863e+00
2.515000000004157812e+02 2.927768350962724142e+00
2.520000000004027640e+02 3.108337518671743904e+00
2.525000000003897469e+02 3.226532668375927226e+00
2.530000000003767013e+02 3.066389543176555765e+00
2.535000000003636842e+02 3.112537234041818035e+00
2.540000000003506671e+02 3.072805309753637193e+00
2.545000000003376499e+02 2.958421540806935646e+00
2.550000000003246328e+02 3.224551740929758825e+00
2.555000000003116156e+02 3.214575272765654468e+00
2.560000000002985985e+02 2.931951527287186998e+00
2.565000000002855813e+02 3.005829179354150060e+00
2.570000000002725642e+02 3.080697543298355434e+00
2.575000000002594902e+02 3.182477415838425472e+00
2.580000000002464731e+02 3.073713745606195147e+00
2.585000000002334559e+02 3.083813321988352119e+00
2.590000000002204388e+02 3.067634066736566911e+00
2.595000000002074216e+02 3.289796601083471383e+00
2.600000000001944045e+02 2.958230379282908995e+00
2.605000000001813873e+02 3.062906256294093854e+00
2.610000000001683702e+02 3.102285684773607333e+00
2.615000000001553531e+02 3.052749989984399726e+00
2.620000000001423359e+02 3.164799795413547390e+00
2.625000000001292619e+02 3.091931662966627137e+00
2.630000000001162448e+02 3.142840136820832075e+00
2.635000000001032276e+02 2.972529332469194596e+00
2.640000000000902105e+02 2.972555279897762137e+00
2.645000000000771934e+02 3.089022087899753632e+00
2.650000000000641762e+02 2.877510067618273215e+00
2.655000000000511591e+02 3.190929049532944539e+00
2.660000000000381419e+02 3.222382718980964178e+00
2.665000000000251248e+02 2.898570959630653920e+00
2.670000000000121076e+02 3.225992782361247091e+00
2.674999999999990905e+02 3.086095827108525924e+00
2.679999999999860165e+02 3.129733416551014447e+00
2.684999999999729994e+02 3.046883496412525982e+00
2.689999999999599822e+02 3.003997007328254920e+00
2.694999999999469651e+02 3.048373439014974817e+00
2.699999999999339479e+02 3.109070858683906646e+00
2.704999999999209308e+02 3.076570148478442235e+00
2.709999999999079137e+02 3.009213650960289144e+00
2.714999999998948965e+02 3.095356840038372415e+00
2.719999999998818794e+02 3.039232427281912230e+00
2.724999999998688622e+02 3.175682291498671539e+00
2.729999999998558451e+02 2.939427526495054899e+00
2.734999999998427711e+02 3.001961279030468166e+00
2.739999999998297540e+02 3.206565399902434166e+00
2.744999999998167368e+02 3.218974568273668790e+00
2.749999999998037197e+02 3.030408226367767188e+00
2.754999999997907025e+02 3.139823903928165461e+00
2.759999999997776854e+02 3.025692983612299880e+00
2.764999999997646682e+02 3.044844812230818487e+00
2.769999999997516511e+02 3.049165394005265206e+00
2.774999999997386340e+02 2.975746086054733563e+00
2.779999999997256168e+02 3.145129599439222545e+00
2.784999999997125997e+02 3.095843890935542131e+00
2.789999999996995257e+02 3.120653812927802750e+00
2.794999999996865085e+02 2.870747479913045908e+00
2.799999999996734914e+02 3.205893049135633444e+00
2.804999999996604743e+02 3.033804782603134687e+00
2.809999999996474571e+02 3.053322027103658076e+00
2.814999999996344400e+02 3.129648987143569538e+00
2.819999999996214228e+02 3.177292701432702593e+00
2.824999999996084057e+02 3.100513314484845129e+00
2.829999999995953885e+02 3.183306586160685736e+00
2.834999999995823714e+02 3.089785488490478738e+00
2.839999999995693543e+02 3.063864360404667586e+00
2.844999999995562803e+02 3.004033253092862843e+00
2.849999999995432631e+02 3.021717378318130365e+00
2.854999999995302460e+02 3.216769326910406512e+00
2.859999999995172288e+02 3.009694771920019107e+00
2.864999999995042117e+02 3.148038091078174894e+00
2.869999999994911946e+02 3.194493354191198620e+00
2.874999999994781774e+02 3.110370618069847826e+00
2.879999999994651603e+02 2.979101250183541882e+00
2.884999999994521431e+02 3.054980332109217045e+00
2.889999999994391260e+02 3.007427840243249939e+00
2.894999999994261088e+02 2.994579990954971738e+00
2.899999999994130349e+02 3.134161550024888054e+00
2.904999999994000177e+02 3.258590083017925298e+00
2.909999999993870006e+02 2.910876044669611140e+00
2.914999999993739834e+02 3.089459503197877321e+00
2.919999999993609663e+02 3.218981352579116884e+00
2.924999999993479491e+02 3.170318126314401130e+00
2.929999999993349320e+02 2.920887621543776902e+00
2.934999999993219149e+02 3.182612357680951742e+00
2.939999999993088977e+02 3.279104816846547088e+00
2.944999999992958806e+02 3.060197582968012586e+00
2.949999999992828634e+02 3.193375264531286728e+00
2.954999999992697894e+02 2.985564908403659956e+00
2.959999999992567723e+02 3.127407988231598601e+00
2.964999999992437552e+02 3.053112726901018092e+00
2.969999999992307380e+02 3.170184906169862593e+00
2.974999999992177209e+02 3.222404250324639730e+00
2.979999999992047037e+02 2.988028577058756685e+00
2.984999999991916866e+02 2.983360282923885443e+00
2.989999999991786694e+02 3.076937761372497526e+00
2.994999999991656523e+02 3.081997942285586767e+00
2.999999999991526352e+02 3.004268062792962102e+00
3.004999999991396180e+02 3.209071096746471063e+00
3.009999999991265440e+02 3.057575902648445698e+00
3.014999999991135269e+02 3.191889220420895512e+00
3.019999999991005097e+02 3.067662642136462114e+00
3.024999999990874926e+02 3.041188043399975616e+00
3.029999999990744755e+02 3.042745380774123820e+00
3.034999999990614583e+02 2.920820606115313467e+00
3.039999999990484412e+02 3.004870339450012473e+00
3.044999999990354240e+02 3.051674821149560124e+00
3.049999999990224069e+02 3.057275713414557394e+00
3.054999999990093897e+02 3.052831971937158162e+00
3.059999999989963158e+02 2.993742807316862820e+00
3.064999999989832986e+02 3.207700525024760996e+00
3.069999999989702815e+02 3.334165372013963236e+00
3.074999999989572643e+02 2.984125186582443412e+00
3.079999999989442472e+02 2.925882473412058093e+00
3.084999999989312300e+02 3.312891874378339985e+00
3.089999999989182129e+02 3.023488995988294459e+00
3.094999999989051958e+02 3.083251622409171500e+00
3.099999999988921786e+02 3.271933093064196107e+00
3.104999999988791615e+02 3.140486114366146886e+00
3.109999999988661443e+02 2.969316964501397038e+00
3.114999999988530703e+02 2.897292277582986131e+00
3.119999999988400532e+02 3.217858858502288033e+00
3.124999999988270361e+02 3.202993420127287827e+00
3.129999999988140189e+02 3.238263767113921165e+00
3.134999999988010018e+02 3.145442407791830597e+00
3.139999999987879846e+02 2.928367854949442073e+00
3.144999999987749675e+02 3.112254046996996593e+00
3.149999999987619503e+02 3.176673147384385665e+00
3.154999999987489332e+02 3.051339102016390026e+00
3.159999999987359161e+02 3.175062999130942920e+00
3.164999999987228989e+02 3.185387529996893896e+00
3.169999999987098249e+02 2.999016315709549740e+00
3.174999999986968078e+02 2.949697487320557254e+00
3.179999999986837906e+02 3.208584592750071351e+00
3.184999999986707735e+02 3.011976877258521590e+00
3.189999999986577564e+02 3.184142731338619026e+00
3.194999999986447392e+02 3.090698622061153422e+00
3.199999999986317221e+02 3.140901563655100315e+00
3.204999999986187049e+02 3.055194049403255452e+00
3.209999999986056878e+02 3.182235407135667771e+00
3.214999999985926706e+02 3.080111405245597567e+00
3.219999999985796535e+02 3.062848820866355126e+00
3.224999999985665795e+02 2.974849343985783268e+00
3.229999999985535624e+02 2.971284541695041082e+00
3.234999999985405452e+02 3.177190850822069645e+00
3.239999999985275281e+02 3.039318465906524214e+00
3.244999999985145109e+02 3.101504293655391375e+00
3.249999999985014938e+02 3.246113905637543873e+00
3.254999999984884766e+02 2.882336687378318274e+00
3.259999999984754595e+02 3.036302123379905460e+00
3.264999999984624424e+02 2.986442784696436092e+00
3.269999999984494252e+02 3.017212927905505548e+00
3.274999999984364081e+02 3.047690404258131203e+00
3.279999999984233341e+02 3.144096711534507538e+00
3.284999999984103169e+02 3.028938400344858284e+00
3.289999999983972998e+02 3.188490501405937927e+00
3.294999999983842827e+02 3.040617891079329560e+00
3.299999999983712655e+02 3.212301203638424418e+00
3.304999999983582484e+02 2.994181850010408041e+00
3.309999999983452312e+02 3.123493802233521244e+00
3.314999999983322141e+02 3.312234517400501677e+00
3.319999999983191969e+02 3.097335069525555706e+00
3.324999999983061798e+02 2.901302323206769174e+00
3.329999999982931627e+02 3.351868916029388856e+00
3.334999999982800887e+02 3.252761978943051968e+00
3.339999999982670715e+02 3.119652919338359975e+00
3.344999999982540544e+02 3.071460086841617088e+00
3.349999999982410372e+02 3.073475375586342206e+00
3.354999999982280201e+02 3.085488897397784314e+00
3.359999999982150030e+02 2.972896217877023073e+00
3.364999999982019858e+02 3.190682977243342044e+00
3.369999999981889687e+02 3.173261205565299559e+00
3.374999999981759515e+02 3.073414784010457534e+00
3.379999999981629344e+02 3.131149626640466366e+00
3.384999999981499172e+02 3.108635604056223745e+00
3.389999999981368433e+02 3.157864118013910648e+00
3.394999999981238261e+02 3.172720816388294285e+00
3.399999999981108090e+02 3.004682039178010022e+00
3.404999999980977918e+02 2.874868374256253745e+00
3.409999999980847747e+02 3.134739273334101295e+00
3.414999999980717575e+02 3.059034726269685756e+00
3.419999999980587404e+02 2.892671130518416511e+00
3.424999999980457233e+02 3.161524915073264275e+00
3.429999999980327061e+02 3.176593386657898144e+00
3.434999999980196890e+02 2.998831657916524396e+00
3.439999999980066718e+02 3.144043271819524588e+00
3.444999999979935978e+02 3.050546774530389360e+00
3.449999999979805807e+02 3.061213019612778474e+00
3.454999999979675636e+02 3.083998840890766147e+00
3.459999999979545464e+02 3.031200419990146777e+00
3.464999999979415293e+02 2.953119762149810423e+00
3.469999999979285121e+02 3.008825667929629688e+00
3.474999999979154950e+02 3.091028608275856460e+00
3.479999999979024778e+02 3.342187187426461037e+00
3.484999999978894607e+02 3.086156016026227800e+00
3.489999999978764436e+02 3.121606509600787227e+00
3.494999999978633696e+02 3.145359262326697269e+00
3.499999999978503524e+02 2.982503418868985623e+00
3.504999999978373353e+02 3.191598360714059446e+00
3.509999999978243181e+02 2.993140059795494246e+00
3.514999999978113010e+02 3.005502955426492928e+00
3.519999999977982839e+02 3.180808764609224681e+00
3.524999999977852667e+02 3.181950163894462058e+00
3.529999999977722496e+02 3.085698105954871373e+00
3.534999999977592324e+02 3.146968511278710245e+00
3.539999999977462153e+02 3.082518281793684256e+00
3.544999999977331981e+02 2.998414893881739207e+00
3.549999999977201242e+02 3.136735679362616214e+00
3.554999999977071070e+02 3.120048370541265381e+00
3.559999999976940899e+02 3.045553585108040195e+00
3.564999999976810727e+02 2.971506479572055159e+00
3.569999999976680556e+02 3.137689685018984154e+00
3.574999999976550384e+02 2.979308209878164249e+00
3.579999999976420213e+02 3.093086959586323736e+00
3.584999999976290042e+02 3.100294111028599531e+00
3.589999999976159870e+02 3.119905041143290703e+00
3.594999999976029699e+02 3.138254424690625211e+00
3.599999999975899527e+02 2.947328500546061658e+00
3.604999999975768787e+02 3.107050171403038963e+00
3.609999999975638616e+02 3.233985698251650831e+00
3.614999999975508445e+02 3.128908367288343761e+00
3.619999999975378273e+02 3.071106141164338332e+00
3.624999999975248102e+02 3.175312567777958783e+00
3.629999999975117930e+02 2.905022557606055322e+00
3.634999999974987759e+02 3.137503058518049226e+00
3.639999999974857587e+02 3.290452912620919435e+00
3.644999999974727416e+02 3.107540869086625523e+00
3.649999999974597245e+02 3.071602565222649961e+00
3.654999999974467073e+02 3.106074054413941798e+00
3.659999999974336333e+02 2.925765240494113240e+00
3.664999999974206162e+02 3.052360018484498116e+00
3.669999999974075990e+02 3.215146775681084979e+00
3.674999999973945819e+02 3.088981686626029788e+00
3.679999999973815648e+02 3.084213430453871752e+00
3.684999999973685476e+02 2.744184318486251328e+00
3.689999999973555305e+02 3.228035720264859076e+00
3.694999999973425133e+02 3.189308644247382585e+00
3.699999999973294962e+02 2.871922077811202456e+00
3.704999999973164790e+02 3.072868648097492716e+00
3.709999999973034619e+02 3.221071904045377021e+00
3.714999999972903879e+02 3.005498560436292266e+00
3.719999999972773708e+02 2.997701778928369976e+00
3.724999999972643536e+02 3.007026749911175578e+00
3.729999999972513365e+02 3.148094754237630077e+00
3.734999999972383193e+02 3.126049503314473288e+00
3.739999999972253022e+02 3.082386058842983001e+00
3.744999999972122851e+02 3.201489772424944480e+00
3.749999999971992679e+02 3.102177470326146214e+00
3.754999999971862508e+02 2.955373926914369953e+00
3.759999999971732336e+02 3.040331146842611520e+00
3.764999999971602165e+02 3.226337287451990665e+00
3.769999999971471425e+02 3.053725317334090139e+00
3.774999999971341254e+02 3.005611570116904385e+00
3.779999999971211082e+02 2.975275589167144741e+00
3.784999999971080911e+02 3.239496991519719593e+00
3.789999999970950739e+02 3.127740186882842277e+00
3.794999999970820568e+02 2.920090535451691505e+00
3.799999999970690396e+02 3.041050263160306244e+00
3.804999999970560225e+02 3.317484374614596110e+00
3.809999999970430054e+02 3.247277248524085280e+00
3.814999999970299882e+02 3.113339028426583166e+00
3.819999999970169711e+02 2.968681402523600799e+00
3.824999999970038971e+02 3.263957785852197091e+00
3.829999999969908799e+02 3.126705746771304639e+00
3.834999999969778628e+02 3.002296439728701749e+00
3.839999999969648456e+02 3.172553490382710617e+00
3.844999999969518285e+02 3.110215015678930772e+00
3.849999999969388114e+02 2.956501271791664109e+00
3.854999999969257942e+02 3.202309334683183462e+00
3.859999999969127771e+02 3.078578388628503859e+00
3.864999999968997599e+02 3.254009053467353585e+00
3.869999999968867428e+02 3.033700141164033415e+00
3.874999999968737256e+02 3.006901175639671298e+00
3.879999999968606517e+02 3.087053941409303448e+00
3.884999999968476345e+02 3.171705307097937965e+00
3.889999999968346174e+02 3.155677052062435539e+00
3.894999999968216002e+02 3.086271403416877668e+00
3.899999999968085831e+02 2.951856900767491965e+00
3.904999999967955659e+02 2.963563760698203264e+00
3.909999999967825488e+02 3.286842534496640322e+00
3.914999999967695317e+02 2.992687386152486972e+00
3.919999999967565145e+02 2.948528769347854794e+00
3.924999999967434974e+02 3.252706796428038505e+00
3.929999999967304234e+02 3.141585721289797295e+00
3.934999999967174062e+02 3.014390497991955797e+00
3.939999999967043891e+02 3.123270257340924783e+00
3.944999999966913720e+02 3.257108736284522799e+00
3.949999999966783548e+02 3.352138931353935369e+00
3.954999999966653377e+02 3.057366941557033257e+00
3.959999999966523205e+02 3.021492980426085051e+00
3.964999999966393034e+02 3.167628132899853455e+00
3.969999999966262862e+02 3.046709507768043057e+00
3.974999999966132691e+02 3.146738846176621696e+00
3.979999999966002520e+02 3.342980645485209568e+00
3.984999999965871780e+02 3.024679105056172990e+00
3.989999999965741608e+02 3.052563099437353600e+00
3.994999999965611437e+02 3.045266626533023047e+00
3.999999999965481265e+02 2.905884928948802681e+00
4.004999999965351094e+02 3.122002898563425610e+00
4.009999999965220923e+02 3.276623977213311445e+00
4.014999999965090751e+02 3.164897209895075392e+00
4.019999999964960580e+02 3.142149167179647318e+00
4.024999999964830408e+02 3.241761205547865732e+00
4.029999999964700237e+02 3.053549367125428571e+00
4.034999999964570065e+02 2.981976235490348071e+00
4.039999999964439326e+02 3.306614960856661511e+00
4.044999999964309154e+02 3.124242018212447736e+00
4.049999999964178983e+02 2.905239060008503849e+00
4.054999999964048811e+02 3.224054314245440533e+00
4.059999999964079507e+02 3.202170824024132667e+00
4.064999999964400104e+02 3.085268351282543620e+00
4.069999999964720132e+02 3.111563433602883233e+00
4.074999999965040729e+02 3.034921387854540686e+00
4.079999999965360757e+02 3.070914956994586387e+00
4.084999999965681354e+02 3.070055950771685360e+00
4.089999999966001383e+02 2.833923041677819832e+00
4.094999999966321980e+02 3.034897203389609555e+00
4.099999999966642008e+02 3.123817144503114207e+00
4.104999999966962605e+02 3.148985281952202619e+00
4.109999999967282633e+02 3.228581221889736952e+00
4.114999999967603230e+02 3.159151426814689412e+00
4.119999999967923259e+02 3.015571725277242709e+00
4.124999999968243856e+02 3.190111266058567985e+00
4.129999999968563884e+02 3.064092251342599660e+00
4.134999999968884481e+02 3.128907189898666452e+00
4.139999999969205078e+02 3.037612392118514304e+00
4.144999999969525106e+02 3.248711474082182527e+00
4.149999999969845703e+02 3.209810706134536673e+00
4.154999999970165732e+02 3.207457106202886266e+00
4.159999999970486328e+02 2.959837786303423535e+00
4.164999999970806357e+02 3.080631267390431471e+00
4.169999999971126954e+02 3.310216556749615791e+00
4.174999999971446982e+02 3.117620238419999801e+00
4.179999999971767579e+02 2.745043253148497175e+00
4.184999999972087608e+02 3.141354559027781601e+00
4.189999999972408204e+02 3.141138060526495579e+00
4.194999999972728233e+02 3.245845608766856571e+00
4.199999999973048830e+02 2.969101907918065386e+00
4.204999999973368858e+02 2.855751054409132017e+00
4.209999999973689455e+02 3.204493183028128023e+00
4.214999999974009484e+02 3.201072013579276287e+00
4.219999999974330080e+02 3.166316309403337304e+00
4.224999999974650109e+02 3.328742625292983703e+00
4.229999999974970706e+02 3.084633096417404019e+00
4.234999999975291303e+02 3.090434900816585007e+00
4.239999999975611331e+02 3.155814441643263191e+00
4.244999999975931928e+02 3.189913498423109672e+00
4.249999999976251956e+02 3.179243708046232353e+00
4.254999999976572553e+02 2.975515630145812107e+00
4.259999999976892582e+02 3.104468673257708922e+00
4.264999999977213179e+02 3.086764420940230735e+00
4.269999999977533207e+02 2.975222802700396407e+00
4.274999999977853804e+02 3.093369650033638951e+00
4.279999999978173832e+02 3.095736221920283082e+00
4.284999999978494429e+02 3.107663320911714155e+00
4.289999999978814458e+02 3.032578821854116313e+00
4.294999999979135055e+02 3.105004054711422157e+00
4.299999999979455083e+02 3.241442561663418598e+00
4.304999999979775680e+02 3.236891498131304168e+00
4.309999999980095708e+02 3.059381059777927625e+00
4.314999999980416305e+02 3.082963236206401447e+00
4.319999999980736902e+02 3.244857440518538638e+00
4.324999999981056931e+02 2.940608090360557814e+00
4.329999999981377528e+02 2.950670571648104090e+00
4.334999999981697556e+02 3.216421993169555904e+00
4.339999999982018153e+02 3.010346769937461975e+00
4.344999999982338181e+02 3.077985370614089167e+00
4.349999999982658778e+02 2.868865644766153800e+00
4.354999999982978807e+02 3.073499570885244392e+00
4.359999999983299404e+02 3.228847734902811961e+00
4.364999999983619432e+02 2.944365227305089316e+00
4.369999999983940029e+02 3.086202701680940574e+00
4.374999999984260057e+02 3.198601349453680243e+00
4.379999999984580654e+02 3.081570619957760826e+00
4.384999999984900683e+02 3.058530891060521562e+00
4.389999999985221280e+02 3.183932693070541831e+00
4.394999999985541308e+02 3.061719579128333368e+00
4.399999999985861905e+02 3.105393121603187812e+00
4.404999999986182502e+02 3.244999601185881488e+00
4.409999999986502530e+02 3.088057012933156820e+00
4.414999999986823127e+02 2.986046828300461531e+00
4.419999999987143156e+02 3.068100328135606070e+00
4.424999999987463752e+02 3.324031962452019595e+00
4.429999999987783781e+02 2.879650403270824111e+00
4.434999999988104378e+02 3.055947920166206089e+00
4.439999999988424406e+02 3.098498024008436769e+00
4.444999999988745003e+02 3.168407495726803358e+00
4.449999999989065032e+02 2.995634186786343189e+00
4.454999999989385628e+02 3.061306753128379299e+00
4.459999999989705657e+02 3.149221227507130738e+00
4.464999999990026254e+02 3.063134906643791844e+00
4.469999999990346282e+02 3.193661573440442769e+00
4.474999999990666879e+02 3.062216250250528571e+00
4.479999999990986908e+02 2.991221745741189597e+00
4.484999999991307504e+02 3.154638377161356644e+00
4.489999999991627533e+02 3.074446840164964723e+00
4.494999999991948130e+02 2.968939930886866918e+00
4.499999999992268727e+02 2.891012572979004158e+00
4.504999999992588755e+02 3.300763701473018230e+00
4.509999999992909352e+02 3.086102498857387744e+00
4.514999999993229380e+02 3.005405337034688262e+00
4.519999999993549977e+02 3.348102223964806168e+00
4.524999999993870006e+02 2.889031586799883922e+00
4.529999999994190603e+02 2.986866239049129845e+00
4.534999999994510631e+02 3.164242795221166915e+00
4.539999999994831228e+02 3.090743850786964675e+00
4.544999999995151256e+02 3.100105163162375277e+00
4.549999999995471853e+02 3.020592545402469131e+00
4.554999999995791882e+02 3.140861024451906403e+00
4.559999999996112479e+02 3.019705291736856090e+00
4.564999999996432507e+02 3.118147163315752035e+00
4.569999999996753104e+02 3.242524465439458492e+00
4.574999999997073132e+02 3.050750349272284723e+00
4.579999999997393729e+02 3.060742639940219778e+00
4.584999999997714326e+02 3.235509547953723253e+00
4.589999999998034355e+02 3.104332731420537783e+00
4.594999999998354951e+02 3.079202277825161982e+00
4.599999999998674980e+02 3.047692930214403351e+00
4.604999999998995577e+02 3.171118558221589279e+00
4.609999999999315605e+02 3.034039456858387496e+00
4.614999999999636202e+02 3.139198331204723136e+00
4.619999999999956231e+02 2.996305779864320673e+00
4.625000000000276827e+02 3.246241580032012575e+00
4.630000000000596856e+02 3.167953456402352153e+00
4.635000000000917453e+02 3.000635962248779709e+00
4.640000000001237481e+02 3.063798135274814260e+00
4.645000000001558078e+02 3.108773554205936929e+00
4.650000000001878107e+02 2.984284099045197092e+00
4.655000000002198703e+02 3.270394668921821069e+00
4.660000000002518732e+02 3.237003263948936560e+00
4.665000000002839329e+02 2.953109805117745790e+00
4.670000000003159357e+02 2.840267333527032534e+00
4.675000000003479954e+02 3.093387137534143516e+00
4.680000000003800551e+02 3.176263058071707501e+00
4.685000000004120579e+02 3.178871566209774180e+00
4.690000000004441176e+02 3.003350622067708642e+00
4.695000000004761205e+02 3.126875522340657909e+00
4.700000000005081802e+02 3.024668630805617653e+00
4.705000000005401830e+02 3.062166917764128193e+00
4.710000000005722427e+02 3.180217674757964907e+00
4.715000000006042455e+02 3.097893151484263363e+00
4.720000000006363052e+02 2.933712095399941600e+00
4.725000000006683081e+02 3.025580167475157900e+00
4.730000000007003678e+02 3.067735055591959803e+00
4.735000000007323706e+02 3.103321009810358522e+00
4.740000000007644303e+02 2.998697577102968914e+00
4.745000000007964331e+02 3.143007162077424699e+00
4.750000000008284928e+02 3.444694405907139156e+00
4.755000000008604957e+02 2.850304149505199280e+00
4.760000000008925554e+02 2.986143912012770851e+00
4.765000000009246151e+02 3.259340335115199494e+00
4.770000000009566179e+02 3.246140849690732022e+00
4.775000000009886776e+02 2.947966419975175612e+00
4.780000000010206804e+02 3.080007432398291556e+00
4.785000000010527401e+02 2.778850571393039814e+00
4.790000000010847430e+02 3.058631711647157747e+00
4.795000000011168027e+02 2.960948236650861709e+00
4.800000000011488055e+02 3.142955753491087911e+00
4.805000000011808652e+02 3.205094902590864603e+00
4.810000000012128680e+02 3.043003862447231089e+00
4.815000000012449277e+02 3.095199612792221888e+00
4.820000000012769306e+02 3.056769116772790174e+00
4.825000000013089902e+02 3.051675078457758428e+00
4.830000000013409931e+02 3.085482346790269226e+00
4.835000000013730528e+02 3.092183532376405530e+00
4.840000000014050556e+02 3.176556961627641673e+00
4.845000000014371153e+02 3.126289188683293752e+00
4.850000000014691750e+02 2.988396393186205646e+00
4.855000000015011778e+02 3.149713901898850033e+00
4.860000000015332375e+02 3.062097667778235000e+00
4.865000000015652404e+02 3.064770835251986458e+00
4.870000000015973001e+02 3.100467019608793340e+00
4.875000000016293029e+02 2.996310979121143081e+00
4.880000000016613626e+02 3.269740679760731794e+00
4.885000000016933654e+02 3.230441737156869220e+00
4.890000000017254251e+02 3.125672650760786375e+00
4.895000000017574280e+02 2.952869665095321228e+00
4.900000000017894877e+02 2.957028051884406317e+00
4.905000000018214905e+02 3.288617623970848669e+00
4.910000000018535502e+02 3.225101187401575142e+00
4.915000000018855530e+02 2.890209577034058341e+00
4.920000000019176127e+02 3.074199474849892422e+00
4.925000000019496156e+02 3.333814903105458693e+00
4.930000000019816753e+02 3.357887963211769744e+00
4.935000000020136781e+02 2.887386253822012971e+00
4.940000000020457378e+02 3.176701357171012319e+00
4.945000000020777975e+02 3.050769601186604341e+00
4.950000000021098003e+02 3.129373117103855684e+00
4.955000000021418600e+02 2.999454275036686823e+00
4.960000000021738629e+02 3.044969415549181324e+00
4.965000000022059226e+02 3.125451690599134746e+00
4.970000000022379254e+02 3.334382145408589793e+00
4.975000000022699851e+02 2.895396944266441785e+00
4.980000000023019879e+02 2.875899419145880209e+00
4.985000000023340476e+02 3.154015095314768757e+00
4.990000000023660505e+02 3.234866338347794912e+00
4.995000000023981102e+02 2.971647301554534604e+00
5.000000000024301130e+02 3.181572393224635142e+00
5.005000000024621727e+02 3.175906751318406496e+00
5.010000000024941755e+02 3.063839063525907846e+00
5.015000000025262352e+02 2.938622280378071494e+00
5.020000000025582381e+02 3.154684401839472851e+00
5.025000000025902978e+02 3.208085131878774643e+00
5.030000000026223574e+02 3.246101106390133051e+00
5.035000000026543603e+02 3.011792914735336169e+00
5.040000000026864200e+02 3.122493706401315627e+00
5.045000000027184228e+02 3.262886462518667319e+00
5.050000000027504825e+02 3.036297450193978786e+00
5.055000000027824854e+02 2.854948977061122051e+00
5.060000000028145450e+02 3.043269603583320659e+00
5.065000000028465479e+02 3.120393828799190583e+00
5.070000000028786076e+02 3.061330757086766940e+00
5.075000000029106104e+02 3.228400834356731863e+00
5.080000000029426701e+02 3.217757708621899138e+00
5.085000000029746730e+02 3.050697021812341259e+00
5.090000000030067326e+02 2.962160646252884444e+00
5.095000000030387355e+02 3.092054693468745619e+00
5.100000000030707952e+02 3.092569109719057074e+00
5.105000000031027980e+02 3.342746920404257249e+00
5.110000000031348577e+02 3.080264732155664209e+00
5.115000000031668606e+02 3.006716127264130289e+00
5.120000000031989202e+02 2.930703546798333559e+00
5.125000000032309799e+02 3.214881000111186715e+00
5.130000000032630396e+02 3.243967453500617548e+00
5.135000000032949856e+02 2.883733776771046031e+00
5.140000000033270453e+02 2.986373200227275149e+00
5.145000000033591050e+02 3.131902417379805126e+00
5.150000000033911647e+02 2.990167926843893209e+00
5.155000000034231107e+02 3.145937917839996878e+00
5.160000000034551704e+02 3.263035408227151990e+00
5.165000000034872301e+02 2.865312432826765399e+00
5.170000000035192897e+02 3.238845655019793046e+00
5.175000000035512357e+02 3.136772666772167373e+00
5.180000000035832954e+02 3.107998611079106688e+00
5.185000000036153551e+02 3.123925271152681038e+00
5.190000000036474148e+02 3.099580369286025316e+00
5.195000000036793608e+02 3.052775422534258709e+00
5.200000000037114205e+02 3.129860561068247282e+00
5.205000000037434802e+02 2.894859149117672281e+00
5.210000000037755399e+02 3.100556327767282738e+00
5.215000000038075996e+02 3.093620984105069471e+00
5.220000000038395456e+02 3.060279110280081483e+00
5.225000000038716053e+02 3.247004100696408546e+00
5.230000000039036649e+02 3.156960064653613784e+00
5.235000000039357246e+02 2.951748140438562817e+00
5.240000000039676706e+02 3.122239545209339884e+00
5.245000000039997303e+02 3.135266818358750651e+00
5.250000000040317900e+02 3.173292519039684123e+00
5.255000000040638497e+02 3.059867898488627613e+00
5.260000000040957957e+02 2.945268214464976886e+00
5.265000000041278554e+02 3.083814668360607580e+00
5.270000000041599151e+02 3.218296826524331689e+00
5.275000000041919748e+02 2.949802309972147540e+00
5.280000000042239208e+02 3.033203123909259613e+00
5.285000000042559805e+02 3.161215826546429408e+00
5.290000000042880401e+02 3.038727916291123154e+00
5.295000000043200998e+02 2.993579543976664592e+00
5.300000000043521595e+02 2.966406934755258185e+00
5.305000000043841055e+02 3.077802976599991691e+00
5.310000000044161652e+02 3.134567440597808563e+00
5.315000000044482249e+02 3.087678705494959708e+00
5.320000000044802846e+02 3.089851488721667483e+00
5.325000000045122306e+02 3.132842527000236910e+00
5.330000000045442903e+02 2.814522910192705396e+00
5.335000000045763500e+02 2.939316522849371172e+00
5.340000000046084097e+02 3.030745097018455070e+00
5.345000000046403557e+02 3.200323979771672711e+00
5.350000000046724153e+02 3.008584874752300742e+00
5.355000000047044750e+02 3.066536443144928015e+00
5.360000000047365347e+02 3.041143987437019636e+00
5.365000000047684807e+02 2.932371923116428469e+00
5.370000000048005404e+02 3.403264003803479820e+00
5.375000000048326001e+02 3.181074569790057982e+00
5.380000000048646598e+02 2.801120205710732058e+00
5.385000000048967195e+02 3.232334365887981065e+00
5.390000000049286655e+02 3.221932146091020854e+00
5.395000000049607252e+02 3.050459556798738259e+00
5.400000000049927849e+02 2.845300010413006842e+00
5.405000000050248445e+02 3.188635163594659261e+00
5.410000000050567905e+02 3.419992052092457602e+00
5.415000000050888502e+02 3.306131684223110323e+00
5.420000000051209099e+02 3.061251735020106057e+00
5.425000000051529696e+02 2.979035964433635719e+00
5.430000000051849156e+02 2.998076899728116196e+00
5.435000000052169753e+02 3.095593670015472920e+00
5.440000000052490350e+02 3.160289275176775270e+00
5.445000000052810947e+02 3.173295505398459060e+00
5.450000000053130407e+02 3.359494036906637948e+00
5.455000000053451004e+02 3.033360590098124643e+00
5.460000000053771601e+02 2.954122574862385164e+00
5.465000000054092197e+02 3.189047606273511803e+00
5.470000000054411657e+02 2.995658798875160844e+00
5.475000000054732254e+02 3.091648892095214318e+00
5.480000000055052851e+02 3.232420993950776200e+00
5.485000000055373448e+02 2.994420065958681487e+00
5.490000000055694045e+02 3.180428898344858535e+00
5.495000000056013505e+02 2.956322774681544363e+00
5.500000000056334102e+02 2.996465630678502912e+00
5.505000000056654699e+02 3.129717984660068009e+00
5.510000000056975296e+02 2.988993685854870019e+00
5.515000000057294756e+02 3.175953705208936384e+00
5.520000000057615352e+02 3.032263741971064519e+00
5.525000000057935949e+02 3.084638708710171429e+00
5.530000000058256546e+02 3.083006506743966035e+00
5.535000000058576006e+02 3.082711504400386104e+00
5.540000000058896603e+02 2.962370056673829577e+00
5.545000000059217200e+02 3.037353132304820402e+00
5.550000000059537797e+02 3.236958540814517615e+00
5.555000000059857257e+02 3.047359290817654554e+00
5.560000000060177854e+02 2.906018148606660301e+00
5.565000000060498451e+02 3.111794204822180721e+00
5.570000000060819048e+02 3.280111823643887092e+00
5.575000000061139644e+02 2.985196535859549360e+00
5.580000000061459104e+02 3.112911247504959178e+00
5.585000000061779701e+02 3.140595666673999808e+00
5.590000000062100298e+02 3.065461425671917706e+00
5.595000000062420895e+02 2.993790444992100674e+00
5.600000000062740355e+02 3.062119267606570272e+00
5.605000000063060952e+02 3.094861755253869084e+00
5.610000000063381549e+02 3.294181758727806830e+00
5.615000000063702146e+02 3.031340917224841558e+00
5.620000000064021606e+02 2.905109781939795965e+00
5.625000000064342203e+02 3.177591473623922358e+00
5.630000000064662800e+02 3.011273250900428078e+00
5.635000000064983396e+02 2.901451586045659337e+00
5.640000000065302856e+02 3.031389940473767197e+00
5.645000000065623453e+02 3.198679282958219350e+00
5.650000000065944050e+02 3.163621545707358873e+00
5.655000000066264647e+02 3.001449821249072336e+00
5.660000000066585244e+02 3.068724153272912147e+00
5.665000000066904704e+02 3.165882653759856336e+00
5.670000000067225301e+02 2.957087429817030877e+00
5.675000000067545898e+02 3.038703238776762738e+00
5.680000000067866495e+02 3.157913357361992635e+00
5.685000000068185955e+02 2.975067795770360402e+00
5.690000000068506552e+02 2.767298471257196191e+00
5.695000000068827148e+02 3.382989201814642577e+00
5.700000000069147745e+02 3.141862125907239456e+00
5.705000000069467205e+02 2.865001900595101958e+00
5.710000000069787802e+02 2.956332181764971700e+00
5.715000000070108399e+02 3.004712771587641384e+00
5.720000000070428996e+02 3.242331222753455311e+00
5.725000000070748456e+02 2.964739777831115308e+00
5.730000000071069053e+02 3.154848481317095388e+00
5.735000000071389650e+02 2.952156465514282679e+00
5.740000000071710247e+02 3.009336777772771754e+00
5.745000000072030844e+02 3.081975630961538482e+00
5.750000000072350304e+02 3.061559702965099827e+00
5.755000000072670900e+02 3.147625181720630660e+00
5.760000000072991497e+02 3.098464654891812664e+00
5.765000000073312094e+02 2.805008007201204467e+00
5.770000000073631554e+02 3.125186162091880604e+00
5.775000000073952151e+02 3.327686530799873310e+00
5.780000000074272748e+02 3.083031790438134578e+00
5.785000000074593345e+02 2.991252904890453923e+00
5.790000000074912805e+02 3.045116425939231153e+00
5.795000000075233402e+02 3.246411590106434097e+00
5.800000000075553999e+02 2.851300680078194816e+00
5.805000000075874595e+02 3.059072891017351470e+00
5.810000000076194056e+02 3.157410441352700214e+00
5.815000000076514652e+02 3.193529841409771919e+00
5.820000000076835249e+02 3.021495813027847532e+00
5.825000000077155846e+02 3.236657184647510732e+00
5.830000000077476443e+02 2.886744707221168049e+00
5.835000000077795903e+02 2.905819383629148600e+00
5.840000000078116500e+02 3.268700822531879435e+00
5.845000000078437097e+02 3.364028207301345219e+00
5.850000000078757694e+02 2.907942146135936490e+00
5.855000000079077154e+02 2.854562384201228653e+00
5.860000000079397751e+02 3.259093825912064091e+00
5.865000000079718347e+02 2.930613694928532631e+00
5.870000000080038944e+02 3.072927405236579812e+00
5.875000000080358404e+02 3.246732077630170910e+00
5.880000000080679001e+02 3.058770673045412725e+00
5.885000000080999598e+02 2.946900080454828874e+00
5.890000000081320195e+02 2.975053409097967005e+00
5.895000000081639655e+02 3.153452231129113770e+00
5.900000000081960252e+02 3.172734367294141045e+00
5.905000000082280849e+02 3.094051773207143974e+00
5.910000000082601446e+02 3.083163136333198384e+00
5.915000000082920906e+02 3.000016887006480282e+00
5.920000000083241503e+02 3.094002341601183037e+00
5.925000000083562099e+02 3.254773942801263864e+00
5.930000000083882696e+02 3.068090198708064431e+00
5.935000000084203293e+02 2.917224793664039861e+00
5.940000000084522753e+02 3.196195030632093648e+00
5.945000000084843350e+02 2.957815504192882194e+00
5.950000000085163947e+02 2.988576625094025108e+00
5.955000000085484544e+02 2.991975878450668702e+00
5.960000000085804004e+02 3.229658642923646017e+00
5.965000000086124601e+02 3.315402937563527441e+00
5.970000000086445198e+02 3.023482901918504773e+00
5.975000000086765795e+02 3.039413675011158666e+00
5.980000000087085255e+02 3.299542931438230298e+00
5.985000000087405851e+02 2.987525149410061420e+00
5.990000000087726448e+02 3.133277011967085635e+00
5.995000000088047045e+02 3.174629785844197638e+00
6.000000000088366505e+02 3.005729638592970154e+00
6.005000000088687102e+02 3.213186030550259087e+00
6.010000000089007699e+02 3.058728829808791350e+00
6.015000000089328296e+02 3.136170515944966208e+00
6.020000000089648893e+02 3.370310538865182171e+00
6.025000000089968353e+02 3.260790688447668728e+00
6.030000000090288950e+02 3.004868094377830978e+00
6.035000000090609547e+02 2.868043688476043851e+00
6.040000000090930143e+02 3.146604111465715281e+00
6.045000000091249603e+02 3.106700664200870765e+00
6.050000000091570200e+02 3.081425925168246316e+00
6.055000000091890797e+02 2.916249876939342123e+00
6.060000000092211394e+02 3.137165180913335849e+00
6.065000000092530854e+02 3.110478251023831575e+00
6.070000000092851451e+02 3.015441513882934466e+00
6.075000000093172048e+02 3.021660823773424376e+00
6.080000000093492645e+02 3.176163629982389214e+00
6.085000000093812105e+02 2.907299026842309342e+00
6.090000000094132702e+02 3.108563208948171841e+00
6.095000000094453299e+02 3.093809566593564320e+00
6.100000000094773895e+02 3.159975670256491398e+00
6.105000000095094492e+02 3.104465844934559460e+00
6.110000000095413952e+02 3.018505616516626855e+00
6.115000000095734549e+02 3.214184890346229118e+00
6.120000000096055146e+02 3.143966337671264988e+00
6.125000000096375743e+02 3.270118719013603847e+00
6.130000000096695203e+02 2.957755643668190881e+00
6.135000000097015800e+02 3.137161395543049736e+00
6.140000000097336397e+02 3.274238037112494393e+00
6.145000000097656994e+02 3.270923444465279495e+00
6.150000000097976454e+02 3.136068361054176190e+00
6.155000000098297050e+02 2.900732530007078314e+00
6.160000000098617647e+02 3.151319231096392226e+00
6.165000000098938244e+02 3.172073585563027098e+00
6.170000000099257704e+02 2.962773044343628648e+00
6.175000000099578301e+02 2.948534295059918708e+00
6.180000000099898898e+02 3.171252188093375945e+00
6.185000000100219495e+02 3.112736215073069079e+00
6.190000000100540092e+02 3.139317431334684549e+00
6.195000000100859552e+02 3.069654121180863005e+00
6.200000000101180149e+02 3.144967266872230827e+00
6.205000000101500746e+02 2.902171187426054288e+00
6.210000000101821342e+02 3.084410082643764817e+00
6.215000000102140802e+02 3.003665988361900574e+00
6.220000000102461399e+02 3.035886708733192663e+00
6.225000000102781996e+02 3.205783073374224745e+00
6.230000000103102593e+02 3.233343555269558856e+00
6.235000000103422053e+02 3.081502511429469404e+00
6.240000000103742650e+02 2.979583193532163055e+00
6.245000000104063247e+02 3.085379402716667219e+00
6.250000000104383844e+02 3.106889672603041941e+00
6.255000000104703304e+02 3.091166051332908005e+00
6.260000000105023901e+02 3.196664097779304381e+00
6.265000000105344498e+02 3.055871685055344233e+00
6.270000000105665094e+02 3.014275554732805951e+00
6.275000000105985691e+02 3.227515168065492990e+00
6.280000000106305151e+02 3.159192342476556892e+00
6.285000000106625748e+02 3.035820811034223077e+00
6.290000000106946345e+02 2.933806175105289071e+00
6.295000000107266942e+02 3.090791081281053732e+00
6.300000000107586402e+02 2.959832715261488278e+00
6.305000000107906999e+02 2.995024517514845108e+00
6.310000000108227596e+02 3.228821279189837856e+00
6.315000000108548193e+02 3.151978498279293994e+00
6.320000000108867653e+02 3.099557680661974679e+00
6.325000000109188250e+02 3.160728600488937889e+00
6.330000000109508846e+02 3.110621722072968165e+00
6.335000000109829443e+02 3.077213737707888086e+00
6.340000000110148903e+02 3.200439252598690221e+00
6.345000000110469500e+02 3.056151442327298628e+00
6.350000000110790097e+02 3.012329769814416913e+00
6.355000000111110694e+02 3.170397755120672567e+00
6.360000000111430154e+02 3.091752083458123579e+00
6.365000000111750751e+02 3.057114731768163729e+00
6.370000000112071348e+02 3.129011524290465029e+00
6.375000000112391945e+02 3.202342628317194517e+00
6.380000000112712542e+02 3.131725664692499134e+00
6.385000000113032002e+02 3.152253699335092474e+00
6.390000000113352598e+02 3.151993011210915796e+00
6.395000000113673195e+02 3.087028191578833347e+00
6.400000000113993792e+02 3.060313965462931662e+00
6.405000000114313252e+02 3.210872476194036818e+00
6.410000000114633849e+02 3.139146197868215360e+00
6.415000000114954446e+02 3.097957193086172456e+00
6.420000000115275043e+02 3.031303156511846009e+00
6.425000000115594503e+02 3.094066951449444769e+00
6.430000000115915100e+02 3.123324995322776854e+00
6.435000000116235697e+02 3.149002530622194485e+00
6.440000000116556294e+02 3.021972041674262588e+00
6.445000000116875754e+02 2.994902721971568038e+00
6.450000000117196350e+02 3.091964282738497882e+00
6.455000000117516947e+02 3.144097421887438237e+00
6.460000000117837544e+02 3.099832422320746517e+00
6.465000000118158141e+02 3.187347629987062891e+00
6.470000000118477601e+02 3.163819368310515578e+00
6.475000000118798198e+02 3.047556073326463721e+00
6.480000000119118795e+02 3.023677357482861705e+00
6.485000000119439392e+02 3.110143293639783035e+00
6.490000000119758852e+02 3.091585887542514399e+00
6.495000000120079449e+02 2.945475664394654025e+00
6.500000000120400045e+02 3.204029571923958652e+00
6.505000000120720642e+02 3.140278966514973735e+00
6.510000000121040102e+02 2.902146253584116486e+00
6.515000000121360699e+02 2.983641341145143233e+00
6.520000000121681296e+02 3.221208377843074011e+00
6.525000000122001893e+02 2.982280444813248277e+00
6.530000000122321353e+02 2.831739223405143502e+00
6.535000000122641950e+02 3.180355335454477128e+00
6.540000000122962547e+02 3.197235574938079417e+00
6.545000000123283144e+02 3.092507729609474509e+00
6.550000000123603741e+02 3.085092211238306348e+00
6.555000000123923201e+02 3.250971728148559059e+00
6.560000000124243797e+02 3.157195398619150328e+00
6.565000000124564394e+02 2.899572602322265880e+00
6.570000000124884991e+02 2.926011142656657515e+00
6.575000000125204451e+02 2.886895893619941145e+00
6.580000000125525048e+02 3.097544454197598274e+00
6.585000000125845645e+02 3.270995071539404719e+00
6.590000000126166242e+02 2.973323669672708114e+00
6.595000000126485702e+02 3.090363687096977507e+00
6.600000000126806299e+02 3.115119443708785241e+00
6.605000000127126896e+02 3.025404446495686628e+00
6.610000000127447493e+02 2.969837435473787757e+00
6.615000000127766953e+02 2.968016783553044657e+00
6.620000000128087549e+02 3.201387588868047640e+00
6.625000000128408146e+02 3.116445007703541048e+00
6.630000000128728743e+02 3.231527512454254847e+00
6.635000000129049340e+02 3.208118137369237566e+00
6.640000000129368800e+02 2.972699371950847436e+00
6.645000000129689397e+02 3.325773960692849585e+00
6.650000000130009994e+02 3.041633159502934891e+00
6.655000000130330591e+02 3.089559437053317925e+00
6.660000000130650051e+02 3.108983788412327254e+00
6.665000000130970648e+02 3.112804128879123944e+00
6.670000000131291245e+02 3.048478391413585786e+00
6.675000000131611841e+02 3.163771456831896867e+00
6.680000000131931301e+02 3.110822558080241773e+00
6.685000000132251898e+02 3.165748345117200380e+00
6.690000000132572495e+02 2.997983497804955544e+00
6.695000000132893092e+02 3.127843958312154005e+00
6.700000000133212552e+02 3.058445200888092685e+00
6.705000000133533149e+02 3.122522912371666681e+00
6.710000000133853746e+02 2.953798961294804126e+00
6.715000000134174343e+02 3.222412863896201518e+00
6.720000000134494940e+02 3.097815927750302123e+00
6.725000000134814400e+02 2.963862597828243572e+00
6.730000000135134997e+02 2.971862619126647953e+00
6.735000000135455593e+02 3.151836561701825801e+00
6.740000000135776190e+02 3.044449940687001366e+00
6.745000000136095650e+02 3.178395373911781618e+00
6.750000000136416247e+02 3.244000913128961994e+00
6.755000000136736844e+02 2.991515368715918832e+00
6.760000000137057441e+02 2.881727019901473952e+00
6.765000000137376901e+02 3.389453115785194370e+00
6.770000000137697498e+02 3.065977845715570194e+00
6.775000000138018095e+02 2.985316468575955007e+00
6.780000000138338692e+02 3.148723263956616059e+00
6.785000000138658152e+02 3.186549717093528855e+00
6.790000000138978749e+02 3.113767192890030788e+00
6.795000000139299345e+02 3.109630994477611488e+00
6.800000000139619942e+02 3.097075854024611719e+00
6.805000000139939402e+02 3.165165184842793522e+00
6.810000000140259999e+02 3.254181759709758648e+00
6.815000000140580596e+02 3.281674156919831553e+00
6.820000000140901193e+02 2.997088856219419117e+00
6.825000000141221790e+02 3.045905573737806904e+00
6.830000000141541250e+02 3.225379344414716076e+00
6.835000000141861847e+02 3.069115467209762915e+00
6.840000000142182444e+02 3.027479288944976421e+00
6.845000000142503040e+02 3.238081923364904302e+00
6.850000000142822500e+02 3.050863132111474307e+00
6.855000000143143097e+02 2.915294502896475404e+00
6.860000000143463694e+02 3.120786079980793382e+00
6.865000000143784291e+02 2.938491698122524642e+00
6.870000000144103751e+02 3.030976984863810841e+00
6.875000000144424348e+02 3.084314028891586901e+00
6.880000000144744945e+02 2.918407639834061484e+00
6.885000000145065542e+02 3.168291438268386440e+00
6.890000000145385002e+02 3.092309639741990246e+00
6.895000000145705599e+02 2.965328566262091847e+00
6.900000000146026196e+02 3.265125892929669593e+00
6.905000000146346792e+02 3.098562477651844116e+00
6.910000000146667389e+02 3.078522859556031221e+00
6.915000000146986849e+02 3.264685182944551123e+00
6.920000000147307446e+02 3.054576974638372189e+00
6.925000000147628043e+02 3.181889690238057788e+00
6.930000000147948640e+02 3.139375024157782690e+00
6.935000000148268100e+02 3.073842054518710398e+00
6.940000000148588697e+02 3.095901924086690293e+00
6.945000000148909294e+02 3.182793220820574920e+00
6.950000000149229891e+02 3.070779274558062877e+00
6.955000000149549351e+02 2.966612080852571776e+00
6.960000000149869948e+02 2.925605634197061988e+00
6.965000000150190544e+02 3.186639222763757218e+00
6.970000000150511141e+02 3.084640263070388855e+00
6.975000000150830601e+02 3.079791825385203019e+00
6.980000000151151198e+02 3.131934085807180690e+00
6.985000000151471795e+02 2.984165410890112113e+00
6.990000000151792392e+02 3.222680432975573162e+00
6.995000000152112989e+02 3.193301737527942219e+00
7.000000000152432449e+02 3.147224879065767755e+00
7.005000000152753046e+02 3.036006354345422764e+00
7.010000000153073643e+02 3.129279873258942413e+00
7.015000000153394240e+02 3.087032565207859847e+00
7.020000000153713700e+02 2.879219522940109410e+00
7.025000000154034296e+02 3.202654628670354331e+00
7.030000000154354893e+02 3.236329530761309581e+00
7.035000000154675490e+02 2.773242560314433724e+00
7.040000000154994950e+02 3.112500191831830687e+00
7.045000000155315547e+02 3.245716233615775881e+00
7.050000000155636144e+02 3.218315096364915195e+00
7.055000000155956741e+02 3.022896944000933672e+00
7.060000000156276201e+02 3.281831408395380123e+00
7.065000000156596798e+02 3.176524493341618793e+00
7.070000000156917395e+02 2.980971192760111244e+00
7.075000000157237992e+02 2.917311381249928726e+00
7.080000000157558588e+02 3.296986936833582682e+00
7.085000000157878048e+02 3.224716678866624164e+00
7.090000000158198645e+02 3.100459550164193168e+00
7.095000000158519242e+02 2.875437507404312143e+00
7.100000000158839839e+02 3.244598129640511530e+00
7.105000000159159299e+02 3.067079439941115204e+00
7.110000000159479896e+02 3.076605869555766315e+00
7.115000000159800493e+02 3.177287401959764779e+00
7.120000000160121090e+02 2.880726658588722788e+00
7.125000000160440550e+02 3.176614135971254971e+00
7.130000000160761147e+02 2.981420979867243304e+00
7.135000000161081743e+02 3.112877874431458913e+00
7.140000000161402340e+02 3.003191636903010941e+00
7.145000000161721800e+02 3.184478068155196961e+00
7.150000000162042397e+02 2.879127284647107654e+00
7.155000000162362994e+02 3.130598894091916495e+00
7.160000000162683591e+02 3.344639219411462250e+00
7.165000000163003051e+02 3.037789595712662827e+00
7.170000000163323648e+02 2.893906277819880302e+00
7.175000000163644245e+02 3.122937148669254537e+00
7.180000000163964842e+02 3.216432444601335927e+00
7.185000000164285439e+02 3.136008269865906417e+00
7.190000000164604899e+02 3.069282397831276654e+00
7.195000000164925495e+02 3.207077333659449359e+00
7.200000000165246092e+02 2.977390788703607516e+00
7.205000000165566689e+02 3.165977012449614048e+00
7.210000000165886149e+02 3.036758999558126337e+00
7.215000000166206746e+02 2.977206771160624044e+00
7.220000000166527343e+02 3.133796948307503882e+00
7.225000000166847940e+02 3.231115071697264973e+00
7.230000000167167400e+02 2.974753856628414628e+00
7.235000000167487997e+02 3.248166448726677480e+00
7.240000000167808594e+02 3.077852167924436166e+00
7.245000000168129191e+02 2.968365569672489990e+00
7.250000000168448651e+02 3.148818013190052056e+00
7.255000000168769247e+02 3.118981539697846639e+00
7.260000000169089844e+02 3.054536724210519250e+00
7.265000000169410441e+02 3.077469306938173332e+00
7.270000000169731038e+02 3.069511501146358068e+00
7.275000000170050498e+02 3.251428211064675722e+00
7.280000000170371095e+02 3.168795806739638898e+00
7.285000000170691692e+02 3.100515908054043646e+00
7.290000000171012289e+02 3.032792973929491875e+00
7.295000000171331749e+02 3.101429480541817885e+00
7.300000000171652346e+02 3.208408107732007686e+00
7.305000000171972943e+02 3.114087108205667587e+00
7.310000000172293539e+02 3.143778130847938890e+00
7.315000000172612999e+02 2.973951466606208349e+00
7.320000000172933596e+02 2.989749203632149577e+00
7.325000000173254193e+02 3.039778890328458161e+00
7.330000000173574790e+02 2.869238142176217643e+00
7.335000000173894250e+02 3.066028749674043041e+00
7.340000000174214847e+02 3.290387942139695543e+00
7.345000000174535444e+02 3.118881716922316638e+00
7.350000000174856041e+02 2.837782354167700749e+00
7.355000000175176638e+02 3.099075716973081818e+00
7.360000000175496098e+02 3.173765289061687866e+00
7.365000000175816695e+02 3.123257503891458509e+00
7.370000000176137291e+02 3.119543310648666523e+00
7.375000000176457888e+02 2.995453350603242360e+00
7.380000000176777348e+02 3.150735702940458349e+00
7.385000000177097945e+02 3.129419733870463460e+00
7.390000000177418542e+02 2.861625882732564907e+00
7.395000000177739139e+02 3.248010082902926587e+00
7.400000000178058599e+02 3.212708156013553751e+00
7.405000000178379196e+02 3.145313059583530357e+00
7.410000000178699793e+02 3.059620963846412245e+00
7.415000000179020390e+02 3.023948732687969265e+00
7.420000000179339850e+02 3.361360467099281824e+00
7.425000000179660447e+02 2.939116209389320389e+00
7.430000000179981043e+02 2.840799383810924006e+00
7.435000000180301640e+02 3.124712348922040750e+00
7.440000000180622237e+02 3.091172441018643635e+00
7.445000000180941697e+02 3.190193199445745975e+00
7.450000000181262294e+02 3.086385935754758059e+00
7.455000000181582891e+02 3.107774635392402285e+00
7.460000000181903488e+02 2.964699654204517643e+00
7.465000000182222948e+02 2.996591835756819755e+00
7.470000000182543545e+02 3.041640006547059016e+00
7.475000000182864142e+02 2.910126392557919051e+00
7.480000000183184738e+02 3.090497639336098779e+00
7.485000000183504199e+02 3.217745370429465623e+00
7.490000000183824795e+02 3.250243302908883525e+00
7.495000000184145392e+02 3.100768332379379100e+00
7.500000000184465989e+02 3.199637826367697002e+00
7.505000000184785449e+02 3.053644368851296420e+00
7.510000000185106046e+02 3.047245179937673409e+00
7.515000000185426643e+02 2.974800088836366818e+00
7.520000000185747240e+02 3.187742115907499674e+00
7.525000000186067837e+02 3.122249877311702448e+00
7.530000000186387297e+02 3.026427569894250436e+00
7.535000000186707894e+02 3.010904626377987281e+00
7.540000000187028490e+02 3.125954642947645468e+00
7.545000000187349087e+02 3.119254325328334687e+00
7.550000000187668547e+02 3.258567266844042631e+00
7.555000000187989144e+02 3.149935142678136568e+00
7.560000000188309741e+02 2.881378981581939502e+00
7.565000000188630338e+02 3.014903280580853995e+00
7.570000000188949798e+02 3.137070091455285148e+00
7.575000000189270395e+02 3.248672782759133959e+00
7.580000000189590992e+02 2.924881791403989517e+00
7.585000000189911589e+02 3.083340968810519556e+00
7.590000000190231049e+02 3.221394177324014230e+00
7.595000000190551646e+02 3.087236916695052624e+00
7.600000000190872242e+02 2.960493285571539346e+00
7.605000000191192839e+02 3.195136051453804082e+00
7.610000000191512299e+02 3.224140210996629730e+00
7.615000000191832896e+02 3.069173497825540498e+00
7.620000000192153493e+02 3.251819592255071889e+00
7.625000000192474090e+02 3.065206409445647928e+00
7.630000000192794687e+02 3.032833324700945354e+00
7.635000000193114147e+02 3.166713681866116126e+00
7.640000000193434744e+02 3.216845046031683530e+00
7.645000000193755341e+02 3.142393949573558665e+00
7.650000000194075938e+02 2.993913141246106857e+00
7.655000000194395398e+02 3.127711150973847776e+00
7.660000000194715994e+02 3.167383671483540386e+00
7.665000000195036591e+02 3.125927474062225819e+00
7.670000000195357188e+02 3.004596688394630011e+00
7.675000000195676648e+02 3.059367812117422591e+00
7.680000000195997245e+02 3.324784408519539269e+00
7.685000000196317842e+02 2.953648907013353586e+00
7.690000000196638439e+02 3.028381879687027212e+00
7.695000000196957899e+02 3.185591555089394067e+00
7.700000000197278496e+02 3.115113160074989285e+00
7.705000000197599093e+02 2.972805886314624058e+00
7.710000000197919690e+02 3.064560091471395076e+00
7.715000000198240286e+02 3.090815986897212486e+00
7.720000000198559746e+02 3.131859742467713925e+00
7.725000000198880343e+02 3.178049401176800792e+00
7.730000000199200940e+02 3.025033659400913510e+00
7.735000000199521537e+02 3.067926409379903241e+00
7.740000000199840997e+02 3.127383397282624600e+00
7.745000000200161594e+02 3.067441983287897855e+00
7.750000000200482191e+02 2.953200795572313631e+00
7.755000000200802788e+02 3.132315903849080652e+00
7.760000000201122248e+02 3.134347863222704866e+00
7.765000000201442845e+02 3.169792749911351848e+00
7.770000000201763442e+02 2.998215898471093599e+00
7.775000000202084038e+02 2.960217474768957580e+00
7.780000000202403498e+02 2.912230901715183062e+00
7.785000000202724095e+02 3.134291193358685668e+00
7.790000000203044692e+02 3.168160540087766819e+00
7.795000000203365289e+02 3.148549470909880021e+00
7.800000000203685886e+02 2.984407414042876461e+00
7.805000000204005346e+02 3.054936374784869013e+00
7.810000000204325943e+02 3.279792616891563206e+00
7.815000000204646540e+02 3.179378938220589923e+00
7.820000000204967137e+02 2.883221261621309761e+00
7.825000000205286597e+02 3.008441102117881183e+00
7.830000000205607193e+02 3.135366357114326430e+00
7.835000000205927790e+02 3.233855983371632270e+00
7.840000000206248387e+02 2.975274427524613685e+00
7.845000000206567847e+02 2.971126528390605870e+00
7.850000000206888444e+02 3.235306076343705151e+00
7.855000000207209041e+02 3.196017160026777049e+00
7.860000000207529638e+02 3.029259334249024160e+00
7.865000000207849098e+02 3.060646090589524082e+00
7.870000000208169695e+02 3.248149918219459309e+00
7.875000000208490292e+02 3.077498741132826510e+00
7.880000000208810889e+02 3.185045986800794537e+00
7.885000000209131485e+02 3.186390545129929475e+00
7.890000000209450945e+02 2.935435202811282451e+00
7.895000000209771542e+02 3.139671416519348668e+00
7.900000000210092139e+02 3.223378395665591700e+00
7.905000000210412736e+02 3.264694576974767948e+00
7.910000000210732196e+02 2.973800357535321126e+00
7.915000000211052793e+02 3.095985973595828167e+00
7.920000000211373390e+02 3.062906588787008388e+00
7.925000000211693987e+02 3.046131802760356333e+00
7.930000000212013447e+02 2.991535229094074655e+00
7.935000000212334044e+02 3.047708497295436914e+00
7.940000000212654641e+02 3.081168027325136727e+00
7.945000000212975237e+02 3.293218071363495980e+00
7.950000000213294697e+02 3.227337402256180710e+00
7.955000000213615294e+02 3.106018132818787691e+00
7.960000000213935891e+02 3.136960429811447071e+00
7.965000000214256488e+02 3.010018111674287233e+00
7.970000000214577085e+02 3.067015416277870887e+00
7.975000000214896545e+02 3.020461594395801974e+00
7.980000000215217142e+02 2.980938547327563359e+00
7.985000000215537739e+02 3.124887546738828625e+00
7.990000000215858336e+02 3.101903472628015468e+00
7.995000000216177796e+02 3.019163394874569750e+00
8.000000000216498393e+02 3.047007875953117839e+00
8.005000000216818989e+02 3.281759360183738483e+00
8.010000000217139586e+02 3.153101658137872576e+00
8.015000000217459046e+02 3.099985376501375178e+00
8.020000000217779643e+02 3.194837985892968746e+00
8.025000000218100240e+02 3.103133080704929991e+00
8.030000000218420837e+02 3.139206677055962125e+00
8.035000000218740297e+02 3.071450134174360524e+00
8.040000000219060894e+02 2.980153485338054242e+00
8.045000000219381491e+02 3.293046843940373947e+00
8.050000000219702088e+02 3.302542639817596104e+00
8.055000000220021548e+02 3.315818660212002111e+00
8.060000000220342145e+02 2.891594382804971719e+00
8.065000000220662741e+02 2.971713700158037597e+00
8.070000000220983338e+02 3.177113701709913141e+00
8.075000000221303935e+02 3.050245293261402146e+00
8.080000000221623395e+02 3.088633016795430120e+00
8.085000000221943992e+02 3.058412580581397311e+00
8.090000000222264589e+02 3.045067463710375844e+00
8.095000000222585186e+02 3.279493551652473027e+00
8.100000000222904646e+02 3.052679573573631622e+00
8.105000000223225243e+02 3.018022297292838552e+00
8.110000000223545840e+02 3.078955106962275590e+00
8.115000000223866436e+02 3.161293322776775661e+00
8.120000000224185897e+02 3.106052865943843777e+00
8.125000000224506493e+02 3.051786069953757785e+00
8.130000000224827090e+02 3.081121351416298726e+00
8.135000000225147687e+02 3.281613309036305104e+00
8.140000000225467147e+02 3.083547300066311170e+00
8.145000000225787744e+02 3.144722726493057952e+00
8.150000000226108341e+02 3.133157850160803282e+00
8.155000000226428938e+02 3.095279694065241838e+00
8.160000000226749535e+02 3.005500239982170640e+00
8.165000000227068995e+02 3.235958600323046941e+00
8.170000000227389592e+02 2.986724344113055540e+00
8.175000000227710188e+02 3.188113895346853521e+00
8.180000000228030785e+02 3.293712800487245573e+00
8.185000000228350245e+02 3.178660129970131809e+00
8.190000000228670842e+02 3.220249536146744695e+00
8.195000000228991439e+02 3.064343236085722566e+00
8.200000000229312036e+02 2.999239411075627526e+00
8.205000000229631496e+02 2.987213387135384313e+00
8.210000000229952093e+02 3.093211598927592121e+00
8.215000000230272690e+02 3.346649468553307472e+00
8.220000000230593287e+02 3.203781208747672249e+00
8.225000000230912747e+02 3.047028191683282650e+00
8.230000000231233344e+02 3.093189150039662216e+00
8.235000000231553940e+02 3.106664740986768258e+00
8.240000000231874537e+02 3.135507206649119194e+00
8.245000000232195134e+02 3.047095592776376538e+00
8.250000000232514594e+02 3.196354401923084065e+00
8.255000000232835191e+02 3.192481700185143989e+00
8.260000000233155788e+02 3.140152075627584694e+00
8.265000000233476385e+02 3.120460981751063567e+00
8.270000000233795845e+02 2.892491852721189360e+00
8.275000000234116442e+02 3.128535213729261244e+00
8.280000000234437039e+02 3.128127240562688982e+00
8.285000000234757636e+02 3.156200446374977098e+00
8.290000000235077096e+02 3.137785843650624518e+00
8.295000000235397692e+02 3.016997553792676534e+00
8.300000000235718289e+02 3.061930084397457730e+00
8.305000000236038886e+02 3.019230375092734953e+00
8.310000000236358346e+02 2.933088299847118829e+00
8.315000000236678943e+02 2.951141642340001425e+00
8.320000000236999540e+02 3.048355346441947056e+00
8.325000000237320137e+02 3.177842546696177717e+00
8.330000000237640734e+02 3.200840957170892676e+00
8.335000000237960194e+02 2.896460423336963963e+00
8.340000000238280791e+02 3.031865674825955370e+00
8.345000000238601388e+02 3.252930380834762047e+00
8.350000000238921984e+02 3.136269666796724032e+00
8.355000000239241444e+02 3.050786822667805875e+00
8.360000000239562041e+02 3.256807538207741715e+00
8.365000000239882638e+02 3.109507149827682060e+00
8.370000000240203235e+02 3.036516633224843442e+00
8.375000000240522695e+02 3.078573456255547125e+00
8.380000000240843292e+02 3.159315844005789575e+00
8.385000000241163889e+02 3.107787205342063874e+00
8.390000000241484486e+02 3.020959009170226750e+00
8.395000000241803946e+02 2.990354456349253010e+00
8.400000000242124543e+02 2.947350964403043783e+00
8.405000000242445140e+02 3.049471848354243786e+00
8.410000000242765736e+02 3.059789190104471590e+00
8.415000000243086333e+02 3.191621608369604512e+00
8.420000000243405793e+02 3.270733807756251110e+00
8.425000000243726390e+02 3.003396587628315295e+00
8.430000000244046987e+02 3.121932378507432659e+00
8.435000000244367584e+02 3.269460184990468310e+00
8.440000000244687044e+02 3.202403615910675239e+00
8.445000000245007641e+02 2.917489746683382457e+00
8.450000000245328238e+02 3.112182399790800691e+00
8.455000000245648835e+02 3.186200981207777172e+00
8.460000000245968295e+02 2.973675643745771868e+00
8.465000000246288892e+02 2.788555131196186476e+00
8.470000000246609488e+02 3.196914599310057170e+00
8.475000000246930085e+02 2.996366882421130029e+00
8.480000000247249545e+02 3.051835996803538897e+00
8.485000000247570142e+02 3.227065607158862814e+00
8.490000000247890739e+02 3.113802480659885408e+00
8.495000000248211336e+02 3.061957973417199774e+00
8.500000000248530796e+02 2.888402972106832500e+00
8.505000000248851393e+02 3.042021618007914263e+00
8.510000000249171990e+02 3.086980425612789958e+00
8.515000000249492587e+02 2.998192557927863433e+00
8.520000000249813183e+02 3.103323786779426552e+00
8.525000000250132643e+02 3.120759182920147978e+00
8.530000000250453240e+02 3.072278743705063597e+00
8.535000000250773837e+02 2.991882051983877577e+00
8.540000000251094434e+02 2.865194755270788818e+00
8.545000000251413894e+02 3.135475971916127147e+00
8.550000000251734491e+02 3.048565129027562826e+00
8.555000000252055088e+02 3.165143611949521762e+00
8.560000000252375685e+02 3.077931364200019448e+00
8.565000000252695145e+02 3.163941844164649630e+00
8.570000000253015742e+02 2.979919283113227291e+00
8.575000000253336339e+02 3.048936383524194049e+00
8.580000000253656935e+02 3.098744280343499469e+00
8.585000000253976395e+02 2.944727585842319861e+00
8.590000000254296992e+02 3.065410112164001610e+00
8.595000000254617589e+02 3.278462195418291536e+00
8.600000000254938186e+02 3.354568931864721382e+00
8.605000000255258783e+02 3.144344284771952935e+00
8.610000000255578243e+02 3.066312825188298952e+00
8.615000000255898840e+02 3.058224764911380955e+00
8.620000000256219437e+02 3.193511843660922001e+00
8.625000000256540034e+02 3.238021600102470199e+00
8.630000000256859494e+02 3.020971595846489333e+00
8.635000000257180091e+02 3.066973062568641328e+00
8.640000000257500687e+02 3.138900978417915599e+00
8.645000000257821284e+02 3.162139557037594528e+00
8.650000000258140744e+02 3.077447184297813276e+00
8.655000000258461341e+02 3.134157077735685082e+00
8.660000000258781938e+02 3.230429835994823140e+00
8.665000000259102535e+02 3.039458120933136609e+00
8.670000000259421995e+02 3.126363747953962768e+00
8.675000000259742592e+02 3.200296784372536507e+00
8.680000000260063189e+02 3.010908026589296238e+00
8.685000000260383786e+02 2.738607908945050795e+00
8.690000000260704383e+02 3.190873616542060809e+00
8.695000000261023843e+02 3.162592419710049452e+00
8.700000000261344439e+02 3.045991909309866408e+00
8.705000000261665036e+02 3.030167540214938615e+00
8.710000000261985633e+02 3.205176831819987804e+00
8.715000000262305093e+02 3.107101504655573887e+00
8.720000000262625690e+02 3.132055560540923711e+00
8.725000000262946287e+02 2.937973179732960904e+00
8.730000000263266884e+02 3.100441661503166468e+00
8.735000000263586344e+02 3.125124685252686163e+00
8.740000000263906941e+02 3.240424394691190368e+00
8.745000000264227538e+02 3.042350345033794312e+00
8.750000000264548135e+02 2.979444034756418613e+00
8.755000000264867595e+02 3.045660984152945172e+00
8.760000000265188191e+02 3.156118414637228309e+00
8.765000000265508788e+02 3.049904544032402853e+00
8.770000000265829385e+02 3.046635277785856299e+00
8.775000000266149982e+02 3.085971273243453439e+00
8.780000000266469442e+02 3.181141051948956022e+00
8.785000000266790039e+02 3.093228253597350541e+00
8.790000000267110636e+02 2.967230130302247471e+00
8.795000000267431233e+02 2.980646264606908069e+00
8.800000000267750693e+02 3.005270921785035743e+00
8.805000000268071290e+02 2.950611013154426754e+00
8.810000000268391886e+02 3.366421508965077969e+00
8.815000000268712483e+02 3.155102566748388071e+00
8.820000000269031943e+02 2.863452638049563514e+00
8.825000000269352540e+02 2.990529290681287922e+00
8.830000000269673137e+02 3.247308727778527526e+00
8.835000000269993734e+02 2.934022375520886072e+00
8.840000000270313194e+02 3.208632218296690208e+00
8.845000000270633791e+02 3.166113111398917379e+00
8.850000000270954388e+02 3.130135970090122122e+00
8.855000000271274985e+02 3.109191118196749759e+00
8.860000000271595582e+02 3.337377274396667204e+00
8.865000000271915042e+02 3.175223412397868650e+00
8.870000000272235638e+02 3.078258583773030299e+00
8.875000000272556235e+02 3.266142802308054538e+00
8.880000000272876832e+02 3.103745279237840826e+00
8.885000000273196292e+02 3.089206547594318231e+00
8.890000000273516889e+02 2.870364302832999925e+00
8.895000000273837486e+02 3.022230221374300640e+00
8.900000000274158083e+02 3.144776046512423928e+00
8.905000000274477543e+02 3.182496373378487675e+00
8.910000000274798140e+02 3.063248731150497672e+00
8.915000000275118737e+02 3.135092381652677673e+00
8.920000000275439334e+02 3.220547631895499308e+00
8.925000000275758794e+02 3.084880570632559937e+00
8.930000000276079390e+02 3.054998543618701046e+00
8.935000000276399987e+02 3.097224530235075157e+00
8.940000000276720584e+02 3.136550931979227741e+00
8.945000000277040044e+02 3.148559794411057933e+00
8.950000000277360641e+02 3.042231003888555829e+00
8.955000000277681238e+02 3.190012629834535041e+00
8.960000000278001835e+02 3.031202589477690168e+00
8.965000000278322432e+02 3.079861518522539310e+00
8.970000000278641892e+02 3.185626964740184253e+00
8.975000000278962489e+02 3.243418057027259938e+00
8.980000000279283086e+02 3.153799899368827209e+00
8.985000000279603682e+02 2.946818762586708829e+00
8.990000000279923142e+02 3.082087328800880766e+00
8.995000000280243739e+02 3.149874901212864842e+00
9.000000000280564336e+02 2.902733746479362775e+00
9.005000000280884933e+02 3.225695547070909441e+00
9.010000000281204393e+02 3.096455904950874860e+00
9.015000000281524990e+02 3.045499584655797509e+00
9.020000000281845587e+02 3.280799104491718410e+00
9.025000000282166184e+02 3.144392527968276951e+00
9.030000000282485644e+02 2.984867454727389458e+00
9.035000000282806241e+02 3.030483922985328427e+00
9.040000000283126838e+02 2.970979554154662861e+00
9.045000000283447434e+02 3.155522493447803889e+00
9.050000000283768031e+02 3.239183361437686592e+00
9.055000000284087491e+02 2.906701334708996942e+00
9.060000000284408088e+02 3.045568665594294622e+00
9.065000000284728685e+02 3.128223520040883887e+00
9.070000000285049282e+02 3.053919913041260870e+00
9.075000000285368742e+02 3.021225241954721863e+00
9.080000000285689339e+02 3.154750697440094953e+00
9.085000000286009936e+02 2.993542147496392136e+00
9.090000000286330533e+02 3.156624988166357948e+00
9.095000000286649993e+02 3.036244808439583220e+00
9.100000000286970590e+02 2.914362307827538690e+00
9.105000000287291186e+02 3.268442534931055743e+00
9.110000000287611783e+02 3.104763990270337004e+00
9.115000000287931243e+02 3.088521643628610480e+00
9.120000000288251840e+02 2.994880283146927891e+00
9.125000000288572437e+02 3.056178650434182575e+00
9.130000000288893034e+02 3.116708341462558263e+00
9.135000000289213631e+02 3.189391181370358375e+00
9.140000000289533091e+02 3.053132508534228684e+00
9.145000000289853688e+02 3.031588443463629989e+00
9.150000000290174285e+02 3.210656504582255266e+00
9.155000000290494881e+02 2.837106989813678037e+00
9.160000000290814341e+02 3.083354628847197354e+00
9.165000000291134938e+02 3.074507142862023201e+00
9.170000000291455535e+02 3.033109700134397180e+00
9.175000000291776132e+02 3.136443269775048392e+00
9.180000000292095592e+02 3.033569882873988544e+00
9.185000000292416189e+02 3.059771778152317268e+00
9.190000000292736786e+02 3.114087615228429140e+00
9.195000000293057383e+02 3.131879935296472794e+00
9.200000000293376843e+02 2.877346661678848339e+00
9.205000000293697440e+02 3.015164507342320110e+00
9.210000000294018037e+02 2.953679915921308297e+00
9.215000000294338633e+02 3.147905584176824867e+00
9.220000000294659230e+02 3.059532472466053754e+00
9.225000000294978690e+02 3.197262719003088449e+00
9.230000000295299287e+02 3.138053183664156975e+00
9.235000000295619884e+02 2.875744080042817341e+00
9.240000000295940481e+02 3.217806058137776315e+00
9.245000000296259941e+02 3.080745706848922350e+00
9.250000000296580538e+02 2.840520578865965984e+00
9.255000000296901135e+02 3.112063096652310623e+00
9.260000000297221732e+02 3.057075999152582213e+00
9.265000000297541192e+02 3.122433297578084854e+00
9.270000000297861789e+02 3.021491256372843104e+00
9.275000000298182385e+02 3.262344925076964941e+00
9.280000000298502982e+02 3.020770870286344945e+00
9.285000000298822442e+02 2.992013622095360592e+00
9.290000000299143039e+02 3.098909987041164271e+00
9.295000000299463636e+02 3.335954182096372289e+00
9.300000000299784233e+02 2.946031314300773918e+00
9.305000000300104830e+02 2.950386464220744465e+00
9.310000000300424290e+02 2.867639502974902221e+00
9.315000000300744887e+02 3.120263450965870433e+00
9.320000000301065484e+02 3.126125646150900383e+00
9.325000000301386081e+02 2.989225370322647901e+00
9.330000000301705541e+02 3.042170777949020355e+00
9.335000000302026137e+02 3.131421174295249799e+00
9.340000000302346734e+02 3.073730131597556703e+00
9.345000000302667331e+02 3.082073518650089383e+00
9.350000000302986791e+02 2.851733121095760826e+00
9.355000000303307388e+02 3.007517535874102865e+00
9.360000000303627985e+02 3.100574087116604982e+00
9.365000000303948582e+02 3.053943300962720375e+00
9.370000000304268042e+02 2.917071654402446423e+00
9.375000000304588639e+02 3.206906365745199494e+00
9.380000000304909236e+02 3.139479522362024433e+00
9.385000000305229833e+02 3.104229016481283132e+00
9.390000000305549293e+02 3.008124273848280072e+00
9.395000000305869889e+02 3.025133426819300198e+00
9.400000000306190486e+02 3.064696263746467864e+00
9.405000000306511083e+02 3.060244655115288204e+00
9.410000000306831680e+02 3.107008397782235143e+00
9.415000000307151140e+02 3.221767787248855264e+00
9.420000000307471737e+02 3.159912559829049616e+00
9.425000000307792334e+02 2.987921696069091304e+00
9.430000000308112931e+02 3.164735713063364209e+00
9.435000000308432391e+02 3.167726312100201724e+00
9.440000000308752988e+02 3.091170067059159532e+00
9.445000000309073585e+02 3.115152145548753637e+00
9.450000000309394181e+02 3.021360752353426715e+00
9.455000000309713641e+02 3.120528024457792871e+00
9.460000000310034238e+02 3.240448281028188937e+00
9.465000000310354835e+02 2.894585136876469900e+00
9.470000000310675432e+02 3.102390990439797047e+00
9.475000000310994892e+02 3.229687421578364859e+00
9.480000000311315489e+02 3.113349286422967044e+00
9.485000000311636086e+02 3.286609569910571516e+00
9.490000000311956683e+02 2.981961397333181996e+00
9.495000000312277280e+02 3.081915309336170417e+00
9.500000000312596740e+02 3.120193496971168656e+00
9.505000000312917336e+02 2.887698541742325098e+00
9.510000000313237933e+02 3.000774224668950829e+00
9.515000000313558530e+02 3.202490628425479713e+00
9.520000000313877990e+02 2.996463130182573487e+00
9.525000000314198587e+02 3.204947209496075811e+00
9.530000000314519184e+02 3.108848362960527911e+00
9.535000000314839781e+02 3.004779067450969787e+00
9.540000000315159241e+02 3.120288366681808423e+00
9.545000000315479838e+02 3.070930879351721821e+00
9.550000000315800435e+02 3.115598075872896278e+00
9.555000000316121032e+02 2.951349645860747106e+00
9.560000000316440492e+02 3.210950359880125227e+00
9.565000000316761088e+02 3.193291755936603415e+00
9.570000000317081685e+02 3.177883634643916100e+00
9.575000000317402282e+02 3.085771964713813986e+00
9.580000000317722879e+02 2.947058108307607505e+00
9.585000000318042339e+02 3.059400054128181168e+00
9.590000000318362936e+02 3.255107357457248884e+00
9.595000000318683533e+02 2.977184869190137473e+00
9.600000000319004130e+02 2.957666907092892039e+00
9.605000000319323590e+02 3.089268022945104608e+00
9.610000000319644187e+02 3.082995713240873847e+00
9.615000000319964784e+02 3.204627627615160179e+00
9.620000000320285380e+02 3.287191213537956624e+00
9.625000000320604840e+02 3.051107830002629751e+00
9.630000000320925437e+02 3.148451355491574510e+00
9.635000000321246034e+02 3.141494127408756221e+00
9.640000000321566631e+02 3.022679238453247041e+00
9.645000000321886091e+02 3.199550243277305750e+00
9.650000000322206688e+02 3.177714225774927570e+00
9.655000000322527285e+02 2.952620020473728513e+00
9.660000000322847882e+02 3.302616868563740038e+00
9.665000000323168479e+02 3.166992825945729617e+00
9.670000000323487939e+02 3.100310798717034189e+00
9.675000000323808536e+02 2.979627802365577338e+00
9.680000000324129132e+02 3.093756078862031522e+00
9.685000000324449729e+02 3.282896484773567991e+00
9.690000000324769189e+02 2.977361835832978088e+00
9.695000000325089786e+02 2.990802923010194458e+00
9.700000000325410383e+02 3.039759902463399222e+00
9.705000000325730980e+02 3.188618359095590993e+00
9.710000000326050440e+02 2.944481687807995129e+00
9.715000000326371037e+02 3.020326414658883518e+00
9.720000000326691634e+02 3.109111285503240119e+00
9.725000000327012231e+02 3.097981258650582159e+00
9.730000000327331691e+02 2.972572157806806281e+00
9.735000000327652288e+02 3.087740161437962705e+00
9.740000000327972884e+02 3.086241760126552602e+00
9.745000000328293481e+02 3.000850420273377672e+00
9.750000000328614078e+02 3.188824867619119541e+00
9.755000000328933538e+02 3.041337551569594400e+00
9.760000000329254135e+02 2.764348721005637888e+00
9.765000000329574732e+02 3.150020750795605728e+00
9.770000000329895329e+02 3.044927801698524394e+00
9.775000000330214789e+02 3.044142870327759098e+00
9.780000000330535386e+02 3.136864299328435024e+00
9.785000000330855983e+02 3.092718289778705110e+00
9.790000000331176579e+02 3.183020032678536726e+00
9.795000000331496040e+02 3.074896396263587128e+00
9.800000000331816636e+02 3.006636174254762484e+00
9.805000000332137233e+02 3.118939484355690794e+00
9.810000000332457830e+02 3.279104775209143785e+00
9.815000000332777290e+02 2.938778008263926100e+00
9.820000000333097887e+02 2.999876669487589798e+00
9.825000000333418484e+02 3.135060951523941597e+00
9.830000000333739081e+02 2.987779201533740547e+00
9.835000000334058541e+02 2.990412855576698448e+00
9.840000000334379138e+02 3.029917464426117757e+00
9.845000000334699735e+02 3.265177271900298717e+00
9.850000000335020331e+02 2.975653122539120954e+00
9.855000000335340928e+02 3.167263837511999913e+00
9.860000000335660388e+02 2.981271177292355024e+00
9.865000000335980985e+02 3.146556164688214974e+00
9.870000000336301582e+02 3.344856840881714977e+00
9.875000000336622179e+02 3.132711214521870513e+00
9.880000000336941639e+02 2.933829702437781517e+00
9.885000000337262236e+02 3.167735921943552135e+00
9.890000000337582833e+02 3.125858855086427468e+00
9.895000000337903430e+02 3.084663281894192366e+00
9.900000000338222890e+02 3.068190881850539231e+00
9.905000000338543487e+02 3.227984273095337198e+00
9.910000000338864083e+02 3.211535027417038002e+00
9.915000000339184680e+02 2.995311355353142968e+00
9.920000000339504140e+02 3.096763362904224159e+00
9.925000000339824737e+02 3.113451572929091249e+00
9.930000000340145334e+02 3.007049326362399189e+00
9.935000000340465931e+02 3.110529434814675920e+00
9.940000000340786528e+02 3.252008066747025250e+00
9.945000000341105988e+02 3.080997231244924972e+00
9.950000000341426585e+02 2.757910648978768364e+00
9.955000000341747182e+02 2.997473636987206369e+00
9.960000000342067779e+02 3.200439087607132915e+00
9.965000000342387239e+02 3.037711965237336109e+00
9.970000000342707835e+02 3.203176900580255726e+00
9.975000000343028432e+02 3.138925087339425435e+00
9.980000000343349029e+02 3.109617302050093457e+00
9.985000000343668489e+02 3.170271129855000147e+00
9.990000000343989086e+02 3.026090850927198872e+00
9.995000000344309683e+02 3.181763990353805749e+00
1.000000000034463028e+03 3.062214689831157965e+00
