# Time (ps)	CV (angstrom)
9.999999999975766229e+01 2.077858117026754936e+00
1.004999999997559001e+02 2.164860359881663587e+00
1.009999999997541380e+02 2.238751909786211414e+00
1.014999999997533990e+02 2.221748002610431705e+00
1.019999999997629061e+02 2.231973885154639348e+00
1.024999999997724132e+02 2.150401009207976610e+00
1.029999999997819060e+02 2.257881574760966181e+00
1.034999999997914131e+02 2.257098887398053755e+00
1.039999999998009201e+02 2.169321694276226786e+00
1.044999999998104272e+02 2.181901631174528511e+00
1.049999999998199343e+02 2.167241078801324328e+00
1.054999999998294413e+02 2.185138423244620487e+00
1.059999999998389484e+02 2.081051984172605618e+00
1.064999999998484554e+02 2.228640244048130103e+00
1.069999999998579483e+02 2.414851277605296165e+00
1.074999999998674554e+02 2.277070839290667781e+00
1.079999999998769624e+02 2.309393621862179113e+00
1.084999999998864695e+02 2.150809996414626557e+00
1.089999999998959765e+02 1.985956800780653619e+00
1.094999999999054836e+02 2.207753565040851740e+00
1.099999999999149907e+02 2.208957797048173965e+00
1.104999999999244977e+02 2.189345392790949862e+00
1.109999999999339906e+02 2.266432270399299842e+00
1.114999999999434976e+02 2.274663377451200841e+00
1.119999999999530047e+02 2.180880247581475917e+00
1.124999999999625118e+02 2.034364254310174758e+00
1.129999999999720188e+02 2.140605982049458511e+00
1.134999999999815259e+02 2.368832598680300272e+00
1.139999999999910330e+02 2.027894587222803580e+00
1.145000000000005400e+02 2.100908192949365816e+00
1.150000000000100329e+02 2.169159675762077466e+00
1.155000000000195399e+02 2.191800745552253904e+00
1.160000000000290470e+02 2.214412736474050458e+00
1.165000000000385540e+02 2.090282602662193234e+00
1.170000000000480611e+02 2.238495091190649600e+00
1.175000000000575682e+02 2.228090356321513532e+00
1.180000000000670752e+02 2.088153851984976050e+00
1.185000000000765823e+02 2.172691029263466689e+00
1.190000000000860751e+02 2.191056104211316580e+00
1.195000000000955822e+02 2.440403044416067591e+00
1.200000000001050893e+02 2.218866888141782123e+00
1.205000000001145963e+02 1.968106417079862558e+00
1.210000000001241034e+02 2.079196342325317470e+00
1.215000000001336105e+02 2.141018813346354577e+00
1.220000000001431175e+02 1.880776723067781875e+00
1.225000000001526246e+02 2.289302626681178676e+00
1.230000000001621174e+02 2.268228977637329891e+00
1.235000000001716245e+02 2.152605700560577873e+00
1.240000000001811316e+02 2.243963192735923151e+00
1.245000000001906386e+02 2.117774075967929548e+00
1.250000000002001457e+02 2.192818117234278663e+00
1.255000000002096527e+02 2.135538669595460348e+00
1.260000000002191598e+02 2.214289364838548213e+00
1.265000000002286527e+02 2.379356915407135009e+00
1.270000000002381597e+02 2.123786531080012807e+00
1.275000000002476668e+02 2.051165296151791217e+00
1.280000000002571880e+02 2.358529943299012999e+00
1.285000000002666809e+02 2.299302877027933345e+00
1.290000000002761738e+02 2.051122606127705250e+00
1.295000000002856950e+02 2.413021938714700276e+00
1.300000000002951879e+02 2.212125761179750238e+00
1.305000000003047091e+02 2.289883522804899041e+00
1.310000000003142020e+02 2.344082980913831715e+00
1.315000000003237233e+02 2.200182381894367101e+00
1.320000000003332161e+02 1.927730680882764780e+00
1.325000000003427090e+02 2.220066534453856821e+00
1.330000000003522302e+02 2.291922481095147734e+00
1.335000000003617231e+02 2.320252725041130670e+00
1.340000000003712444e+02 2.012715113543041223e+00
1.345000000003807372e+02 2.195828788371185336e+00
1.350000000003902585e+02 1.981040411215608810e+00
1.355000000003997513e+02 2.137084902604157399e+00
1.360000000004092726e+02 2.230341724828226457e+00
1.365000000004187655e+02 2.019528682154160482e+00
1.370000000004282583e+02 2.111929462705557814e+00
1.375000000004377796e+02 2.260701084454330712e+00
1.380000000004472724e+02 2.189967062130302455e+00
1.385000000004567937e+02 2.150856269684450872e+00
1.390000000004662866e+02 2.143734515459142287e+00
1.395000000004758078e+02 2.155889051669159784e+00
1.400000000004853007e+02 1.928724665464476518e+00
1.405000000004947935e+02 2.001456857183312454e+00
1.410000000005043148e+02 2.260532851995193493e+00
1.415000000005138077e+02 2.322207680988763290e+00
1.420000000005233289e+02 2.202309817875545583e+00
1.425000000005328218e+02 2.281969411835757633e+00
1.430000000005423431e+02 2.092977684921688564e+00
1.435000000005518359e+02 2.117731081001879012e+00
1.440000000005613572e+02 2.323437974282944296e+00
1.445000000005708500e+02 1.919121232744463779e+00
1.450000000005803429e+02 2.216445251270647621e+00
1.455000000005898642e+02 2.253689714068438654e+00
1.460000000005993570e+02 1.993966023204765570e+00
1.465000000006088783e+02 2.180866980074647632e+00
1.470000000006183711e+02 2.365310146478135866e+00
1.475000000006278924e+02 2.335347669072228793e+00
1.480000000006373853e+02 2.229703013388085520e+00
1.485000000006468781e+02 2.138556030636708183e+00
1.490000000006563994e+02 2.093505655031288271e+00
1.495000000006658922e+02 2.130767478749080901e+00
1.500000000006754135e+02 2.190573130441872962e+00
1.505000000006849064e+02 2.176948208491864101e+00
1.510000000006944276e+02 2.185419988419843751e+00
1.515000000007039205e+02 2.248588153028120651e+00
1.520000000007134133e+02 1.899196600937515189e+00
1.525000000007229346e+02 2.116520985634287033e+00
1.530000000007324275e+02 2.288828819138514881e+00
1.535000000007419487e+02 2.339086132729069956e+00
1.540000000007514416e+02 2.266205585299303937e+00
1.545000000007609628e+02 2.145442044845986551e+00
1.550000000007704557e+02 2.136938204961342791e+00
1.555000000007799770e+02 2.272566053006341846e+00
1.560000000007894698e+02 2.237150380729779453e+00
1.565000000007989627e+02 2.047405201926117080e+00
1.570000000008084839e+02 2.138177698914668134e+00
1.575000000008179768e+02 2.361625193985445126e+00
1.580000000008274981e+02 2.144942382586061402e+00
1.585000000008369909e+02 2.017832246370422133e+00
1.590000000008465122e+02 1.959201579855389674e+00
1.595000000008560050e+02 2.341448662300293471e+00
1.600000000008654979e+02 2.207390791414171272e+00
1.605000000008750192e+02 2.018273793225705770e+00
1.610000000008845120e+02 2.308363259464347284e+00
1.615000000008940333e+02 2.324364650930893728e+00
1.620000000009035261e+02 2.174226027103479897e+00
1.625000000009130474e+02 2.115393993588129185e+00
1.630000000009225403e+02 2.253326239025230660e+00
1.635000000009320615e+02 2.178042430351236902e+00
1.640000000009415544e+02 2.232677996288753075e+00
1.645000000009510472e+02 2.270623993109758487e+00
1.650000000009605685e+02 2.199925578946211324e+00
1.655000000009700614e+02 2.087094952042232610e+00
1.660000000009795826e+02 2.068187243645894124e+00
1.665000000009890755e+02 2.101073102585075958e+00
1.670000000009985968e+02 2.184264115425754049e+00
1.675000000010080896e+02 2.361525370794637535e+00
1.680000000010175825e+02 2.196911381034181154e+00
1.685000000010271037e+02 2.462211474808171374e+00
1.690000000010365966e+02 2.157884801963958932e+00
1.695000000010461179e+02 2.238209131102613547e+00
1.700000000010556107e+02 2.161492082965737360e+00
1.705000000010651320e+02 2.243240266072822120e+00
1.710000000010746248e+02 2.220950665991979545e+00
1.715000000010841177e+02 2.391912115316765952e+00
1.720000000010936390e+02 2.130019828874508470e+00
1.725000000011031318e+02 2.197103015256276048e+00
1.730000000011126531e+02 2.123328583752341903e+00
1.735000000011221459e+02 2.242679360172803893e+00
1.740000000011316672e+02 2.287965461990266292e+00
1.745000000011411601e+02 2.313621561363082169e+00
1.750000000011506813e+02 2.177703796616233145e+00
1.755000000011601742e+02 2.083456638304679753e+00
1.760000000011696670e+02 2.376927288241613478e+00
1.765000000011791883e+02 2.387999191299568391e+00
1.770000000011886812e+02 2.167941879986472919e+00
1.775000000011982024e+02 2.191979069540856528e+00
1.780000000012076953e+02 2.374348633489547389e+00
1.785000000012172165e+02 2.180353431699555866e+00
1.790000000012267094e+02 2.248354203596827805e+00
1.795000000012362023e+02 2.259422575891160800e+00
1.800000000012457235e+02 2.333937137849592780e+00
1.805000000012552164e+02 2.057635497806454605e+00
1.810000000012647376e+02 2.105214875909634298e+00
1.815000000012742305e+02 2.078412987535901202e+00
1.820000000012837518e+02 2.315216705693667887e+00
1.825000000012932446e+02 2.377928807228181896e+00
1.830000000013027659e+02 1.945040086101028631e+00
1.835000000013122587e+02 2.284856665895586225e+00
1.840000000013217516e+02 2.159383751184626998e+00
1.845000000013312729e+02 2.213550683831082111e+00
1.850000000013407657e+02 2.118027074215971695e+00
1.855000000013502870e+02 2.128753861829446148e+00
1.860000000013597798e+02 1.973683940999407360e+00
1.865000000013693011e+02 2.315665964804186405e+00
1.870000000013787940e+02 2.131299499551857934e+00
1.875000000013882868e+02 2.034480787989422890e+00
1.880000000013978081e+02 2.510860322603901018e+00
1.885000000014073009e+02 2.119340179748206765e+00
1.890000000014168222e+02 2.214045648312381154e+00
1.895000000014263151e+02 2.234494299328807720e+00
1.900000000014358363e+02 2.107743975322969643e+00
1.905000000014453292e+02 2.313841699162475951e+00
1.910000000014548220e+02 2.257671484768039694e+00
1.915000000014643433e+02 2.277279162864632056e+00
1.920000000014738362e+02 2.178237342690168443e+00
1.925000000014833574e+02 2.254391476113535298e+00
1.930000000014928503e+02 2.148886085011543656e+00
1.935000000015023716e+02 2.234114271365930104e+00
1.940000000015118644e+02 2.179131624540808776e+00
1.945000000015213857e+02 2.174859954162315034e+00
1.950000000015308785e+02 2.179136211215309871e+00
1.955000000015403714e+02 2.129858697739744677e+00
1.960000000015498927e+02 2.164604295369177756e+00
1.965000000015593855e+02 2.199820151627129849e+00
1.970000000015689068e+02 2.105604828786369342e+00
1.975000000015783996e+02 2.219758702489632807e+00
1.980000000015879209e+02 2.358309803958897444e+00
1.985000000015974138e+02 2.310186856712391990e+00
1.990000000016069066e+02 2.034282054084417979e+00
1.995000000016164279e+02 2.259228229294790946e+00
2.000000000016259207e+02 1.932113539291340887e+00
2.005000000016354420e+02 2.122002075293067058e+00
2.010000000016449349e+02 2.509040608506869052e+00
2.015000000016544561e+02 2.225425081751411405e+00
2.020000000016639490e+02 2.216876659165164742e+00
2.025000000016734703e+02 2.282660651887467473e+00
2.030000000016789556e+02 2.036215843328081032e+00
2.035000000016659385e+02 2.124929782026459435e+00
2.040000000016529214e+02 2.238603811098557994e+00
2.045000000016398758e+02 2.397723379188150261e+00
2.050000000016268586e+02 2.195732269563904548e+00
2.055000000016138415e+02 2.157171476945263233e+00
2.060000000016008244e+02 1.988861082042121753e+00
2.065000000015878072e+02 2.103632997317379516e+00
2.070000000015747617e+02 2.345209603466495540e+00
2.075000000015617445e+02 2.431613362456471528e+00
2.080000000015487274e+02 2.152875665769895530e+00
2.085000000015357102e+02 2.405071978367824048e+00
2.090000000015226931e+02 2.068514837697860376e+00
2.095000000015096475e+02 2.062006901564907846e+00
2.100000000014966304e+02 2.433566737172915051e+00
2.105000000014836132e+02 2.236426565902144059e+00
2.110000000014705961e+02 2.191360229646565294e+00
2.115000000014575789e+02 2.204209429871265780e+00
2.120000000014445618e+02 2.124505383472140352e+00
2.125000000014315162e+02 2.271397736207034779e+00
2.130000000014184991e+02 2.296393612406717466e+00
2.135000000014054820e+02 2.235884421938095556e+00
2.140000000013924648e+02 2.343864248703620312e+00
2.145000000013794477e+02 2.250576865016106876e+00
2.150000000013664021e+02 2.031440351897862318e+00
2.155000000013533850e+02 2.392055079378279991e+00
2.160000000013403678e+02 2.103834129123130836e+00
2.165000000013273507e+02 2.120333985100775198e+00
2.170000000013143335e+02 2.225292983126011315e+00
2.175000000013013164e+02 2.210541407500648869e+00
2.180000000012882708e+02 2.271267897336398889e+00
2.185000000012752537e+02 2.135787256600749195e+00
2.190000000012622365e+02 2.252901868628317317e+00
2.195000000012492194e+02 2.234326000314264427e+00
2.200000000012362023e+02 2.297343342483357809e+00
2.205000000012231567e+02 2.369855810960978637e+00
2.210000000012101395e+02 2.344608111403886141e+00
2.215000000011971224e+02 2.278165356480895465e+00
2.220000000011841053e+02 2.117582683143135913e+00
2.225000000011710881e+02 2.045950243582230765e+00
2.230000000011580710e+02 2.075020273836398310e+00
2.235000000011450254e+02 2.188510796339465880e+00
2.240000000011320083e+02 2.063774347066948067e+00
2.245000000011189911e+02 2.212202438817698624e+00
2.250000000011059740e+02 2.281058631105319368e+00
2.255000000010929568e+02 2.291661654088702260e+00
2.260000000010799113e+02 2.148702752008052830e+00
2.265000000010668941e+02 2.102742082823394032e+00
2.270000000010538770e+02 2.344341008622403244e+00
2.275000000010408598e+02 1.980510131792960316e+00
2.280000000010278427e+02 2.274404393901289012e+00
2.285000000010148256e+02 2.395573647140976981e+00
2.290000000010017800e+02 1.882740599262334724e+00
2.295000000009887628e+02 2.216628119769533001e+00
2.300000000009757457e+02 2.180377340075546844e+00
2.305000000009627286e+02 2.263900058340017285e+00
2.310000000009497114e+02 2.155543424555731669e+00
2.315000000009366659e+02 2.140121960368129628e+00
2.320000000009236487e+02 2.173111283049566467e+00
2.325000000009106316e+02 2.133866113297489875e+00
2.330000000008976144e+02 2.069978843721937078e+00
2.335000000008845973e+02 2.090075468879685872e+00
2.340000000008715517e+02 2.039922846876571327e+00
2.345000000008585346e+02 2.224887199190102915e+00
2.350000000008455174e+02 2.354105673101676288e+00
2.355000000008325003e+02 2.178027785682539630e+00
2.360000000008194831e+02 2.211033842600577337e+00
2.365000000008064660e+02 2.237520430242701863e+00
2.370000000007934204e+02 2.107272219262823043e+00
2.375000000007804033e+02 2.479199549963090110e+00
2.380000000007673862e+02 2.352021061276219349e+00
2.385000000007543690e+02 2.218117710795532549e+00
2.390000000007413519e+02 2.286796100648362806e+00
2.395000000007283063e+02 2.308253704890595781e+00
2.400000000007152892e+02 2.336418844526953809e+00
2.405000000007022720e+02 2.091635423107049974e+00
2.410000000006892549e+02 2.109079125757014950e+00
2.415000000006762377e+02 2.250923856553054048e+00
2.420000000006632206e+02 2.026194302063073049e+00
2.425000000006501750e+02 2.257074375528385080e+00
2.430000000006371579e+02 2.160818504158014797e+00
2.435000000006241407e+02 2.306019530873598011e+00
2.440000000006111236e+02 2.242952268749089928e+00
2.445000000005981065e+02 2.170621150820188916e+00
2.450000000005850609e+02 2.161624810198898849e+00
2.455000000005720437e+02 2.167389654276856703e+00
2.460000000005590266e+02 2.177055893023948752e+00
2.465000000005460095e+02 2.172961661525748767e+00
2.470000000005329923e+02 2.130580811977013767e+00
2.475000000005199752e+02 2.361992799772501428e+00
2.480000000005069296e+02 2.218327331588555662e+00
2.485000000004939125e+02 2.105761416110762063e+00
2.490000000004808953e+02 2.153637287386657384e+00
2.495000000004678782e+02 2.131184912468412573e+00
2.500000000004548610e+02 2.163871095269462863e+00
2.505000000004418155e+02 2.347777532822796775e+00
2.510000000004287983e+02 2.259750418931829596e+00
2.515000000004157812e+02 2.322544286137948610e+00
2.520000000004027640e+02 2.196852694055824173e+00
2.525000000003897469e+02 2.009907046967601474e+00
2.530000000003767013e+02 2.244282328764580114e+00
2.535000000003636842e+02 2.324792623350413034e+00
2.540000000003506671e+02 2.203077168135683994e+00
2.545000000003376499e+02 2.165840623543812349e+00
2.550000000003246328e+02 2.301443067683492050e+00
2.555000000003116156e+02 2.157941905564009666e+00
2.560000000002985985e+02 2.094004033728406711e+00
2.565000000002855813e+02 2.371696579712775144e+00
2.570000000002725642e+02 2.381625189379216412e+00
2.575000000002594902e+02 2.265507997939639750e+00
2.580000000002464731e+02 2.173692007540962923e+00
2.585000000002334559e+02 2.365283869685079754e+00
2.590000000002204388e+02 2.425665340138404069e+00
2.595000000002074216e+02 2.146854465042215665e+00
2.600000000001944045e+02 2.244240927011994735e+00
2.605000000001813873e+02 2.249025418104761531e+00
2.610000000001683702e+02 2.313108802546583131e+00
2.615000000001553531e+02 2.173637782996769019e+00
2.620000000001423359e+02 2.223923988898644399e+00
2.625000000001292619e+02 2.226557236387984862e+00
2.630000000001162448e+02 2.187381350349522524e+00
2.635000000001032276e+02 2.168264527324528679e+00
2.640000000000902105e+02 2.261583553797866131e+00
2.645000000000771934e+02 2.148443462273124549e+00
2.650000000000641762e+02 2.308921192982016368e+00
2.655000000000511591e+02 2.192115823658157936e+00
2.660000000000381419e+02 2.461077411347487143e+00
2.665000000000251248e+02 2.344559724969163206e+00
2.670000000000121076e+02 2.082735161469294827e+00
2.674999999999990905e+02 2.205892586113875176e+00
2.679999999999860165e+02 2.126389021077820018e+00
2.684999999999729994e+02 2.167192183602515421e+00
2.689999999999599822e+02 2.215799777216170163e+00
2.694999999999469651e+02 2.214566581539506807e+00
2.699999999999339479e+02 2.156094839631912397e+00
2.704999999999209308e+02 2.010591189810374324e+00
2.709999999999079137e+02 2.112880980881441495e+00
2.714999999998948965e+02 2.316468094653487686e+00
2.719999999998818794e+02 2.348395777971636900e+00
2.724999999998688622e+02 2.057008096234970829e+00
2.729999999998558451e+02 2.214260747973613608e+00
2.734999999998427711e+02 2.486872320214508214e+00
2.739999999998297540e+02 2.089435602683511028e+00
2.744999999998167368e+02 2.126130928128810993e+00
2.749999999998037197e+02 2.208753672618924746e+00
2.754999999997907025e+02 2.203170247762667788e+00
2.759999999997776854e+02 2.256898761999056369e+00
2.764999999997646682e+02 2.261191948910029836e+00
2.769999999997516511e+02 2.067519836983600534e+00
2.774999999997386340e+02 2.396584387149041095e+00
2.779999999997256168e+02 2.147879566436218468e+00
2.784999999997125997e+02 2.256886571435876565e+00
2.789999999996995257e+02 2.077995192665702096e+00
2.794999999996865085e+02 2.185819421746650892e+00
2.799999999996734914e+02 2.137430296304254185e+00
2.804999999996604743e+02 2.138340022519629624e+00
2.809999999996474571e+02 2.011430043440161075e+00
2.814999999996344400e+02 2.220507594553895458e+00
2.819999999996214228e+02 2.327176013625874340e+00
2.824999999996084057e+02 2.340594686292198023e+00
2.829999999995953885e+02 2.175044068496999383e+00
2.834999999995823714e+02 2.227726962381044284e+00
2.839999999995693543e+02 2.117365911651328592e+00
2.844999999995562803e+02 1.968356830366531529e+00
2.849999999995432631e+02 2.208280269157665732e+00
2.854999999995302460e+02 2.164281576823555930e+00
2.859999999995172288e+02 2.157647259999671885e+00
2.864999999995042117e+02 2.208999091149537186e+00
2.869999999994911946e+02 2.006321024384197127e+00
2.874999999994781774e+02 2.134739814729768259e+00
2.879999999994651603e+02 2.022444229515830916e+00
2.884999999994521431e+02 2.245840509739741364e+00
2.889999999994391260e+02 2.195132665085504087e+00
2.894999999994261088e+02 2.197185362131924169e+00
2.899999999994130349e+02 2.171567670571318942e+00
2.904999999994000177e+02 2.055044279846725885e+00
2.909999999993870006e+02 1.991857740912561736e+00
2.914999999993739834e+02 2.357379127020762244e+00
2.919999999993609663e+02 2.326985057529252554e+00
2.924999999993479491e+02 2.302508656597238357e+00
2.929999999993349320e+02 2.050512146023006466e+00
2.934999999993219149e+02 2.280855065261663928e+00
2.939999999993088977e+02 2.329020045979339759e+00
2.944999999992958806e+02 2.048296846055636333e+00
2.949999999992828634e+02 2.171611238982108727e+00
2.954999999992697894e+02 2.397713320854629071e+00
2.959999999992567723e+02 2.093272102378588073e+00
2.964999999992437552e+02 2.013026562896746086e+00
2.969999999992307380e+02 2.325100427288623539e+00
2.974999999992177209e+02 2.186110221152739452e+00
2.979999999992047037e+02 2.155378607725942253e+00
2.984999999991916866e+02 2.157078849060524384e+00
2.989999999991786694e+02 2.347545885015478007e+00
2.994999999991656523e+02 2.056157420745383657e+00
2.999999999991526352e+02 2.162198399801606996e+00
3.004999999991396180e+02 2.048969218965559058e+00
3.009999999991265440e+02 2.139958403543268162e+00
3.014999999991135269e+02 2.098402335274904829e+00
3.019999999991005097e+02 2.292218998415604503e+00
3.024999999990874926e+02 2.172515416649005715e+00
3.029999999990744755e+02 2.240607212764253120e+00
3.034999999990614583e+02 2.205713857838494718e+00
3.039999999990484412e+02 2.232171264074459316e+00
3.044999999990354240e+02 2.080543666369479627e+00
3.049999999990224069e+02 2.024455379000631439e+00
3.054999999990093897e+02 2.234535585073191832e+00
3.059999999989963158e+02 2.237930059697425644e+00
3.064999999989832986e+02 2.161446158844723797e+00
3.069999999989702815e+02 2.235301411476223521e+00
3.074999999989572643e+02 2.224128837485196186e+00
3.079999999989442472e+02 2.259288917373754924e+00
3.084999999989312300e+02 2.254972459533421514e+00
3.089999999989182129e+02 2.112394398636602499e+00
3.094999999989051958e+02 2.077677027830699963e+00
3.099999999988921786e+02 2.182182449541293590e+00
3.104999999988791615e+02 2.305948798030454494e+00
3.109999999988661443e+02 2.168483237542710995e+00
3.114999999988530703e+02 2.159390973546167825e+00
3.119999999988400532e+02 2.152967091607667527e+00
3.124999999988270361e+02 2.337875945867541105e+00
3.129999999988140189e+02 2.204668492133738500e+00
3.134999999988010018e+02 2.200984737863637353e+00
3.139999999987879846e+02 2.245233521380014530e+00
3.144999999987749675e+02 2.068178763175539281e+00
3.149999999987619503e+02 2.186499579850422315e+00
3.154999999987489332e+02 2.278368472217583651e+00
3.159999999987359161e+02 2.004027954142357792e+00
3.164999999987228989e+02 2.361016800720285858e+00
3.169999999987098249e+02 2.150922733450966629e+00
3.174999999986968078e+02 2.346211788709358093e+00
3.179999999986837906e+02 2.265751307840718987e+00
3.184999999986707735e+02 2.251820976419316889e+00
3.189999999986577564e+02 2.154394190074136350e+00
3.194999999986447392e+02 2.200994964850012003e+00
3.199999999986317221e+02 2.221961164644628006e+00
3.204999999986187049e+02 2.230519002461802902e+00
3.209999999986056878e+02 2.225774365458088599e+00
3.214999999985926706e+02 2.107230618567262237e+00
3.219999999985796535e+02 2.153275539387281334e+00
3.224999999985665795e+02 2.351912384954626400e+00
3.229999999985535624e+02 2.260760536146927624e+00
3.234999999985405452e+02 2.184964347523314920e+00
3.239999999985275281e+02 2.194295335862892937e+00
3.244999999985145109e+02 2.287541516238440042e+00
3.249999999985014938e+02 2.224207352121780001e+00
3.254999999984884766e+02 2.071087315507662563e+00
3.259999999984754595e+02 2.152964599631511433e+00
3.264999999984624424e+02 2.404389520470188835e+00
3.269999999984494252e+02 2.299729781745049717e+00
3.274999999984364081e+02 2.260076964563694446e+00
3.279999999984233341e+02 2.210718838984290002e+00
3.284999999984103169e+02 2.135026872461100567e+00
3.289999999983972998e+02 2.160999882259215354e+00
3.294999999983842827e+02 2.199418551743295591e+00
3.299999999983712655e+02 2.490082379156947301e+00
3.304999999983582484e+02 2.195294481788782726e+00
3.309999999983452312e+02 2.169299645453498293e+00
3.314999999983322141e+02 2.230019174890416789e+00
3.319999999983191969e+02 2.320571321352985716e+00
3.324999999983061798e+02 2.318713623931103918e+00
3.329999999982931627e+02 2.176293245875185800e+00
3.334999999982800887e+02 2.143584041267607265e+00
3.339999999982670715e+02 2.176777149999758354e+00
3.344999999982540544e+02 2.128017032058984626e+00
3.349999999982410372e+02 2.140556050257170106e+00
3.354999999982280201e+02 2.138227754830696270e+00
3.359999999982150030e+02 2.134192988534347801e+00
3.364999999982019858e+02 2.336451191887056744e+00
3.369999999981889687e+02 2.261914200409021802e+00
3.374999999981759515e+02 2.212569037630824909e+00
3.379999999981629344e+02 2.306421339602167553e+00
3.384999999981499172e+02 2.135634151674681291e+00
3.389999999981368433e+02 2.169692819791134042e+00
3.394999999981238261e+02 2.301118628646481756e+00
3.399999999981108090e+02 2.275828231496923593e+00
3.404999999980977918e+02 2.100440818396448250e+00
3.409999999980847747e+02 2.087935215349512319e+00
3.414999999980717575e+02 2.357079282405263321e+00
3.419999999980587404e+02 2.058519313719883836e+00
3.424999999980457233e+02 2.183143965342305481e+00
3.429999999980327061e+02 2.193479884749850672e+00
3.434999999980196890e+02 2.015569269100749850e+00
3.439999999980066718e+02 2.147310176726857200e+00
3.444999999979935978e+02 2.362246103012954457e+00
3.449999999979805807e+02 2.323359528189122170e+00
3.454999999979675636e+02 2.281251414474927408e+00
3.459999999979545464e+02 2.233200442088516979e+00
3.464999999979415293e+02 2.155853157011637489e+00
3.469999999979285121e+02 2.138596144066783111e+00
3.474999999979154950e+02 1.982205606857293079e+00
3.479999999979024778e+02 2.126881828347532810e+00
3.484999999978894607e+02 2.326544099288482048e+00
3.489999999978764436e+02 2.276578702189559156e+00
3.494999999978633696e+02 2.215297704391315570e+00
3.499999999978503524e+02 2.284737155974688516e+00
3.504999999978373353e+02 2.235740317273239075e+00
3.509999999978243181e+02 2.251633032131946432e+00
3.514999999978113010e+02 2.166933310801307577e+00
3.519999999977982839e+02 2.214997573788143992e+00
3.524999999977852667e+02 2.240316771706644783e+00
3.529999999977722496e+02 2.265705711811093259e+00
3.534999999977592324e+02 2.220749925066953345e+00
3.539999999977462153e+02 2.312822256852307579e+00
3.544999999977331981e+02 2.227244627139747024e+00
3.549999999977201242e+02 2.075392269488884001e+00
3.554999999977071070e+02 2.053727178508774731e+00
3.559999999976940899e+02 2.179566457202687602e+00
3.564999999976810727e+02 2.088663993707028599e+00
3.569999999976680556e+02 2.243473485789013289e+00
3.574999999976550384e+02 2.342145343488369669e+00
3.579999999976420213e+02 2.263589255168179548e+00
3.584999999976290042e+02 2.223917694678918089e+00
3.589999999976159870e+02 2.226159271759293734e+00
3.594999999976029699e+02 2.122126084318520789e+00
3.599999999975899527e+02 2.268995483570064753e+00
3.604999999975768787e+02 2.354925812851107025e+00
3.609999999975638616e+02 2.215937929848613486e+00
3.614999999975508445e+02 2.211305955328700001e+00
3.619999999975378273e+02 2.325236054418310605e+00
3.624999999975248102e+02 2.201616004044200547e+00
3.629999999975117930e+02 2.164079689169789322e+00
3.634999999974987759e+02 2.181488100361610893e+00
3.639999999974857587e+02 2.359948752106546532e+00
3.644999999974727416e+02 2.173461766267452244e+00
3.649999999974597245e+02 2.060250119882326647e+00
3.654999999974467073e+02 2.190276384195889658e+00
3.659999999974336333e+02 2.111911051519483440e+00
3.664999999974206162e+02 2.104722935363666725e+00
3.669999999974075990e+02 2.115013547358968182e+00
3.674999999973945819e+02 2.228003223898097573e+00
3.679999999973815648e+02 2.101895568727059960e+00
3.684999999973685476e+02 2.255365974259158079e+00
3.689999999973555305e+02 2.053384343273043644e+00
3.694999999973425133e+02 2.080475028771452628e+00
3.699999999973294962e+02 2.181788465095389373e+00
3.704999999973164790e+02 2.311468598044251532e+00
3.709999999973034619e+02 2.190037968458252049e+00
3.714999999972903879e+02 1.990404163928384706e+00
3.719999999972773708e+02 2.144918669240119424e+00
3.724999999972643536e+02 2.121159288818194710e+00
3.729999999972513365e+02 2.345262972701342097e+00
3.734999999972383193e+02 2.190632873871267705e+00
3.739999999972253022e+02 2.027413313117405025e+00
3.744999999972122851e+02 2.137726000885650013e+00
3.749999999971992679e+02 2.142937842120051339e+00
3.754999999971862508e+02 2.272958328948059492e+00
3.759999999971732336e+02 1.984685433739150850e+00
3.764999999971602165e+02 2.198354947488928790e+00
3.769999999971471425e+02 2.034437640117706891e+00
3.774999999971341254e+02 2.229732943392085609e+00
3.779999999971211082e+02 2.347587179612223185e+00
3.784999999971080911e+02 2.335405182022112669e+00
3.789999999970950739e+02 2.085950842047476606e+00
3.794999999970820568e+02 2.152811750766069565e+00
3.799999999970690396e+02 2.252290491845875042e+00
3.804999999970560225e+02 2.078480967385520017e+00
3.809999999970430054e+02 2.191918710855806474e+00
3.814999999970299882e+02 2.128676849368360546e+00
3.819999999970169711e+02 2.231080153741009209e+00
3.824999999970038971e+02 2.146303829413816366e+00
3.829999999969908799e+02 2.323163164088899002e+00
3.834999999969778628e+02 2.359234813221789739e+00
3.839999999969648456e+02 2.221946573488257748e+00
3.844999999969518285e+02 2.119591539653591816e+00
3.849999999969388114e+02 2.042367335688160868e+00
3.854999999969257942e+02 2.174537175955122859e+00
3.859999999969127771e+02 2.195405075066404699e+00
3.864999999968997599e+02 2.208086148031236373e+00
3.869999999968867428e+02 2.377613690943569669e+00
3.874999999968737256e+02 2.223434794715070328e+00
3.879999999968606517e+02 2.271739571601497421e+00
3.884999999968476345e+02 2.108400832543355197e+00
3.889999999968346174e+02 2.203583381064289970e+00
3.894999999968216002e+02 2.203749056149048702e+00
3.899999999968085831e+02 2.163068161461069838e+00
3.904999999967955659e+02 2.198155229756547868e+00
3.909999999967825488e+02 2.375520742755336645e+00
3.914999999967695317e+02 2.307580305677063404e+00
3.919999999967565145e+02 2.125522013807685795e+00
3.924999999967434974e+02 2.061845494277499302e+00
3.929999999967304234e+02 2.229287695885716847e+00
3.934999999967174062e+02 2.272460474610974224e+00
3.939999999967043891e+02 2.293801106991792960e+00
3.944999999966913720e+02 2.246043613712378484e+00
3.949999999966783548e+02 2.306438405372369882e+00
3.954999999966653377e+02 2.324421625783817724e+00
3.959999999966523205e+02 2.132732852133904178e+00
3.964999999966393034e+02 2.141911330793527135e+00
3.969999999966262862e+02 2.309503674184638200e+00
3.974999999966132691e+02 2.278961080306650011e+00
3.979999999966002520e+02 2.265767117951503540e+00
3.984999999965871780e+02 2.161077336776800806e+00
3.989999999965741608e+02 2.294926609255643957e+00
3.994999999965611437e+02 2.068038252250237630e+00
3.999999999965481265e+02 2.246401036087395831e+00
4.004999999965351094e+02 2.047008931540972299e+00
4.009999999965220923e+02 2.001533197985594370e+00
4.014999999965090751e+02 2.099988392550605543e+00
4.019999999964960580e+02 2.205851825553760470e+00
4.024999999964830408e+02 2.177571205019880551e+00
4.029999999964700237e+02 2.073266786812490547e+00
4.034999999964570065e+02 2.129418621130326983e+00
4.039999999964439326e+02 2.223057364194257257e+00
4.044999999964309154e+02 2.273379676960518125e+00
4.049999999964178983e+02 2.004432885228829342e+00
4.054999999964048811e+02 2.214276995729898001e+00
4.059999999964079507e+02 2.242746084420118358e+00
4.064999999964400104e+02 2.247908454593888994e+00
4.069999999964720132e+02 1.984350017517387377e+00
4.074999999965040729e+02 2.308015384752927446e+00
4.079999999965360757e+02 2.234236125986437838e+00
4.084999999965681354e+02 2.242969854361833271e+00
4.089999999966001383e+02 2.188564971405091431e+00
4.094999999966321980e+02 1.986658466781394239e+00
4.099999999966642008e+02 2.215655063128499691e+00
4.104999999966962605e+02 2.420573646982185689e+00
4.109999999967282633e+02 1.926285944430935704e+00
4.114999999967603230e+02 2.132649285135533646e+00
4.119999999967923259e+02 2.158793677688950918e+00
4.124999999968243856e+02 2.153611014661164891e+00
4.129999999968563884e+02 2.224012218940984997e+00
4.134999999968884481e+02 2.148159372592045369e+00
4.139999999969205078e+02 2.290919995936958831e+00
4.144999999969525106e+02 2.321811295522439256e+00
4.149999999969845703e+02 2.288196252321125446e+00
4.154999999970165732e+02 2.247615250868713943e+00
4.159999999970486328e+02 2.139488832372119287e+00
4.164999999970806357e+02 2.271829500984134054e+00
4.169999999971126954e+02 2.247658455687776335e+00
4.174999999971446982e+02 2.135839830420894092e+00
4.179999999971767579e+02 2.086149260697845786e+00
4.184999999972087608e+02 2.092458570764588632e+00
4.189999999972408204e+02 2.081156577884617498e+00
4.194999999972728233e+02 2.129675138641315524e+00
4.199999999973048830e+02 2.355459605440301196e+00
4.204999999973368858e+02 2.291012076566703914e+00
4.209999999973689455e+02 2.193636459783939507e+00
4.214999999974009484e+02 2.081773482603345382e+00
4.219999999974330080e+02 2.291315293718608981e+00
4.224999999974650109e+02 2.137556950199231309e+00
4.229999999974970706e+02 2.213069602453008322e+00
4.234999999975291303e+02 2.084386136338842288e+00
4.239999999975611331e+02 2.077006901316044818e+00
4.244999999975931928e+02 2.262360100983763278e+00
4.249999999976251956e+02 2.183390422787975460e+00
4.254999999976572553e+02 2.244964670552594743e+00
4.259999999976892582e+02 2.232509400274021782e+00
4.264999999977213179e+02 2.286492312790975756e+00
4.269999999977533207e+02 2.320652455526497349e+00
4.274999999977853804e+02 2.134156751754967551e+00
4.279999999978173832e+02 2.147080962543075788e+00
4.284999999978494429e+02 1.977296046856951817e+00
4.289999999978814458e+02 2.242900820836055242e+00
4.294999999979135055e+02 2.167143471512289921e+00
4.299999999979455083e+02 2.122387771564775427e+00
4.304999999979775680e+02 2.089222838070315280e+00
4.309999999980095708e+02 2.201229639908140800e+00
4.314999999980416305e+02 2.198509576783267860e+00
4.319999999980736902e+02 2.168373490592541586e+00
4.324999999981056931e+02 1.914496241314341818e+00
4.329999999981377528e+02 2.168682048503914661e+00
4.334999999981697556e+02 2.175207185269463217e+00
4.339999999982018153e+02 2.058592165295462184e+00
4.344999999982338181e+02 2.114405716141996017e+00
4.349999999982658778e+02 2.383706028294698687e+00
4.354999999982978807e+02 2.017564960115040495e+00
4.359999999983299404e+02 1.964495624353377101e+00
4.364999999983619432e+02 2.177040178882709842e+00
4.369999999983940029e+02 2.044778743662213571e+00
4.374999999984260057e+02 2.207711894038990597e+00
4.379999999984580654e+02 2.287521232366235502e+00
4.384999999984900683e+02 2.295526977188192319e+00
4.389999999985221280e+02 2.064189274680001684e+00
4.394999999985541308e+02 2.149978107795386340e+00
4.399999999985861905e+02 2.246628538356294058e+00
4.404999999986182502e+02 2.116775390987576166e+00
4.409999999986502530e+02 2.123583984884902520e+00
4.414999999986823127e+02 2.284530541303169571e+00
4.419999999987143156e+02 2.161013497212186607e+00
4.424999999987463752e+02 2.283962278769029464e+00
4.429999999987783781e+02 2.258051706391269509e+00
4.434999999988104378e+02 1.870865799686948883e+00
4.439999999988424406e+02 2.078276309217806705e+00
4.444999999988745003e+02 2.190259966039012518e+00
4.449999999989065032e+02 2.282873299995832994e+00
4.454999999989385628e+02 2.122138769804961633e+00
4.459999999989705657e+02 2.037676474958782347e+00
4.464999999990026254e+02 2.307591686458505098e+00
4.469999999990346282e+02 2.285965344196792426e+00
4.474999999990666879e+02 2.050805929731653432e+00
4.479999999990986908e+02 2.132023285178000105e+00
4.484999999991307504e+02 2.178479392366675871e+00
4.489999999991627533e+02 2.359674068000409797e+00
4.494999999991948130e+02 2.212255711368755318e+00
4.499999999992268727e+02 2.068729412579033422e+00
4.504999999992588755e+02 2.117029486231136293e+00
4.509999999992909352e+02 2.311513877798234251e+00
4.514999999993229380e+02 2.188001644499688148e+00
4.519999999993549977e+02 2.055984387851126360e+00
4.524999999993870006e+02 2.117532879705034343e+00
4.529999999994190603e+02 2.297762899491560873e+00
4.534999999994510631e+02 2.351118816662492339e+00
4.539999999994831228e+02 2.171991782592241460e+00
4.544999999995151256e+02 2.072711249164892244e+00
4.549999999995471853e+02 2.283931914056425594e+00
4.554999999995791882e+02 2.327366557460901486e+00
4.559999999996112479e+02 2.253400215493225556e+00
4.564999999996432507e+02 2.253504737264251379e+00
4.569999999996753104e+02 2.116727217806167793e+00
4.574999999997073132e+02 2.147698776499216589e+00
4.579999999997393729e+02 2.350481132949472141e+00
4.584999999997714326e+02 2.252243809276710973e+00
4.589999999998034355e+02 1.988856195959648465e+00
4.594999999998354951e+02 2.066927778326766774e+00
4.599999999998674980e+02 2.462471231410310324e+00
4.604999999998995577e+02 2.302859321978641294e+00
4.609999999999315605e+02 1.920411260506706075e+00
4.614999999999636202e+02 2.214727658529161758e+00
4.619999999999956231e+02 2.405221042015823318e+00
4.625000000000276827e+02 2.256034480599266256e+00
4.630000000000596856e+02 2.258528768825057931e+00
4.635000000000917453e+02 2.211273421110167448e+00
4.640000000001237481e+02 2.094437104372048442e+00
4.645000000001558078e+02 2.081989575875464737e+00
4.650000000001878107e+02 2.025433890097319445e+00
4.655000000002198703e+02 2.214963217434579690e+00
4.660000000002518732e+02 2.166156670921321581e+00
4.665000000002839329e+02 2.008031437782830331e+00
4.670000000003159357e+02 2.260061724253981996e+00
4.675000000003479954e+02 2.173990262968124032e+00
4.680000000003800551e+02 2.195979895682619976e+00
4.685000000004120579e+02 2.112620160464171892e+00
4.690000000004441176e+02 2.334794006786891085e+00
4.695000000004761205e+02 2.356934996586901754e+00
4.700000000005081802e+02 2.223569190263161133e+00
4.705000000005401830e+02 2.092248964905768283e+00
4.710000000005722427e+02 2.199429138399683126e+00
4.715000000006042455e+02 2.062082089013020703e+00
4.720000000006363052e+02 2.052466213012176688e+00
4.725000000006683081e+02 2.347698496589449846e+00
4.730000000007003678e+02 2.095554634359271251e+00
4.735000000007323706e+02 2.251524235601076285e+00
4.740000000007644303e+02 2.363521968449548094e+00
4.745000000007964331e+02 2.308591826016161530e+00
4.750000000008284928e+02 2.174420112099964886e+00
4.755000000008604957e+02 2.079455844419702881e+00
4.760000000008925554e+02 2.314437190207585981e+00
4.765000000009246151e+02 2.087225670191934501e+00
4.770000000009566179e+02 2.282411636164993318e+00
4.775000000009886776e+02 2.211981665104781669e+00
4.780000000010206804e+02 2.224773626507793534e+00
4.785000000010527401e+02 2.300310940143092786e+00
4.790000000010847430e+02 2.200623335139261894e+00
4.795000000011168027e+02 2.385928854461494275e+00
4.800000000011488055e+02 2.254922759567687507e+00
4.805000000011808652e+02 2.148506574388070245e+00
4.810000000012128680e+02 2.311918541772006286e+00
4.815000000012449277e+02 2.110669348798579925e+00
4.820000000012769306e+02 2.151123642371052469e+00
4.825000000013089902e+02 2.106007295772315047e+00
4.830000000013409931e+02 2.033053195641963740e+00
4.835000000013730528e+02 2.344991165917488907e+00
4.840000000014050556e+02 2.344087135478085671e+00
4.845000000014371153e+02 2.169662895471369701e+00
4.850000000014691750e+02 2.246794069203804867e+00
4.855000000015011778e+02 2.378023623440892909e+00
4.860000000015332375e+02 2.130080881878309462e+00
4.865000000015652404e+02 2.197365178083319215e+00
4.870000000015973001e+02 2.204059144244236546e+00
4.875000000016293029e+02 2.165301457747514036e+00
4.880000000016613626e+02 2.432608162084049841e+00
4.885000000016933654e+02 2.100602879422558189e+00
4.890000000017254251e+02 2.154531337093562371e+00
4.895000000017574280e+02 2.292598856830544651e+00
4.900000000017894877e+02 2.223830904015772880e+00
4.905000000018214905e+02 2.047003447403421550e+00
4.910000000018535502e+02 2.237851557292149351e+00
4.915000000018855530e+02 2.158056825378881438e+00
4.920000000019176127e+02 2.135011003238054261e+00
4.925000000019496156e+02 2.209391254169094321e+00
4.930000000019816753e+02 2.039245887129153445e+00
4.935000000020136781e+02 2.336140301905880179e+00
4.940000000020457378e+02 2.136350674261979776e+00
4.945000000020777975e+02 2.341988567001801691e+00
4.950000000021098003e+02 2.229530079925550634e+00
4.955000000021418600e+02 2.235942083291321936e+00
4.960000000021738629e+02 2.098049101888280088e+00
4.965000000022059226e+02 2.256577551623674349e+00
4.970000000022379254e+02 2.091108287412709821e+00
4.975000000022699851e+02 2.169369558629492101e+00
4.980000000023019879e+02 2.078402303512915328e+00
4.985000000023340476e+02 2.091932119635075082e+00
4.990000000023660505e+02 2.111403191917462507e+00
4.995000000023981102e+02 2.154526286744013142e+00
5.000000000024301130e+02 1.974345310057621816e+00
5.005000000024621727e+02 2.143510355955782209e+00
5.010000000024941755e+02 2.121541393111818774e+00
5.015000000025262352e+02 2.383331686050536913e+00
5.020000000025582381e+02 2.297142547674681623e+00
5.025000000025902978e+02 1.963500415848768554e+00
5.030000000026223574e+02 2.249336030970495504e+00
5.035000000026543603e+02 2.111035106862298338e+00
5.040000000026864200e+02 2.175090639115874858e+00
5.045000000027184228e+02 2.196454567521498813e+00
5.050000000027504825e+02 2.179394598770907354e+00
5.055000000027824854e+02 2.103086292596027640e+00
5.060000000028145450e+02 2.067774684530100160e+00
5.065000000028465479e+02 2.366109814481281770e+00
5.070000000028786076e+02 2.140143879830369134e+00
5.075000000029106104e+02 1.931755435067787907e+00
5.080000000029426701e+02 2.220933669704194369e+00
5.085000000029746730e+02 2.295009869112801137e+00
5.090000000030067326e+02 2.173636949102883520e+00
5.095000000030387355e+02 2.166023850361773917e+00
5.100000000030707952e+02 2.254771449794352733e+00
5.105000000031027980e+02 2.114765058979169776e+00
5.110000000031348577e+02 2.324316987483080243e+00
5.115000000031668606e+02 2.042661872149454716e+00
5.120000000031989202e+02 2.115420311038330503e+00
5.125000000032309799e+02 2.286584417778262601e+00
5.130000000032630396e+02 2.247411221867662956e+00
5.135000000032949856e+02 2.298873969594521061e+00
5.140000000033270453e+02 2.079563239547333797e+00
5.145000000033591050e+02 2.300598402931061326e+00
5.150000000033911647e+02 2.242681812313096046e+00
5.155000000034231107e+02 2.355173225515453606e+00
5.160000000034551704e+02 2.138774069026851077e+00
5.165000000034872301e+02 1.942333538880157695e+00
5.170000000035192897e+02 2.147815395100041602e+00
5.175000000035512357e+02 2.343387472487600043e+00
5.180000000035832954e+02 2.187070542525011430e+00
5.185000000036153551e+02 1.997758918936644257e+00
5.190000000036474148e+02 2.274503829463673910e+00
5.195000000036793608e+02 2.184577315383445573e+00
5.200000000037114205e+02 2.067015031739505293e+00
5.205000000037434802e+02 2.170276491578248645e+00
5.210000000037755399e+02 2.032304417291512344e+00
5.215000000038075996e+02 2.421226704124161522e+00
5.220000000038395456e+02 2.186023836270548415e+00
5.225000000038716053e+02 2.291821429119466291e+00
5.230000000039036649e+02 2.255775906868194625e+00
5.235000000039357246e+02 2.291182858658591392e+00
5.240000000039676706e+02 2.343759922379574867e+00
5.245000000039997303e+02 2.260426593286302133e+00
5.250000000040317900e+02 2.165343097636293290e+00
5.255000000040638497e+02 2.123426335288131739e+00
5.260000000040957957e+02 2.166035388118227711e+00
5.265000000041278554e+02 2.241642368746675551e+00
5.270000000041599151e+02 2.426966053567182868e+00
5.275000000041919748e+02 2.150425896221697109e+00
5.280000000042239208e+02 2.068558761830091353e+00
5.285000000042559805e+02 2.136347424501719772e+00
5.290000000042880401e+02 2.201899149566899361e+00
5.295000000043200998e+02 2.128035041748734368e+00
5.300000000043521595e+02 2.209800396753742735e+00
5.305000000043841055e+02 2.228077496599190077e+00
5.310000000044161652e+02 2.250644631853623956e+00
5.315000000044482249e+02 2.122953340581825721e+00
5.320000000044802846e+02 2.168776563881718022e+00
5.325000000045122306e+02 2.285925135331560387e+00
5.330000000045442903e+02 2.312056453011716251e+00
5.335000000045763500e+02 2.344614672870213745e+00
5.340000000046084097e+02 2.226492142929192397e+00
5.345000000046403557e+02 2.209246011563995360e+00
5.350000000046724153e+02 2.214975137998230093e+00
5.355000000047044750e+02 2.037474571594944717e+00
5.360000000047365347e+02 2.029049878182214162e+00
5.365000000047684807e+02 2.150111882995373591e+00
5.370000000048005404e+02 2.315286619522841871e+00
5.375000000048326001e+02 2.122658551823075168e+00
5.380000000048646598e+02 2.319251410242198386e+00
5.385000000048967195e+02 2.045182058957983440e+00
5.390000000049286655e+02 2.073567419416165070e+00
5.395000000049607252e+02 2.308211846998868833e+00
5.400000000049927849e+02 2.172303208431488830e+00
5.405000000050248445e+02 2.358052060247746606e+00
5.410000000050567905e+02 2.182333303088810794e+00
5.415000000050888502e+02 2.096285587266499384e+00
5.420000000051209099e+02 2.220021367926995559e+00
5.425000000051529696e+02 2.202528058439546577e+00
5.430000000051849156e+02 2.099064778372624396e+00
5.435000000052169753e+02 2.383011089575584940e+00
5.440000000052490350e+02 2.341858431890268655e+00
5.445000000052810947e+02 2.277859883019782483e+00
5.450000000053130407e+02 2.114699458518709996e+00
5.455000000053451004e+02 2.161290987169546263e+00
5.460000000053771601e+02 2.143025545258595344e+00
5.465000000054092197e+02 2.215391659593421547e+00
5.470000000054411657e+02 1.956362508764939001e+00
5.475000000054732254e+02 1.990167763322442385e+00
5.480000000055052851e+02 2.380806304700771037e+00
5.485000000055373448e+02 2.404013360598801885e+00
5.490000000055694045e+02 2.109634137402297327e+00
5.495000000056013505e+02 2.169163696005531161e+00
5.500000000056334102e+02 2.334535349805644699e+00
5.505000000056654699e+02 2.122506364010407598e+00
5.510000000056975296e+02 2.108837045898326767e+00
5.515000000057294756e+02 1.942394372944368452e+00
5.520000000057615352e+02 2.193350378749668206e+00
5.525000000057935949e+02 2.160097705043842797e+00
5.530000000058256546e+02 2.315299253996145890e+00
5.535000000058576006e+02 1.985100140740183594e+00
5.540000000058896603e+02 2.071678529329998852e+00
5.545000000059217200e+02 2.243016094552545692e+00
5.550000000059537797e+02 2.091621747844283341e+00
5.555000000059857257e+02 2.156271618416487623e+00
5.560000000060177854e+02 2.237818174560863849e+00
5.565000000060498451e+02 2.124697399010058163e+00
5.570000000060819048e+02 2.417001471586400996e+00
5.575000000061139644e+02 2.150942159881558347e+00
5.580000000061459104e+02 2.091600086120303459e+00
5.585000000061779701e+02 2.299376014395982715e+00
5.590000000062100298e+02 2.322267692141624540e+00
5.595000000062420895e+02 2.262357200872175511e+00
5.600000000062740355e+02 2.039610806209952276e+00
5.605000000063060952e+02 2.152440950176579104e+00
5.610000000063381549e+02 2.199739012095352386e+00
5.615000000063702146e+02 2.289718295672147352e+00
5.620000000064021606e+02 2.292644830677724954e+00
5.625000000064342203e+02 2.134257339556487221e+00
5.630000000064662800e+02 2.219336223258990159e+00
5.635000000064983396e+02 2.178595696178859509e+00
5.640000000065302856e+02 2.180024299035489665e+00
5.645000000065623453e+02 2.154041616341625609e+00
5.650000000065944050e+02 2.288736659410450791e+00
5.655000000066264647e+02 2.278230232099855534e+00
5.660000000066585244e+02 2.203380714647345862e+00
5.665000000066904704e+02 2.194718874769398642e+00
5.670000000067225301e+02 2.220712802173783196e+00
5.675000000067545898e+02 2.158191662788778498e+00
5.680000000067866495e+02 2.073749144435676595e+00
5.685000000068185955e+02 2.251461182641994352e+00
5.690000000068506552e+02 2.231761412213779661e+00
5.695000000068827148e+02 2.090106743266371581e+00
5.700000000069147745e+02 2.176935164692698876e+00
5.705000000069467205e+02 2.283362888353858811e+00
5.710000000069787802e+02 2.152576157827966519e+00
5.715000000070108399e+02 2.139317577153291072e+00
5.720000000070428996e+02 2.110680545746420389e+00
5.725000000070748456e+02 2.182660034483222766e+00
5.730000000071069053e+02 2.174691711889127799e+00
5.735000000071389650e+02 2.263395672937513314e+00
5.740000000071710247e+02 2.080356810788639432e+00
5.745000000072030844e+02 2.170526199967628855e+00
5.750000000072350304e+02 2.208543621441325211e+00
5.755000000072670900e+02 1.968009248019137347e+00
5.760000000072991497e+02 2.114125552440167866e+00
5.765000000073312094e+02 2.166726296001210805e+00
5.770000000073631554e+02 2.344962545973615420e+00
5.775000000073952151e+02 2.172215447133532429e+00
5.780000000074272748e+02 2.178359949218135139e+00
5.785000000074593345e+02 2.197655459981005865e+00
5.790000000074912805e+02 2.152382438225160843e+00
5.795000000075233402e+02 2.260546600711334175e+00
5.800000000075553999e+02 2.145050438684780403e+00
5.805000000075874595e+02 2.109698261129820729e+00
5.810000000076194056e+02 2.275015391226089534e+00
5.815000000076514652e+02 2.315825243197584093e+00
5.820000000076835249e+02 2.201952059433859077e+00
5.825000000077155846e+02 1.918837524541738393e+00
5.830000000077476443e+02 2.317665465850519801e+00
5.835000000077795903e+02 2.179339793487190313e+00
5.840000000078116500e+02 2.141843999931182907e+00
5.845000000078437097e+02 2.147219780595857053e+00
5.850000000078757694e+02 2.426527083187123512e+00
5.855000000079077154e+02 2.158021629537925978e+00
5.860000000079397751e+02 2.311083782903119666e+00
5.865000000079718347e+02 1.876427759386676497e+00
5.870000000080038944e+02 2.115889906190286052e+00
5.875000000080358404e+02 2.065267158308090156e+00
5.880000000080679001e+02 2.313415791207559025e+00
5.885000000080999598e+02 2.230679982134105455e+00
5.890000000081320195e+02 2.172388592507562777e+00
5.895000000081639655e+02 2.229204072537472214e+00
5.900000000081960252e+02 2.181283780983894971e+00
5.905000000082280849e+02 2.179803073940290048e+00
5.910000000082601446e+02 2.215715193786746084e+00
5.915000000082920906e+02 2.202627061209902593e+00
5.920000000083241503e+02 2.206892184280421887e+00
5.925000000083562099e+02 2.437967948885257918e+00
5.930000000083882696e+02 2.392608058125245574e+00
5.935000000084203293e+02 2.236706882104706473e+00
5.940000000084522753e+02 2.207326825870882914e+00
5.945000000084843350e+02 2.140249962333870659e+00
5.950000000085163947e+02 2.149340909529187105e+00
5.955000000085484544e+02 2.116213743423305260e+00
5.960000000085804004e+02 2.299420419836801788e+00
5.965000000086124601e+02 2.317075256350044299e+00
5.970000000086445198e+02 2.131757070047702651e+00
5.975000000086765795e+02 2.244622557209968061e+00
5.980000000087085255e+02 2.035992668884044843e+00
5.985000000087405851e+02 2.297322021982915796e+00
5.990000000087726448e+02 2.248804762621310793e+00
5.995000000088047045e+02 2.327797777350801844e+00
6.000000000088366505e+02 2.161037571956513137e+00
6.005000000088687102e+02 2.182527912397572933e+00
6.010000000089007699e+02 2.177307056235820326e+00
6.015000000089328296e+02 2.072205431150891730e+00
6.020000000089648893e+02 2.222304561342254736e+00
6.025000000089968353e+02 2.114065885662961719e+00
6.030000000090288950e+02 2.363657554067336353e+00
6.035000000090609547e+02 2.199214731928709643e+00
6.040000000090930143e+02 2.144760253399141448e+00
6.045000000091249603e+02 2.163054128546642918e+00
6.050000000091570200e+02 2.140693947918055784e+00
6.055000000091890797e+02 2.139621355899611110e+00
6.060000000092211394e+02 2.077843260572120432e+00
6.065000000092530854e+02 2.305136201581657662e+00
6.070000000092851451e+02 2.097220040317661738e+00
6.075000000093172048e+02 2.045075227327090239e+00
6.080000000093492645e+02 2.113417528979191218e+00
6.085000000093812105e+02 2.162836045867355228e+00
6.090000000094132702e+02 2.074675935697057216e+00
6.095000000094453299e+02 2.132113167152175137e+00
6.100000000094773895e+02 2.222547461350386833e+00
6.105000000095094492e+02 2.165398122986688101e+00
6.110000000095413952e+02 2.207193120400748665e+00
6.115000000095734549e+02 2.168354725954944051e+00
6.120000000096055146e+02 1.932135127792480755e+00
6.125000000096375743e+02 1.904656207333436546e+00
6.130000000096695203e+02 2.192551754774028083e+00
6.135000000097015800e+02 2.171496830462284588e+00
6.140000000097336397e+02 2.177961309794390843e+00
6.145000000097656994e+02 2.108853502871411933e+00
6.150000000097976454e+02 2.260898348154497306e+00
6.155000000098297050e+02 2.172636064693159952e+00
6.160000000098617647e+02 2.129111420127893783e+00
6.165000000098938244e+02 2.247115984720351456e+00
6.170000000099257704e+02 2.228366605641812104e+00
6.175000000099578301e+02 2.222663399437639242e+00
6.180000000099898898e+02 2.243116431563371815e+00
6.185000000100219495e+02 2.111686579332870739e+00
6.190000000100540092e+02 1.954490331366541822e+00
6.195000000100859552e+02 2.085021597654082903e+00
6.200000000101180149e+02 2.259953027986118190e+00
6.205000000101500746e+02 2.213258422169580353e+00
6.210000000101821342e+02 2.161080652538961200e+00
6.215000000102140802e+02 2.233612056281867098e+00
6.220000000102461399e+02 2.120332023142855959e+00
6.225000000102781996e+02 2.151432876298112085e+00
6.230000000103102593e+02 2.214100623055050399e+00
6.235000000103422053e+02 2.172539374659583356e+00
6.240000000103742650e+02 2.191648917703774124e+00
6.245000000104063247e+02 2.263638052212774365e+00
6.250000000104383844e+02 2.205831556416109063e+00
6.255000000104703304e+02 2.171910523593602704e+00
6.260000000105023901e+02 2.094729309863249789e+00
6.265000000105344498e+02 2.316925407483398480e+00
6.270000000105665094e+02 2.258780647641149830e+00
6.275000000105985691e+02 2.353193930819662327e+00
6.280000000106305151e+02 2.332713533710554010e+00
6.285000000106625748e+02 2.299505369437030655e+00
6.290000000106946345e+02 2.384269620957844893e+00
6.295000000107266942e+02 2.009172055337942631e+00
6.300000000107586402e+02 2.342310088063940476e+00
6.305000000107906999e+02 2.225153041536437559e+00
6.310000000108227596e+02 2.172210601687889486e+00
6.315000000108548193e+02 2.153869818245769174e+00
6.320000000108867653e+02 2.234709100563995410e+00
6.325000000109188250e+02 2.275408797097218994e+00
6.330000000109508846e+02 2.234316605288992452e+00
6.335000000109829443e+02 2.171802584714789042e+00
6.340000000110148903e+02 2.349027011638649132e+00
6.345000000110469500e+02 2.161913701756445594e+00
6.350000000110790097e+02 2.180162673681863339e+00
6.355000000111110694e+02 2.170261427305709923e+00
6.360000000111430154e+02 2.113537046701104760e+00
6.365000000111750751e+02 2.174010200110367386e+00
6.370000000112071348e+02 2.402291592957130462e+00
6.375000000112391945e+02 2.079341240133696811e+00
6.380000000112712542e+02 2.159272738216450715e+00
6.385000000113032002e+02 2.235263192059782522e+00
6.390000000113352598e+02 2.152739916690094901e+00
6.395000000113673195e+02 2.250425485732128195e+00
6.400000000113993792e+02 2.139971552794829535e+00
6.405000000114313252e+02 2.187514880328933042e+00
6.410000000114633849e+02 2.367770165974587560e+00
6.415000000114954446e+02 2.286342727200592062e+00
6.420000000115275043e+02 2.152434502898546764e+00
6.425000000115594503e+02 2.283590545892679291e+00
6.430000000115915100e+02 2.068622494849374327e+00
6.435000000116235697e+02 2.272629437379640738e+00
6.440000000116556294e+02 2.210564626105281594e+00
6.445000000116875754e+02 2.109675354758218102e+00
6.450000000117196350e+02 2.201680284201450455e+00
6.455000000117516947e+02 2.299245287245814673e+00
6.460000000117837544e+02 2.156174775093480100e+00
6.465000000118158141e+02 2.371453906908598697e+00
6.470000000118477601e+02 2.251821626494466599e+00
6.475000000118798198e+02 2.226957180195973329e+00
6.480000000119118795e+02 2.313204011814044225e+00
6.485000000119439392e+02 2.448672707097436785e+00
6.490000000119758852e+02 2.207871339164552804e+00
6.495000000120079449e+02 2.133763381897837874e+00
6.500000000120400045e+02 2.257157149981147359e+00
6.505000000120720642e+02 2.364013868716170474e+00
6.510000000121040102e+02 2.212229420117586720e+00
6.515000000121360699e+02 2.088589903333947007e+00
6.520000000121681296e+02 2.112610423988848130e+00
6.525000000122001893e+02 2.242660754616380814e+00
6.530000000122321353e+02 2.311798965027286101e+00
6.535000000122641950e+02 2.165304474268130441e+00
6.540000000122962547e+02 2.135801622767512065e+00
6.545000000123283144e+02 2.207879732127549843e+00
6.550000000123603741e+02 2.285812070413589581e+00
6.555000000123923201e+02 2.177199696885192104e+00
6.560000000124243797e+02 2.184151585722156064e+00
6.565000000124564394e+02 2.223764158429591298e+00
6.570000000124884991e+02 2.317325850989443214e+00
6.575000000125204451e+02 2.345995243134824104e+00
6.580000000125525048e+02 2.041776682832030509e+00
6.585000000125845645e+02 2.165364267935134812e+00
6.590000000126166242e+02 2.088642597992965033e+00
6.595000000126485702e+02 2.163323329570995934e+00
6.600000000126806299e+02 2.214879166461623416e+00
6.605000000127126896e+02 2.336835759390930356e+00
6.610000000127447493e+02 2.231391296919945422e+00
6.615000000127766953e+02 2.093110916009707001e+00
6.620000000128087549e+02 2.422375679317404273e+00
6.625000000128408146e+02 2.195490618637400360e+00
6.630000000128728743e+02 2.122080605600711323e+00
6.635000000129049340e+02 2.120390908024104348e+00
6.640000000129368800e+02 2.289914569160872659e+00
6.645000000129689397e+02 2.218113164504760704e+00
6.650000000130009994e+02 2.397989782280419924e+00
6.655000000130330591e+02 2.088240239616756977e+00
6.660000000130650051e+02 2.040342635516237291e+00
6.665000000130970648e+02 2.129463707560997232e+00
6.670000000131291245e+02 2.196656565399081273e+00
6.675000000131611841e+02 2.302868117573173112e+00
6.680000000131931301e+02 2.184682244934919471e+00
6.685000000132251898e+02 2.316278386972791647e+00
6.690000000132572495e+02 2.190147889178712504e+00
6.695000000132893092e+02 2.151255015294153417e+00
6.700000000133212552e+02 2.113347796449365656e+00
6.705000000133533149e+02 2.257505943610170096e+00
6.710000000133853746e+02 2.259616299817675866e+00
6.715000000134174343e+02 2.174761503118671335e+00
6.720000000134494940e+02 2.068838666378393754e+00
6.725000000134814400e+02 2.161061785194092977e+00
6.730000000135134997e+02 2.078873411754908140e+00
6.735000000135455593e+02 2.494866131737767390e+00
6.740000000135776190e+02 2.147601660335175744e+00
6.745000000136095650e+02 2.245485734209826667e+00
6.750000000136416247e+02 2.434619882060549578e+00
6.755000000136736844e+02 1.995827015297052753e+00
6.760000000137057441e+02 2.052371410612243263e+00
6.765000000137376901e+02 2.023457312177137091e+00
6.770000000137697498e+02 2.299561312012707859e+00
6.775000000138018095e+02 2.171089619939778448e+00
6.780000000138338692e+02 2.310953154348736938e+00
6.785000000138658152e+02 2.126356926077812570e+00
6.790000000138978749e+02 2.176001516814484393e+00
6.795000000139299345e+02 1.995099498363400503e+00
6.800000000139619942e+02 1.936808559774881644e+00
6.805000000139939402e+02 2.177770136191294892e+00
6.810000000140259999e+02 2.383895794116639877e+00
6.815000000140580596e+02 2.138178418541013315e+00
6.820000000140901193e+02 2.128416189524954927e+00
6.825000000141221790e+02 2.077045342018736029e+00
6.830000000141541250e+02 2.164507633622890115e+00
6.835000000141861847e+02 2.237757928500452742e+00
6.840000000142182444e+02 2.151896834357239108e+00
6.845000000142503040e+02 2.394474404531027556e+00
6.850000000142822500e+02 2.309093990283559439e+00
6.855000000143143097e+02 2.139712756670478111e+00
6.860000000143463694e+02 2.311089318570192841e+00
6.865000000143784291e+02 2.127899597814042476e+00
6.870000000144103751e+02 2.191084403358410260e+00
6.875000000144424348e+02 2.282261254299232878e+00
6.880000000144744945e+02 2.193047032989288159e+00
6.885000000145065542e+02 2.127942653605807255e+00
6.890000000145385002e+02 2.099892118870475777e+00
6.895000000145705599e+02 1.872954549113298395e+00
6.900000000146026196e+02 1.960419488615551709e+00
6.905000000146346792e+02 2.208608717740508265e+00
6.910000000146667389e+02 2.174907439265656439e+00
6.915000000146986849e+02 2.151359932208116277e+00
6.920000000147307446e+02 2.113475999343781275e+00
6.925000000147628043e+02 2.153318623193246850e+00
6.930000000147948640e+02 2.146357950485799471e+00
6.935000000148268100e+02 2.268296892218558902e+00
6.940000000148588697e+02 2.178581358493950404e+00
6.945000000148909294e+02 1.933640741799962370e+00
6.950000000149229891e+02 2.074784724299005401e+00
6.955000000149549351e+02 1.999064815745037693e+00
6.960000000149869948e+02 2.008877063376266037e+00
6.965000000150190544e+02 2.253465485999496032e+00
6.970000000150511141e+02 2.120272310294657014e+00
6.975000000150830601e+02 2.196070151713540586e+00
6.980000000151151198e+02 2.431131076531371615e+00
6.985000000151471795e+02 2.308555771747289320e+00
6.990000000151792392e+02 2.301908952111622053e+00
6.995000000152112989e+02 2.074955404928982894e+00
7.000000000152432449e+02 2.021790669930735529e+00
7.005000000152753046e+02 2.316840157155296342e+00
7.010000000153073643e+02 2.230208958944968956e+00
7.015000000153394240e+02 2.202545011036782352e+00
7.020000000153713700e+02 2.084936590394911082e+00
7.025000000154034296e+02 2.160350367120479120e+00
7.030000000154354893e+02 2.221871845016314850e+00
7.035000000154675490e+02 2.122551943315101219e+00
7.040000000154994950e+02 2.138040050861594654e+00
7.045000000155315547e+02 2.011662363353663441e+00
7.050000000155636144e+02 2.145397925102078052e+00
7.055000000155956741e+02 2.249526281931213401e+00
7.060000000156276201e+02 2.375041558005227316e+00
7.065000000156596798e+02 2.238434227586014291e+00
7.070000000156917395e+02 2.175842448572307575e+00
7.075000000157237992e+02 2.256974971224847248e+00
7.080000000157558588e+02 2.333596668021173492e+00
7.085000000157878048e+02 2.083800822984077872e+00
7.090000000158198645e+02 2.368523445613972545e+00
7.095000000158519242e+02 2.340995141831561099e+00
7.100000000158839839e+02 2.007225929067656178e+00
7.105000000159159299e+02 2.152104787744140157e+00
7.110000000159479896e+02 2.376629366099509255e+00
7.115000000159800493e+02 2.209399321767130164e+00
7.120000000160121090e+02 2.097404233779150307e+00
7.125000000160440550e+02 2.214330029201135197e+00
7.130000000160761147e+02 2.219782954465831626e+00
7.135000000161081743e+02 2.503989812922950531e+00
7.140000000161402340e+02 2.298325496632128040e+00
7.145000000161721800e+02 2.131808664199428716e+00
7.150000000162042397e+02 2.251421335283861236e+00
7.155000000162362994e+02 2.122932712810452038e+00
7.160000000162683591e+02 2.146044127609383789e+00
7.165000000163003051e+02 2.130485187841281380e+00
7.170000000163323648e+02 2.206004322706549114e+00
7.175000000163644245e+02 2.217019370671284406e+00
7.180000000163964842e+02 2.201565231346578333e+00
7.185000000164285439e+02 2.319037657585093726e+00
7.190000000164604899e+02 2.163008915053931780e+00
7.195000000164925495e+02 2.241488600581662993e+00
7.200000000165246092e+02 2.357580534669463379e+00
7.205000000165566689e+02 2.134044559351008896e+00
7.210000000165886149e+02 2.152870676029767338e+00
7.215000000166206746e+02 2.148880913926338287e+00
7.220000000166527343e+02 2.249207812816942376e+00
7.225000000166847940e+02 2.306356344161581529e+00
7.230000000167167400e+02 2.247278205328090639e+00
7.235000000167487997e+02 2.311152076627771113e+00
7.240000000167808594e+02 2.310142992291155828e+00
7.245000000168129191e+02 2.120963971198882358e+00
7.250000000168448651e+02 2.052951970124226033e+00
7.255000000168769247e+02 1.855042896227554028e+00
7.260000000169089844e+02 2.140464076466237930e+00
7.265000000169410441e+02 2.257337328647643915e+00
7.270000000169731038e+02 2.073724391550803681e+00
7.275000000170050498e+02 2.246456862000365984e+00
7.280000000170371095e+02 2.380840995256752635e+00
7.285000000170691692e+02 2.145869089263092722e+00
7.290000000171012289e+02 2.315740060049886750e+00
7.295000000171331749e+02 2.155650388293982367e+00
7.300000000171652346e+02 2.288378789311431127e+00
7.305000000171972943e+02 2.079437403394724715e+00
7.310000000172293539e+02 2.244030599524372338e+00
7.315000000172612999e+02 2.086682202127022823e+00
7.320000000172933596e+02 2.148263281851670481e+00
7.325000000173254193e+02 2.309194307191501316e+00
7.330000000173574790e+02 2.113550109310149416e+00
7.335000000173894250e+02 2.187514610930243464e+00
7.340000000174214847e+02 2.351923083125771807e+00
7.345000000174535444e+02 2.316045554852818711e+00
7.350000000174856041e+02 2.148284528813878325e+00
7.355000000175176638e+02 2.164271059675705544e+00
7.360000000175496098e+02 2.132295317750593888e+00
7.365000000175816695e+02 2.164232064133353894e+00
7.370000000176137291e+02 2.349405289061731850e+00
7.375000000176457888e+02 2.232280490398535822e+00
7.380000000176777348e+02 2.241674262898052383e+00
7.385000000177097945e+02 2.179771193889652459e+00
7.390000000177418542e+02 2.064909153776758544e+00
7.395000000177739139e+02 2.186931202052082579e+00
7.400000000178058599e+02 2.346047886611403399e+00
7.405000000178379196e+02 2.150093337259245008e+00
7.410000000178699793e+02 2.149695731678693544e+00
7.415000000179020390e+02 2.314753195162375654e+00
7.420000000179339850e+02 2.262856780775816645e+00
7.425000000179660447e+02 2.182538053109258858e+00
7.430000000179981043e+02 2.163993690236864165e+00
7.435000000180301640e+02 2.360466286304559347e+00
7.440000000180622237e+02 2.137248400152064853e+00
7.445000000180941697e+02 2.108382964709230478e+00
7.450000000181262294e+02 2.086771142031260684e+00
7.455000000181582891e+02 2.232194680364936179e+00
7.460000000181903488e+02 2.003316985409298034e+00
7.465000000182222948e+02 1.845013638373579568e+00
7.470000000182543545e+02 2.358093513398428431e+00
7.475000000182864142e+02 2.224966114348046808e+00
7.480000000183184738e+02 2.145534958578601881e+00
7.485000000183504199e+02 2.096524630429576597e+00
7.490000000183824795e+02 2.291343634771052962e+00
7.495000000184145392e+02 2.097598633563238391e+00
7.500000000184465989e+02 2.242830510324833160e+00
7.505000000184785449e+02 2.358975403407461258e+00
7.510000000185106046e+02 2.309562663300409380e+00
7.515000000185426643e+02 2.238817794300670627e+00
7.520000000185747240e+02 2.087203862565769619e+00
7.525000000186067837e+02 2.098173404848438839e+00
7.530000000186387297e+02 2.150366121259858598e+00
7.535000000186707894e+02 2.367991907408829810e+00
7.540000000187028490e+02 2.092718840000598490e+00
7.545000000187349087e+02 2.299258895173846184e+00
7.550000000187668547e+02 2.282990003165000115e+00
7.555000000187989144e+02 2.261028777833741898e+00
7.560000000188309741e+02 2.306120726101127616e+00
7.565000000188630338e+02 2.304528777123949546e+00
7.570000000188949798e+02 2.090130700465776759e+00
7.575000000189270395e+02 2.309990352700082905e+00
7.580000000189590992e+02 2.180658048438504970e+00
7.585000000189911589e+02 2.126298222798569615e+00
7.590000000190231049e+02 2.230584677488543388e+00
7.595000000190551646e+02 2.324120203552701991e+00
7.600000000190872242e+02 2.297915224806193812e+00
7.605000000191192839e+02 2.072635190687923235e+00
7.610000000191512299e+02 2.238046633005887021e+00
7.615000000191832896e+02 2.184379994271890890e+00
7.620000000192153493e+02 2.199413463759074983e+00
7.625000000192474090e+02 2.125384221885175950e+00
7.630000000192794687e+02 2.189505289038027325e+00
7.635000000193114147e+02 2.113483022079918339e+00
7.640000000193434744e+02 2.259174818357443382e+00
7.645000000193755341e+02 2.302130692849224669e+00
7.650000000194075938e+02 2.227186450058586509e+00
7.655000000194395398e+02 1.986965608593624921e+00
7.660000000194715994e+02 2.161899161273498127e+00
7.665000000195036591e+02 2.237742597265208300e+00
7.670000000195357188e+02 2.285651223764641138e+00
7.675000000195676648e+02 2.349362727606568058e+00
7.680000000195997245e+02 2.364259901421375876e+00
7.685000000196317842e+02 2.195246741551127645e+00
7.690000000196638439e+02 2.252381382149418076e+00
7.695000000196957899e+02 2.034737086839326192e+00
7.700000000197278496e+02 2.312403688864388407e+00
7.705000000197599093e+02 2.321232811954365705e+00
7.710000000197919690e+02 2.227631864488529789e+00
7.715000000198240286e+02 2.185868036525016933e+00
7.720000000198559746e+02 2.048032597292441803e+00
7.725000000198880343e+02 2.215184575587447302e+00
7.730000000199200940e+02 2.191873374652980377e+00
7.735000000199521537e+02 2.192827595630228110e+00
7.740000000199840997e+02 2.102223460653825260e+00
7.745000000200161594e+02 2.046988440466191328e+00
7.750000000200482191e+02 2.134774112045919825e+00
7.755000000200802788e+02 2.048723998331954288e+00
7.760000000201122248e+02 2.279117474220855755e+00
7.765000000201442845e+02 2.366621627183053356e+00
7.770000000201763442e+02 2.298186443313245508e+00
7.775000000202084038e+02 2.295003901900656729e+00
7.780000000202403498e+02 2.243664840382130432e+00
7.785000000202724095e+02 2.278249067421576068e+00
7.790000000203044692e+02 2.211240860430029986e+00
7.795000000203365289e+02 2.037004147094874984e+00
7.800000000203685886e+02 2.261492621008159620e+00
7.805000000204005346e+02 2.184490949953738603e+00
7.810000000204325943e+02 2.087417633893446478e+00
7.815000000204646540e+02 2.173903929011222314e+00
7.820000000204967137e+02 2.058183572408265327e+00
7.825000000205286597e+02 1.997757246335356562e+00
7.830000000205607193e+02 2.082370156351517565e+00
7.835000000205927790e+02 2.160444220334283738e+00
7.840000000206248387e+02 2.195226582609721699e+00
7.845000000206567847e+02 2.268370108076998015e+00
7.850000000206888444e+02 2.453140563700305865e+00
7.855000000207209041e+02 2.287532732726613283e+00
7.860000000207529638e+02 2.072206135373058977e+00
7.865000000207849098e+02 2.083944144519553898e+00
7.870000000208169695e+02 2.277294979837456879e+00
7.875000000208490292e+02 2.206588391727067222e+00
7.880000000208810889e+02 2.257706048839472679e+00
7.885000000209131485e+02 2.126057793757511138e+00
7.890000000209450945e+02 2.215101026534203044e+00
7.895000000209771542e+02 2.026339530567891956e+00
7.900000000210092139e+02 2.211927376029762193e+00
7.905000000210412736e+02 2.256380198506531265e+00
7.910000000210732196e+02 2.228059505052773392e+00
7.915000000211052793e+02 2.216807874941225887e+00
7.920000000211373390e+02 2.425643962869743930e+00
7.925000000211693987e+02 2.152725691983696343e+00
7.930000000212013447e+02 2.128941513284187792e+00
7.935000000212334044e+02 2.316660359286026427e+00
7.940000000212654641e+02 2.358458450222330249e+00
7.945000000212975237e+02 2.169223788714454759e+00
7.950000000213294697e+02 2.260713718167662645e+00
7.955000000213615294e+02 2.327486818741179242e+00
7.960000000213935891e+02 2.250135519395286554e+00
7.965000000214256488e+02 2.329744075646078105e+00
7.970000000214577085e+02 2.166488832959255095e+00
7.975000000214896545e+02 2.309027924644056373e+00
7.980000000215217142e+02 2.067535575690648386e+00
7.985000000215537739e+02 2.226298976633123594e+00
7.990000000215858336e+02 1.980598464036072981e+00
7.995000000216177796e+02 2.146293821586387818e+00
8.000000000216498393e+02 2.163635559111946272e+00
8.005000000216818989e+02 2.128992684168030003e+00
8.010000000217139586e+02 2.306094129019744976e+00
8.015000000217459046e+02 2.387991907597218244e+00
8.020000000217779643e+02 2.311606583971780982e+00
8.025000000218100240e+02 2.351292213589593505e+00
8.030000000218420837e+02 2.262675118639742244e+00
8.035000000218740297e+02 1.886115251374194779e+00
8.040000000219060894e+02 2.128913500896833177e+00
8.045000000219381491e+02 2.360329469344495834e+00
8.050000000219702088e+02 2.313460621608459888e+00
8.055000000220021548e+02 2.247521301926557857e+00
8.060000000220342145e+02 2.143690243270756302e+00
8.065000000220662741e+02 2.198080993888632317e+00
8.070000000220983338e+02 2.125783930680125611e+00
8.075000000221303935e+02 2.297148794392588567e+00
8.080000000221623395e+02 2.094192558266569915e+00
8.085000000221943992e+02 2.157740569223058902e+00
8.090000000222264589e+02 2.195267372809453832e+00
8.095000000222585186e+02 2.193787439380419979e+00
8.100000000222904646e+02 2.268756753626017808e+00
8.105000000223225243e+02 2.219000846761187251e+00
8.110000000223545840e+02 2.293521323412678115e+00
8.115000000223866436e+02 2.253327698197289841e+00
8.120000000224185897e+02 2.093384782979518022e+00
8.125000000224506493e+02 2.289498543708087919e+00
8.130000000224827090e+02 2.239698763242015112e+00
8.135000000225147687e+02 2.295283467259084720e+00
8.140000000225467147e+02 2.191533711217543257e+00
8.145000000225787744e+02 2.350284006532487258e+00
8.150000000226108341e+02 2.163361474750347124e+00
8.155000000226428938e+02 2.132070356575231695e+00
8.160000000226749535e+02 2.200591105701867001e+00
8.165000000227068995e+02 2.176590277131417839e+00
8.170000000227389592e+02 2.247799076374070726e+00
8.175000000227710188e+02 2.310587303563921502e+00
8.180000000228030785e+02 2.024361040204080364e+00
8.185000000228350245e+02 2.250431679583668743e+00
8.190000000228670842e+02 1.924983785118915547e+00
8.195000000228991439e+02 2.059471843217464571e+00
8.200000000229312036e+02 1.979016475675540621e+00
8.205000000229631496e+02 2.225415799147657747e+00
8.210000000229952093e+02 2.382537771159733087e+00
8.215000000230272690e+02 2.374867893814953224e+00
8.220000000230593287e+02 1.969759265543751470e+00
8.225000000230912747e+02 2.043048798690190626e+00
8.230000000231233344e+02 2.410871617932368149e+00
8.235000000231553940e+02 2.151854844763393171e+00
8.240000000231874537e+02 2.025158250512178792e+00
8.245000000232195134e+02 2.047211111217872581e+00
8.250000000232514594e+02 2.232241531430963821e+00
8.255000000232835191e+02 2.180323183637530970e+00
8.260000000233155788e+02 2.172544671359641466e+00
8.265000000233476385e+02 2.229813918235633352e+00
8.270000000233795845e+02 2.142049929080882098e+00
8.275000000234116442e+02 2.212513292031097034e+00
8.280000000234437039e+02 1.979173585175833860e+00
8.285000000234757636e+02 2.199249890120593243e+00
8.290000000235077096e+02 2.250213483213413301e+00
8.295000000235397692e+02 2.245173094913095468e+00
8.300000000235718289e+02 2.215204811765770554e+00
8.305000000236038886e+02 2.274502757353371596e+00
8.310000000236358346e+02 2.381732371465570264e+00
8.315000000236678943e+02 2.072036356941317159e+00
8.320000000236999540e+02 2.114421946399126284e+00
8.325000000237320137e+02 2.302177555761409700e+00
8.330000000237640734e+02 2.128564437706055301e+00
8.335000000237960194e+02 2.186191403167275116e+00
8.340000000238280791e+02 2.270586716686946449e+00
8.345000000238601388e+02 2.190899360110001304e+00
8.350000000238921984e+02 2.232534864535842711e+00
8.355000000239241444e+02 2.176273312318593334e+00
8.360000000239562041e+02 2.208883842285302102e+00
8.365000000239882638e+02 2.102730990482972739e+00
8.370000000240203235e+02 2.290457896914889879e+00
8.375000000240522695e+02 2.132478991456102868e+00
8.380000000240843292e+02 2.204918769903996267e+00
8.385000000241163889e+02 2.217208935348102816e+00
8.390000000241484486e+02 2.302661995557896635e+00
8.395000000241803946e+02 2.241895969551525702e+00
8.400000000242124543e+02 2.296431113998911311e+00
8.405000000242445140e+02 2.087600599732110762e+00
8.410000000242765736e+02 2.000793654007087863e+00
8.415000000243086333e+02 2.094875857970666999e+00
8.420000000243405793e+02 2.146489836768490811e+00
8.425000000243726390e+02 2.361512194219333338e+00
8.430000000244046987e+02 2.077221541676980365e+00
8.435000000244367584e+02 2.185978967072955026e+00
8.440000000244687044e+02 2.259698110922503833e+00
8.445000000245007641e+02 2.074374647770260260e+00
8.450000000245328238e+02 2.159517013785159367e+00
8.455000000245648835e+02 2.332942966229268666e+00
8.460000000245968295e+02 2.274100162472945552e+00
8.465000000246288892e+02 2.031225890696069403e+00
8.470000000246609488e+02 2.059554071710419709e+00
8.475000000246930085e+02 2.213588234882629902e+00
8.480000000247249545e+02 2.330863796900755958e+00
8.485000000247570142e+02 2.141098958167762856e+00
8.490000000247890739e+02 2.276374553351407481e+00
8.495000000248211336e+02 2.217421977539153488e+00
8.500000000248530796e+02 2.136128150434012163e+00
8.505000000248851393e+02 2.260168324388570849e+00
8.510000000249171990e+02 2.261165419106200503e+00
8.515000000249492587e+02 2.138134008379868778e+00
8.520000000249813183e+02 2.255792253034373918e+00
8.525000000250132643e+02 2.080916764688837794e+00
8.530000000250453240e+02 2.317345249284066266e+00
8.535000000250773837e+02 2.270482198813364771e+00
8.540000000251094434e+02 2.257287079621346226e+00
8.545000000251413894e+02 2.348691537619695513e+00
8.550000000251734491e+02 1.917922586828851417e+00
8.555000000252055088e+02 2.355144532900096621e+00
8.560000000252375685e+02 2.132760541835271084e+00
8.565000000252695145e+02 1.969130136552689647e+00
8.570000000253015742e+02 2.127005452884802583e+00
8.575000000253336339e+02 2.240800081766850305e+00
8.580000000253656935e+02 2.239503573603917719e+00
8.585000000253976395e+02 2.246999184778091685e+00
8.590000000254296992e+02 2.313012006087006522e+00
8.595000000254617589e+02 2.254168249922329448e+00
8.600000000254938186e+02 2.300087739934280950e+00
8.605000000255258783e+02 2.103516782969706345e+00
8.610000000255578243e+02 2.142873850679928527e+00
8.615000000255898840e+02 2.329921488724198131e+00
8.620000000256219437e+02 2.322431009094613419e+00
8.625000000256540034e+02 2.144893600453778859e+00
8.630000000256859494e+02 2.208970446070346760e+00
8.635000000257180091e+02 2.299548787046904241e+00
8.640000000257500687e+02 2.174547618368068314e+00
8.645000000257821284e+02 2.190349844128832935e+00
8.650000000258140744e+02 2.064017747499204081e+00
8.655000000258461341e+02 2.364849776265733894e+00
8.660000000258781938e+02 2.225787025271835251e+00
8.665000000259102535e+02 2.206485363195582305e+00
8.670000000259421995e+02 2.210361610490962025e+00
8.675000000259742592e+02 2.120074045290659459e+00
8.680000000260063189e+02 2.454099947179732677e+00
8.685000000260383786e+02 2.076641317182204904e+00
8.690000000260704383e+02 2.198215906488796278e+00
8.695000000261023843e+02 2.398700179005189170e+00
8.700000000261344439e+02 2.039822815473010476e+00
8.705000000261665036e+02 2.113602710529473239e+00
8.710000000261985633e+02 2.319806764408909761e+00
8.715000000262305093e+02 2.170649882637807782e+00
8.720000000262625690e+02 1.973590249820888376e+00
8.725000000262946287e+02 2.328146116068302796e+00
8.730000000263266884e+02 2.109856041599347698e+00
8.735000000263586344e+02 2.284743674011910919e+00
8.740000000263906941e+02 1.791220979863155760e+00
8.745000000264227538e+02 2.094248413133374065e+00
8.750000000264548135e+02 2.120705310031237190e+00
8.755000000264867595e+02 2.142226846520456807e+00
8.760000000265188191e+02 2.239756456278505503e+00
8.765000000265508788e+02 2.247877585670310818e+00
8.770000000265829385e+02 2.095041614428212906e+00
8.775000000266149982e+02 2.263387696086831991e+00
8.780000000266469442e+02 2.225720900977868677e+00
8.785000000266790039e+02 2.359966493815514266e+00
8.790000000267110636e+02 2.172009305709390325e+00
8.795000000267431233e+02 2.074686221526986341e+00
8.800000000267750693e+02 2.276591094769272239e+00
8.805000000268071290e+02 2.298546008121648221e+00
8.810000000268391886e+02 2.079863525299696203e+00
8.815000000268712483e+02 2.130112613970513102e+00
8.820000000269031943e+02 2.042662220857970556e+00
8.825000000269352540e+02 2.098031671394277708e+00
8.830000000269673137e+02 2.233552862164537967e+00
8.835000000269993734e+02 2.163610198234027671e+00
8.840000000270313194e+02 2.292751746191799889e+00
8.845000000270633791e+02 2.178376241759583998e+00
8.850000000270954388e+02 2.206901737807754671e+00
8.855000000271274985e+02 2.296249149287108882e+00
8.860000000271595582e+02 2.427185069545883866e+00
8.865000000271915042e+02 1.880395944207468695e+00
8.870000000272235638e+02 2.177416526720099110e+00
8.875000000272556235e+02 2.062968596931918253e+00
8.880000000272876832e+02 2.085834548233735930e+00
8.885000000273196292e+02 2.162407967644440987e+00
8.890000000273516889e+02 2.159965392237375603e+00
8.895000000273837486e+02 1.991221835792637451e+00
8.900000000274158083e+02 2.128181658994368508e+00
8.905000000274477543e+02 2.432466577908825478e+00
8.910000000274798140e+02 2.433812809365317964e+00
8.915000000275118737e+02 2.528853113227935268e+00
8.920000000275439334e+02 2.149114636040420745e+00
8.925000000275758794e+02 2.229855150123422280e+00
8.930000000276079390e+02 2.198721863355846295e+00
8.935000000276399987e+02 2.351440305567592315e+00
8.940000000276720584e+02 1.968562045788994741e+00
8.945000000277040044e+02 2.392338283620444983e+00
8.950000000277360641e+02 2.202273670931074623e+00
8.955000000277681238e+02 2.189474986655110200e+00
8.960000000278001835e+02 2.297253588873066299e+00
8.965000000278322432e+02 2.110462689413036941e+00
8.970000000278641892e+02 2.139172456654538035e+00
8.975000000278962489e+02 2.190183626485807444e+00
8.980000000279283086e+02 2.054210969686574462e+00
8.985000000279603682e+02 2.049590199252665279e+00
8.990000000279923142e+02 2.004307922642678097e+00
8.995000000280243739e+02 2.151839731580935222e+00
9.000000000280564336e+02 2.320612397989080034e+00
9.005000000280884933e+02 2.276946096049137225e+00
9.010000000281204393e+02 2.120161641293206500e+00
9.015000000281524990e+02 2.067880295329059148e+00
9.020000000281845587e+02 2.093093069989617305e+00
9.025000000282166184e+02 2.225883229604039837e+00
9.030000000282485644e+02 2.313365240997660166e+00
9.035000000282806241e+02 2.172143073219932052e+00
9.040000000283126838e+02 2.334935499142059001e+00
9.045000000283447434e+02 2.133440340219641129e+00
9.050000000283768031e+02 2.404163329914914993e+00
9.055000000284087491e+02 2.326800742773780684e+00
9.060000000284408088e+02 2.215595011862760089e+00
9.065000000284728685e+02 2.198826840838256746e+00
9.070000000285049282e+02 2.210989428603860052e+00
9.075000000285368742e+02 2.174203560669787816e+00
9.080000000285689339e+02 2.198194844166633466e+00
9.085000000286009936e+02 2.127686526406117551e+00
9.090000000286330533e+02 2.198615971742277964e+00
9.095000000286649993e+02 2.222676052141532743e+00
9.100000000286970590e+02 2.235928313781984311e+00
9.105000000287291186e+02 2.228782752611052853e+00
9.110000000287611783e+02 2.191661618631558728e+00
9.115000000287931243e+02 2.352998363505097945e+00
9.120000000288251840e+02 2.140190104507214475e+00
9.125000000288572437e+02 2.355820850335960337e+00
9.130000000288893034e+02 2.082155690899230471e+00
9.135000000289213631e+02 2.426398858653523227e+00
9.140000000289533091e+02 2.156042227505714060e+00
9.145000000289853688e+02 2.177574755120122330e+00
9.150000000290174285e+02 2.076116279633563710e+00
9.155000000290494881e+02 1.974909955275208295e+00
9.160000000290814341e+02 2.401063558456458580e+00
9.165000000291134938e+02 2.201231736746209311e+00
9.170000000291455535e+02 2.219677876514431603e+00
9.175000000291776132e+02 2.210604908951018466e+00
9.180000000292095592e+02 2.191568819660820289e+00
9.185000000292416189e+02 2.089031199973188535e+00
9.190000000292736786e+02 2.130700816032864431e+00
9.195000000293057383e+02 2.320359894061236883e+00
9.200000000293376843e+02 2.315070222403771805e+00
9.205000000293697440e+02 2.110340249081988695e+00
9.210000000294018037e+02 2.083612888208513425e+00
9.215000000294338633e+02 2.240573824053618601e+00
9.220000000294659230e+02 2.117676499358893238e+00
9.225000000294978690e+02 2.021660181374769216e+00
9.230000000295299287e+02 2.271466901426230312e+00
9.235000000295619884e+02 2.313281641196747618e+00
9.240000000295940481e+02 2.222581539663708750e+00
9.245000000296259941e+02 2.226467034193792216e+00
9.250000000296580538e+02 1.898724663665176005e+00
9.255000000296901135e+02 1.816865893694936007e+00
9.260000000297221732e+02 2.290284026525176486e+00
9.265000000297541192e+02 2.154156955197508161e+00
9.270000000297861789e+02 2.227241921349940590e+00
9.275000000298182385e+02 2.155714782577747624e+00
9.280000000298502982e+02 2.263054496137931082e+00
9.285000000298822442e+02 2.293023289056833391e+00
9.290000000299143039e+02 2.270940633160008826e+00
9.295000000299463636e+02 2.249089921575799789e+00
9.300000000299784233e+02 2.298919108421751289e+00
9.305000000300104830e+02 2.262019256577678661e+00
9.310000000300424290e+02 2.176807041622296879e+00
9.315000000300744887e+02 2.313773528143828528e+00
9.320000000301065484e+02 2.340764940621507417e+00
9.325000000301386081e+02 2.150830979302944534e+00
9.330000000301705541e+02 2.134052775662800716e+00
9.335000000302026137e+02 2.334078739417789539e+00
9.340000000302346734e+02 2.100663429008649441e+00
9.345000000302667331e+02 2.045287031536353162e+00
9.350000000302986791e+02 2.244443797597935220e+00
9.355000000303307388e+02 2.285548497941907176e+00
9.360000000303627985e+02 2.294758996686759644e+00
9.365000000303948582e+02 2.187635451140692133e+00
9.370000000304268042e+02 2.232423452800154084e+00
9.375000000304588639e+02 2.145826244033723018e+00
9.380000000304909236e+02 2.260279733145553749e+00
9.385000000305229833e+02 2.090838511798880806e+00
9.390000000305549293e+02 2.227377131456094173e+00
9.395000000305869889e+02 2.135658487076230738e+00
9.400000000306190486e+02 2.345438289699146583e+00
9.405000000306511083e+02 2.154125649589199387e+00
9.410000000306831680e+02 2.158498446248615643e+00
9.415000000307151140e+02 2.113851981998681406e+00
9.420000000307471737e+02 2.249810554507440941e+00
9.425000000307792334e+02 2.055887640635667868e+00
9.430000000308112931e+02 1.954922867926962793e+00
9.435000000308432391e+02 2.031160859915900119e+00
9.440000000308752988e+02 2.027313916481180200e+00
9.445000000309073585e+02 2.130244006839588700e+00
9.450000000309394181e+02 2.082358810101600177e+00
9.455000000309713641e+02 2.219781005232130955e+00
9.460000000310034238e+02 2.378956627342625918e+00
9.465000000310354835e+02 2.193946453991396428e+00
9.470000000310675432e+02 2.105768980515246636e+00
9.475000000310994892e+02 2.309426259108073864e+00
9.480000000311315489e+02 2.036185919985640247e+00
9.485000000311636086e+02 2.127408112926271411e+00
9.490000000311956683e+02 2.306577767787402866e+00
9.495000000312277280e+02 2.131376270825520614e+00
9.500000000312596740e+02 2.042594474109004299e+00
9.505000000312917336e+02 2.325557542368478892e+00
9.510000000313237933e+02 2.131832210175539366e+00
9.515000000313558530e+02 2.248063446618618233e+00
9.520000000313877990e+02 2.262180293612156223e+00
9.525000000314198587e+02 2.189780650328582823e+00
9.530000000314519184e+02 2.145137972513909030e+00
9.535000000314839781e+02 2.260796266379939468e+00
9.540000000315159241e+02 2.214250743075357075e+00
9.545000000315479838e+02 2.167413736988781814e+00
9.550000000315800435e+02 2.252538884548031639e+00
9.555000000316121032e+02 2.164066496511902749e+00
9.560000000316440492e+02 2.341327652923879565e+00
9.565000000316761088e+02 2.171511119907009846e+00
9.570000000317081685e+02 2.037425819401782245e+00
9.575000000317402282e+02 2.310547132558415484e+00
9.580000000317722879e+02 2.047106851706522956e+00
9.585000000318042339e+02 2.228414419619161535e+00
9.590000000318362936e+02 2.129565261245336405e+00
9.595000000318683533e+02 2.095465765251511847e+00
9.600000000319004130e+02 2.161035008204752028e+00
9.605000000319323590e+02 2.377387695636712373e+00
9.610000000319644187e+02 2.282310982943698274e+00
9.615000000319964784e+02 2.187835765141500133e+00
9.620000000320285380e+02 2.192305856712480683e+00
9.625000000320604840e+02 2.064721817954487282e+00
9.630000000320925437e+02 2.302778664369495853e+00
9.635000000321246034e+02 2.387489455913326619e+00
9.640000000321566631e+02 1.973392523412973443e+00
9.645000000321886091e+02 2.042763427206025106e+00
9.650000000322206688e+02 2.119199429596098305e+00
9.655000000322527285e+02 2.360753718939983870e+00
9.660000000322847882e+02 2.112118020014815301e+00
9.665000000323168479e+02 2.128493244117609429e+00
9.670000000323487939e+02 2.317076168223546340e+00
9.675000000323808536e+02 2.102788629475680793e+00
9.680000000324129132e+02 2.154945330819604266e+00
9.685000000324449729e+02 2.040966969027949496e+00
9.690000000324769189e+02 2.362395431661947764e+00
9.695000000325089786e+02 2.146980318298453927e+00
9.700000000325410383e+02 2.303561226052789568e+00
9.705000000325730980e+02 2.071692291716838330e+00
9.710000000326050440e+02 1.941893871156211926e+00
9.715000000326371037e+02 1.978756583093181698e+00
9.720000000326691634e+02 2.290913968784880517e+00
9.725000000327012231e+02 2.121943213251021199e+00
9.730000000327331691e+02 2.100958187094826624e+00
9.735000000327652288e+02 2.154100385211554780e+00
9.740000000327972884e+02 2.200495612346808461e+00
9.745000000328293481e+02 2.269116464248061238e+00
9.750000000328614078e+02 2.177899066702126074e+00
9.755000000328933538e+02 2.341782944667884614e+00
9.760000000329254135e+02 2.293318853874166674e+00
9.765000000329574732e+02 2.257156665838365939e+00
9.770000000329895329e+02 2.209971468589153165e+00
9.775000000330214789e+02 2.286877618344139496e+00
9.780000000330535386e+02 1.996382868481912709e+00
9.785000000330855983e+02 2.273277868332964857e+00
9.790000000331176579e+02 2.290351596165248527e+00
9.795000000331496040e+02 2.280544077948355230e+00
9.800000000331816636e+02 2.027883231737408920e+00
9.805000000332137233e+02 2.178017850426336999e+00
9.810000000332457830e+02 2.099065008559950929e+00
9.815000000332777290e+02 2.268954646962968003e+00
9.820000000333097887e+02 2.270527412438703152e+00
9.825000000333418484e+02 2.073421886415431015e+00
9.830000000333739081e+02 2.223313950085648028e+00
9.835000000334058541e+02 2.180057779864193357e+00
9.840000000334379138e+02 2.355323070694709475e+00
9.845000000334699735e+02 2.238703400593973658e+00
9.850000000335020331e+02 2.106305227892190768e+00
9.855000000335340928e+02 2.156021939418204525e+00
9.860000000335660388e+02 2.164324492301251457e+00
9.865000000335980985e+02 2.120419197275414724e+00
9.870000000336301582e+02 2.368105624822289812e+00
9.875000000336622179e+02 2.340384071776014263e+00
9.880000000336941639e+02 2.009794928768557920e+00
9.885000000337262236e+02 1.931380417953835194e+00
9.890000000337582833e+02 2.342566605361060983e+00
9.895000000337903430e+02 2.240959400515309063e+00
9.900000000338222890e+02 2.285965924001928773e+00
9.905000000338543487e+02 2.344785403086999231e+00
9.910000000338864083e+02 2.289711614691581243e+00
9.915000000339184680e+02 2.180769009559056837e+00
9.920000000339504140e+02 2.101325194484635173e+00
9.925000000339824737e+02 2.329041521304213713e+00
9.930000000340145334e+02 2.148512103395820994e+00
9.935000000340465931e+02 2.115058914374486232e+00
9.940000000340786528e+02 2.209026310350419742e+00
9.945000000341105988e+02 2.283295916847303708e+00
9.950000000341426585e+02 2.256607816781996512e+00
9.955000000341747182e+02 2.352391782234282136e+00
9.960000000342067779e+02 2.033304696573852599e+00
9.965000000342387239e+02 2.153380195501489069e+00
9.970000000342707835e+02 2.202390101184239501e+00
9.975000000343028432e+02 2.177258419576895587e+00
9.980000000343349029e+02 2.228028749101185202e+00
9.985000000343668489e+02 2.147244110051937049e+00
9.990000000343989086e+02 2.259667600136658017e+00
9.995000000344309683e+02 2.137230861067854981e+00
1.000000000034463028e+03 2.336097611306830135e+00
