# Time (ps)	CV (angstrom)
9.999999999975766229e+01 -3.291210359841929556e+00
1.004999999997559001e+02 -3.122702582265179050e+00
1.009999999997541380e+02 -3.142994285589639336e+00
1.014999999997533990e+02 -3.167067019856779186e+00
1.019999999997629061e+02 -3.269893224961842204e+00
1.024999999997724132e+02 -3.120343621702417636e+00
1.029999999997819060e+02 -2.978959163219830675e+00
1.034999999997914131e+02 -2.936497655773230964e+00
1.039999999998009201e+02 -2.936373249890794401e+00
1.044999999998104272e+02 -3.160328115056433518e+00
1.049999999998199343e+02 -3.337602279861672017e+00
1.054999999998294413e+02 -3.342931050165578011e+00
1.059999999998389484e+02 -3.365421365985127977e+00
1.064999999998484554e+02 -3.437457808163852935e+00
1.069999999998579483e+02 -3.310774602822787127e+00
1.074999999998674554e+02 -3.196083530471391043e+00
1.079999999998769624e+02 -3.213977513100390482e+00
1.084999999998864695e+02 -2.967084388381528548e+00
1.089999999998959765e+02 -3.003579581322079139e+00
1.094999999999054836e+02 -3.208297841092273561e+00
1.099999999999149907e+02 -3.025600707452546612e+00
1.104999999999244977e+02 -3.174279387532872310e+00
1.109999999999339906e+02 -3.222530724024091686e+00
1.114999999999434976e+02 -3.177043407626892524e+00
1.119999999999530047e+02 -3.303084117803757991e+00
1.124999999999625118e+02 -3.170047904299273078e+00
1.129999999999720188e+02 -2.978328836664167145e+00
1.134999999999815259e+02 -3.088115737129773386e+00
1.139999999999910330e+02 -3.164858534295306391e+00
1.145000000000005400e+02 -3.290318782467623659e+00
1.150000000000100329e+02 -3.146166755576083052e+00
1.155000000000195399e+02 -3.226965981093537827e+00
1.160000000000290470e+02 -3.263113732591397920e+00
1.165000000000385540e+02 -3.167221680987704513e+00
1.170000000000480611e+02 -2.904149030620806649e+00
1.175000000000575682e+02 -2.967032316904364198e+00
1.180000000000670752e+02 -2.958953604067398491e+00
1.185000000000765823e+02 -2.974416261752287571e+00
1.190000000000860751e+02 -3.116446330709569779e+00
1.195000000000955822e+02 -3.132827602956423707e+00
1.200000000001050893e+02 -3.146417937315179714e+00
1.205000000001145963e+02 -3.090612829053704935e+00
1.210000000001241034e+02 -3.138058452017356448e+00
1.215000000001336105e+02 -2.931515837973742489e+00
1.220000000001431175e+02 -2.961835716346777225e+00
1.225000000001526246e+02 -2.829044520498832149e+00
1.230000000001621174e+02 -2.852632484763134357e+00
1.235000000001716245e+02 -2.919287032258685688e+00
1.240000000001811316e+02 -3.169504372974893069e+00
1.245000000001906386e+02 -3.043070169875063069e+00
1.250000000002001457e+02 -2.949466618754172487e+00
1.255000000002096527e+02 -2.897980396113414958e+00
1.260000000002191598e+02 -2.980172192734691805e+00
1.265000000002286527e+02 -2.941152119118228381e+00
1.270000000002381597e+02 -3.025141762120123978e+00
1.275000000002476668e+02 -2.906234873263201735e+00
1.280000000002571880e+02 -2.732607990959564415e+00
1.285000000002666809e+02 -2.917094479387026595e+00
1.290000000002761738e+02 -2.975123753349012024e+00
1.295000000002856950e+02 -3.131082923868862000e+00
1.300000000002951879e+02 -3.159285084908814767e+00
1.305000000003047091e+02 -3.320209862650829624e+00
1.310000000003142020e+02 -3.092747782802309775e+00
1.315000000003237233e+02 -2.729821952748369362e+00
1.320000000003332161e+02 -3.219450207106869577e+00
1.325000000003427090e+02 -3.178897817150308835e+00
1.330000000003522302e+02 -3.043072502819397229e+00
1.335000000003617231e+02 -3.115269496876228228e+00
1.340000000003712444e+02 -3.070014455342123583e+00
1.345000000003807372e+02 -2.817017655594475922e+00
1.350000000003902585e+02 -3.054380167365704501e+00
1.355000000003997513e+02 -2.996001250048465625e+00
1.360000000004092726e+02 -3.197804317842382726e+00
1.365000000004187655e+02 -3.298424375733629788e+00
1.370000000004282583e+02 -3.120329311559778329e+00
1.375000000004377796e+02 -2.770302768425526363e+00
1.380000000004472724e+02 -2.933215289377089530e+00
1.385000000004567937e+02 -3.003562050096330260e+00
1.390000000004662866e+02 -2.899961313911571636e+00
1.395000000004758078e+02 -3.019977738945481160e+00
1.400000000004853007e+02 -3.115341824058407649e+00
1.405000000004947935e+02 -3.203195784828912096e+00
1.410000000005043148e+02 -3.207858973550082649e+00
1.415000000005138077e+02 -3.173990423676315231e+00
1.420000000005233289e+02 -3.200245890199075127e+00
1.425000000005328218e+02 -3.366286412118915550e+00
1.430000000005423431e+02 -3.015655556336116039e+00
1.435000000005518359e+02 -3.059945353843045890e+00
1.440000000005613572e+02 -2.946832185216655908e+00
1.445000000005708500e+02 -2.977046582479620174e+00
1.450000000005803429e+02 -2.892024507430495994e+00
1.455000000005898642e+02 -2.836302811191715456e+00
1.460000000005993570e+02 -3.015924462205576528e+00
1.465000000006088783e+02 -3.140330559568472513e+00
1.470000000006183711e+02 -3.104517325977891762e+00
1.475000000006278924e+02 -3.268053679435082959e+00
1.480000000006373853e+02 -3.313847543964144826e+00
1.485000000006468781e+02 -3.153504368986679740e+00
1.490000000006563994e+02 -2.902133067605911609e+00
1.495000000006658922e+02 -3.241926244748473795e+00
1.500000000006754135e+02 -3.144953522825595371e+00
1.505000000006849064e+02 -3.136804156859458015e+00
1.510000000006944276e+02 -3.033611325188891428e+00
1.515000000007039205e+02 -3.198523189070130002e+00
1.520000000007134133e+02 -3.023924993370495695e+00
1.525000000007229346e+02 -2.962627619346365204e+00
1.530000000007324275e+02 -3.102051179605707976e+00
1.535000000007419487e+02 -2.966114849829403877e+00
1.540000000007514416e+02 -2.824460666532693676e+00
1.545000000007609628e+02 -2.723256074858221965e+00
1.550000000007704557e+02 -2.789654101495827376e+00
1.555000000007799770e+02 -2.648958331099790176e+00
1.560000000007894698e+02 -2.513273549838479948e+00
1.565000000007989627e+02 -2.487000191506188340e+00
1.570000000008084839e+02 -2.820466956381983081e+00
1.575000000008179768e+02 -3.142451133115235162e+00
1.580000000008274981e+02 -3.071423986230787051e+00
1.585000000008369909e+02 -3.080097626760050833e+00
1.590000000008465122e+02 -3.000454264681266192e+00
1.595000000008560050e+02 -2.837461125135204654e+00
1.600000000008654979e+02 -3.061563932805416499e+00
1.605000000008750192e+02 -2.907710392883152473e+00
1.610000000008845120e+02 -2.834773957375376519e+00
1.615000000008940333e+02 -3.081574422847666028e+00
1.620000000009035261e+02 -3.132987818450909678e+00
1.625000000009130474e+02 -2.830117682060751871e+00
1.630000000009225403e+02 -3.292928986077118036e+00
1.635000000009320615e+02 -3.112764631106033519e+00
1.640000000009415544e+02 -3.170307009894941075e+00
1.645000000009510472e+02 -2.856055038462174789e+00
1.650000000009605685e+02 -2.974537948349697203e+00
1.655000000009700614e+02 -2.983763500586336992e+00
1.660000000009795826e+02 -3.120659537714356002e+00
1.665000000009890755e+02 -2.785063170271261157e+00
1.670000000009985968e+02 -3.000110578683971685e+00
1.675000000010080896e+02 -3.040773239415484941e+00
1.680000000010175825e+02 -2.986403055947210561e+00
1.685000000010271037e+02 -2.789644152639268349e+00
1.690000000010365966e+02 -2.855022071437387066e+00
1.695000000010461179e+02 -2.617415896931146513e+00
1.700000000010556107e+02 -3.026196995180936433e+00
1.705000000010651320e+02 -3.223129391408289468e+00
1.710000000010746248e+02 -3.033285276943278763e+00
1.715000000010841177e+02 -2.963048193261509144e+00
1.720000000010936390e+02 -3.172420971142512869e+00
1.725000000011031318e+02 -3.251856562369818793e+00
1.730000000011126531e+02 -3.440352030015464191e+00
1.735000000011221459e+02 -3.326779337745410015e+00
1.740000000011316672e+02 -3.390921284606341235e+00
1.745000000011411601e+02 -3.320700961043848043e+00
1.750000000011506813e+02 -3.085890996473500625e+00
1.755000000011601742e+02 -3.007543178267729544e+00
1.760000000011696670e+02 -2.905689780812329648e+00
1.765000000011791883e+02 -2.901891022637697048e+00
1.770000000011886812e+02 -2.991467683327046601e+00
1.775000000011982024e+02 -3.076345062439916678e+00
1.780000000012076953e+02 -3.040886528702270386e+00
1.785000000012172165e+02 -3.234872227471166095e+00
1.790000000012267094e+02 -3.196474483990943583e+00
1.795000000012362023e+02 -3.005013772903049052e+00
1.800000000012457235e+02 -2.834996549796876764e+00
1.805000000012552164e+02 -2.987271175821599289e+00
1.810000000012647376e+02 -3.157534651702659012e+00
1.815000000012742305e+02 -3.038590691804849087e+00
1.820000000012837518e+02 -3.076820384981754142e+00
1.825000000012932446e+02 -3.087654044902897521e+00
1.830000000013027659e+02 -3.120815871431719124e+00
1.835000000013122587e+02 -3.033087597970177018e+00
1.840000000013217516e+02 -2.996752001369896945e+00
1.845000000013312729e+02 -2.924317280785798001e+00
1.850000000013407657e+02 -2.876914725537465412e+00
1.855000000013502870e+02 -3.005633716061814731e+00
1.860000000013597798e+02 -3.166526250335107484e+00
1.865000000013693011e+02 -3.085004835000559886e+00
1.870000000013787940e+02 -3.054409795760450574e+00
1.875000000013882868e+02 -3.130540832691350861e+00
1.880000000013978081e+02 -2.958669798961989450e+00
1.885000000014073009e+02 -2.876936134262678024e+00
1.890000000014168222e+02 -3.057383271693117077e+00
1.895000000014263151e+02 -3.135958552453228076e+00
1.900000000014358363e+02 -3.174977905430201641e+00
1.905000000014453292e+02 -2.942223536576708653e+00
1.910000000014548220e+02 -3.054211358123727571e+00
1.915000000014643433e+02 -3.244958137249578378e+00
1.920000000014738362e+02 -3.314387131158501365e+00
1.925000000014833574e+02 -3.040067290289485857e+00
1.930000000014928503e+02 -2.979345623472291482e+00
1.935000000015023716e+02 -3.178447498895841772e+00
1.940000000015118644e+02 -2.963516683459864964e+00
1.945000000015213857e+02 -3.193526736514776143e+00
1.950000000015308785e+02 -3.263970101696921589e+00
1.955000000015403714e+02 -3.108143098048941066e+00
1.960000000015498927e+02 -3.290994233362947607e+00
1.965000000015593855e+02 -3.178659991720028888e+00
1.970000000015689068e+02 -3.210724785370886458e+00
1.975000000015783996e+02 -3.011831559555019133e+00
1.980000000015879209e+02 -3.280694250728362071e+00
1.985000000015974138e+02 -3.365681772201968514e+00
1.990000000016069066e+02 -2.934550784295851145e+00
1.995000000016164279e+02 -2.917808032074677982e+00
2.000000000016259207e+02 -2.796538323006370952e+00
2.005000000016354420e+02 -2.995818054410035458e+00
2.010000000016449349e+02 -3.023003739944915669e+00
2.015000000016544561e+02 -3.024320561513566208e+00
2.020000000016639490e+02 -3.083596153370907977e+00
2.025000000016734703e+02 -3.056919815416847541e+00
2.030000000016789556e+02 -3.165065383403928401e+00
2.035000000016659385e+02 -3.073930427616215155e+00
2.040000000016529214e+02 -3.119500037470650522e+00
2.045000000016398758e+02 -3.023635471499667382e+00
2.050000000016268586e+02 -3.219565585425581578e+00
2.055000000016138415e+02 -3.184119411385776477e+00
2.060000000016008244e+02 -3.103490445721257984e+00
2.065000000015878072e+02 -2.998692925597645331e+00
2.070000000015747617e+02 -3.236293546116669084e+00
2.075000000015617445e+02 -2.943804521717844569e+00
2.080000000015487274e+02 -2.917508596332051951e+00
2.085000000015357102e+02 -2.942942632716821993e+00
2.090000000015226931e+02 -2.939703866428466039e+00
2.095000000015096475e+02 -2.980199332976916970e+00
2.100000000014966304e+02 -2.919999274073606266e+00
2.105000000014836132e+02 -2.733590163896920000e+00
2.110000000014705961e+02 -3.127510383574937602e+00
2.115000000014575789e+02 -2.957173081866602882e+00
2.120000000014445618e+02 -2.728234075321204877e+00
2.125000000014315162e+02 -2.965163260978230575e+00
2.130000000014184991e+02 -2.810058495265638889e+00
2.135000000014054820e+02 -2.829553878295104852e+00
2.140000000013924648e+02 -2.915480783507121032e+00
2.145000000013794477e+02 -2.999739775161046840e+00
2.150000000013664021e+02 -3.122820507139102197e+00
2.155000000013533850e+02 -3.107970836239815071e+00
2.160000000013403678e+02 -2.968281180144627385e+00
2.165000000013273507e+02 -2.920292751894976391e+00
2.170000000013143335e+02 -3.128145261035395919e+00
2.175000000013013164e+02 -3.370110384256135738e+00
2.180000000012882708e+02 -3.122456046275352559e+00
2.185000000012752537e+02 -3.372626467853223176e+00
2.190000000012622365e+02 -3.249607784645695663e+00
2.195000000012492194e+02 -3.125842226364885956e+00
2.200000000012362023e+02 -3.199789855559783458e+00
2.205000000012231567e+02 -3.306212835586072707e+00
2.210000000012101395e+02 -3.176271583835576173e+00
2.215000000011971224e+02 -3.111284973541508680e+00
2.220000000011841053e+02 -3.017144258583418281e+00
2.225000000011710881e+02 -3.147231986161658668e+00
2.230000000011580710e+02 -3.118462865901107772e+00
2.235000000011450254e+02 -3.123165585343261608e+00
2.240000000011320083e+02 -3.074503839527956472e+00
2.245000000011189911e+02 -3.200513828812177497e+00
2.250000000011059740e+02 -3.213642557250654619e+00
2.255000000010929568e+02 -3.065941692160416121e+00
2.260000000010799113e+02 -2.917178190211443312e+00
2.265000000010668941e+02 -2.914169349836915668e+00
2.270000000010538770e+02 -3.000066322237059158e+00
2.275000000010408598e+02 -3.015477693443728846e+00
2.280000000010278427e+02 -2.994208916713317237e+00
2.285000000010148256e+02 -3.094682615295538675e+00
2.290000000010017800e+02 -3.317633813438670476e+00
2.295000000009887628e+02 -3.155147957805611636e+00
2.300000000009757457e+02 -3.111441783918558635e+00
2.305000000009627286e+02 -3.013656338771685927e+00
2.310000000009497114e+02 -3.095601615427459485e+00
2.315000000009366659e+02 -3.217073935314780364e+00
2.320000000009236487e+02 -3.248452213507871278e+00
2.325000000009106316e+02 -2.990572865613051690e+00
2.330000000008976144e+02 -3.147072957389815073e+00
2.335000000008845973e+02 -3.062256593388328341e+00
2.340000000008715517e+02 -3.141633528607703063e+00
2.345000000008585346e+02 -2.997784868450813711e+00
2.350000000008455174e+02 -2.879890056787582253e+00
2.355000000008325003e+02 -2.943608965419080459e+00
2.360000000008194831e+02 -2.977324015092531084e+00
2.365000000008064660e+02 -3.092069622724074041e+00
2.370000000007934204e+02 -3.257768227879151546e+00
2.375000000007804033e+02 -3.427637034029165086e+00
2.380000000007673862e+02 -3.336095532842423328e+00
2.385000000007543690e+02 -3.142505337171811242e+00
2.390000000007413519e+02 -3.183601358968092487e+00
2.395000000007283063e+02 -3.124324223759796570e+00
2.400000000007152892e+02 -3.240028324947440641e+00
2.405000000007022720e+02 -3.002135567333921617e+00
2.410000000006892549e+02 -3.122036061248130601e+00
2.415000000006762377e+02 -3.032668531922479538e+00
2.420000000006632206e+02 -2.920397956597237776e+00
2.425000000006501750e+02 -3.266915535507956658e+00
2.430000000006371579e+02 -3.264146624748199166e+00
2.435000000006241407e+02 -3.153303349019429547e+00
2.440000000006111236e+02 -3.137677149510063934e+00
2.445000000005981065e+02 -3.094958223938801378e+00
2.450000000005850609e+02 -3.075736052522819453e+00
2.455000000005720437e+02 -3.169395251644945066e+00
2.460000000005590266e+02 -3.064986004336160530e+00
2.465000000005460095e+02 -3.102538802717923705e+00
2.470000000005329923e+02 -2.912789236428803719e+00
2.475000000005199752e+02 -2.902131365961777121e+00
2.480000000005069296e+02 -2.973559721018294244e+00
2.485000000004939125e+02 -3.153114150300005303e+00
2.490000000004808953e+02 -2.818506466880585926e+00
2.495000000004678782e+02 -3.016825955680265459e+00
2.500000000004548610e+02 -3.166564807695223305e+00
2.505000000004418155e+02 -3.338693994868227488e+00
2.510000000004287983e+02 -3.267567153637687571e+00
2.515000000004157812e+02 -3.099177544971863263e+00
2.520000000004027640e+02 -3.025931747282332385e+00
2.525000000003897469e+02 -3.101564689413343956e+00
2.530000000003767013e+02 -2.977686694326232786e+00
2.535000000003636842e+02 -3.083138660592809277e+00
2.540000000003506671e+02 -3.175207641064876185e+00
2.545000000003376499e+02 -3.153433968969488799e+00
2.550000000003246328e+02 -2.886415665147646248e+00
2.555000000003116156e+02 -3.151597870688937153e+00
2.560000000002985985e+02 -3.009250737990030622e+00
2.565000000002855813e+02 -2.745357476391206752e+00
2.570000000002725642e+02 -3.087503198702410856e+00
2.575000000002594902e+02 -3.128291122227852661e+00
2.580000000002464731e+02 -3.240485342075645647e+00
2.585000000002334559e+02 -3.267125850487864192e+00
2.590000000002204388e+02 -2.953099954233390889e+00
2.595000000002074216e+02 -3.030429053110456739e+00
2.600000000001944045e+02 -3.154930856075956136e+00
2.605000000001813873e+02 -3.064756364231427721e+00
2.610000000001683702e+02 -3.172055782877173158e+00
2.615000000001553531e+02 -2.937399062670599470e+00
2.620000000001423359e+02 -3.065561442968809391e+00
2.625000000001292619e+02 -3.094553314222345364e+00
2.630000000001162448e+02 -3.074980830304105961e+00
2.635000000001032276e+02 -2.853131594565064599e+00
2.640000000000902105e+02 -3.011602571381781335e+00
2.645000000000771934e+02 -2.724582194140880542e+00
2.650000000000641762e+02 -2.719971918314872728e+00
2.655000000000511591e+02 -2.814805276864719819e+00
2.660000000000381419e+02 -2.813978163504258667e+00
2.665000000000251248e+02 -3.001945927095266420e+00
2.670000000000121076e+02 -3.057688419944158298e+00
2.674999999999990905e+02 -3.274557332008479538e+00
2.679999999999860165e+02 -3.501232555596190288e+00
2.684999999999729994e+02 -3.075723893648866003e+00
2.689999999999599822e+02 -3.222487801878366032e+00
2.694999999999469651e+02 -3.284989579169203644e+00
2.699999999999339479e+02 -3.079903185117056186e+00
2.704999999999209308e+02 -2.944691347853859664e+00
2.709999999999079137e+02 -3.223414822763114529e+00
2.714999999998948965e+02 -3.217859109832824860e+00
2.719999999998818794e+02 -3.234466784058695588e+00
2.724999999998688622e+02 -3.069939303628003824e+00
2.729999999998558451e+02 -3.036030398000531427e+00
2.734999999998427711e+02 -3.073043634882862474e+00
2.739999999998297540e+02 -3.041089644590641239e+00
2.744999999998167368e+02 -3.039611264078184938e+00
2.749999999998037197e+02 -3.084705400031346745e+00
2.754999999997907025e+02 -3.063867389142461928e+00
2.759999999997776854e+02 -3.062142096181534434e+00
2.764999999997646682e+02 -3.193692438799375033e+00
2.769999999997516511e+02 -3.024066314776756581e+00
2.774999999997386340e+02 -3.239360310524973752e+00
2.779999999997256168e+02 -3.167499596985535515e+00
2.784999999997125997e+02 -3.006691844483754039e+00
2.789999999996995257e+02 -2.987855708773110575e+00
2.794999999996865085e+02 -2.915163694486180290e+00
2.799999999996734914e+02 -2.925277075979470620e+00
2.804999999996604743e+02 -2.881405649402850155e+00
2.809999999996474571e+02 -3.049454692455476401e+00
2.814999999996344400e+02 -3.149771974235971328e+00
2.819999999996214228e+02 -3.173339737957842299e+00
2.824999999996084057e+02 -3.050798862965470537e+00
2.829999999995953885e+02 -3.051272811414181163e+00
2.834999999995823714e+02 -3.086891510168138453e+00
2.839999999995693543e+02 -3.083861807999523919e+00
2.844999999995562803e+02 -3.037286478505703879e+00
2.849999999995432631e+02 -3.125026181591037400e+00
2.854999999995302460e+02 -3.266624702134343750e+00
2.859999999995172288e+02 -3.292913925663310870e+00
2.864999999995042117e+02 -3.279862581023433865e+00
2.869999999994911946e+02 -3.291761016853961053e+00
2.874999999994781774e+02 -3.221455540806071660e+00
2.879999999994651603e+02 -3.293372362448218293e+00
2.884999999994521431e+02 -3.010280662058844037e+00
2.889999999994391260e+02 -3.137964746888933565e+00
2.894999999994261088e+02 -2.994627200351934970e+00
2.899999999994130349e+02 -2.816711102510004672e+00
2.904999999994000177e+02 -2.825386935272171662e+00
2.909999999993870006e+02 -2.837366003163347639e+00
2.914999999993739834e+02 -2.939293927756284841e+00
2.919999999993609663e+02 -3.065048169838823444e+00
2.924999999993479491e+02 -3.063255463601938899e+00
2.929999999993349320e+02 -3.250736588954817208e+00
2.934999999993219149e+02 -3.415758380973438424e+00
2.939999999993088977e+02 -3.331515438528760420e+00
2.944999999992958806e+02 -3.200335358759570425e+00
2.949999999992828634e+02 -3.274495491093143862e+00
2.954999999992697894e+02 -3.245925930970698925e+00
2.959999999992567723e+02 -2.908136731986126211e+00
2.964999999992437552e+02 -2.857717799620486776e+00
2.969999999992307380e+02 -3.040538769050852519e+00
2.974999999992177209e+02 -3.133107996178862376e+00
2.979999999992047037e+02 -3.177259635951368733e+00
2.984999999991916866e+02 -3.218812347600207069e+00
2.989999999991786694e+02 -3.179453021591652551e+00
2.994999999991656523e+02 -3.192630714382655110e+00
2.999999999991526352e+02 -3.163192611530655451e+00
3.004999999991396180e+02 -2.963078434984584231e+00
3.009999999991265440e+02 -2.956413267884307583e+00
3.014999999991135269e+02 -3.224184528745851708e+00
3.019999999991005097e+02 -3.155788298494345501e+00
3.024999999990874926e+02 -3.168359309342930530e+00
3.029999999990744755e+02 -2.944128778128609181e+00
3.034999999990614583e+02 -3.083333885832499455e+00
3.039999999990484412e+02 -3.121994682236297169e+00
3.044999999990354240e+02 -2.704367384650555817e+00
3.049999999990224069e+02 -2.858766086317662936e+00
3.054999999990093897e+02 -2.850250723970328970e+00
3.059999999989963158e+02 -2.943957670934448156e+00
3.064999999989832986e+02 -2.742280912045707009e+00
3.069999999989702815e+02 -2.885759652948962195e+00
3.074999999989572643e+02 -3.021835931894796268e+00
3.079999999989442472e+02 -3.022277016795876126e+00
3.084999999989312300e+02 -3.042081187844505763e+00
3.089999999989182129e+02 -3.173069198035090466e+00
3.094999999989051958e+02 -3.304968124269167529e+00
3.099999999988921786e+02 -3.210267014462032886e+00
3.104999999988791615e+02 -3.220482721654104097e+00
3.109999999988661443e+02 -3.008681144010473929e+00
3.114999999988530703e+02 -2.942833607050944433e+00
3.119999999988400532e+02 -3.131805501167921779e+00
3.124999999988270361e+02 -3.029086485536411466e+00
3.129999999988140189e+02 -2.973292770518313866e+00
3.134999999988010018e+02 -3.014576862723433059e+00
3.139999999987879846e+02 -3.171840423471999237e+00
3.144999999987749675e+02 -3.029937062672720671e+00
3.149999999987619503e+02 -3.179863181840344222e+00
3.154999999987489332e+02 -3.018091657575159736e+00
3.159999999987359161e+02 -2.821165279098678091e+00
3.164999999987228989e+02 -3.008597751095337003e+00
3.169999999987098249e+02 -3.116952667994528525e+00
3.174999999986968078e+02 -3.149043854078300342e+00
3.179999999986837906e+02 -3.079522079634291920e+00
3.184999999986707735e+02 -2.956241945110859692e+00
3.189999999986577564e+02 -2.744640695313131040e+00
3.194999999986447392e+02 -2.945700437463348642e+00
3.199999999986317221e+02 -2.883662362651070232e+00
3.204999999986187049e+02 -2.915892447321073000e+00
3.209999999986056878e+02 -3.125258550055154849e+00
3.214999999985926706e+02 -3.140638656865264000e+00
3.219999999985796535e+02 -2.958222272481376258e+00
3.224999999985665795e+02 -3.157553064229910778e+00
3.229999999985535624e+02 -3.270946187648636982e+00
3.234999999985405452e+02 -3.188197305972562123e+00
3.239999999985275281e+02 -2.934996575255511608e+00
3.244999999985145109e+02 -2.771303242325661387e+00
3.249999999985014938e+02 -3.105852698901228948e+00
3.254999999984884766e+02 -3.125186544629850793e+00
3.259999999984754595e+02 -3.062140532364512335e+00
3.264999999984624424e+02 -3.114715415800968223e+00
3.269999999984494252e+02 -2.926941329985443208e+00
3.274999999984364081e+02 -2.947470716537253121e+00
3.279999999984233341e+02 -3.096602452789257942e+00
3.284999999984103169e+02 -3.146101344212473006e+00
3.289999999983972998e+02 -2.973563109174274022e+00
3.294999999983842827e+02 -2.998794507706023627e+00
3.299999999983712655e+02 -2.972920023698204961e+00
3.304999999983582484e+02 -3.148767119539498616e+00
3.309999999983452312e+02 -3.101647068088186465e+00
3.314999999983322141e+02 -2.913862069081150974e+00
3.319999999983191969e+02 -2.963690410233894568e+00
3.324999999983061798e+02 -2.901984711120789040e+00
3.329999999982931627e+02 -2.786072544518491512e+00
3.334999999982800887e+02 -2.873700540743540088e+00
3.339999999982670715e+02 -2.821732490818218420e+00
3.344999999982540544e+02 -2.947635169348844286e+00
3.349999999982410372e+02 -3.106524962404464851e+00
3.354999999982280201e+02 -3.252744425067977119e+00
3.359999999982150030e+02 -3.072599550966963911e+00
3.364999999982019858e+02 -2.868837481044730353e+00
3.369999999981889687e+02 -3.047019003801600512e+00
3.374999999981759515e+02 -2.853609265522594640e+00
3.379999999981629344e+02 -2.965345163963144071e+00
3.384999999981499172e+02 -3.128858251372063304e+00
3.389999999981368433e+02 -3.248266239974365810e+00
3.394999999981238261e+02 -2.957772152770683061e+00
3.399999999981108090e+02 -3.120325638197574580e+00
3.404999999980977918e+02 -3.044990556459242104e+00
3.409999999980847747e+02 -3.039415363017497373e+00
3.414999999980717575e+02 -3.106096444104340826e+00
3.419999999980587404e+02 -3.044668276164903986e+00
3.424999999980457233e+02 -2.835290781279882211e+00
3.429999999980327061e+02 -3.044394545833911003e+00
3.434999999980196890e+02 -3.046414852166959619e+00
3.439999999980066718e+02 -3.041289804463739532e+00
3.444999999979935978e+02 -3.250827771899089225e+00
3.449999999979805807e+02 -3.297751117638135110e+00
3.454999999979675636e+02 -3.106197782569207977e+00
3.459999999979545464e+02 -3.055831191995071361e+00
3.464999999979415293e+02 -3.084384698545485470e+00
3.469999999979285121e+02 -3.044622393403237481e+00
3.474999999979154950e+02 -3.205604688991460893e+00
3.479999999979024778e+02 -3.093266036492520410e+00
3.484999999978894607e+02 -3.177867801736472764e+00
3.489999999978764436e+02 -3.114323873670458820e+00
3.494999999978633696e+02 -2.898692319608303425e+00
3.499999999978503524e+02 -2.890236254821285211e+00
3.504999999978373353e+02 -2.820840234869809393e+00
3.509999999978243181e+02 -3.019098125843370894e+00
3.514999999978113010e+02 -2.876847133827995950e+00
3.519999999977982839e+02 -2.958804664085893155e+00
3.524999999977852667e+02 -3.137919149433745059e+00
3.529999999977722496e+02 -3.363666811723749372e+00
3.534999999977592324e+02 -3.133736010323552090e+00
3.539999999977462153e+02 -3.354112657389960450e+00
3.544999999977331981e+02 -3.041045736123872523e+00
3.549999999977201242e+02 -3.216595809775090409e+00
3.554999999977071070e+02 -3.052666775279392564e+00
3.559999999976940899e+02 -2.968852349517798750e+00
3.564999999976810727e+02 -3.219135313061041170e+00
3.569999999976680556e+02 -3.069667702605996862e+00
3.574999999976550384e+02 -2.872254587944003124e+00
3.579999999976420213e+02 -2.979803817244967235e+00
3.584999999976290042e+02 -3.124587345445574371e+00
3.589999999976159870e+02 -3.208437016821164445e+00
3.594999999976029699e+02 -3.175498855053824787e+00
3.599999999975899527e+02 -3.459330863881509899e+00
3.604999999975768787e+02 -3.172898479452575415e+00
3.609999999975638616e+02 -3.204832294455735919e+00
3.614999999975508445e+02 -3.031803580196438030e+00
3.619999999975378273e+02 -3.139549909189895516e+00
3.624999999975248102e+02 -3.307386118903666627e+00
3.629999999975117930e+02 -3.050451452618115233e+00
3.634999999974987759e+02 -3.189659413753547668e+00
3.639999999974857587e+02 -2.874761170786151787e+00
3.644999999974727416e+02 -2.759352125726170168e+00
3.649999999974597245e+02 -2.993664124133357252e+00
3.654999999974467073e+02 -2.961773725612431019e+00
3.659999999974336333e+02 -3.084400587309706676e+00
3.664999999974206162e+02 -3.163272717224254293e+00
3.669999999974075990e+02 -2.983401821555366151e+00
3.674999999973945819e+02 -3.107518833964314275e+00
3.679999999973815648e+02 -3.055072092951891971e+00
3.684999999973685476e+02 -3.182166052978885329e+00
3.689999999973555305e+02 -3.261018434731288718e+00
3.694999999973425133e+02 -3.009273344399110872e+00
3.699999999973294962e+02 -3.078316694193206082e+00
3.704999999973164790e+02 -2.848111349377389079e+00
3.709999999973034619e+02 -3.078607334970634657e+00
3.714999999972903879e+02 -2.917783487446531154e+00
3.719999999972773708e+02 -2.987585933519006698e+00
3.724999999972643536e+02 -3.174015283568054180e+00
3.729999999972513365e+02 -2.775485251691616195e+00
3.734999999972383193e+02 -3.105803946110292646e+00
3.739999999972253022e+02 -3.073027631205101251e+00
3.744999999972122851e+02 -3.110917933191392315e+00
3.749999999971992679e+02 -3.009046213636286993e+00
3.754999999971862508e+02 -3.074036603131577561e+00
3.759999999971732336e+02 -3.032637061900325115e+00
3.764999999971602165e+02 -3.103478639361901159e+00
3.769999999971471425e+02 -3.051232150555483358e+00
3.774999999971341254e+02 -3.080221092455319276e+00
3.779999999971211082e+02 -3.018315194164700177e+00
3.784999999971080911e+02 -3.186792998608948491e+00
3.789999999970950739e+02 -3.310364360105304993e+00
3.794999999970820568e+02 -3.286674094745132724e+00
3.799999999970690396e+02 -3.203425429213199838e+00
3.804999999970560225e+02 -2.972279788332341521e+00
3.809999999970430054e+02 -2.954396642669726791e+00
3.814999999970299882e+02 -2.908255563104654051e+00
3.819999999970169711e+02 -3.145331086090064954e+00
3.824999999970038971e+02 -3.437176808952968621e+00
3.829999999969908799e+02 -3.315058427139782271e+00
3.834999999969778628e+02 -3.215297939284865514e+00
3.839999999969648456e+02 -3.066326745600610693e+00
3.844999999969518285e+02 -2.795234049720312530e+00
3.849999999969388114e+02 -2.952161361009731255e+00
3.854999999969257942e+02 -2.884122242496403921e+00
3.859999999969127771e+02 -2.967027261144077332e+00
3.864999999968997599e+02 -3.057258637198295048e+00
3.869999999968867428e+02 -3.028470591575110671e+00
3.874999999968737256e+02 -3.000894774204641013e+00
3.879999999968606517e+02 -3.085974098902100504e+00
3.884999999968476345e+02 -2.966933838843810012e+00
3.889999999968346174e+02 -3.173167902109342187e+00
3.894999999968216002e+02 -3.019857402716434880e+00
3.899999999968085831e+02 -3.205323903282266240e+00
3.904999999967955659e+02 -3.053053449444396605e+00
3.909999999967825488e+02 -2.814503556049506194e+00
3.914999999967695317e+02 -2.931951357148373738e+00
3.919999999967565145e+02 -2.880334083341220541e+00
3.924999999967434974e+02 -2.634012903710915232e+00
3.929999999967304234e+02 -2.757868297907449584e+00
3.934999999967174062e+02 -2.932918913161933538e+00
3.939999999967043891e+02 -3.219320373801005442e+00
3.944999999966913720e+02 -3.111654861391112359e+00
3.949999999966783548e+02 -3.097806802127565540e+00
3.954999999966653377e+02 -3.157446217700253133e+00
3.959999999966523205e+02 -3.257722505424924808e+00
3.964999999966393034e+02 -3.155307008146799763e+00
3.969999999966262862e+02 -3.122851674900920749e+00
3.974999999966132691e+02 -3.184136988305021454e+00
3.979999999966002520e+02 -2.930638255719037133e+00
3.984999999965871780e+02 -3.056494513486478048e+00
3.989999999965741608e+02 -2.971629696143313293e+00
3.994999999965611437e+02 -3.040816876512083766e+00
3.999999999965481265e+02 -3.108293176970936322e+00
4.004999999965351094e+02 -2.995463952514861639e+00
4.009999999965220923e+02 -2.964772196046471020e+00
4.014999999965090751e+02 -2.926990812247656670e+00
4.019999999964960580e+02 -2.734228797523655441e+00
4.024999999964830408e+02 -2.705809780604356174e+00
4.029999999964700237e+02 -2.778672317986229601e+00
4.034999999964570065e+02 -3.027815939409253421e+00
4.039999999964439326e+02 -3.143981268114927730e+00
4.044999999964309154e+02 -3.229571289468688100e+00
4.049999999964178983e+02 -3.083127956635351552e+00
4.054999999964048811e+02 -3.312603474141848636e+00
4.059999999964079507e+02 -3.191969538489448865e+00
4.064999999964400104e+02 -3.056864993841688971e+00
4.069999999964720132e+02 -2.997369209455473360e+00
4.074999999965040729e+02 -2.936287551500279758e+00
4.079999999965360757e+02 -2.980843823110590929e+00
4.084999999965681354e+02 -2.876744820384333767e+00
4.089999999966001383e+02 -3.010186602265935374e+00
4.094999999966321980e+02 -3.178774039523409645e+00
4.099999999966642008e+02 -3.243775924932273735e+00
4.104999999966962605e+02 -3.092232048400922473e+00
4.109999999967282633e+02 -2.874258336111496615e+00
4.114999999967603230e+02 -3.017884215181934504e+00
4.119999999967923259e+02 -2.979454695981718526e+00
4.124999999968243856e+02 -2.945112867446211258e+00
4.129999999968563884e+02 -2.856512832173899952e+00
4.134999999968884481e+02 -3.154968887445847248e+00
4.139999999969205078e+02 -3.095344179407029106e+00
4.144999999969525106e+02 -3.025597481710370573e+00
4.149999999969845703e+02 -3.020805936379963530e+00
4.154999999970165732e+02 -2.905524873463908087e+00
4.159999999970486328e+02 -2.909245340356656495e+00
4.164999999970806357e+02 -3.022081741162695678e+00
4.169999999971126954e+02 -3.151034807026434681e+00
4.174999999971446982e+02 -3.258687653455634159e+00
4.179999999971767579e+02 -3.201421228199393010e+00
4.184999999972087608e+02 -3.056824916558242400e+00
4.189999999972408204e+02 -3.034275925955038034e+00
4.194999999972728233e+02 -3.020182445311565100e+00
4.199999999973048830e+02 -3.040654291766865303e+00
4.204999999973368858e+02 -3.266761790391597753e+00
4.209999999973689455e+02 -3.274787345892502088e+00
4.214999999974009484e+02 -3.200316426210220833e+00
4.219999999974330080e+02 -3.240570831607135993e+00
4.224999999974650109e+02 -3.407085733373178549e+00
4.229999999974970706e+02 -3.133014259593714268e+00
4.234999999975291303e+02 -2.882621117682366396e+00
4.239999999975611331e+02 -2.824488836429087435e+00
4.244999999975931928e+02 -2.980815359938502773e+00
4.249999999976251956e+02 -3.006696869152031049e+00
4.254999999976572553e+02 -3.297026697706971099e+00
4.259999999976892582e+02 -2.987490563602049232e+00
4.264999999977213179e+02 -2.959067288534608320e+00
4.269999999977533207e+02 -2.985117227588830691e+00
4.274999999977853804e+02 -2.982075035893590798e+00
4.279999999978173832e+02 -2.988222446885836270e+00
4.284999999978494429e+02 -3.055085810206893626e+00
4.289999999978814458e+02 -2.911045929580978520e+00
4.294999999979135055e+02 -3.045015192300010831e+00
4.299999999979455083e+02 -2.883485643744151616e+00
4.304999999979775680e+02 -2.963003494573394292e+00
4.309999999980095708e+02 -2.959241503319489652e+00
4.314999999980416305e+02 -3.109789678971607962e+00
4.319999999980736902e+02 -3.006718681708102192e+00
4.324999999981056931e+02 -3.113502406329147654e+00
4.329999999981377528e+02 -2.979271636845248317e+00
4.334999999981697556e+02 -3.059367437850314175e+00
4.339999999982018153e+02 -3.019650692844227713e+00
4.344999999982338181e+02 -3.088653286566321654e+00
4.349999999982658778e+02 -3.012163863968889466e+00
4.354999999982978807e+02 -2.925590789397864988e+00
4.359999999983299404e+02 -2.899732918340021115e+00
4.364999999983619432e+02 -2.706203375724467008e+00
4.369999999983940029e+02 -2.739901147381552438e+00
4.374999999984260057e+02 -2.971671034023332325e+00
4.379999999984580654e+02 -3.002139668152532970e+00
4.384999999984900683e+02 -3.204227089895257397e+00
4.389999999985221280e+02 -3.005690425128296095e+00
4.394999999985541308e+02 -3.127713100583637829e+00
4.399999999985861905e+02 -3.001875600403930200e+00
4.404999999986182502e+02 -3.178608372379236435e+00
4.409999999986502530e+02 -3.079612993611302585e+00
4.414999999986823127e+02 -2.856603487025880295e+00
4.419999999987143156e+02 -3.087620104406899824e+00
4.424999999987463752e+02 -3.134992394279733752e+00
4.429999999987783781e+02 -3.340557874485911682e+00
4.434999999988104378e+02 -3.315026383033577329e+00
4.439999999988424406e+02 -3.147927115300234391e+00
4.444999999988745003e+02 -2.944172267993646397e+00
4.449999999989065032e+02 -2.893527622229844720e+00
4.454999999989385628e+02 -3.100919943713645210e+00
4.459999999989705657e+02 -2.861207275164867170e+00
4.464999999990026254e+02 -2.966518030770206149e+00
4.469999999990346282e+02 -3.106943808344833524e+00
4.474999999990666879e+02 -3.175814356564121699e+00
4.479999999990986908e+02 -3.346506421088490502e+00
4.484999999991307504e+02 -3.446219893798066369e+00
4.489999999991627533e+02 -3.229344732586783451e+00
4.494999999991948130e+02 -2.991067334046916937e+00
4.499999999992268727e+02 -3.113338398429492671e+00
4.504999999992588755e+02 -3.110784965421923953e+00
4.509999999992909352e+02 -3.318290900061814597e+00
4.514999999993229380e+02 -3.160992611178734535e+00
4.519999999993549977e+02 -2.929823662766816383e+00
4.524999999993870006e+02 -2.933775347470610750e+00
4.529999999994190603e+02 -3.007770134332147460e+00
4.534999999994510631e+02 -2.982783962205601824e+00
4.539999999994831228e+02 -3.103724452347368601e+00
4.544999999995151256e+02 -3.151765110311623541e+00
4.549999999995471853e+02 -3.250377237345968062e+00
4.554999999995791882e+02 -3.173889101505932508e+00
4.559999999996112479e+02 -3.143179649074489213e+00
4.564999999996432507e+02 -2.992964152729804983e+00
4.569999999996753104e+02 -3.022458220414991459e+00
4.574999999997073132e+02 -2.900011584516031249e+00
4.579999999997393729e+02 -3.038860063316746185e+00
4.584999999997714326e+02 -3.147420984438465297e+00
4.589999999998034355e+02 -2.912130574915229975e+00
4.594999999998354951e+02 -2.951608730518710200e+00
4.599999999998674980e+02 -3.133961956078361144e+00
4.604999999998995577e+02 -3.207599317791092197e+00
4.609999999999315605e+02 -3.123826357341829230e+00
4.614999999999636202e+02 -3.239352981566421263e+00
4.619999999999956231e+02 -3.372704964414876994e+00
4.625000000000276827e+02 -3.299657458782962571e+00
4.630000000000596856e+02 -3.138073090567867762e+00
4.635000000000917453e+02 -3.320421065850592601e+00
4.640000000001237481e+02 -3.286136306571004528e+00
4.645000000001558078e+02 -3.075030428695822327e+00
4.650000000001878107e+02 -3.275451121616501649e+00
4.655000000002198703e+02 -3.445953204356324573e+00
4.660000000002518732e+02 -3.284910312703747781e+00
4.665000000002839329e+02 -3.380848376255471965e+00
4.670000000003159357e+02 -3.443881482830991381e+00
4.675000000003479954e+02 -3.363054541211935700e+00
4.680000000003800551e+02 -3.397755306825808397e+00
4.685000000004120579e+02 -3.229770243920424555e+00
4.690000000004441176e+02 -3.169821201641597863e+00
4.695000000004761205e+02 -3.146980348009693174e+00
4.700000000005081802e+02 -3.021296172871613006e+00
4.705000000005401830e+02 -3.187804039246922017e+00
4.710000000005722427e+02 -3.048281773851968968e+00
4.715000000006042455e+02 -3.123998767901380536e+00
4.720000000006363052e+02 -2.828860463405332482e+00
4.725000000006683081e+02 -2.969694332912206303e+00
4.730000000007003678e+02 -2.802109386953635095e+00
4.735000000007323706e+02 -2.778975435757982115e+00
4.740000000007644303e+02 -2.976831708696301426e+00
4.745000000007964331e+02 -2.995382793287427958e+00
4.750000000008284928e+02 -2.991547394405052351e+00
4.755000000008604957e+02 -2.827119544329968370e+00
4.760000000008925554e+02 -3.231957162985851006e+00
4.765000000009246151e+02 -3.229264758460567375e+00
4.770000000009566179e+02 -3.383590415946675645e+00
4.775000000009886776e+02 -3.236812227308906387e+00
4.780000000010206804e+02 -3.162893897067858617e+00
4.785000000010527401e+02 -3.141530568651603517e+00
4.790000000010847430e+02 -3.034679910188883944e+00
4.795000000011168027e+02 -2.901538179189988576e+00
4.800000000011488055e+02 -2.993877550055422443e+00
4.805000000011808652e+02 -3.027527105830752685e+00
4.810000000012128680e+02 -3.305048828164491415e+00
4.815000000012449277e+02 -3.289167052554944792e+00
4.820000000012769306e+02 -3.024097270856048070e+00
4.825000000013089902e+02 -3.074261222653872139e+00
4.830000000013409931e+02 -3.012817798331106633e+00
4.835000000013730528e+02 -2.941033653304349738e+00
4.840000000014050556e+02 -3.086742783980930938e+00
4.845000000014371153e+02 -2.932738277646028013e+00
4.850000000014691750e+02 -3.020816418635902334e+00
4.855000000015011778e+02 -3.141642376879699494e+00
4.860000000015332375e+02 -3.243543695563150475e+00
4.865000000015652404e+02 -3.300251933920154812e+00
4.870000000015973001e+02 -3.330873180412025736e+00
4.875000000016293029e+02 -3.155694125900467384e+00
4.880000000016613626e+02 -3.262008597984910274e+00
4.885000000016933654e+02 -3.270401686482553139e+00
4.890000000017254251e+02 -3.168202494574235306e+00
4.895000000017574280e+02 -3.006707810271580961e+00
4.900000000017894877e+02 -3.003369382952912225e+00
4.905000000018214905e+02 -3.043561249285095194e+00
4.910000000018535502e+02 -3.187950552293577378e+00
4.915000000018855530e+02 -3.113520977552058699e+00
4.920000000019176127e+02 -3.077177461289387850e+00
4.925000000019496156e+02 -2.914515584038991580e+00
4.930000000019816753e+02 -2.921134365034427027e+00
4.935000000020136781e+02 -3.051353757657305987e+00
4.940000000020457378e+02 -2.797796490082095300e+00
4.945000000020777975e+02 -2.789762940084284271e+00
4.950000000021098003e+02 -2.706332585250612155e+00
4.955000000021418600e+02 -2.790232723466239850e+00
4.960000000021738629e+02 -2.827857732672282243e+00
4.965000000022059226e+02 -2.999639386067296964e+00
4.970000000022379254e+02 -3.054425603535792622e+00
4.975000000022699851e+02 -2.956692024725420698e+00
4.980000000023019879e+02 -2.968139782704822593e+00
4.985000000023340476e+02 -3.084255930800891665e+00
4.990000000023660505e+02 -2.975464990210419991e+00
4.995000000023981102e+02 -3.011042258505082891e+00
5.000000000024301130e+02 -2.890279901439114507e+00
5.005000000024621727e+02 -2.994538765872977848e+00
5.010000000024941755e+02 -2.826527418413629977e+00
5.015000000025262352e+02 -2.749872478736236303e+00
5.020000000025582381e+02 -3.095263806671610496e+00
5.025000000025902978e+02 -3.222929420926277544e+00
5.030000000026223574e+02 -3.104143668400401346e+00
5.035000000026543603e+02 -3.265511017568949015e+00
5.040000000026864200e+02 -3.196744440601809067e+00
5.045000000027184228e+02 -3.142325778688286775e+00
5.050000000027504825e+02 -3.189022764403874888e+00
5.055000000027824854e+02 -3.151967342657815419e+00
5.060000000028145450e+02 -3.113737840073523611e+00
5.065000000028465479e+02 -3.213515055373795892e+00
5.070000000028786076e+02 -3.142121221864536462e+00
5.075000000029106104e+02 -3.032577083032247600e+00
5.080000000029426701e+02 -3.199959885452616337e+00
5.085000000029746730e+02 -3.419650660143036092e+00
5.090000000030067326e+02 -3.172858186431502858e+00
5.095000000030387355e+02 -3.118715757745254002e+00
5.100000000030707952e+02 -3.063498692696252412e+00
5.105000000031027980e+02 -3.123070576675270882e+00
5.110000000031348577e+02 -3.158311167584821444e+00
5.115000000031668606e+02 -3.104537239864681997e+00
5.120000000031989202e+02 -3.036905390021732654e+00
5.125000000032309799e+02 -2.982962232645353318e+00
5.130000000032630396e+02 -3.047462342666811708e+00
5.135000000032949856e+02 -3.038954294423303892e+00
5.140000000033270453e+02 -3.146071485301700665e+00
5.145000000033591050e+02 -3.214212798650002423e+00
5.150000000033911647e+02 -3.235905961867378444e+00
5.155000000034231107e+02 -3.252796407733407946e+00
5.160000000034551704e+02 -3.194148334935561273e+00
5.165000000034872301e+02 -3.212670519961934534e+00
5.170000000035192897e+02 -3.056119616819142237e+00
5.175000000035512357e+02 -3.032396383179093657e+00
5.180000000035832954e+02 -2.965237742643412666e+00
5.185000000036153551e+02 -3.027183328197238676e+00
5.190000000036474148e+02 -2.984832780239823791e+00
5.195000000036793608e+02 -3.110518562803711973e+00
5.200000000037114205e+02 -3.065881838780054380e+00
5.205000000037434802e+02 -3.165138526802185659e+00
5.210000000037755399e+02 -3.357491677753847714e+00
5.215000000038075996e+02 -3.333088642363218668e+00
5.220000000038395456e+02 -3.122351715897451196e+00
5.225000000038716053e+02 -2.854273062841199859e+00
5.230000000039036649e+02 -2.879086433113511756e+00
5.235000000039357246e+02 -2.847212235090647248e+00
5.240000000039676706e+02 -3.094450132303506518e+00
5.245000000039997303e+02 -3.151264614787286700e+00
5.250000000040317900e+02 -3.259806239521300331e+00
5.255000000040638497e+02 -3.387369893197607951e+00
5.260000000040957957e+02 -3.416063757344809826e+00
5.265000000041278554e+02 -3.163249439503253768e+00
5.270000000041599151e+02 -3.231955654333938277e+00
5.275000000041919748e+02 -2.840842663735173801e+00
5.280000000042239208e+02 -2.960386166834541033e+00
5.285000000042559805e+02 -2.776178049679123294e+00
5.290000000042880401e+02 -3.033733505155240540e+00
5.295000000043200998e+02 -3.196992758155642544e+00
5.300000000043521595e+02 -3.230305782051241525e+00
5.305000000043841055e+02 -3.126149664962591057e+00
5.310000000044161652e+02 -3.218144120178979772e+00
5.315000000044482249e+02 -3.228968956976215221e+00
5.320000000044802846e+02 -3.143237609682469458e+00
5.325000000045122306e+02 -3.132561801696093884e+00
5.330000000045442903e+02 -3.380020557449970209e+00
5.335000000045763500e+02 -3.399458425188413457e+00
5.340000000046084097e+02 -3.057836749481263272e+00
5.345000000046403557e+02 -3.022171172709458897e+00
5.350000000046724153e+02 -3.058237480158220389e+00
5.355000000047044750e+02 -3.046565217380833079e+00
5.360000000047365347e+02 -3.074836880579499443e+00
5.365000000047684807e+02 -2.983998348586157867e+00
5.370000000048005404e+02 -3.077883820982080465e+00
5.375000000048326001e+02 -3.270543042289344449e+00
5.380000000048646598e+02 -3.150481672998726612e+00
5.385000000048967195e+02 -3.109443143086220385e+00
5.390000000049286655e+02 -2.977213633104595747e+00
5.395000000049607252e+02 -2.762481348985170726e+00
5.400000000049927849e+02 -2.995954829945099096e+00
5.405000000050248445e+02 -2.958391251608223804e+00
5.410000000050567905e+02 -3.118394302827005138e+00
5.415000000050888502e+02 -3.049742699761020415e+00
5.420000000051209099e+02 -2.925279337353982267e+00
5.425000000051529696e+02 -3.017514715522439772e+00
5.430000000051849156e+02 -3.013256288671065874e+00
5.435000000052169753e+02 -3.113583293546070774e+00
5.440000000052490350e+02 -3.098275322976591806e+00
5.445000000052810947e+02 -2.875677798449019829e+00
5.450000000053130407e+02 -3.032912168177157586e+00
5.455000000053451004e+02 -2.987162755832575733e+00
5.460000000053771601e+02 -3.031548558603536669e+00
5.465000000054092197e+02 -3.152647647145192522e+00
5.470000000054411657e+02 -3.230946623282205721e+00
5.475000000054732254e+02 -3.219023213088607172e+00
5.480000000055052851e+02 -3.195861683988267199e+00
5.485000000055373448e+02 -3.255560230031127933e+00
5.490000000055694045e+02 -3.265840592395796715e+00
5.495000000056013505e+02 -3.176028262118817391e+00
5.500000000056334102e+02 -3.169254661881937274e+00
5.505000000056654699e+02 -3.245338293587625600e+00
5.510000000056975296e+02 -3.359295577132484389e+00
5.515000000057294756e+02 -3.043364160746673708e+00
5.520000000057615352e+02 -3.098733251304840675e+00
5.525000000057935949e+02 -3.163481574432609023e+00
5.530000000058256546e+02 -3.334606379878925608e+00
5.535000000058576006e+02 -3.267088938882855675e+00
5.540000000058896603e+02 -3.313913508454920720e+00
5.545000000059217200e+02 -3.008706557978634510e+00
5.550000000059537797e+02 -3.356380732683788892e+00
5.555000000059857257e+02 -3.504802502492325278e+00
5.560000000060177854e+02 -3.190936048614324783e+00
5.565000000060498451e+02 -3.035049909969555149e+00
5.570000000060819048e+02 -2.836993545597562782e+00
5.575000000061139644e+02 -2.882240840479707966e+00
5.580000000061459104e+02 -3.052707082292180019e+00
5.585000000061779701e+02 -2.994973895414974496e+00
5.590000000062100298e+02 -3.043694276737120230e+00
5.595000000062420895e+02 -3.013978790155221965e+00
5.600000000062740355e+02 -3.071217303417398625e+00
5.605000000063060952e+02 -2.990566254146056480e+00
5.610000000063381549e+02 -2.985328762578076667e+00
5.615000000063702146e+02 -2.945226120376672974e+00
5.620000000064021606e+02 -3.100172403874634330e+00
5.625000000064342203e+02 -3.305292149510838495e+00
5.630000000064662800e+02 -2.951570315223346785e+00
5.635000000064983396e+02 -3.165649995674292505e+00
5.640000000065302856e+02 -3.316907180042480974e+00
5.645000000065623453e+02 -3.355639579679146944e+00
5.650000000065944050e+02 -3.474300482202153262e+00
5.655000000066264647e+02 -3.201752747684928124e+00
5.660000000066585244e+02 -3.483763584984103101e+00
5.665000000066904704e+02 -3.347087824288558888e+00
5.670000000067225301e+02 -3.161877082975160125e+00
5.675000000067545898e+02 -3.103490486626745870e+00
5.680000000067866495e+02 -3.122118703158506481e+00
5.685000000068185955e+02 -3.294024188220638472e+00
5.690000000068506552e+02 -3.186125343285275413e+00
5.695000000068827148e+02 -2.783044913747124038e+00
5.700000000069147745e+02 -2.938884954883218992e+00
5.705000000069467205e+02 -2.864923988239429065e+00
5.710000000069787802e+02 -2.967800197391777139e+00
5.715000000070108399e+02 -3.026038613186874393e+00
5.720000000070428996e+02 -3.195564722000749036e+00
5.725000000070748456e+02 -3.015289508296797649e+00
5.730000000071069053e+02 -3.179766230707931740e+00
5.735000000071389650e+02 -3.280641226088083950e+00
5.740000000071710247e+02 -3.128970070590467056e+00
5.745000000072030844e+02 -3.025785251051250402e+00
5.750000000072350304e+02 -3.220788993820039359e+00
5.755000000072670900e+02 -3.076170113700887665e+00
5.760000000072991497e+02 -3.155942295791720031e+00
5.765000000073312094e+02 -3.248326827637995073e+00
5.770000000073631554e+02 -3.152949280759759887e+00
5.775000000073952151e+02 -3.358495794995015604e+00
5.780000000074272748e+02 -3.219002866814772545e+00
5.785000000074593345e+02 -3.026344367755394504e+00
5.790000000074912805e+02 -2.982043555656144207e+00
5.795000000075233402e+02 -2.847688582950185676e+00
5.800000000075553999e+02 -3.155950175993333939e+00
5.805000000075874595e+02 -3.121571531222731455e+00
5.810000000076194056e+02 -3.071617169173222361e+00
5.815000000076514652e+02 -2.995934696509645612e+00
5.820000000076835249e+02 -3.055311005437808980e+00
5.825000000077155846e+02 -3.061302972150889090e+00
5.830000000077476443e+02 -3.155832089664787343e+00
5.835000000077795903e+02 -3.208695523874552702e+00
5.840000000078116500e+02 -3.315459988886158005e+00
5.845000000078437097e+02 -3.278617328514867868e+00
5.850000000078757694e+02 -3.334708201342071909e+00
5.855000000079077154e+02 -3.195622353634922863e+00
5.860000000079397751e+02 -3.223260757638465979e+00
5.865000000079718347e+02 -3.160552580373430676e+00
5.870000000080038944e+02 -3.329362922680193293e+00
5.875000000080358404e+02 -3.137394878597398407e+00
5.880000000080679001e+02 -3.087959778499127061e+00
5.885000000080999598e+02 -3.151971275478203882e+00
5.890000000081320195e+02 -3.158969766702941939e+00
5.895000000081639655e+02 -3.260666934598937861e+00
5.900000000081960252e+02 -3.214118101216220325e+00
5.905000000082280849e+02 -3.268513842800808700e+00
5.910000000082601446e+02 -3.241172526089347805e+00
5.915000000082920906e+02 -3.243392663754010918e+00
5.920000000083241503e+02 -3.114869913552057223e+00
5.925000000083562099e+02 -2.971238199884140840e+00
5.930000000083882696e+02 -2.935896539704732966e+00
5.935000000084203293e+02 -3.044363911194134964e+00
5.940000000084522753e+02 -2.950504959368673408e+00
5.945000000084843350e+02 -2.790351256207296515e+00
5.950000000085163947e+02 -2.899363521874241734e+00
5.955000000085484544e+02 -3.005879034166757169e+00
5.960000000085804004e+02 -3.219879612305371452e+00
5.965000000086124601e+02 -3.111808405576335090e+00
5.970000000086445198e+02 -3.158170911783875656e+00
5.975000000086765795e+02 -3.403470064033139675e+00
5.980000000087085255e+02 -3.169356609333497943e+00
5.985000000087405851e+02 -3.056152045788006255e+00
5.990000000087726448e+02 -3.031369366430253898e+00
5.995000000088047045e+02 -3.076275582644566242e+00
6.000000000088366505e+02 -3.124434563545990251e+00
6.005000000088687102e+02 -3.128498761682272367e+00
6.010000000089007699e+02 -3.323054288250257393e+00
6.015000000089328296e+02 -3.308399457402602550e+00
6.020000000089648893e+02 -3.236110550722246515e+00
6.025000000089968353e+02 -3.125880038509456504e+00
6.030000000090288950e+02 -3.144688260217132658e+00
6.035000000090609547e+02 -3.040970564293623557e+00
6.040000000090930143e+02 -2.875573218532455844e+00
6.045000000091249603e+02 -2.983607597162004854e+00
6.050000000091570200e+02 -3.110419099906418516e+00
6.055000000091890797e+02 -2.898643425486255421e+00
6.060000000092211394e+02 -2.964856006704378988e+00
6.065000000092530854e+02 -3.055983009410866647e+00
6.070000000092851451e+02 -3.180253278250556814e+00
6.075000000093172048e+02 -3.361111695554019008e+00
6.080000000093492645e+02 -3.251958346296031088e+00
6.085000000093812105e+02 -3.014316265978724374e+00
6.090000000094132702e+02 -2.935376450893675049e+00
6.095000000094453299e+02 -3.038207899265111145e+00
6.100000000094773895e+02 -2.966082883558300409e+00
6.105000000095094492e+02 -2.939713737935779836e+00
6.110000000095413952e+02 -3.194335360746758834e+00
6.115000000095734549e+02 -3.108502741860164953e+00
6.120000000096055146e+02 -3.052661993381295513e+00
6.125000000096375743e+02 -2.938689894781453482e+00
6.130000000096695203e+02 -2.994369062735219078e+00
6.135000000097015800e+02 -3.068971807692614906e+00
6.140000000097336397e+02 -3.133672377544105547e+00
6.145000000097656994e+02 -3.056389150459846160e+00
6.150000000097976454e+02 -2.931689535820832582e+00
6.155000000098297050e+02 -3.000088158169776698e+00
6.160000000098617647e+02 -3.021148312870733044e+00
6.165000000098938244e+02 -3.098648580399839592e+00
6.170000000099257704e+02 -3.003011624775403288e+00
6.175000000099578301e+02 -3.110027835473347047e+00
6.180000000099898898e+02 -2.972442356072775294e+00
6.185000000100219495e+02 -3.074631860462974764e+00
6.190000000100540092e+02 -2.847247036096122397e+00
6.195000000100859552e+02 -2.873023972229178380e+00
6.200000000101180149e+02 -3.404214749487073810e+00
6.205000000101500746e+02 -3.315230626902338606e+00
6.210000000101821342e+02 -3.120910019832096705e+00
6.215000000102140802e+02 -3.150184960829954139e+00
6.220000000102461399e+02 -2.972116786932247567e+00
6.225000000102781996e+02 -2.919342921112725087e+00
6.230000000103102593e+02 -2.882455573962542150e+00
6.235000000103422053e+02 -2.777740230961435408e+00
6.240000000103742650e+02 -2.944865167583680332e+00
6.245000000104063247e+02 -3.229927080537817297e+00
6.250000000104383844e+02 -3.173044002135780861e+00
6.255000000104703304e+02 -3.115162255134332092e+00
6.260000000105023901e+02 -3.186720880322879701e+00
6.265000000105344498e+02 -3.390352687297905732e+00
6.270000000105665094e+02 -3.365819881464680030e+00
6.275000000105985691e+02 -3.042758873103121875e+00
6.280000000106305151e+02 -2.944478872202896724e+00
6.285000000106625748e+02 -2.962998817634769910e+00
6.290000000106946345e+02 -2.904007914475263963e+00
6.295000000107266942e+02 -3.100208124908738760e+00
6.300000000107586402e+02 -3.212388404271556919e+00
6.305000000107906999e+02 -3.166145030879488953e+00
6.310000000108227596e+02 -3.286034053633709817e+00
6.315000000108548193e+02 -3.292716801514875335e+00
6.320000000108867653e+02 -3.000360678161888561e+00
6.325000000109188250e+02 -3.255201849570115602e+00
6.330000000109508846e+02 -3.203242450962858090e+00
6.335000000109829443e+02 -3.227223918634629207e+00
6.340000000110148903e+02 -3.267113091009363757e+00
6.345000000110469500e+02 -3.356151390419008340e+00
6.350000000110790097e+02 -3.205281716406947368e+00
6.355000000111110694e+02 -3.156417444294440600e+00
6.360000000111430154e+02 -3.093861574844620321e+00
6.365000000111750751e+02 -3.136868001639163683e+00
6.370000000112071348e+02 -3.192873491919680173e+00
6.375000000112391945e+02 -3.162861400445796889e+00
6.380000000112712542e+02 -3.187309786989417137e+00
6.385000000113032002e+02 -3.147194414136785134e+00
6.390000000113352598e+02 -3.390398251485518433e+00
6.395000000113673195e+02 -3.303900318156212546e+00
6.400000000113993792e+02 -3.036240177847661759e+00
6.405000000114313252e+02 -3.148529206055483254e+00
6.410000000114633849e+02 -3.185445357429731228e+00
6.415000000114954446e+02 -3.173453309449208337e+00
6.420000000115275043e+02 -3.134036093053679917e+00
6.425000000115594503e+02 -3.136498589609233001e+00
6.430000000115915100e+02 -3.052619597596732515e+00
6.435000000116235697e+02 -3.084204616737485694e+00
6.440000000116556294e+02 -3.136547350472242091e+00
6.445000000116875754e+02 -3.306885096310816952e+00
6.450000000117196350e+02 -3.269421875896254548e+00
6.455000000117516947e+02 -3.267796186139767745e+00
6.460000000117837544e+02 -3.138339826785075726e+00
6.465000000118158141e+02 -3.159612421703706708e+00
6.470000000118477601e+02 -3.032167982343296320e+00
6.475000000118798198e+02 -3.230733416566176075e+00
6.480000000119118795e+02 -3.051845110233573077e+00
6.485000000119439392e+02 -3.324772531083949545e+00
6.490000000119758852e+02 -3.251096775954255058e+00
6.495000000120079449e+02 -3.309031078156888572e+00
6.500000000120400045e+02 -3.298512247002757025e+00
6.505000000120720642e+02 -3.322062583967120286e+00
6.510000000121040102e+02 -3.385180876495179625e+00
6.515000000121360699e+02 -3.190589243893273697e+00
6.520000000121681296e+02 -3.167234120234296846e+00
6.525000000122001893e+02 -3.246660096065774770e+00
6.530000000122321353e+02 -3.371803908608107747e+00
6.535000000122641950e+02 -3.184046161698098842e+00
6.540000000122962547e+02 -3.422651039715639776e+00
6.545000000123283144e+02 -3.270835888192090035e+00
6.550000000123603741e+02 -3.246782586533381920e+00
6.555000000123923201e+02 -3.181438395166353406e+00
6.560000000124243797e+02 -3.162673519521060239e+00
6.565000000124564394e+02 -3.112821629857785766e+00
6.570000000124884991e+02 -2.871069552190595786e+00
6.575000000125204451e+02 -2.773016127738280101e+00
6.580000000125525048e+02 -2.896709554158149125e+00
6.585000000125845645e+02 -3.233841772202600051e+00
6.590000000126166242e+02 -3.204683942179151313e+00
6.595000000126485702e+02 -3.289531572043684626e+00
6.600000000126806299e+02 -3.115800996827109870e+00
6.605000000127126896e+02 -2.937381435301205990e+00
6.610000000127447493e+02 -2.899581819019905637e+00
6.615000000127766953e+02 -3.192428991921528958e+00
6.620000000128087549e+02 -3.249443903781340737e+00
6.625000000128408146e+02 -3.221563062512579734e+00
6.630000000128728743e+02 -3.019942700225947352e+00
6.635000000129049340e+02 -3.076865863759666198e+00
6.640000000129368800e+02 -3.096259615635163609e+00
6.645000000129689397e+02 -3.253397516265373213e+00
6.650000000130009994e+02 -3.280546394887339900e+00
6.655000000130330591e+02 -3.176764772856902841e+00
6.660000000130650051e+02 -3.018770344676310557e+00
6.665000000130970648e+02 -3.279156846760607813e+00
6.670000000131291245e+02 -3.203796501972989041e+00
6.675000000131611841e+02 -3.106310193299122169e+00
6.680000000131931301e+02 -3.187958317901556704e+00
6.685000000132251898e+02 -3.022305526688135568e+00
6.690000000132572495e+02 -3.223869382266449701e+00
6.695000000132893092e+02 -3.096671192156577490e+00
6.700000000133212552e+02 -2.940674401815716266e+00
6.705000000133533149e+02 -2.934500028942407912e+00
6.710000000133853746e+02 -2.617491365987405061e+00
6.715000000134174343e+02 -2.865994893662348275e+00
6.720000000134494940e+02 -3.090777650543567567e+00
6.725000000134814400e+02 -2.700266222374863023e+00
6.730000000135134997e+02 -2.575216371327036846e+00
6.735000000135455593e+02 -3.017927578259695043e+00
6.740000000135776190e+02 -2.705874633511266225e+00
6.745000000136095650e+02 -2.919549448883046239e+00
6.750000000136416247e+02 -2.756281957018769990e+00
6.755000000136736844e+02 -2.865027903096750261e+00
6.760000000137057441e+02 -2.831397241021042177e+00
6.765000000137376901e+02 -2.935252412621214280e+00
6.770000000137697498e+02 -3.058002131232571585e+00
6.775000000138018095e+02 -2.996856761549299364e+00
6.780000000138338692e+02 -2.981448469958774883e+00
6.785000000138658152e+02 -2.914653572246959978e+00
6.790000000138978749e+02 -3.149697148201729302e+00
6.795000000139299345e+02 -3.319472011789811550e+00
6.800000000139619942e+02 -3.222112562678383529e+00
6.805000000139939402e+02 -2.793393667937478231e+00
6.810000000140259999e+02 -2.843647666718029932e+00
6.815000000140580596e+02 -3.347748684629615834e+00
6.820000000140901193e+02 -3.192195382982862650e+00
6.825000000141221790e+02 -2.988669361537590330e+00
6.830000000141541250e+02 -2.784710959523187590e+00
6.835000000141861847e+02 -3.294449669934076841e+00
6.840000000142182444e+02 -3.069311177615563935e+00
6.845000000142503040e+02 -2.879015863703655587e+00
6.850000000142822500e+02 -3.191764086363294339e+00
6.855000000143143097e+02 -3.259950614103383604e+00
6.860000000143463694e+02 -3.105537560719331402e+00
6.865000000143784291e+02 -3.116435746384278449e+00
6.870000000144103751e+02 -3.012965452559398294e+00
6.875000000144424348e+02 -3.015599536257690172e+00
6.880000000144744945e+02 -3.021422857292328068e+00
6.885000000145065542e+02 -3.103919509803615195e+00
6.890000000145385002e+02 -3.162954864361780860e+00
6.895000000145705599e+02 -3.326402513573223363e+00
6.900000000146026196e+02 -3.378951404792325253e+00
6.905000000146346792e+02 -3.477701757953993056e+00
6.910000000146667389e+02 -3.449982658459622709e+00
6.915000000146986849e+02 -3.252897592916661029e+00
6.920000000147307446e+02 -3.129241933281842858e+00
6.925000000147628043e+02 -3.171719256527880670e+00
6.930000000147948640e+02 -3.017708130290093660e+00
6.935000000148268100e+02 -3.014956644714414491e+00
6.940000000148588697e+02 -3.077967181979094580e+00
6.945000000148909294e+02 -3.150685542093207392e+00
6.950000000149229891e+02 -3.089078735691321853e+00
6.955000000149549351e+02 -2.916060338732640478e+00
6.960000000149869948e+02 -3.120553338644592500e+00
6.965000000150190544e+02 -2.923533051501627344e+00
6.970000000150511141e+02 -3.113162013503030678e+00
6.975000000150830601e+02 -3.023099865005112186e+00
6.980000000151151198e+02 -2.875089648035332512e+00
6.985000000151471795e+02 -2.956162651039285549e+00
6.990000000151792392e+02 -3.175654367989453331e+00
6.995000000152112989e+02 -2.997384309160259885e+00
7.000000000152432449e+02 -3.339516773330063248e+00
7.005000000152753046e+02 -3.103612502927973527e+00
7.010000000153073643e+02 -3.110639599222714047e+00
7.015000000153394240e+02 -3.051445559455781886e+00
7.020000000153713700e+02 -3.007849655186601634e+00
7.025000000154034296e+02 -3.216532166794169978e+00
7.030000000154354893e+02 -3.176057004811495776e+00
7.035000000154675490e+02 -3.155131745874471871e+00
7.040000000154994950e+02 -3.096580187621693181e+00
7.045000000155315547e+02 -2.964719526492293422e+00
7.050000000155636144e+02 -3.103953446450598452e+00
7.055000000155956741e+02 -3.132032133669798935e+00
7.060000000156276201e+02 -2.948144996691889119e+00
7.065000000156596798e+02 -2.930793084853476227e+00
7.070000000156917395e+02 -3.018295590823557362e+00
7.075000000157237992e+02 -2.970186062675999938e+00
7.080000000157558588e+02 -2.736845408889161835e+00
7.085000000157878048e+02 -2.900204537440000951e+00
7.090000000158198645e+02 -3.121733681165435481e+00
7.095000000158519242e+02 -3.078030982266997118e+00
7.100000000158839839e+02 -2.922681577634565375e+00
7.105000000159159299e+02 -3.043535144330494990e+00
7.110000000159479896e+02 -3.089472452778223133e+00
7.115000000159800493e+02 -2.961619814036541509e+00
7.120000000160121090e+02 -2.789218342756654145e+00
7.125000000160440550e+02 -2.888462240465824227e+00
7.130000000160761147e+02 -3.080585412314478688e+00
7.135000000161081743e+02 -2.951110038015923642e+00
7.140000000161402340e+02 -3.038020233410127613e+00
7.145000000161721800e+02 -2.871633327101690281e+00
7.150000000162042397e+02 -2.935976245576762622e+00
7.155000000162362994e+02 -2.918943322678465790e+00
7.160000000162683591e+02 -2.788854203567010970e+00
7.165000000163003051e+02 -2.954434669151750015e+00
7.170000000163323648e+02 -3.105123905717809940e+00
7.175000000163644245e+02 -3.241653479835351348e+00
7.180000000163964842e+02 -3.186977144510618754e+00
7.185000000164285439e+02 -3.032045765528512238e+00
7.190000000164604899e+02 -2.932950503534356823e+00
7.195000000164925495e+02 -3.045087274466857341e+00
7.200000000165246092e+02 -2.943240451028130700e+00
7.205000000165566689e+02 -3.189545185367304914e+00
7.210000000165886149e+02 -3.235866250305230007e+00
7.215000000166206746e+02 -3.511417812298874175e+00
7.220000000166527343e+02 -3.361786797291036688e+00
7.225000000166847940e+02 -3.138899123229522026e+00
7.230000000167167400e+02 -3.003435310992104146e+00
7.235000000167487997e+02 -3.180481592113896916e+00
7.240000000167808594e+02 -3.120460204181257247e+00
7.245000000168129191e+02 -3.210409277202722400e+00
7.250000000168448651e+02 -3.173598381776563837e+00
7.255000000168769247e+02 -3.164410142811713289e+00
7.260000000169089844e+02 -3.088189075800136685e+00
7.265000000169410441e+02 -3.156188225357650534e+00
7.270000000169731038e+02 -3.094764340433261207e+00
7.275000000170050498e+02 -2.829990627694350280e+00
7.280000000170371095e+02 -2.963582479027471628e+00
7.285000000170691692e+02 -2.849851334090998112e+00
7.290000000171012289e+02 -2.966310707938589974e+00
7.295000000171331749e+02 -3.019615907074741035e+00
7.300000000171652346e+02 -3.221218159831021666e+00
7.305000000171972943e+02 -3.291332298237501508e+00
7.310000000172293539e+02 -3.070939347485970750e+00
7.315000000172612999e+02 -2.917949675783337860e+00
7.320000000172933596e+02 -2.974229833092801201e+00
7.325000000173254193e+02 -2.958727126412873165e+00
7.330000000173574790e+02 -3.091874665439886094e+00
7.335000000173894250e+02 -3.025215897174331481e+00
7.340000000174214847e+02 -3.100715975595689233e+00
7.345000000174535444e+02 -3.131773254264750950e+00
7.350000000174856041e+02 -3.193543199553016354e+00
7.355000000175176638e+02 -2.974889549402599087e+00
7.360000000175496098e+02 -2.881742137474805787e+00
7.365000000175816695e+02 -3.051838785579747970e+00
7.370000000176137291e+02 -3.176455919927412275e+00
7.375000000176457888e+02 -3.178831536027812543e+00
7.380000000176777348e+02 -3.101956278481392548e+00
7.385000000177097945e+02 -2.764120515597939587e+00
7.390000000177418542e+02 -3.022603195231965856e+00
7.395000000177739139e+02 -3.167073997442942268e+00
7.400000000178058599e+02 -3.118038659309189331e+00
7.405000000178379196e+02 -3.025187769851905628e+00
7.410000000178699793e+02 -3.330071346753813000e+00
7.415000000179020390e+02 -3.257642924369871462e+00
7.420000000179339850e+02 -3.246324777867589439e+00
7.425000000179660447e+02 -3.136303180496349707e+00
7.430000000179981043e+02 -3.027390184751261870e+00
7.435000000180301640e+02 -3.011287749513936962e+00
7.440000000180622237e+02 -3.035490795323245283e+00
7.445000000180941697e+02 -3.072083888000598506e+00
7.450000000181262294e+02 -3.069242644884357496e+00
7.455000000181582891e+02 -3.242118195973940242e+00
7.460000000181903488e+02 -3.282334925399900794e+00
7.465000000182222948e+02 -3.220687796056505015e+00
7.470000000182543545e+02 -3.042588160011081566e+00
7.475000000182864142e+02 -3.080485598107329359e+00
7.480000000183184738e+02 -2.858887542160591266e+00
7.485000000183504199e+02 -2.899827387673174162e+00
7.490000000183824795e+02 -3.009413150448943419e+00
7.495000000184145392e+02 -2.919188742229357647e+00
7.500000000184465989e+02 -2.805445186207744079e+00
7.505000000184785449e+02 -2.799776809974812597e+00
7.510000000185106046e+02 -3.095616547828772713e+00
7.515000000185426643e+02 -3.207351888058600942e+00
7.520000000185747240e+02 -3.196751515908621943e+00
7.525000000186067837e+02 -3.041446209161933645e+00
7.530000000186387297e+02 -2.868351885769329535e+00
7.535000000186707894e+02 -3.156105290049163958e+00
7.540000000187028490e+02 -3.037081792339224151e+00
7.545000000187349087e+02 -3.020274089677215557e+00
7.550000000187668547e+02 -3.014209638502157507e+00
7.555000000187989144e+02 -2.965468314732320199e+00
7.560000000188309741e+02 -3.161282563121507572e+00
7.565000000188630338e+02 -2.919629759820168591e+00
7.570000000188949798e+02 -3.299945414694099188e+00
7.575000000189270395e+02 -3.563829145735656567e+00
7.580000000189590992e+02 -3.344576468665995783e+00
7.585000000189911589e+02 -3.317198155678397153e+00
7.590000000190231049e+02 -3.164005533690349647e+00
7.595000000190551646e+02 -3.081806125837460719e+00
7.600000000190872242e+02 -2.972673312899127840e+00
7.605000000191192839e+02 -2.918076949054571934e+00
7.610000000191512299e+02 -2.867665631867700515e+00
7.615000000191832896e+02 -3.052433421684352055e+00
7.620000000192153493e+02 -2.866421049634695351e+00
7.625000000192474090e+02 -2.963453246893823945e+00
7.630000000192794687e+02 -2.965846771166535056e+00
7.635000000193114147e+02 -3.178373553985011313e+00
7.640000000193434744e+02 -3.068859517106835799e+00
7.645000000193755341e+02 -3.306525819352302165e+00
7.650000000194075938e+02 -3.211008707247053895e+00
7.655000000194395398e+02 -3.208768448841639920e+00
7.660000000194715994e+02 -3.117002049857454438e+00
7.665000000195036591e+02 -3.154406525753166601e+00
7.670000000195357188e+02 -3.169514044280488108e+00
7.675000000195676648e+02 -3.056732875091402679e+00
7.680000000195997245e+02 -3.186376086939971319e+00
7.685000000196317842e+02 -3.287682633193029780e+00
7.690000000196638439e+02 -3.008254331786226032e+00
7.695000000196957899e+02 -2.772126031674220226e+00
7.700000000197278496e+02 -2.737122268809555781e+00
7.705000000197599093e+02 -2.794234285569939580e+00
7.710000000197919690e+02 -3.068835942920697502e+00
7.715000000198240286e+02 -3.167064150885086971e+00
7.720000000198559746e+02 -3.264955539364666759e+00
7.725000000198880343e+02 -3.348585855071502859e+00
7.730000000199200940e+02 -3.178180299401433651e+00
7.735000000199521537e+02 -3.124889874507133847e+00
7.740000000199840997e+02 -3.365607979407382544e+00
7.745000000200161594e+02 -3.107951526307223489e+00
7.750000000200482191e+02 -2.883171760045940335e+00
7.755000000200802788e+02 -2.758102418538158407e+00
7.760000000201122248e+02 -2.718760166683233503e+00
7.765000000201442845e+02 -2.871525921758745437e+00
7.770000000201763442e+02 -3.245586895716767728e+00
7.775000000202084038e+02 -2.995025324702557779e+00
7.780000000202403498e+02 -3.210128794359286886e+00
7.785000000202724095e+02 -3.225223506930833484e+00
7.790000000203044692e+02 -3.352164823957700435e+00
7.795000000203365289e+02 -3.160214403345375178e+00
7.800000000203685886e+02 -3.058165476151764928e+00
7.805000000204005346e+02 -2.935385297151606121e+00
7.810000000204325943e+02 -2.898905437466164248e+00
7.815000000204646540e+02 -2.772929361370819912e+00
7.820000000204967137e+02 -2.930001846240977592e+00
7.825000000205286597e+02 -3.155704213278113901e+00
7.830000000205607193e+02 -3.172995186257650424e+00
7.835000000205927790e+02 -3.155657324760901439e+00
7.840000000206248387e+02 -2.969042496343849979e+00
7.845000000206567847e+02 -3.282268598820945016e+00
7.850000000206888444e+02 -3.168102890598675891e+00
7.855000000207209041e+02 -3.023412524125423939e+00
7.860000000207529638e+02 -3.195942118662943088e+00
7.865000000207849098e+02 -3.094018035124901367e+00
7.870000000208169695e+02 -3.012274504449071966e+00
7.875000000208490292e+02 -3.126031416973549248e+00
7.880000000208810889e+02 -2.928991756067119923e+00
7.885000000209131485e+02 -2.984574626450988255e+00
7.890000000209450945e+02 -3.196605347979110778e+00
7.895000000209771542e+02 -2.866517425213827686e+00
7.900000000210092139e+02 -2.951346127888756499e+00
7.905000000210412736e+02 -2.901338907424838354e+00
7.910000000210732196e+02 -2.949450416136475184e+00
7.915000000211052793e+02 -2.949321896571830415e+00
7.920000000211373390e+02 -3.066764751238662434e+00
7.925000000211693987e+02 -3.293420312974235209e+00
7.930000000212013447e+02 -3.234889446466818530e+00
7.935000000212334044e+02 -3.283346156358045498e+00
7.940000000212654641e+02 -3.135679791575360031e+00
7.945000000212975237e+02 -3.100702202151667475e+00
7.950000000213294697e+02 -3.149934391727119198e+00
7.955000000213615294e+02 -3.253515964793882276e+00
7.960000000213935891e+02 -3.110796291760377308e+00
7.965000000214256488e+02 -3.025226350495090255e+00
7.970000000214577085e+02 -2.927686527924537874e+00
7.975000000214896545e+02 -2.807526532677377507e+00
7.980000000215217142e+02 -3.009255558633824545e+00
7.985000000215537739e+02 -2.986786758945886522e+00
7.990000000215858336e+02 -2.882914233925559788e+00
7.995000000216177796e+02 -2.774660285096184342e+00
8.000000000216498393e+02 -2.751248797050574790e+00
8.005000000216818989e+02 -3.213547969850539143e+00
8.010000000217139586e+02 -3.133303720579867058e+00
8.015000000217459046e+02 -3.132972115484734754e+00
8.020000000217779643e+02 -3.127776893747982179e+00
8.025000000218100240e+02 -3.049920438059339212e+00
8.030000000218420837e+02 -2.964148997842759314e+00
8.035000000218740297e+02 -2.969003457062199036e+00
8.040000000219060894e+02 -2.996528658893996777e+00
8.045000000219381491e+02 -3.043606701802201275e+00
8.050000000219702088e+02 -2.987655962568052548e+00
8.055000000220021548e+02 -3.044413647475732176e+00
8.060000000220342145e+02 -3.117541667602854005e+00
8.065000000220662741e+02 -3.148365973785038907e+00
8.070000000220983338e+02 -3.205160645597363800e+00
8.075000000221303935e+02 -3.428123914090252633e+00
8.080000000221623395e+02 -3.156618200622521631e+00
8.085000000221943992e+02 -3.032613158913322504e+00
8.090000000222264589e+02 -3.191459237816047789e+00
8.095000000222585186e+02 -3.138069708186165929e+00
8.100000000222904646e+02 -3.239918226021525349e+00
8.105000000223225243e+02 -3.201480972366899103e+00
8.110000000223545840e+02 -3.453462527398490245e+00
8.115000000223866436e+02 -3.272049968059383751e+00
8.120000000224185897e+02 -3.237351840320098706e+00
8.125000000224506493e+02 -3.271300981204054548e+00
8.130000000224827090e+02 -3.209384002839019256e+00
8.135000000225147687e+02 -3.132791395761929110e+00
8.140000000225467147e+02 -3.053431213992909399e+00
8.145000000225787744e+02 -3.015770228480086690e+00
8.150000000226108341e+02 -3.238581814637839784e+00
8.155000000226428938e+02 -3.220017839396686288e+00
8.160000000226749535e+02 -2.855395856838489177e+00
8.165000000227068995e+02 -2.729693760207234199e+00
8.170000000227389592e+02 -2.779671664706421907e+00
8.175000000227710188e+02 -2.955636903003985960e+00
8.180000000228030785e+02 -3.187280662154921007e+00
8.185000000228350245e+02 -2.836320935830968892e+00
8.190000000228670842e+02 -3.217706293497653913e+00
8.195000000228991439e+02 -3.289969700674702402e+00
8.200000000229312036e+02 -3.191951477752877242e+00
8.205000000229631496e+02 -2.873470105434760669e+00
8.210000000229952093e+02 -3.054786936664316332e+00
8.215000000230272690e+02 -3.029573591526477649e+00
8.220000000230593287e+02 -2.902054897815625090e+00
8.225000000230912747e+02 -2.924897817669429578e+00
8.230000000231233344e+02 -2.959972687340032937e+00
8.235000000231553940e+02 -3.029390716837457642e+00
8.240000000231874537e+02 -2.996418583818153181e+00
8.245000000232195134e+02 -2.779888947623755602e+00
8.250000000232514594e+02 -3.028519913682652831e+00
8.255000000232835191e+02 -2.772731461226104699e+00
8.260000000233155788e+02 -2.853142383440250729e+00
8.265000000233476385e+02 -2.879040563962028454e+00
8.270000000233795845e+02 -2.846669934094740118e+00
8.275000000234116442e+02 -2.792577794413277914e+00
8.280000000234437039e+02 -2.828903800909110533e+00
8.285000000234757636e+02 -2.859141074762796553e+00
8.290000000235077096e+02 -2.819665283088585994e+00
8.295000000235397692e+02 -3.042540557466426154e+00
8.300000000235718289e+02 -3.070001263989917906e+00
8.305000000236038886e+02 -3.131315652601088573e+00
8.310000000236358346e+02 -3.068001075194066285e+00
8.315000000236678943e+02 -3.052430105961515761e+00
8.320000000236999540e+02 -3.220936266686875715e+00
8.325000000237320137e+02 -3.020648325971595494e+00
8.330000000237640734e+02 -3.082028917425932324e+00
8.335000000237960194e+02 -2.999637986360593533e+00
8.340000000238280791e+02 -3.152438299425585733e+00
8.345000000238601388e+02 -3.186387883308845481e+00
8.350000000238921984e+02 -2.987120873473938953e+00
8.355000000239241444e+02 -2.882822826506075131e+00
8.360000000239562041e+02 -2.905764429340433885e+00
8.365000000239882638e+02 -3.056592460251202681e+00
8.370000000240203235e+02 -3.084709641668823554e+00
8.375000000240522695e+02 -3.371054728910023446e+00
8.380000000240843292e+02 -3.362157584685509182e+00
8.385000000241163889e+02 -3.224898344590712451e+00
8.390000000241484486e+02 -3.011268652815721314e+00
8.395000000241803946e+02 -3.078423670681491142e+00
8.400000000242124543e+02 -2.974364518375326227e+00
8.405000000242445140e+02 -2.778985678543114179e+00
8.410000000242765736e+02 -2.952582314435891586e+00
8.415000000243086333e+02 -3.209791563691472671e+00
8.420000000243405793e+02 -3.382880408727145127e+00
8.425000000243726390e+02 -3.112487950829139205e+00
8.430000000244046987e+02 -3.427770650928801288e+00
8.435000000244367584e+02 -3.357067744469095949e+00
8.440000000244687044e+02 -3.217060283025774403e+00
8.445000000245007641e+02 -3.136096000774375003e+00
8.450000000245328238e+02 -3.032404339318305997e+00
8.455000000245648835e+02 -3.196551472977418484e+00
8.460000000245968295e+02 -3.276939063514106021e+00
8.465000000246288892e+02 -3.259474773787037094e+00
8.470000000246609488e+02 -3.162419461694333744e+00
8.475000000246930085e+02 -3.369323919725125016e+00
8.480000000247249545e+02 -2.944729446014265228e+00
8.485000000247570142e+02 -2.926000109849656194e+00
8.490000000247890739e+02 -3.081780537963637379e+00
8.495000000248211336e+02 -2.995372305663707380e+00
8.500000000248530796e+02 -3.210534522993538697e+00
8.505000000248851393e+02 -3.255072599858372495e+00
8.510000000249171990e+02 -3.278615049212417087e+00
8.515000000249492587e+02 -3.248220319388470223e+00
8.520000000249813183e+02 -3.274148303854926834e+00
8.525000000250132643e+02 -3.333196078896773606e+00
8.530000000250453240e+02 -3.244173682579899687e+00
8.535000000250773837e+02 -3.205940959822435765e+00
8.540000000251094434e+02 -3.179479135830229453e+00
8.545000000251413894e+02 -3.248971565558520513e+00
8.550000000251734491e+02 -3.204164902552605110e+00
8.555000000252055088e+02 -3.252756042918028889e+00
8.560000000252375685e+02 -3.022001422013652405e+00
8.565000000252695145e+02 -3.075267597278365628e+00
8.570000000253015742e+02 -3.205394700565602495e+00
8.575000000253336339e+02 -3.119274753152318169e+00
8.580000000253656935e+02 -3.262469451952641375e+00
8.585000000253976395e+02 -3.236419096331575762e+00
8.590000000254296992e+02 -3.182333732826664541e+00
8.595000000254617589e+02 -3.392613223146462964e+00
8.600000000254938186e+02 -3.331558093489232597e+00
8.605000000255258783e+02 -3.032123183610273109e+00
8.610000000255578243e+02 -3.090101219724976644e+00
8.615000000255898840e+02 -3.395830876485275596e+00
8.620000000256219437e+02 -3.344153896621520961e+00
8.625000000256540034e+02 -3.202478655495780480e+00
8.630000000256859494e+02 -3.059496025416325260e+00
8.635000000257180091e+02 -3.033705235266337397e+00
8.640000000257500687e+02 -3.013000373191228487e+00
8.645000000257821284e+02 -3.036776410412616478e+00
8.650000000258140744e+02 -3.214390549414828602e+00
8.655000000258461341e+02 -3.190502991347174078e+00
8.660000000258781938e+02 -3.357926982971240815e+00
8.665000000259102535e+02 -3.245599846897252672e+00
8.670000000259421995e+02 -3.116084884194719518e+00
8.675000000259742592e+02 -3.154725985306311209e+00
8.680000000260063189e+02 -3.149098752094929399e+00
8.685000000260383786e+02 -3.013415619201414319e+00
8.690000000260704383e+02 -2.913660610155802466e+00
8.695000000261023843e+02 -3.148170884783738632e+00
8.700000000261344439e+02 -3.012722757434976639e+00
8.705000000261665036e+02 -3.079500811637365221e+00
8.710000000261985633e+02 -3.150195452326221002e+00
8.715000000262305093e+02 -3.118599523433668974e+00
8.720000000262625690e+02 -3.092837918154700549e+00
8.725000000262946287e+02 -3.238430979725474224e+00
8.730000000263266884e+02 -2.967959132895613195e+00
8.735000000263586344e+02 -3.220515265096387747e+00
8.740000000263906941e+02 -3.090067804995425327e+00
8.745000000264227538e+02 -3.066895313689891545e+00
8.750000000264548135e+02 -3.297007093584932491e+00
8.755000000264867595e+02 -3.068870547112908742e+00
8.760000000265188191e+02 -3.007530729488007371e+00
8.765000000265508788e+02 -3.067384328096075752e+00
8.770000000265829385e+02 -3.257758511989382821e+00
8.775000000266149982e+02 -2.976319722036505411e+00
8.780000000266469442e+02 -3.001935396351436580e+00
8.785000000266790039e+02 -3.000638654862492594e+00
8.790000000267110636e+02 -3.074897121073101314e+00
8.795000000267431233e+02 -3.221926254264617651e+00
8.800000000267750693e+02 -3.084097466150226285e+00
8.805000000268071290e+02 -3.043491372987258359e+00
8.810000000268391886e+02 -3.042009021529416213e+00
8.815000000268712483e+02 -3.162271881343055924e+00
8.820000000269031943e+02 -3.371248850378201656e+00
8.825000000269352540e+02 -3.214742446560947986e+00
8.830000000269673137e+02 -3.053280687503452384e+00
8.835000000269993734e+02 -3.003839765262162675e+00
8.840000000270313194e+02 -2.960193883351659672e+00
8.845000000270633791e+02 -2.999129188434156212e+00
8.850000000270954388e+02 -3.043559953301119947e+00
8.855000000271274985e+02 -3.367412123509260002e+00
8.860000000271595582e+02 -3.060618086782574299e+00
8.865000000271915042e+02 -3.041804118656437517e+00
8.870000000272235638e+02 -3.071416699598016553e+00
8.875000000272556235e+02 -2.799443549125434139e+00
8.880000000272876832e+02 -2.929711935980858328e+00
8.885000000273196292e+02 -2.934055275601648916e+00
8.890000000273516889e+02 -2.819821483853302446e+00
8.895000000273837486e+02 -2.851470737384923737e+00
8.900000000274158083e+02 -2.969544515203272450e+00
8.905000000274477543e+02 -3.157620858581819512e+00
8.910000000274798140e+02 -3.078558421765369424e+00
8.915000000275118737e+02 -3.082627696862987765e+00
8.920000000275439334e+02 -2.945094932127225285e+00
8.925000000275758794e+02 -2.940468575289965081e+00
8.930000000276079390e+02 -3.060555082577146813e+00
8.935000000276399987e+02 -2.988919954888389796e+00
8.940000000276720584e+02 -2.890208717013131423e+00
8.945000000277040044e+02 -2.976678352949018169e+00
8.950000000277360641e+02 -3.033916447018786933e+00
8.955000000277681238e+02 -3.118203527609280545e+00
8.960000000278001835e+02 -3.056308114630182260e+00
8.965000000278322432e+02 -3.244793682254196288e+00
8.970000000278641892e+02 -3.166195732720591849e+00
8.975000000278962489e+02 -2.891399555209453354e+00
8.980000000279283086e+02 -3.151550834426382952e+00
8.985000000279603682e+02 -3.082711091515072610e+00
8.990000000279923142e+02 -3.261457302212475540e+00
8.995000000280243739e+02 -2.891460958950611282e+00
9.000000000280564336e+02 -3.081317032839729464e+00
9.005000000280884933e+02 -3.133783164053633996e+00
9.010000000281204393e+02 -3.140567319675520608e+00
9.015000000281524990e+02 -3.241899911743792106e+00
9.020000000281845587e+02 -3.145579674401223880e+00
9.025000000282166184e+02 -3.216721092367985424e+00
9.030000000282485644e+02 -3.226345573262562993e+00
9.035000000282806241e+02 -3.362461889348465682e+00
9.040000000283126838e+02 -3.221538713880375493e+00
9.045000000283447434e+02 -3.254206634754537308e+00
9.050000000283768031e+02 -2.991352060589152817e+00
9.055000000284087491e+02 -3.198071038318030634e+00
9.060000000284408088e+02 -3.090900982725748758e+00
9.065000000284728685e+02 -3.074567430554273617e+00
9.070000000285049282e+02 -2.842049376653768000e+00
9.075000000285368742e+02 -3.139267386889323053e+00
9.080000000285689339e+02 -3.263183387388364665e+00
9.085000000286009936e+02 -3.291245333370968140e+00
9.090000000286330533e+02 -2.996907846256536168e+00
9.095000000286649993e+02 -3.043614103286807371e+00
9.100000000286970590e+02 -3.040414460538562125e+00
9.105000000287291186e+02 -3.037868948216971621e+00
9.110000000287611783e+02 -2.974052127567954784e+00
9.115000000287931243e+02 -3.116131000607922363e+00
9.120000000288251840e+02 -2.855264398721899077e+00
9.125000000288572437e+02 -3.035411888097332422e+00
9.130000000288893034e+02 -3.150849240342461943e+00
9.135000000289213631e+02 -3.189457004303818621e+00
9.140000000289533091e+02 -3.036058644682439134e+00
9.145000000289853688e+02 -2.817143696632384842e+00
9.150000000290174285e+02 -3.038581371574672119e+00
9.155000000290494881e+02 -2.838459558067607968e+00
9.160000000290814341e+02 -2.791458211562267699e+00
9.165000000291134938e+02 -3.046570231258231676e+00
9.170000000291455535e+02 -3.191846679275923915e+00
9.175000000291776132e+02 -3.042903527170611966e+00
9.180000000292095592e+02 -3.134180687008408128e+00
9.185000000292416189e+02 -3.188379357359019117e+00
9.190000000292736786e+02 -3.163580563115922395e+00
9.195000000293057383e+02 -3.264865829732257474e+00
9.200000000293376843e+02 -3.240487806839529306e+00
9.205000000293697440e+02 -2.997013439423386938e+00
9.210000000294018037e+02 -2.883450661855701647e+00
9.215000000294338633e+02 -2.738653328247187879e+00
9.220000000294659230e+02 -2.657178889714799652e+00
9.225000000294978690e+02 -3.050216045833011425e+00
9.230000000295299287e+02 -3.179668782456809506e+00
9.235000000295619884e+02 -3.203161018036142060e+00
9.240000000295940481e+02 -3.127923061741314292e+00
9.245000000296259941e+02 -3.051748021273866573e+00
9.250000000296580538e+02 -2.974642206889333451e+00
9.255000000296901135e+02 -2.896877758218762366e+00
9.260000000297221732e+02 -3.011652323092083083e+00
9.265000000297541192e+02 -3.045682631304905019e+00
9.270000000297861789e+02 -2.946698771672812356e+00
9.275000000298182385e+02 -3.075196382072544310e+00
9.280000000298502982e+02 -3.140679572773882100e+00
9.285000000298822442e+02 -3.224457412071082718e+00
9.290000000299143039e+02 -3.270571657040787894e+00
9.295000000299463636e+02 -3.368209443121286117e+00
9.300000000299784233e+02 -3.076420480931288726e+00
9.305000000300104830e+02 -3.245149663749407054e+00
9.310000000300424290e+02 -3.199011843067134819e+00
9.315000000300744887e+02 -3.276677647409811822e+00
9.320000000301065484e+02 -3.220160295572039644e+00
9.325000000301386081e+02 -3.084383983653954608e+00
9.330000000301705541e+02 -3.340382470391636716e+00
9.335000000302026137e+02 -3.439806209837632522e+00
9.340000000302346734e+02 -3.350877691377939005e+00
9.345000000302667331e+02 -3.222180766244204797e+00
9.350000000302986791e+02 -3.201257867492471210e+00
9.355000000303307388e+02 -3.129610286463173630e+00
9.360000000303627985e+02 -3.281866500772722350e+00
9.365000000303948582e+02 -3.068676177487799972e+00
9.370000000304268042e+02 -3.067183038124991601e+00
9.375000000304588639e+02 -3.160404570290742843e+00
9.380000000304909236e+02 -3.203721768186408969e+00
9.385000000305229833e+02 -3.268119134740879339e+00
9.390000000305549293e+02 -2.922630609615069819e+00
9.395000000305869889e+02 -3.153757778399527645e+00
9.400000000306190486e+02 -3.171421447056442577e+00
9.405000000306511083e+02 -3.010278397005172302e+00
9.410000000306831680e+02 -3.161563044633524555e+00
9.415000000307151140e+02 -3.245662798323819320e+00
9.420000000307471737e+02 -2.926682958543919355e+00
9.425000000307792334e+02 -2.973488502155861912e+00
9.430000000308112931e+02 -3.073822696505006835e+00
9.435000000308432391e+02 -3.001656506475219199e+00
9.440000000308752988e+02 -3.101700244143064999e+00
9.445000000309073585e+02 -3.075996880850699444e+00
9.450000000309394181e+02 -3.041819665142198037e+00
9.455000000309713641e+02 -3.198764847378330778e+00
9.460000000310034238e+02 -3.163791229713960096e+00
9.465000000310354835e+02 -3.188302988683271444e+00
9.470000000310675432e+02 -3.117520635733197043e+00
9.475000000310994892e+02 -3.175154487663350178e+00
9.480000000311315489e+02 -3.122521233274198948e+00
9.485000000311636086e+02 -2.990510949487913184e+00
9.490000000311956683e+02 -2.849660178375971409e+00
9.495000000312277280e+02 -2.898297433732081263e+00
9.500000000312596740e+02 -2.998705733016783448e+00
9.505000000312917336e+02 -3.152206136456209951e+00
9.510000000313237933e+02 -3.245998875606110445e+00
9.515000000313558530e+02 -3.235084153871170987e+00
9.520000000313877990e+02 -3.062013703616792260e+00
9.525000000314198587e+02 -3.132167533797210357e+00
9.530000000314519184e+02 -3.163540601144692044e+00
9.535000000314839781e+02 -3.078767945397034467e+00
9.540000000315159241e+02 -3.085128331193974560e+00
9.545000000315479838e+02 -3.168289988413400149e+00
9.550000000315800435e+02 -3.169997447738243768e+00
9.555000000316121032e+02 -3.183725746785057265e+00
9.560000000316440492e+02 -3.057129097424994502e+00
9.565000000316761088e+02 -3.151183634670153833e+00
9.570000000317081685e+02 -3.255712518606315609e+00
9.575000000317402282e+02 -3.082228279111590474e+00
9.580000000317722879e+02 -3.152155591070342044e+00
9.585000000318042339e+02 -3.235288188442800639e+00
9.590000000318362936e+02 -3.169949843903345776e+00
9.595000000318683533e+02 -3.014736301222137094e+00
9.600000000319004130e+02 -3.178420216901720163e+00
9.605000000319323590e+02 -3.196459463715402460e+00
9.610000000319644187e+02 -3.186268413470773719e+00
9.615000000319964784e+02 -3.082349277613159355e+00
9.620000000320285380e+02 -3.115923284636055612e+00
9.625000000320604840e+02 -2.972454653241164202e+00
9.630000000320925437e+02 -3.065494180746870523e+00
9.635000000321246034e+02 -3.129671907767433758e+00
9.640000000321566631e+02 -3.143945068729072645e+00
9.645000000321886091e+02 -2.947243272670205805e+00
9.650000000322206688e+02 -2.886602794607944666e+00
9.655000000322527285e+02 -2.710341128764455210e+00
9.660000000322847882e+02 -2.861816674775797154e+00
9.665000000323168479e+02 -2.966641605905574242e+00
9.670000000323487939e+02 -3.076356155173213480e+00
9.675000000323808536e+02 -3.091894256825926668e+00
9.680000000324129132e+02 -3.133914905298548437e+00
9.685000000324449729e+02 -2.979690173733507308e+00
9.690000000324769189e+02 -3.209729777517889016e+00
9.695000000325089786e+02 -3.033453762166623768e+00
9.700000000325410383e+02 -3.021200166369882645e+00
9.705000000325730980e+02 -3.051895959528257318e+00
9.710000000326050440e+02 -3.119174559045937212e+00
9.715000000326371037e+02 -3.107335353909496334e+00
9.720000000326691634e+02 -3.037489659496899197e+00
9.725000000327012231e+02 -3.236345508121638126e+00
9.730000000327331691e+02 -3.143558642209670850e+00
9.735000000327652288e+02 -3.236581580079117337e+00
9.740000000327972884e+02 -3.055685989820386972e+00
9.745000000328293481e+02 -3.209918517225171630e+00
9.750000000328614078e+02 -3.118968794082406681e+00
9.755000000328933538e+02 -3.054077742449784250e+00
9.760000000329254135e+02 -2.937244321328979613e+00
9.765000000329574732e+02 -3.122202680459687851e+00
9.770000000329895329e+02 -3.033908796903534988e+00
9.775000000330214789e+02 -3.293691392108831995e+00
9.780000000330535386e+02 -3.377686051493318686e+00
9.785000000330855983e+02 -3.089978531883373680e+00
9.790000000331176579e+02 -3.170044729895949764e+00
9.795000000331496040e+02 -3.038580208207693811e+00
9.800000000331816636e+02 -3.084108659989544865e+00
9.805000000332137233e+02 -3.030612483964918447e+00
9.810000000332457830e+02 -2.925596761679305047e+00
9.815000000332777290e+02 -2.986398339275373015e+00
9.820000000333097887e+02 -2.966200405590265987e+00
9.825000000333418484e+02 -3.142031898148680114e+00
9.830000000333739081e+02 -3.204168988543465435e+00
9.835000000334058541e+02 -3.126904278584536012e+00
9.840000000334379138e+02 -3.114767871899788876e+00
9.845000000334699735e+02 -3.231514445462286389e+00
9.850000000335020331e+02 -3.263261538113864990e+00
9.855000000335340928e+02 -3.029013654995083904e+00
9.860000000335660388e+02 -3.269744044161878804e+00
9.865000000335980985e+02 -3.093081347027285766e+00
9.870000000336301582e+02 -2.842267178765765401e+00
9.875000000336622179e+02 -2.686077636660948897e+00
9.880000000336941639e+02 -2.953266039675524368e+00
9.885000000337262236e+02 -3.216957818123975965e+00
9.890000000337582833e+02 -2.980430734021452643e+00
9.895000000337903430e+02 -3.018031503080378819e+00
9.900000000338222890e+02 -3.017701504063416529e+00
9.905000000338543487e+02 -3.063088601077608608e+00
9.910000000338864083e+02 -2.993670148552830756e+00
9.915000000339184680e+02 -2.851653089695703525e+00
9.920000000339504140e+02 -2.966180708219821494e+00
9.925000000339824737e+02 -3.118901223174018522e+00
9.930000000340145334e+02 -3.115892484039226584e+00
9.935000000340465931e+02 -3.095229586424359969e+00
9.940000000340786528e+02 -3.203626599573643485e+00
9.945000000341105988e+02 -3.159453084447485516e+00
9.950000000341426585e+02 -3.061445976300625649e+00
9.955000000341747182e+02 -3.366815480448614561e+00
9.960000000342067779e+02 -2.996029587482607504e+00
9.965000000342387239e+02 -3.023336771595554584e+00
9.970000000342707835e+02 -2.960773706758614399e+00
9.975000000343028432e+02 -2.826628655690504033e+00
9.980000000343349029e+02 -2.823095416806827629e+00
9.985000000343668489e+02 -2.950800706045946686e+00
9.990000000343989086e+02 -2.983668139237808159e+00
9.995000000344309683e+02 -3.019312605525484194e+00
1.000000000034463028e+03 -2.907670735089639802e+00
