# Time (ps)	CV (angstrom)
9.999999999975766229e+01 -9.489980635253972285e-02
1.004999999997559001e+02 -1.483087602729988852e-01
1.009999999997541380e+02 -5.661112479909978790e-01
1.014999999997533990e+02 -4.670296527928177177e-01
1.019999999997629061e+02 -3.902892042424332408e-01
1.024999999997724132e+02 -2.403249202325466738e-01
1.029999999997819060e+02 -3.312717361624312740e-01
1.034999999997914131e+02 -3.871581158372027209e-01
1.039999999998009201e+02 -1.923141481023399324e-01
1.044999999998104272e+02 -4.291533560055895702e-01
1.049999999998199343e+02 -4.081178580312941340e-01
1.054999999998294413e+02 -1.080130973478316131e-01
1.059999999998389484e+02 -3.988086977983270609e-01
1.064999999998484554e+02 -4.908434115482011584e-01
1.069999999998579483e+02 -4.277743867622544327e-01
1.074999999998674554e+02 -4.792391931512562930e-01
1.079999999998769624e+02 -1.959607910098941086e-01
1.084999999998864695e+02 -6.692345229085893132e-01
1.089999999998959765e+02 -4.024519623037519089e-01
1.094999999999054836e+02 -3.724281765023221280e-01
1.099999999999149907e+02 -7.346349270135363874e-01
1.104999999999244977e+02 -2.117758409863322866e-01
1.109999999999339906e+02 -1.855904890722625544e-01
1.114999999999434976e+02 -6.279493122435771957e-01
1.119999999999530047e+02 -3.138132761517332114e-01
1.124999999999625118e+02 -3.503346324166833892e-01
1.129999999999720188e+02 -5.456363973162043912e-01
1.134999999999815259e+02 -3.107849314263181895e-01
1.139999999999910330e+02 -4.452521097501204728e-01
1.145000000000005400e+02 -2.519889523607782844e-01
1.150000000000100329e+02 -2.243264267537729006e-01
1.155000000000195399e+02 -3.634450828607096451e-01
1.160000000000290470e+02 -4.791918447758103938e-01
1.165000000000385540e+02 -2.693425689903256592e-01
1.170000000000480611e+02 -6.800529775400087074e-01
1.175000000000575682e+02 -4.308910750848722326e-01
1.180000000000670752e+02 -1.918906731942351396e-01
1.185000000000765823e+02 -6.024233810821578716e-01
1.190000000000860751e+02 -3.952570425690489220e-01
1.195000000000955822e+02 -2.040408512041023414e-01
1.200000000001050893e+02 -4.772502808989248502e-01
1.205000000001145963e+02 -2.820961183520374060e-01
1.210000000001241034e+02 -3.446077603175752846e-01
1.215000000001336105e+02 -4.377377226251957243e-01
1.220000000001431175e+02 -3.709459454143665402e-01
1.225000000001526246e+02 -4.126883405202378952e-01
1.230000000001621174e+02 -6.412713196241488500e-01
1.235000000001716245e+02 -2.840766514965212819e-01
1.240000000001811316e+02 -4.135734249934836515e-01
1.245000000001906386e+02 -5.520662351435196014e-01
1.250000000002001457e+02 -4.933489781072470937e-01
1.255000000002096527e+02 -2.420327142986672952e-01
1.260000000002191598e+02 -4.677933537793831364e-01
1.265000000002286527e+02 -3.519689332382834324e-01
1.270000000002381597e+02 -1.302915949984725097e-01
1.275000000002476668e+02 -2.768863489912935516e-01
1.280000000002571880e+02 -8.805357093573594474e-02
1.285000000002666809e+02 -4.589836696535044003e-01
1.290000000002761738e+02 -6.282727850606741882e-01
1.295000000002856950e+02 -3.392105834543113763e-01
1.300000000002951879e+02 -1.898240124023699293e-01
1.305000000003047091e+02 -6.232366430065606755e-01
1.310000000003142020e+02 -3.720060211397185901e-01
1.315000000003237233e+02 -1.411466309682939679e-01
1.320000000003332161e+02 -4.828391700119138985e-01
1.325000000003427090e+02 -4.308054987471464647e-01
1.330000000003522302e+02 -2.463457265416128458e-02
1.335000000003617231e+02 -1.661214010295796739e-01
1.340000000003712444e+02 -1.739822765005524796e-01
1.345000000003807372e+02 -5.652090374356111280e-01
1.350000000003902585e+02 -2.242879394342109922e-01
1.355000000003997513e+02 -5.970916891630729806e-01
1.360000000004092726e+02 -4.273515597774663055e-01
1.365000000004187655e+02 -4.258900641636395590e-01
1.370000000004282583e+02 -4.104424412720318882e-01
1.375000000004377796e+02 -4.957602933961724467e-01
1.380000000004472724e+02 -3.925961726755254899e-01
1.385000000004567937e+02 -7.102418327075857851e-01
1.390000000004662866e+02 -2.960277168584825036e-01
1.395000000004758078e+02 -3.648565215739940637e-01
1.400000000004853007e+02 -4.603675186982300604e-01
1.405000000004947935e+02 -6.649733997968243493e-01
1.410000000005043148e+02 -8.839653111598622104e-02
1.415000000005138077e+02 -1.553401043601515819e-01
1.420000000005233289e+02 -8.466674563450573565e-01
1.425000000005328218e+02 -5.269681895449455922e-02
1.430000000005423431e+02 -3.381377651919545979e-01
1.435000000005518359e+02 -2.881788304490519592e-01
1.440000000005613572e+02 -3.625020046320645561e-01
1.445000000005708500e+02 -3.892527660740994211e-01
1.450000000005803429e+02 -2.608460447049451014e-01
1.455000000005898642e+02 -6.389223103822738725e-01
1.460000000005993570e+02 -1.688722983872407157e-01
1.465000000006088783e+02 -4.046837645185722421e-01
1.470000000006183711e+02 -8.596622420602167969e-01
1.475000000006278924e+02 -4.806463805958261643e-02
1.480000000006373853e+02 -4.068788711537241753e-01
1.485000000006468781e+02 -9.136316027058892786e-01
1.490000000006563994e+02 1.648166769964994616e-01
1.495000000006658922e+02 -4.628291920905997503e-01
1.500000000006754135e+02 -5.833712880975119308e-01
1.505000000006849064e+02 -1.536247467396750499e-01
1.510000000006944276e+02 -5.982737289056837549e-01
1.515000000007039205e+02 -5.278708100173348239e-01
1.520000000007134133e+02 -2.734713120471994330e-01
1.525000000007229346e+02 -2.740477878019185187e-01
1.530000000007324275e+02 -6.918387402758201521e-01
1.535000000007419487e+02 -3.823729261345147901e-01
1.540000000007514416e+02 -1.139703577949678914e-01
1.545000000007609628e+02 -6.418374260571909629e-01
1.550000000007704557e+02 -3.100144241562373115e-01
1.555000000007799770e+02 -4.947153555104391587e-01
1.560000000007894698e+02 -4.102972397104055480e-01
1.565000000007989627e+02 -3.537221676197080389e-01
1.570000000008084839e+02 -8.074566178700602892e-01
1.575000000008179768e+02 -2.091052053855727566e-01
1.580000000008274981e+02 -1.726787451189552014e-01
1.585000000008369909e+02 -8.657266648998253045e-01
1.590000000008465122e+02 -5.139737171715766939e-01
1.595000000008560050e+02 -2.209141976078184966e-01
1.600000000008654979e+02 -8.574284285098220382e-01
1.605000000008750192e+02 -2.482409196886531666e-01
1.610000000008845120e+02 -2.817090269173760375e-01
1.615000000008940333e+02 -4.221502768172334386e-01
1.620000000009035261e+02 -5.606082398792772148e-01
1.625000000009130474e+02 -4.474127520688701010e-01
1.630000000009225403e+02 -3.390645681221703955e-01
1.635000000009320615e+02 -4.171114062265590117e-01
1.640000000009415544e+02 -2.979561083733832105e-01
1.645000000009510472e+02 -5.606345799848168054e-01
1.650000000009605685e+02 -1.281674417142563416e-01
1.655000000009700614e+02 -5.773431062266554115e-01
1.660000000009795826e+02 -4.937379637554697998e-01
1.665000000009890755e+02 -4.404268478788492258e-01
1.670000000009985968e+02 -3.563791653381020996e-01
1.675000000010080896e+02 -7.462902279926770799e-01
1.680000000010175825e+02 -4.862624286513687610e-01
1.685000000010271037e+02 -4.341776841145589261e-01
1.690000000010365966e+02 -3.449764612609290682e-01
1.695000000010461179e+02 -5.377713356927824595e-01
1.700000000010556107e+02 -5.246902675834289598e-01
1.705000000010651320e+02 -1.523438680575676385e-01
1.710000000010746248e+02 -4.952079618353224522e-01
1.715000000010841177e+02 -3.210156197230868425e-01
1.720000000010936390e+02 -2.308529738178712598e-01
1.725000000011031318e+02 -7.119234652780142003e-01
1.730000000011126531e+02 -1.668917399624628151e-01
1.735000000011221459e+02 -3.230281982068253788e-01
1.740000000011316672e+02 -7.126097924429833919e-01
1.745000000011411601e+02 -2.204806839053846668e-01
1.750000000011506813e+02 -1.862545210504467086e-01
1.755000000011601742e+02 -8.894059056524382667e-01
1.760000000011696670e+02 -1.602588790604462798e-01
1.765000000011791883e+02 -3.089458220234332364e-01
1.770000000011886812e+02 -5.593936377687612760e-01
1.775000000011982024e+02 -6.193247785750663481e-02
1.780000000012076953e+02 -3.586438500385105144e-01
1.785000000012172165e+02 -6.472218210560576335e-01
1.790000000012267094e+02 -4.158397397886325897e-01
1.795000000012362023e+02 -2.181513138885267933e-01
1.800000000012457235e+02 -6.284706161104414157e-01
1.805000000012552164e+02 -5.257424928633055439e-01
1.810000000012647376e+02 -5.121265252588551586e-01
1.815000000012742305e+02 -3.752739120226434300e-01
1.820000000012837518e+02 -2.234042430279354341e-01
1.825000000012932446e+02 -5.747381125308264060e-01
1.830000000013027659e+02 -2.040239571997769785e-01
1.835000000013122587e+02 -5.768153137887853665e-01
1.840000000013217516e+02 -4.785846883309367028e-01
1.845000000013312729e+02 -3.557626046285295995e-01
1.850000000013407657e+02 -3.390634998025396363e-01
1.855000000013502870e+02 -4.600751171892943359e-01
1.860000000013597798e+02 -4.820756563386903171e-01
1.865000000013693011e+02 -4.619733244593166588e-01
1.870000000013787940e+02 -3.386961167096888548e-01
1.875000000013882868e+02 -3.154658408173895978e-01
1.880000000013978081e+02 -4.774490200861244982e-01
1.885000000014073009e+02 -5.678786404980439295e-01
1.890000000014168222e+02 -3.886727823566133444e-01
1.895000000014263151e+02 -3.462486878896664511e-01
1.900000000014358363e+02 4.430410938015211936e-02
1.905000000014453292e+02 -5.426690518464929447e-01
1.910000000014548220e+02 -3.373920177224422057e-01
1.915000000014643433e+02 -6.745933871111624569e-01
1.920000000014738362e+02 -3.218105704728759231e-01
1.925000000014833574e+02 -2.938772450088267818e-01
1.930000000014928503e+02 -4.931821895636336883e-01
1.935000000015023716e+02 -3.492034394225215777e-01
1.940000000015118644e+02 -3.638217767656617974e-02
1.945000000015213857e+02 -5.354285666119827924e-01
1.950000000015308785e+02 -3.018789019155911912e-01
1.955000000015403714e+02 -4.188756700113764886e-01
1.960000000015498927e+02 -3.354151139729314446e-01
1.965000000015593855e+02 -3.610960618527038757e-01
1.970000000015689068e+02 -7.953852407712099781e-01
1.975000000015783996e+02 -2.335226330113674142e-01
1.980000000015879209e+02 -3.472736670066149944e-01
1.985000000015974138e+02 -5.402569968862356298e-01
1.990000000016069066e+02 -4.028402350158724055e-01
1.995000000016164279e+02 -5.699373104685022673e-01
2.000000000016259207e+02 -7.032684497786330091e-01
2.005000000016354420e+02 -3.273492610420130067e-01
2.010000000016449349e+02 -1.388407738805358393e-01
2.015000000016544561e+02 -3.984270508911937902e-01
2.020000000016639490e+02 -4.428872861411334294e-01
2.025000000016734703e+02 -1.576471914491351656e-01
2.030000000016789556e+02 -4.965435395952307318e-01
2.035000000016659385e+02 -5.228033107262094470e-01
2.040000000016529214e+02 -3.796431718799743726e-01
2.045000000016398758e+02 -3.672890739286426287e-01
2.050000000016268586e+02 -3.480250085320442666e-01
2.055000000016138415e+02 -4.944884315434971422e-01
2.060000000016008244e+02 -3.785699690675525808e-01
2.065000000015878072e+02 -4.801465248584262380e-01
2.070000000015747617e+02 -2.744037170771691514e-01
2.075000000015617445e+02 -2.338666119111326436e-01
2.080000000015487274e+02 -2.671067547427507516e-01
2.085000000015357102e+02 -3.358108349746335985e-01
2.090000000015226931e+02 -3.380342817333148453e-01
2.095000000015096475e+02 -3.992844633676758542e-02
2.100000000014966304e+02 -6.703469513238090594e-01
2.105000000014836132e+02 -3.459007737181403752e-01
2.110000000014705961e+02 -6.345710922103732499e-02
2.115000000014575789e+02 -5.643832721907086070e-01
2.120000000014445618e+02 -4.273580531248648007e-01
2.125000000014315162e+02 -3.034307033095066108e-01
2.130000000014184991e+02 -2.690521119151353391e-01
2.135000000014054820e+02 -5.286716378696704188e-01
2.140000000013924648e+02 -4.547689402069851616e-01
2.145000000013794477e+02 -3.792636810759263954e-01
2.150000000013664021e+02 -4.553119682187429240e-01
2.155000000013533850e+02 -6.698150874455662818e-01
2.160000000013403678e+02 -2.716110064171382010e-01
2.165000000013273507e+02 -3.180542234144750902e-01
2.170000000013143335e+02 -6.127148678676883620e-01
2.175000000013013164e+02 -1.827529846034766647e-01
2.180000000012882708e+02 -4.939884269157115426e-01
2.185000000012752537e+02 -5.870630063182741276e-01
2.190000000012622365e+02 -1.975286089103362730e-01
2.195000000012492194e+02 -3.376277534128953040e-01
2.200000000012362023e+02 -6.922233099284095248e-01
2.205000000012231567e+02 -2.586488894584265119e-01
2.210000000012101395e+02 -4.391595454184556990e-01
2.215000000011971224e+02 -5.291041000413617690e-01
2.220000000011841053e+02 -3.703473663321293907e-01
2.225000000011710881e+02 -6.177171719293468310e-01
2.230000000011580710e+02 -3.403921833026322119e-01
2.235000000011450254e+02 -1.843882009572043179e-01
2.240000000011320083e+02 -6.117119710866971705e-01
2.245000000011189911e+02 -2.306067402609593142e-01
2.250000000011059740e+02 -2.153358690389694241e-01
2.255000000010929568e+02 -5.658734373987890365e-01
2.260000000010799113e+02 -7.618733812664928440e-01
2.265000000010668941e+02 -4.697889160948516829e-01
2.270000000010538770e+02 -1.420741473522817433e-01
2.275000000010408598e+02 -5.366494244286084125e-01
2.280000000010278427e+02 -5.041069299262583847e-01
2.285000000010148256e+02 -3.442493503372642261e-01
2.290000000010017800e+02 -2.491639853638236979e-01
2.295000000009887628e+02 -5.217444835691794625e-01
2.300000000009757457e+02 -2.971699208342193366e-01
2.305000000009627286e+02 -2.386396799385815948e-01
2.310000000009497114e+02 -5.434814561163279212e-01
2.315000000009366659e+02 -2.913976050069836954e-01
2.320000000009236487e+02 -2.662024354078917909e-01
2.325000000009106316e+02 -6.532614579448310366e-01
2.330000000008976144e+02 -2.279962318962289736e-01
2.335000000008845973e+02 -3.042114775295717832e-01
2.340000000008715517e+02 -6.351816721608951610e-01
2.345000000008585346e+02 -4.586389160891896077e-01
2.350000000008455174e+02 -5.016130988867784080e-01
2.355000000008325003e+02 -2.080083350625709371e-01
2.360000000008194831e+02 -3.664303898460600784e-01
2.365000000008064660e+02 -5.315617176757396756e-01
2.370000000007934204e+02 -4.094724835889338999e-01
2.375000000007804033e+02 -1.976093733143264308e-01
2.380000000007673862e+02 -5.066680328345960493e-01
2.385000000007543690e+02 -4.992130141399909737e-01
2.390000000007413519e+02 -3.596475018111319200e-01
2.395000000007283063e+02 -2.896852613155134759e-01
2.400000000007152892e+02 -4.035929457427111511e-01
2.405000000007022720e+02 -2.019585497474403468e-01
2.410000000006892549e+02 -4.408181880704126754e-01
2.415000000006762377e+02 -4.521056356111619046e-01
2.420000000006632206e+02 -4.412103008131686432e-01
2.425000000006501750e+02 -6.531977259540502345e-01
2.430000000006371579e+02 -4.032566428816514170e-01
2.435000000006241407e+02 -1.943631426420859565e-01
2.440000000006111236e+02 -5.120816648799176862e-01
2.445000000005981065e+02 -3.119710560960612944e-01
2.450000000005850609e+02 -4.417403122290045614e-01
2.455000000005720437e+02 -6.759825175784180962e-01
2.460000000005590266e+02 -3.480488234260262215e-01
2.465000000005460095e+02 -3.859212696754531491e-01
2.470000000005329923e+02 -6.467507340442040231e-01
2.475000000005199752e+02 -5.280740670692545685e-02
2.480000000005069296e+02 -3.483395682414242023e-01
2.485000000004939125e+02 -4.875876807905658583e-01
2.490000000004808953e+02 -3.332471726992466965e-01
2.495000000004678782e+02 -1.556499594070617498e-01
2.500000000004548610e+02 -4.741828696253446718e-01
2.505000000004418155e+02 -4.583507513295768665e-01
2.510000000004287983e+02 -2.272194061057619396e-01
2.515000000004157812e+02 -5.613705247982093693e-01
2.520000000004027640e+02 -2.180093250413111527e-01
2.525000000003897469e+02 3.223563573678320249e-02
2.530000000003767013e+02 -5.866631649974164420e-01
2.535000000003636842e+02 -3.979139446543434322e-01
2.540000000003506671e+02 -5.089324032591521219e-01
2.545000000003376499e+02 -2.210539500265368551e-01
2.550000000003246328e+02 -3.422697670345036802e-01
2.555000000003116156e+02 -5.393857880301174967e-01
2.560000000002985985e+02 -2.041978322727381612e-01
2.565000000002855813e+02 -2.401176944088287968e-01
2.570000000002725642e+02 -5.127813985499223293e-01
2.575000000002594902e+02 -5.709248692764170574e-01
2.580000000002464731e+02 -1.730040231474770929e-01
2.585000000002334559e+02 -1.555612175966413213e-01
2.590000000002204388e+02 -6.864482189412070001e-01
2.595000000002074216e+02 -1.789490530802567703e-01
2.600000000001944045e+02 -2.707628543834800228e-01
2.605000000001813873e+02 -6.699514669635995290e-01
2.610000000001683702e+02 -2.605009712482210249e-01
2.615000000001553531e+02 -3.731335989197290814e-01
2.620000000001423359e+02 -6.768308093733550468e-01
2.625000000001292619e+02 -4.161046975349464994e-01
2.630000000001162448e+02 -3.383032335958883752e-01
2.635000000001032276e+02 -5.904119500188821368e-01
2.640000000000902105e+02 -5.448615496748201448e-01
2.645000000000771934e+02 -2.210984512790744039e-01
2.650000000000641762e+02 -6.171749580705565563e-01
2.655000000000511591e+02 -4.737730987784184444e-01
2.660000000000381419e+02 -2.392263786821428595e-01
2.665000000000251248e+02 -3.586646265555729074e-01
2.670000000000121076e+02 -5.547533378008967508e-01
2.674999999999990905e+02 9.923518304437477233e-02
2.679999999999860165e+02 -4.810372836988922041e-01
2.684999999999729994e+02 -5.392795470843131378e-01
2.689999999999599822e+02 -4.039578521934849009e-01
2.694999999999469651e+02 -2.273931717067402269e-01
2.699999999999339479e+02 -3.430312530537663607e-01
2.704999999999209308e+02 -3.723923678271077731e-01
2.709999999999079137e+02 -1.077381799680621893e-01
2.714999999998948965e+02 -4.102329170845772088e-01
2.719999999998818794e+02 -2.594357662109719742e-01
2.724999999998688622e+02 -3.911639785372869049e-01
2.729999999998558451e+02 -2.533252890027785087e-01
2.734999999998427711e+02 -5.243306693823174269e-01
2.739999999998297540e+02 -4.597032753312876308e-01
2.744999999998167368e+02 -4.257596246810420038e-01
2.749999999998037197e+02 -8.109833988779710512e-02
2.754999999997907025e+02 -4.800116536186044280e-01
2.759999999997776854e+02 -3.161832460672514000e-01
2.764999999997646682e+02 -2.362886628857776006e-01
2.769999999997516511e+02 -4.273634726007723983e-01
2.774999999997386340e+02 -4.520940601870692133e-01
2.779999999997256168e+02 -3.970838746051151280e-01
2.784999999997125997e+02 -2.666190447104146988e-01
2.789999999996995257e+02 -5.026522645982157700e-01
2.794999999996865085e+02 -4.297170498873508215e-01
2.799999999996734914e+02 -2.187800369432101599e-01
2.804999999996604743e+02 -8.260230521644302826e-01
2.809999999996474571e+02 -1.638898358944480271e-01
2.814999999996344400e+02 -3.442557160908594760e-01
2.819999999996214228e+02 -8.342307025568463930e-01
2.824999999996084057e+02 3.974102657791599852e-02
2.829999999995953885e+02 -3.425179360190528377e-01
2.834999999995823714e+02 -7.835523765432617083e-01
2.839999999995693543e+02 2.627829439105852649e-02
2.844999999995562803e+02 -4.870182704415633723e-01
2.849999999995432631e+02 -4.778916388479058641e-01
2.854999999995302460e+02 -1.088167223328450894e-01
2.859999999995172288e+02 -6.214354703828975923e-01
2.864999999995042117e+02 2.645705173387429780e-03
2.869999999994911946e+02 -3.986201833367028491e-01
2.874999999994781774e+02 -6.191333069873260486e-01
2.879999999994651603e+02 -4.094169899459609852e-01
2.884999999994521431e+02 -5.805573659496608974e-01
2.889999999994391260e+02 -5.753210582702316112e-01
2.894999999994261088e+02 -1.328408785447361684e-01
2.899999999994130349e+02 -6.564425981797280540e-01
2.904999999994000177e+02 -3.549738257008883124e-01
2.909999999993870006e+02 1.637831703276380058e-01
2.914999999993739834e+02 -8.936260509308128208e-01
2.919999999993609663e+02 -2.562173265775959941e-01
2.924999999993479491e+02 -1.778803446629145107e-02
2.929999999993349320e+02 -7.881966229795166479e-01
2.934999999993219149e+02 -8.088594010180186200e-02
2.939999999993088977e+02 -3.971322882022119138e-01
2.944999999992958806e+02 -6.392253031014557552e-01
2.949999999992828634e+02 -2.620647568847295217e-01
2.954999999992697894e+02 -5.894041413503664506e-01
2.959999999992567723e+02 -2.965442955891507415e-01
2.964999999992437552e+02 -1.556569024920484434e-01
2.969999999992307380e+02 -3.530058445874109108e-01
2.974999999992177209e+02 -5.247631110621133743e-01
2.979999999992047037e+02 -3.255754751832496963e-01
2.984999999991916866e+02 -4.011659105797205083e-01
2.989999999991786694e+02 -5.884802719730384268e-01
2.994999999991656523e+02 -4.523935069561163536e-01
2.999999999991526352e+02 -2.307292002650063456e-01
3.004999999991396180e+02 -6.585262052635894037e-01
3.009999999991265440e+02 -2.342364298245812326e-01
3.014999999991135269e+02 -2.921813504400284089e-01
3.019999999991005097e+02 -8.851080413315818296e-01
3.024999999990874926e+02 -4.733880630522539767e-02
3.029999999990744755e+02 -9.576167031424034359e-01
3.034999999990614583e+02 -2.049175345600824927e-01
3.039999999990484412e+02 -1.484089881051680604e-01
3.044999999990354240e+02 -4.053869212494669028e-01
3.049999999990224069e+02 -4.089729029880959654e-01
3.054999999990093897e+02 -3.661843629422700808e-01
3.059999999989963158e+02 -3.104920957809462756e-01
3.064999999989832986e+02 -4.117489897875009630e-01
3.069999999989702815e+02 -3.620247796323962097e-01
3.074999999989572643e+02 -4.070484353625472007e-01
3.079999999989442472e+02 -5.577468851082001411e-01
3.084999999989312300e+02 -4.238514584526840157e-01
3.089999999989182129e+02 -1.409306195816612817e-01
3.094999999989051958e+02 -3.808738776922772074e-01
3.099999999988921786e+02 -3.025347808243240566e-01
3.104999999988791615e+02 -2.001996645373435024e-01
3.109999999988661443e+02 -4.318772165721042611e-01
3.114999999988530703e+02 -6.463720901346763359e-01
3.119999999988400532e+02 -1.548084534251334687e-01
3.124999999988270361e+02 -6.215211108509838267e-01
3.129999999988140189e+02 -5.409737328543459123e-01
3.134999999988010018e+02 4.945047386775654197e-02
3.139999999987879846e+02 -2.591857464474445760e-01
3.144999999987749675e+02 -7.015922370250521345e-01
3.149999999987619503e+02 -3.381020563077821728e-01
3.154999999987489332e+02 -2.991367408862135036e-01
3.159999999987359161e+02 -3.078378946365373237e-01
3.164999999987228989e+02 -4.094374559339952757e-01
3.169999999987098249e+02 -5.944461941148213580e-01
3.174999999986968078e+02 -3.902383732925512327e-01
3.179999999986837906e+02 -5.613218195169233926e-01
3.184999999986707735e+02 -4.804533763421330317e-01
3.189999999986577564e+02 -3.751145802410885133e-01
3.194999999986447392e+02 -4.503767185445111676e-01
3.199999999986317221e+02 -3.848601132493730259e-01
3.204999999986187049e+02 -2.782319705804335852e-01
3.209999999986056878e+02 -6.186789848685082527e-01
3.214999999985926706e+02 -1.012036403428393794e-01
3.219999999985796535e+02 -5.144361245579109898e-01
3.224999999985665795e+02 -3.295190081635898660e-01
3.229999999985535624e+02 -2.477044866248263588e-01
3.234999999985405452e+02 -7.763995124085097954e-01
3.239999999985275281e+02 -1.944560443451869292e-01
3.244999999985145109e+02 -2.123194879022295978e-01
3.249999999985014938e+02 -5.918892292116698650e-01
3.254999999984884766e+02 -3.180365479162102216e-01
3.259999999984754595e+02 -9.454664445084040580e-02
3.264999999984624424e+02 -3.414985675030290380e-01
3.269999999984494252e+02 -6.347325323955337328e-01
3.274999999984364081e+02 -2.253427129400079609e-01
3.279999999984233341e+02 -2.340573600005049215e-01
3.284999999984103169e+02 -6.201661272365412980e-01
3.289999999983972998e+02 -2.001257957880017702e-01
3.294999999983842827e+02 -3.832701634732134655e-01
3.299999999983712655e+02 -4.735651645596868353e-01
3.304999999983582484e+02 -5.542629556635574328e-01
3.309999999983452312e+02 -3.032252003754312142e-01
3.314999999983322141e+02 -3.631813690164512609e-01
3.319999999983191969e+02 -5.340140616396390483e-01
3.324999999983061798e+02 -4.200579402243068694e-01
3.329999999982931627e+02 -6.177694175726506920e-01
3.334999999982800887e+02 -3.358034574865887967e-01
3.339999999982670715e+02 -4.055011858978133654e-01
3.344999999982540544e+02 -3.018388278093994126e-01
3.349999999982410372e+02 -4.419393975383571482e-01
3.354999999982280201e+02 -2.676364001786183944e-01
3.359999999982150030e+02 -1.297722638101335701e-01
3.364999999982019858e+02 -4.926004644440739044e-01
3.369999999981889687e+02 -4.426480570194989417e-01
3.374999999981759515e+02 -2.377836886282766737e-01
3.379999999981629344e+02 -8.325592437459077289e-01
3.384999999981499172e+02 -1.344558458857718630e-01
3.389999999981368433e+02 -7.377247014248924928e-02
3.394999999981238261e+02 -4.920417070027635620e-01
3.399999999981108090e+02 -3.920392306329866794e-01
3.404999999980977918e+02 -4.583654453614124935e-01
3.409999999980847747e+02 -4.422625279656015040e-01
3.414999999980717575e+02 -4.821902430047430577e-01
3.419999999980587404e+02 -3.253989477628461136e-01
3.424999999980457233e+02 -4.526695361784674465e-01
3.429999999980327061e+02 -2.661313884799577090e-01
3.434999999980196890e+02 -2.795241812931998915e-01
3.439999999980066718e+02 -5.440967665468887660e-01
3.444999999979935978e+02 -3.681728430711617150e-01
3.449999999979805807e+02 -1.031734139866813116e-01
3.454999999979675636e+02 -4.425701136081025555e-01
3.459999999979545464e+02 -3.500360501458341100e-01
3.464999999979415293e+02 -2.214820867254609638e-01
3.469999999979285121e+02 -3.753847985738319459e-01
3.474999999979154950e+02 -2.510194630591472409e-01
3.479999999979024778e+02 -3.243406500333336218e-01
3.484999999978894607e+02 -4.642335481992254653e-01
3.489999999978764436e+02 -3.677919530879277255e-01
3.494999999978633696e+02 -4.628867843749512878e-01
3.499999999978503524e+02 -4.230893271791807408e-01
3.504999999978373353e+02 -3.447418933941311381e-01
3.509999999978243181e+02 -3.021414634317736714e-01
3.514999999978113010e+02 -5.857745847868580658e-01
3.519999999977982839e+02 -4.386492462379933399e-01
3.524999999977852667e+02 -3.129414106860529260e-02
3.529999999977722496e+02 -6.725082189335355176e-01
3.534999999977592324e+02 -4.417997843660605994e-01
3.539999999977462153e+02 -1.094924480706170739e-01
3.544999999977331981e+02 -9.337009896610544146e-01
3.549999999977201242e+02 -9.628511040352198680e-02
3.554999999977071070e+02 -3.816943620928061609e-01
3.559999999976940899e+02 -5.977545446061379719e-01
3.564999999976810727e+02 1.384729543047762655e-02
3.569999999976680556e+02 -3.940571601429225801e-01
3.574999999976550384e+02 -4.802277375557120198e-01
3.579999999976420213e+02 -5.602973944739981782e-01
3.584999999976290042e+02 -2.149920193910016819e-01
3.589999999976159870e+02 -2.552316202239796050e-01
3.594999999976029699e+02 -5.724644348182925668e-01
3.599999999975899527e+02 -4.038822944304593654e-01
3.604999999975768787e+02 -1.834417620610261646e-01
3.609999999975638616e+02 -4.778901634274596577e-01
3.614999999975508445e+02 -6.734686880536646658e-01
3.619999999975378273e+02 -1.093934725852529072e-01
3.624999999975248102e+02 -5.128408790931563432e-01
3.629999999975117930e+02 -5.742661184455887247e-01
3.634999999974987759e+02 -3.280181284167735245e-01
3.639999999974857587e+02 -5.847212832202208777e-01
3.644999999974727416e+02 -5.946822168414958032e-01
3.649999999974597245e+02 -9.639517986316648024e-02
3.654999999974467073e+02 -6.190668701042002509e-01
3.659999999974336333e+02 -5.124396896263145873e-01
3.664999999974206162e+02 -5.900235812076803227e-02
3.669999999974075990e+02 -6.095448985649324358e-01
3.674999999973945819e+02 -3.806961816075631333e-01
3.679999999973815648e+02 -1.321984676304763240e-02
3.684999999973685476e+02 -1.030140735407077734e+00
3.689999999973555305e+02 5.595296377629195746e-03
3.694999999973425133e+02 -1.991325270709464468e-01
3.699999999973294962e+02 -9.617527006741851681e-01
3.704999999973164790e+02 1.200306522624412370e-01
3.709999999973034619e+02 -4.085028310814475816e-01
3.714999999972903879e+02 -9.526238614902881041e-01
3.719999999972773708e+02 9.813094188100442150e-02
3.724999999972643536e+02 -4.162821849411561526e-01
3.729999999972513365e+02 -6.562540152216447265e-01
3.734999999972383193e+02 -1.721811737239458961e-01
3.739999999972253022e+02 -5.571032438571955625e-01
3.744999999972122851e+02 -2.489035518097829636e-01
3.749999999971992679e+02 -5.454607696934473671e-01
3.754999999971862508e+02 -5.500891943102493853e-01
3.759999999971732336e+02 -3.934417308119466106e-01
3.764999999971602165e+02 -5.422523703722345045e-01
3.769999999971471425e+02 1.219384320640555693e-02
3.774999999971341254e+02 -3.111490375326587676e-01
3.779999999971211082e+02 -6.219121172643116147e-01
3.784999999971080911e+02 -2.869123035415998765e-02
3.789999999970950739e+02 -2.139346059336229011e-01
3.794999999970820568e+02 -4.660398867599466755e-01
3.799999999970690396e+02 -2.437713732134297873e-01
3.804999999970560225e+02 -4.329254982336304125e-01
3.809999999970430054e+02 -5.230130723815685778e-01
3.814999999970299882e+02 -1.904820235891304947e-01
3.819999999970169711e+02 -4.932681617347859371e-01
3.824999999970038971e+02 -1.427230943913188610e-01
3.829999999969908799e+02 -3.515545488504634442e-01
3.834999999969778628e+02 -5.405014406300149288e-01
3.839999999969648456e+02 -4.579843110001125539e-01
3.844999999969518285e+02 -2.912384668184130332e-01
3.849999999969388114e+02 -6.306411461636372007e-01
3.854999999969257942e+02 -1.464046033936891034e-01
3.859999999969127771e+02 -2.651797864029123430e-01
3.864999999968997599e+02 -4.971675225929750863e-01
3.869999999968867428e+02 -1.401961012456560129e-01
3.874999999968737256e+02 -5.315321388922841228e-01
3.879999999968606517e+02 -4.168145713026633059e-01
3.884999999968476345e+02 -2.331026907743855014e-01
3.889999999968346174e+02 -5.800400909699485741e-01
3.894999999968216002e+02 -2.782745494043984413e-01
3.899999999968085831e+02 -9.655290915910173799e-02
3.904999999967955659e+02 -4.366788664868772596e-01
3.909999999967825488e+02 -3.780173508779451907e-01
3.914999999967695317e+02 -1.980307421479393093e-01
3.919999999967565145e+02 -6.385341223097994456e-01
3.924999999967434974e+02 -1.431283991475103268e-01
3.929999999967304234e+02 -1.542936682171280327e-01
3.934999999967174062e+02 -8.044634378855614054e-01
3.939999999967043891e+02 -1.621099347442390981e-01
3.944999999966913720e+02 -5.332470419587467259e-01
3.949999999966783548e+02 -5.481280200313577433e-01
3.954999999966653377e+02 -2.871804421934120444e-01
3.959999999966523205e+02 -5.260262664215972217e-01
3.964999999966393034e+02 -3.820204450518342454e-01
3.969999999966262862e+02 -1.808404176858057488e-01
3.974999999966132691e+02 -7.411880033383384525e-01
3.979999999966002520e+02 -4.969859761072464854e-02
3.984999999965871780e+02 -5.557340106430320725e-01
3.989999999965741608e+02 -7.892373629717367445e-01
3.994999999965611437e+02 -2.052077897663835138e-01
3.999999999965481265e+02 -4.035943601666787672e-01
4.004999999965351094e+02 -7.651930614197567371e-01
4.009999999965220923e+02 -1.555987084743769011e-01
4.014999999965090751e+02 -4.240048407016437926e-01
4.019999999964960580e+02 -4.967812921648113722e-01
4.024999999964830408e+02 -3.753960828594744559e-01
4.029999999964700237e+02 -3.807836915792228161e-01
4.034999999964570065e+02 -4.741373953715043998e-01
4.039999999964439326e+02 -4.524172827983592993e-01
4.044999999964309154e+02 -2.974068046890109840e-01
4.049999999964178983e+02 -6.057841929573116735e-01
4.054999999964048811e+02 -2.599298735992681131e-01
4.059999999964079507e+02 -4.685601637540408593e-01
4.064999999964400104e+02 -4.801301358860625146e-01
4.069999999964720132e+02 -2.216373094270823463e-01
4.074999999965040729e+02 -4.523998811728084379e-01
4.079999999965360757e+02 -3.698538281036393149e-01
4.084999999965681354e+02 -4.021058448302384236e-01
4.089999999966001383e+02 -1.471892766871892577e-01
4.094999999966321980e+02 -5.052247740748945226e-01
4.099999999966642008e+02 -4.638088746596087386e-01
4.104999999966962605e+02 -4.553755950666958374e-01
4.109999999967282633e+02 -5.137076715609549815e-01
4.114999999967603230e+02 -2.385022770842468720e-01
4.119999999967923259e+02 2.293284137260976838e-02
4.124999999968243856e+02 -3.158120286941754618e-01
4.129999999968563884e+02 -5.988527730232954260e-01
4.134999999968884481e+02 -3.266848129156288971e-01
4.139999999969205078e+02 -3.252323510671722429e-01
4.144999999969525106e+02 -4.546918745504288095e-01
4.149999999969845703e+02 -4.892139590345856437e-01
4.154999999970165732e+02 -4.409843107385552075e-01
4.159999999970486328e+02 -2.211554383568815618e-01
4.164999999970806357e+02 -5.630164810924966901e-01
4.169999999971126954e+02 -4.107904681342122721e-01
4.174999999971446982e+02 -3.179941808627814726e-01
4.179999999971767579e+02 -5.674806038755777493e-01
4.184999999972087608e+02 -4.188659089343924613e-01
4.189999999972408204e+02 -3.939409563794754043e-01
4.194999999972728233e+02 -2.827319280871021245e-01
4.199999999973048830e+02 -4.728863539151911821e-01
4.204999999973368858e+02 -5.308008750613457671e-01
4.209999999973689455e+02 -5.992130390701926324e-01
4.214999999974009484e+02 -3.566685262887900332e-01
4.219999999974330080e+02 -2.755595693379586097e-01
4.224999999974650109e+02 -1.660286938541361834e-01
4.229999999974970706e+02 -6.244407876663061741e-01
4.234999999975291303e+02 -3.314633503332943265e-01
4.239999999975611331e+02 -2.563285926578394713e-01
4.244999999975931928e+02 -7.227984312262433209e-01
4.249999999976251956e+02 -3.392016978656458015e-01
4.254999999976572553e+02 -3.446288720862619726e-01
4.259999999976892582e+02 -3.877723836045992578e-01
4.264999999977213179e+02 -1.972489243486030275e-01
4.269999999977533207e+02 -5.015228442445827106e-01
4.274999999977853804e+02 -3.504540663904500142e-01
4.279999999978173832e+02 -1.905349096117702756e-01
4.284999999978494429e+02 -7.343750994077752337e-01
4.289999999978814458e+02 -1.150580243232281336e-01
4.294999999979135055e+02 -5.476420279064385666e-01
4.299999999979455083e+02 -3.943561888271852611e-01
4.304999999979775680e+02 -5.437969228295985724e-01
4.309999999980095708e+02 -2.947942103709246253e-01
4.314999999980416305e+02 -4.974798206266403677e-01
4.319999999980736902e+02 -4.037171650832798719e-01
4.324999999981056931e+02 -3.996523995653399330e-01
4.329999999981377528e+02 -5.651044656006188882e-01
4.334999999981697556e+02 -2.365962325428327961e-01
4.339999999982018153e+02 -6.162412245351792661e-01
4.344999999982338181e+02 -4.252018279454168326e-01
4.349999999982658778e+02 -3.047752016921145835e-01
4.354999999982978807e+02 -3.994824456353076036e-01
4.359999999983299404e+02 -4.967586341589107501e-01
4.364999999983619432e+02 -5.136642506176996026e-01
4.369999999983940029e+02 -3.785109237902455903e-01
4.374999999984260057e+02 -3.235253410317320277e-01
4.379999999984580654e+02 -6.251868039812838451e-02
4.384999999984900683e+02 -5.048665213671811314e-01
4.389999999985221280e+02 -8.702025249640006344e-01
4.394999999985541308e+02 -3.793494572108503937e-01
4.399999999985861905e+02 1.546248256938441423e-02
4.404999999986182502e+02 -6.544572237750555521e-01
4.409999999986502530e+02 -4.254222751561381743e-01
4.414999999986823127e+02 -3.155710392164111366e-02
4.419999999987143156e+02 -5.462116216117812728e-01
4.424999999987463752e+02 -2.704815950459678597e-01
4.429999999987783781e+02 -4.090831181498219005e-01
4.434999999988104378e+02 -2.563709671237410226e-01
4.439999999988424406e+02 -5.545188615266116727e-01
4.444999999988745003e+02 -4.596459998059817531e-01
4.449999999989065032e+02 -1.553840462925332178e-01
4.454999999989385628e+02 -7.743797784351176272e-01
4.459999999989705657e+02 -3.153635869013783344e-01
4.464999999990026254e+02 -3.011738183128124802e-01
4.469999999990346282e+02 -5.258947729335970989e-01
4.474999999990666879e+02 -3.653956526000284866e-01
4.479999999990986908e+02 -2.692301315429769804e-01
4.484999999991307504e+02 -5.729310055480714148e-01
4.489999999991627533e+02 -3.278778745522378246e-01
4.494999999991948130e+02 -3.228822584395878437e-01
4.499999999992268727e+02 -2.822376531332598804e-01
4.504999999992588755e+02 -6.087879417325567921e-01
4.509999999992909352e+02 -1.241751109557848870e-01
4.514999999993229380e+02 -3.773133710211914460e-01
4.519999999993549977e+02 -5.950245330021531887e-01
4.524999999993870006e+02 -2.313837875975796043e-01
4.529999999994190603e+02 -2.581296058774258384e-01
4.534999999994510631e+02 -4.232928784714369286e-01
4.539999999994831228e+02 -5.319997776131460965e-01
4.544999999995151256e+02 -3.515978015345054275e-01
4.549999999995471853e+02 -3.551039639347053911e-01
4.554999999995791882e+02 -3.731512601140112295e-01
4.559999999996112479e+02 -3.943071619199327027e-01
4.564999999996432507e+02 -3.559518891975321786e-01
4.569999999996753104e+02 -4.824765099337032792e-01
4.574999999997073132e+02 -4.351013457011529972e-01
4.579999999997393729e+02 -4.274692134552537937e-01
4.584999999997714326e+02 -5.126598852941464113e-01
4.589999999998034355e+02 -4.911647075626586201e-01
4.594999999998354951e+02 -2.826372584491217976e-01
4.599999999998674980e+02 -2.243029510940261761e-01
4.604999999998995577e+02 -3.531060654122630815e-01
4.609999999999315605e+02 -4.777108137957003509e-01
4.614999999999636202e+02 -3.839650754618726403e-01
4.619999999999956231e+02 -4.363738348297963032e-01
4.625000000000276827e+02 -4.252176815347756267e-01
4.630000000000596856e+02 -2.797271069752237938e-01
4.635000000000917453e+02 -3.720029359325117690e-01
4.640000000001237481e+02 -3.194522772980034619e-01
4.645000000001558078e+02 -2.140700299654464400e-01
4.650000000001878107e+02 -6.219055101203408986e-01
4.655000000002198703e+02 -4.114758380935241155e-01
4.660000000002518732e+02 -5.593266231284638179e-01
4.665000000002839329e+02 -3.674539837094016881e-01
4.670000000003159357e+02 -2.544135173149979570e-02
4.675000000003479954e+02 -5.566559568198776731e-01
4.680000000003800551e+02 -6.638516043097152375e-01
4.685000000004120579e+02 -8.465154479313266936e-03
4.690000000004441176e+02 -5.782281099671788827e-01
4.695000000004761205e+02 -4.023838916900344675e-01
4.700000000005081802e+02 -9.715756059603578021e-02
4.705000000005401830e+02 -2.104585684730830575e-01
4.710000000005722427e+02 -1.531196301075154198e-01
4.715000000006042455e+02 -6.972314203922453935e-01
4.720000000006363052e+02 -1.932963846656444440e-01
4.725000000006683081e+02 -3.205202347949541175e-01
4.730000000007003678e+02 -6.303370593824232371e-01
4.735000000007323706e+02 -2.657640905959614552e-01
4.740000000007644303e+02 -2.428640730795527669e-01
4.745000000007964331e+02 -4.778097771695933860e-01
4.750000000008284928e+02 -4.052932371553354396e-01
4.755000000008604957e+02 -3.801376925219301928e-01
4.760000000008925554e+02 -4.871835279567771071e-01
4.765000000009246151e+02 -3.935976320467921008e-01
4.770000000009566179e+02 3.794519642589795627e-02
4.775000000009886776e+02 -6.874541557085337429e-01
4.780000000010206804e+02 -5.160018466257780823e-01
4.785000000010527401e+02 -3.335963386817482612e-01
4.790000000010847430e+02 -4.433845651172449998e-01
4.795000000011168027e+02 -3.397694391191520280e-01
4.800000000011488055e+02 -2.059126490802511977e-01
4.805000000011808652e+02 -5.561667106222172308e-01
4.810000000012128680e+02 -5.036918311231608492e-01
4.815000000012449277e+02 -3.190369289276486775e-01
4.820000000012769306e+02 -4.314643061775675359e-01
4.825000000013089902e+02 -4.003694749374129280e-01
4.830000000013409931e+02 -3.535355665879280074e-01
4.835000000013730528e+02 -6.979207461672056745e-01
4.840000000014050556e+02 -2.309064576881626751e-01
4.845000000014371153e+02 -7.313760420183877675e-02
4.850000000014691750e+02 -9.009068289694278642e-01
4.855000000015011778e+02 -5.224834129993226606e-01
4.860000000015332375e+02 -1.841638761533083979e-01
4.865000000015652404e+02 -7.712449804183372226e-01
4.870000000015973001e+02 -3.524134923824041588e-01
4.875000000016293029e+02 -4.523456750206701626e-02
4.880000000016613626e+02 -9.224108539426306708e-01
4.885000000016933654e+02 -3.882493313250381384e-01
4.890000000017254251e+02 -1.583781179986885890e-01
4.895000000017574280e+02 -7.476522783107683034e-01
4.900000000017894877e+02 -2.613724696127331382e-01
4.905000000018214905e+02 -4.888590977356751521e-01
4.910000000018535502e+02 -4.341585886880998113e-01
4.915000000018855530e+02 -7.185403290505605334e-01
4.920000000019176127e+02 -3.204975534003499660e-01
4.925000000019496156e+02 -3.511474602416290725e-01
4.930000000019816753e+02 -4.677229861992490689e-01
4.935000000020136781e+02 -4.426098479840075983e-01
4.940000000020457378e+02 -2.023723536915596477e-01
4.945000000020777975e+02 -7.653363398306146648e-01
4.950000000021098003e+02 -4.350859780907851970e-01
4.955000000021418600e+02 1.394226580349151312e-01
4.960000000021738629e+02 -4.947921270405357674e-01
4.965000000022059226e+02 -5.721927043989749606e-01
4.970000000022379254e+02 -1.522132817234908286e-01
4.975000000022699851e+02 -4.780498000248163404e-01
4.980000000023019879e+02 -4.188401393076883750e-01
4.985000000023340476e+02 1.143869514512528898e-02
4.990000000023660505e+02 -3.109077868880127937e-01
4.995000000023981102e+02 -2.835792177726394470e-01
5.000000000024301130e+02 -4.345571649007826109e-01
5.005000000024621727e+02 -2.213447531286437953e-01
5.010000000024941755e+02 -2.603403078022466510e-01
5.015000000025262352e+02 -6.432517769201254731e-01
5.020000000025582381e+02 -3.042374808460154290e-01
5.025000000025902978e+02 -3.748518497310414088e-01
5.030000000026223574e+02 -5.200142583219609094e-01
5.035000000026543603e+02 -4.052346229908938557e-01
5.040000000026864200e+02 -5.222314688063449672e-01
5.045000000027184228e+02 -2.544840237635108138e-01
5.050000000027504825e+02 -2.250912333174962532e-01
5.055000000027824854e+02 -3.784026070292298427e-01
5.060000000028145450e+02 -4.242630233131365336e-01
5.065000000028465479e+02 -1.865026780656664218e-01
5.070000000028786076e+02 -7.251773867000798068e-01
5.075000000029106104e+02 -3.973935066769927471e-01
5.080000000029426701e+02 -1.740921044674729745e-01
5.085000000029746730e+02 -6.288307568872659736e-01
5.090000000030067326e+02 -5.253373716159882578e-01
5.095000000030387355e+02 -2.311558335825794619e-01
5.100000000030707952e+02 -6.626507090480189266e-01
5.105000000031027980e+02 -2.946199593982143927e-01
5.110000000031348577e+02 -4.396339136978542061e-01
5.115000000031668606e+02 -4.110984524743395707e-01
5.120000000031989202e+02 -5.218885839828114603e-01
5.125000000032309799e+02 -5.071156223197575974e-01
5.130000000032630396e+02 -2.619024656597523926e-01
5.135000000032949856e+02 -4.106031586096707819e-01
5.140000000033270453e+02 -5.478777375669154903e-01
5.145000000033591050e+02 -3.355316171131588754e-01
5.150000000033911647e+02 -4.873972452693424162e-01
5.155000000034231107e+02 -4.717540434923880310e-01
5.160000000034551704e+02 -4.020129582480657660e-01
5.165000000034872301e+02 -3.649848154712363457e-01
5.170000000035192897e+02 -3.440115981050343996e-01
5.175000000035512357e+02 -3.441373702193059603e-01
5.180000000035832954e+02 -7.198113370525420773e-01
5.185000000036153551e+02 -2.818590836570261660e-01
5.190000000036474148e+02 -3.951533848375785030e-01
5.195000000036793608e+02 -5.504079635237046908e-01
5.200000000037114205e+02 -5.444949952188435915e-01
5.205000000037434802e+02 -3.884703003597756998e-01
5.210000000037755399e+02 -4.116335154060247747e-01
5.215000000038075996e+02 -2.994134487029878056e-01
5.220000000038395456e+02 -4.841892520718948378e-01
5.225000000038716053e+02 -6.181249375808359758e-01
5.230000000039036649e+02 -1.216215900419305163e-01
5.235000000039357246e+02 -2.932853409287893842e-01
5.240000000039676706e+02 -5.175671595063726649e-01
5.245000000039997303e+02 -3.389638331137644900e-01
5.250000000040317900e+02 -1.634925283785695072e-01
5.255000000040638497e+02 -4.132973828681393846e-01
5.260000000040957957e+02 -3.257342477931398084e-01
5.265000000041278554e+02 -6.693679962357879099e-01
5.270000000041599151e+02 -4.080486282959808197e-01
5.275000000041919748e+02 -1.042873138923106485e-01
5.280000000042239208e+02 -4.641031088129239368e-01
5.285000000042559805e+02 -3.711246440016524595e-01
5.290000000042880401e+02 -1.178556295398901638e-01
5.295000000043200998e+02 -6.387032214455281576e-01
5.300000000043521595e+02 -6.605308565936962584e-01
5.305000000043841055e+02 -1.722068403669798353e-01
5.310000000044161652e+02 -5.053530854968593111e-01
5.315000000044482249e+02 -5.667842162319599586e-01
5.320000000044802846e+02 -4.548964461340617160e-01
5.325000000045122306e+02 -3.151196311792638927e-01
5.330000000045442903e+02 -5.420166010505327314e-01
5.335000000045763500e+02 -1.185240520295247207e-01
5.340000000046084097e+02 -5.002594098604571382e-01
5.345000000046403557e+02 -4.662598947239470770e-01
5.350000000046724153e+02 -1.725181107376689560e-01
5.355000000047044750e+02 -8.488189812282248559e-01
5.360000000047365347e+02 -2.053851606742135849e-01
5.365000000047684807e+02 -5.504121090215996492e-01
5.370000000048005404e+02 -2.014248169365341345e-01
5.375000000048326001e+02 -6.427768800975977026e-01
5.380000000048646598e+02 -3.404308679251553671e-01
5.385000000048967195e+02 -3.045321392576184616e-01
5.390000000049286655e+02 -5.550267373967394668e-01
5.395000000049607252e+02 -4.255766976433422166e-01
5.400000000049927849e+02 -3.489532658926327580e-01
5.405000000050248445e+02 -5.652454921607461547e-01
5.410000000050567905e+02 -1.980922672831170461e-01
5.415000000050888502e+02 -3.654911383777453282e-01
5.420000000051209099e+02 -4.724455412721175751e-01
5.425000000051529696e+02 -3.620915064189337423e-02
5.430000000051849156e+02 -5.162651941735324490e-01
5.435000000052169753e+02 -6.880728378213120111e-01
5.440000000052490350e+02 -2.305370678020216280e-01
5.445000000052810947e+02 -5.291606365400565171e-01
5.450000000053130407e+02 -8.023726161725235340e-01
5.455000000053451004e+02 1.032593035245915614e-01
5.460000000053771601e+02 -5.828154331464334703e-01
5.465000000054092197e+02 -6.471881681572542178e-01
5.470000000054411657e+02 -1.510155906410765858e-01
5.475000000054732254e+02 -6.104663823779854503e-01
5.480000000055052851e+02 -2.910216004431204206e-01
5.485000000055373448e+02 -6.216709019558079585e-02
5.490000000055694045e+02 -5.855731606571604742e-01
5.495000000056013505e+02 -3.951950029469676884e-01
5.500000000056334102e+02 -7.737332502173627224e-02
5.505000000056654699e+02 -4.648611684623462081e-01
5.510000000056975296e+02 -4.931646895675343978e-01
5.515000000057294756e+02 -1.318376353223187913e-01
5.520000000057615352e+02 -4.382559104172028541e-01
5.525000000057935949e+02 -7.773371292659408960e-01
5.530000000058256546e+02 -1.667551701219810445e-01
5.535000000058576006e+02 -3.478525627303782897e-01
5.540000000058896603e+02 -6.476917805817025142e-01
5.545000000059217200e+02 -1.995254663555429409e-01
5.550000000059537797e+02 -5.578940370914889924e-01
5.555000000059857257e+02 -6.480779991765557302e-01
5.560000000060177854e+02 -2.001625798360675834e-01
5.565000000060498451e+02 -4.146861237707493153e-01
5.570000000060819048e+02 -1.242868426186176517e-01
5.575000000061139644e+02 -3.079450223542285481e-01
5.580000000061459104e+02 -7.559361641855932845e-01
5.585000000061779701e+02 -1.204711104130701815e-01
5.590000000062100298e+02 -2.910903425891992469e-01
5.595000000062420895e+02 -7.738846272522769132e-01
5.600000000062740355e+02 -2.103799124956694799e-01
5.605000000063060952e+02 -1.344405006208042597e-01
5.610000000063381549e+02 -6.737001411278628060e-01
5.615000000063702146e+02 -4.670013644880935400e-01
5.620000000064021606e+02 -3.171242066821192696e-01
5.625000000064342203e+02 -3.974839885686121677e-01
5.630000000064662800e+02 -3.205453012490063203e-01
5.635000000064983396e+02 -6.488131605702888161e-01
5.640000000065302856e+02 -2.684491559604344491e-01
5.645000000065623453e+02 -2.542553936763096711e-01
5.650000000065944050e+02 -3.970619772600418873e-01
5.655000000066264647e+02 -4.397246271161267539e-01
5.660000000066585244e+02 -1.004507224569289037e-01
5.665000000066904704e+02 -4.636042955593802084e-01
5.670000000067225301e+02 -4.559252893935438200e-01
5.675000000067545898e+02 -2.327144767886525981e-02
5.680000000067866495e+02 -3.653355927050854768e-01
5.685000000068185955e+02 -2.696889160897090743e-01
5.690000000068506552e+02 -7.605957504890568099e-01
5.695000000068827148e+02 -6.064110463610580815e-02
5.700000000069147745e+02 -3.956074173726958354e-01
5.705000000069467205e+02 -8.521297174392503671e-01
5.710000000069787802e+02 -1.150574291853671827e-01
5.715000000070108399e+02 -3.679978535153333175e-01
5.720000000070428996e+02 -5.897420567727665874e-01
5.725000000070748456e+02 -2.148462560467557791e-01
5.730000000071069053e+02 -5.872697294364644938e-01
5.735000000071389650e+02 -3.846233996422216972e-01
5.740000000071710247e+02 -2.879475082754824333e-01
5.745000000072030844e+02 -6.954575100017762468e-01
5.750000000072350304e+02 -1.513148281008378643e-03
5.755000000072670900e+02 -3.133946088456333601e-01
5.760000000072991497e+02 -6.752223389170525225e-01
5.765000000073312094e+02 -4.342883759904782315e-02
5.770000000073631554e+02 -3.531156379123870370e-01
5.775000000073952151e+02 -6.194164567798671195e-01
5.780000000074272748e+02 -2.649906950282986950e-01
5.785000000074593345e+02 -3.830955212336938365e-01
5.790000000074912805e+02 -5.413604524584227917e-01
5.795000000075233402e+02 -3.123389534616933805e-01
5.800000000075553999e+02 -3.516609302993993769e-01
5.805000000075874595e+02 -6.020389452246849293e-01
5.810000000076194056e+02 -3.167920491667776672e-01
5.815000000076514652e+02 -3.662030139938706186e-01
5.820000000076835249e+02 -4.604971763377426197e-01
5.825000000077155846e+02 -8.036331096606499913e-02
5.830000000077476443e+02 -6.942372289604480384e-01
5.835000000077795903e+02 -2.466243986717861769e-01
5.840000000078116500e+02 -3.354575061955002852e-02
5.845000000078437097e+02 -8.595998126531043670e-01
5.850000000078757694e+02 -1.073385438239362610e-01
5.855000000079077154e+02 -4.349868263420398895e-01
5.860000000079397751e+02 -5.439563177130435356e-01
5.865000000079718347e+02 -7.866657283322570082e-02
5.870000000080038944e+02 2.888834718776122495e-02
5.875000000080358404e+02 -7.326637584232915668e-01
5.880000000080679001e+02 -3.328287831796085672e-01
5.885000000080999598e+02 -4.386152680865078035e-01
5.890000000081320195e+02 -6.328831478987604342e-01
5.895000000081639655e+02 5.623095572286788968e-02
5.900000000081960252e+02 -1.407962319066627388e-01
5.905000000082280849e+02 -7.913999709756862622e-01
5.910000000082601446e+02 -5.801728417956274544e-04
5.915000000082920906e+02 -4.654724268303499501e-01
5.920000000083241503e+02 -6.750156972366460062e-01
5.925000000083562099e+02 -2.666167860904194997e-01
5.930000000083882696e+02 -2.556318789376595957e-01
5.935000000084203293e+02 -4.971671927005174019e-01
5.940000000084522753e+02 -5.659966746142577332e-01
5.945000000084843350e+02 -5.189730876913185575e-01
5.950000000085163947e+02 -1.823308871512014095e-01
5.955000000085484544e+02 -4.175083810968996390e-01
5.960000000085804004e+02 -4.959400311377723525e-01
5.965000000086124601e+02 -4.235822208905439812e-01
5.970000000086445198e+02 -4.961501251502553056e-01
5.975000000086765795e+02 -7.568339042513341219e-01
5.980000000087085255e+02 -9.257968827872899154e-02
5.985000000087405851e+02 -1.149455863370244385e-01
5.990000000087726448e+02 -4.851197837775436117e-01
5.995000000088047045e+02 -6.255618230894716136e-01
6.000000000088366505e+02 -3.327395554854519211e-01
6.005000000088687102e+02 -2.151692587656306166e-01
6.010000000089007699e+02 -5.055641724351170874e-01
6.015000000089328296e+02 -3.505893753123457968e-01
6.020000000089648893e+02 -2.314429609725078274e-01
6.025000000089968353e+02 -7.341815889526099870e-01
6.030000000090288950e+02 -1.803101431688762246e-01
6.035000000090609547e+02 -3.269548394719654638e-01
6.040000000090930143e+02 -4.188502274905195333e-01
6.045000000091249603e+02 -2.153388530776156329e-01
6.050000000091570200e+02 -6.328025870511865270e-01
6.055000000091890797e+02 -4.297115814562922909e-01
6.060000000092211394e+02 -2.267224197878599801e-01
6.065000000092530854e+02 -6.987551520507057079e-01
6.070000000092851451e+02 6.221275293416089064e-02
6.075000000093172048e+02 -7.526943707041932052e-01
6.080000000093492645e+02 -5.284570176677859665e-01
6.085000000093812105e+02 -4.477935558755683498e-01
6.090000000094132702e+02 -1.874862653346134056e-01
6.095000000094453299e+02 -5.754210378716364538e-01
6.100000000094773895e+02 -3.979796502089142374e-01
6.105000000095094492e+02 -2.142057478783711555e-01
6.110000000095413952e+02 -3.323795446366240025e-01
6.115000000095734549e+02 -7.694466618989243001e-01
6.120000000096055146e+02 -2.384782723661709736e-01
6.125000000096375743e+02 -2.527076259281182957e-01
6.130000000096695203e+02 -7.853444329559696735e-01
6.135000000097015800e+02 -2.370848010506462766e-01
6.140000000097336397e+02 -3.549131075729384244e-01
6.145000000097656994e+02 -3.783772804911952337e-01
6.150000000097976454e+02 -3.235758914688603438e-01
6.155000000098297050e+02 -3.174312613764896374e-01
6.160000000098617647e+02 -2.503294790502553768e-01
6.165000000098938244e+02 -3.068623394743552057e-01
6.170000000099257704e+02 -5.258040286451365342e-01
6.175000000099578301e+02 -7.264162073771575079e-01
6.180000000099898898e+02 -3.873967997968130184e-01
6.185000000100219495e+02 -2.902053694117002203e-01
6.190000000100540092e+02 -6.976330068136428197e-01
6.195000000100859552e+02 -2.502874109998390328e-01
6.200000000101180149e+02 -1.599854174248598604e-01
6.205000000101500746e+02 -6.399642835253680495e-01
6.210000000101821342e+02 -1.182836598081602325e-01
6.215000000102140802e+02 -3.326330841914483250e-01
6.220000000102461399e+02 -5.943734235134719990e-01
6.225000000102781996e+02 -1.466701272707580418e-02
6.230000000103102593e+02 -6.374612758371697163e-01
6.235000000103422053e+02 -4.269989110303769042e-01
6.240000000103742650e+02 -1.762664108667707716e-02
6.245000000104063247e+02 -7.028778798723157584e-01
6.250000000104383844e+02 -2.732826603646262287e-01
6.255000000104703304e+02 -3.972276919575049026e-02
6.260000000105023901e+02 -5.493922386193436092e-01
6.265000000105344498e+02 -3.103371608190016451e-01
6.270000000105665094e+02 -5.525238339509916941e-01
6.275000000105985691e+02 -4.151491537175187041e-01
6.280000000106305151e+02 -5.198246518024242369e-02
6.285000000106625748e+02 -4.797674096777639341e-01
6.290000000106946345e+02 -3.858347294746628520e-01
6.295000000107266942e+02 -3.769670544888949482e-01
6.300000000107586402e+02 -1.693546184134710197e-01
6.305000000107906999e+02 -3.789444696781262834e-01
6.310000000108227596e+02 -5.082819163057570311e-01
6.315000000108548193e+02 -4.920554577851276035e-01
6.320000000108867653e+02 -4.924867550820485329e-01
6.325000000109188250e+02 -4.150167935925400120e-01
6.330000000109508846e+02 -5.267769865824878384e-01
6.335000000109829443e+02 -4.897096999818840724e-01
6.340000000110148903e+02 -9.639214986665083085e-02
6.345000000110469500e+02 -2.593919557820472677e-01
6.350000000110790097e+02 -5.302337478557720418e-01
6.355000000111110694e+02 -6.126495843005557163e-01
6.360000000111430154e+02 -2.841703514242664430e-01
6.365000000111750751e+02 -4.558124575702151571e-01
6.370000000112071348e+02 -4.719283828331204411e-01
6.375000000112391945e+02 -1.812244834680852568e-02
6.380000000112712542e+02 -5.580245769877824058e-01
6.385000000113032002e+02 -7.181155496316485864e-01
6.390000000113352598e+02 6.982746541496859249e-02
6.395000000113673195e+02 -5.640564396610331377e-01
6.400000000113993792e+02 -4.764840165333380506e-01
6.405000000114313252e+02 -3.079714965038016783e-01
6.410000000114633849e+02 -1.348585766985142265e-01
6.415000000114954446e+02 -5.843378694903119674e-01
6.420000000115275043e+02 -2.037029876776706161e-01
6.425000000115594503e+02 -2.651456594869012195e-01
6.430000000115915100e+02 -7.262253544833727759e-01
6.435000000116235697e+02 -1.978859334226276412e-01
6.440000000116556294e+02 -6.508824715597991695e-01
6.445000000116875754e+02 -3.521519601200496785e-01
6.450000000117196350e+02 -3.534703148408512019e-02
6.455000000117516947e+02 -5.387975957435405805e-01
6.460000000117837544e+02 -3.175683401191059518e-01
6.465000000118158141e+02 -1.920762293326554460e-01
6.470000000118477601e+02 -7.470511939526036649e-01
6.475000000118798198e+02 -2.958880704468394574e-01
6.480000000119118795e+02 -3.581730525603853965e-01
6.485000000119439392e+02 -6.497848564880794875e-01
6.490000000119758852e+02 -2.064268129748596803e-01
6.495000000120079449e+02 -2.093590159463482592e-01
6.500000000120400045e+02 -3.253518094561038687e-01
6.505000000120720642e+02 -5.646287066700044210e-01
6.510000000121040102e+02 -4.416975914304586692e-01
6.515000000121360699e+02 -3.697497991105124227e-01
6.520000000121681296e+02 -3.833563852048483822e-01
6.525000000122001893e+02 -2.703973514962186298e-01
6.530000000122321353e+02 -6.958422083134564451e-01
6.535000000122641950e+02 -1.684095189266688330e-01
6.540000000122962547e+02 -3.580563284797119716e-01
6.545000000123283144e+02 -7.403829441557957525e-01
6.550000000123603741e+02 -1.000892927865909693e-01
6.555000000123923201e+02 -8.287507300416857570e-02
6.560000000124243797e+02 -6.340211546940007770e-01
6.565000000124564394e+02 -5.182570003229396427e-01
6.570000000124884991e+02 -4.086410504834594448e-01
6.575000000125204451e+02 -6.765068567025007695e-01
6.580000000125525048e+02 -3.848273397785971772e-01
6.585000000125845645e+02 -2.386066956962373531e-01
6.590000000126166242e+02 -5.488271780796462052e-01
6.595000000126485702e+02 -2.743966686962805435e-01
6.600000000126806299e+02 -3.090708731725191893e-01
6.605000000127126896e+02 -3.463902470649810050e-01
6.610000000127447493e+02 -5.079089952965145649e-01
6.615000000127766953e+02 -5.424531232853863072e-01
6.620000000128087549e+02 -2.503483947831880996e-01
6.625000000128408146e+02 -1.778289215852190408e-01
6.630000000128728743e+02 -4.996829494521645154e-01
6.635000000129049340e+02 -1.945652256658048918e-01
6.640000000129368800e+02 -3.551647692689651192e-01
6.645000000129689397e+02 -3.176702635773515082e-01
6.650000000130009994e+02 -4.854933092767273195e-02
6.655000000130330591e+02 -3.452309008724456230e-01
6.660000000130650051e+02 -2.643145396073639519e-01
6.665000000130970648e+02 -7.702621923778626978e-02
6.670000000131291245e+02 -6.852479460021396740e-01
6.675000000131611841e+02 -5.250509319695337851e-01
6.680000000131931301e+02 -1.968814037016715646e-01
6.685000000132251898e+02 -4.029465317099218957e-01
6.690000000132572495e+02 -4.361510610255798226e-01
6.695000000132893092e+02 -1.874311583375883883e-01
6.700000000133212552e+02 -2.724125038781512465e-01
6.705000000133533149e+02 -5.121554200204725404e-01
6.710000000133853746e+02 -5.633168043221692400e-01
6.715000000134174343e+02 -3.546349019276038850e-01
6.720000000134494940e+02 -5.728555891189534011e-01
6.725000000134814400e+02 -5.136546495255032152e-01
6.730000000135134997e+02 -3.628394563362386527e-01
6.735000000135455593e+02 -4.444884319923683158e-01
6.740000000135776190e+02 -3.353314333216061982e-01
6.745000000136095650e+02 -5.078869971823197771e-01
6.750000000136416247e+02 -2.780995566837560773e-01
6.755000000136736844e+02 -2.487037196809931405e-01
6.760000000137057441e+02 -6.216228321045509375e-01
6.765000000137376901e+02 -1.534355475425497883e-01
6.770000000137697498e+02 -4.195004661968066428e-01
6.775000000138018095e+02 -6.714674404682194897e-01
6.780000000138338692e+02 -4.824166708498217049e-01
6.785000000138658152e+02 -4.840387753430067108e-01
6.790000000138978749e+02 -3.749261343905492261e-01
6.795000000139299345e+02 -3.847508792648241527e-01
6.800000000139619942e+02 -6.321958382004931876e-01
6.805000000139939402e+02 -2.889684365733831695e-01
6.810000000140259999e+02 -3.941187219344532977e-01
6.815000000140580596e+02 -3.870658434290917826e-01
6.820000000140901193e+02 -2.964382099674553461e-01
6.825000000141221790e+02 -5.721479290774869053e-01
6.830000000141541250e+02 -3.404108219664183088e-01
6.835000000141861847e+02 -5.078884061499296942e-01
6.840000000142182444e+02 -6.592504568942298970e-01
6.845000000142503040e+02 -1.661947782122207007e-01
6.850000000142822500e+02 -3.355045991019279805e-01
6.855000000143143097e+02 -6.762552319363662745e-01
6.860000000143463694e+02 -5.108212083835025341e-01
6.865000000143784291e+02 -3.069513671365699525e-01
6.870000000144103751e+02 -5.548684853920545779e-01
6.875000000144424348e+02 -4.061548352684403174e-01
6.880000000144744945e+02 -4.262418688831290936e-01
6.885000000145065542e+02 -2.720259750126184928e-01
6.890000000145385002e+02 -6.187504020503205027e-01
6.895000000145705599e+02 -3.433425897499869928e-01
6.900000000146026196e+02 -3.158712805417635550e-01
6.905000000146346792e+02 -7.892749417955704505e-01
6.910000000146667389e+02 -1.411552639366723816e-01
6.915000000146986849e+02 -3.905774417673564813e-01
6.920000000147307446e+02 -4.541454807961441964e-01
6.925000000147628043e+02 -3.331879775931228527e-01
6.930000000147948640e+02 -5.527767377247450042e-01
6.935000000148268100e+02 -4.161121139991836859e-01
6.940000000148588697e+02 -7.468012845931919219e-02
6.945000000148909294e+02 -4.752482608852823254e-01
6.950000000149229891e+02 -6.417427470904804032e-01
6.955000000149549351e+02 -3.881035724441736501e-01
6.960000000149869948e+02 -3.671583551546671598e-01
6.965000000150190544e+02 -2.086953542390647676e-01
6.970000000150511141e+02 -5.587810220738279599e-01
6.975000000150830601e+02 -2.540178664039623446e-01
6.980000000151151198e+02 -3.122514464206166407e-01
6.985000000151471795e+02 -2.034183372708507354e-01
6.990000000151792392e+02 -5.123370300581966408e-01
6.995000000152112989e+02 -5.010539475348643190e-01
7.000000000152432449e+02 -2.335344835836174193e-03
7.005000000152753046e+02 -2.196127986040448399e-01
7.010000000153073643e+02 -7.237625333146474604e-01
7.015000000153394240e+02 -2.848436879635601882e-01
7.020000000153713700e+02 -1.490579855535149045e-01
7.025000000154034296e+02 -5.147448177561881888e-01
7.030000000154354893e+02 -3.653963290686386145e-01
7.035000000154675490e+02 -4.067589379892340706e-01
7.040000000154994950e+02 -3.055502113351458715e-01
7.045000000155315547e+02 -2.797155099327382488e-01
7.050000000155636144e+02 -2.658457890839140969e-01
7.055000000155956741e+02 -6.408433399252858598e-01
7.060000000156276201e+02 -5.137499860177231481e-01
7.065000000156596798e+02 -3.672873530046402157e-01
7.070000000156917395e+02 -3.938028390666810652e-01
7.075000000157237992e+02 -2.524564786705519870e-01
7.080000000157558588e+02 -2.827845003055429740e-01
7.085000000157878048e+02 -3.482622532125584924e-01
7.090000000158198645e+02 -5.323068646452061570e-01
7.095000000158519242e+02 -4.429748091501499729e-01
7.100000000158839839e+02 -1.108859730210811911e-01
7.105000000159159299e+02 -3.895211958180377909e-01
7.110000000159479896e+02 -5.219635333033595392e-01
7.115000000159800493e+02 -4.145017307228396342e-01
7.120000000160121090e+02 -4.273837635117729294e-01
7.125000000160440550e+02 -2.765685926790760196e-01
7.130000000160761147e+02 -4.794207402998353351e-01
7.135000000161081743e+02 -4.140714333839257688e-01
7.140000000161402340e+02 -6.423048438815497363e-01
7.145000000161721800e+02 -2.824745102386599926e-01
7.150000000162042397e+02 -5.476919307855755703e-02
7.155000000162362994e+02 -7.785101684813965361e-01
7.160000000162683591e+02 -3.640347992935797916e-01
7.165000000163003051e+02 -5.572826882134752635e-01
7.170000000163323648e+02 -5.331509400247841368e-01
7.175000000163644245e+02 -7.419690028226788581e-01
7.180000000163964842e+02 -1.199218184959193745e-01
7.185000000164285439e+02 -4.212378670456177754e-01
7.190000000164604899e+02 -6.076381745411344459e-01
7.195000000164925495e+02 -1.942293546215512479e-01
7.200000000165246092e+02 -5.066962388417232122e-01
7.205000000165566689e+02 -5.232306190211674091e-01
7.210000000165886149e+02 -2.368973215614643690e-01
7.215000000166206746e+02 -6.873093778687147104e-01
7.220000000166527343e+02 -4.911026392245834704e-01
7.225000000166847940e+02 -3.220655074096272497e-01
7.230000000167167400e+02 -5.862383165586111389e-01
7.235000000167487997e+02 -4.427783966666640758e-01
7.240000000167808594e+02 -5.512943448799572099e-01
7.245000000168129191e+02 -7.006075338857246093e-01
7.250000000168448651e+02 -4.521515177419331843e-01
7.255000000168769247e+02 -3.550266254115871933e-01
7.260000000169089844e+02 -4.063190738522040046e-01
7.265000000169410441e+02 -2.783746492189956290e-01
7.270000000169731038e+02 -5.283817928158172084e-01
7.275000000170050498e+02 -3.155808734356735368e-01
7.280000000170371095e+02 -3.016030709046818581e-01
7.285000000170691692e+02 -4.628181729335666961e-01
7.290000000171012289e+02 -4.667118397261978413e-01
7.295000000171331749e+02 -1.258183751869444977e-01
7.300000000171652346e+02 -3.154966106031478756e-01
7.305000000171972943e+02 -3.974889456868896942e-01
7.310000000172293539e+02 -7.099225780534399455e-01
7.315000000172612999e+02 -2.235724538781141690e-01
7.320000000172933596e+02 -1.132133564930622727e-01
7.325000000173254193e+02 -6.052202360626508515e-01
7.330000000173574790e+02 -3.644463127727162743e-01
7.335000000173894250e+02 -7.390665059951836979e-02
7.340000000174214847e+02 -1.564812131474754009e-01
7.345000000174535444e+02 -7.067217940940961896e-01
7.350000000174856041e+02 -1.294735397406295528e-02
7.355000000175176638e+02 -1.673395037487262482e-01
7.360000000175496098e+02 -6.321432399788138312e-01
7.365000000175816695e+02 -2.212713209258936053e-01
7.370000000176137291e+02 -6.647401041493441465e-01
7.375000000176457888e+02 -4.386313826195629151e-01
7.380000000176777348e+02 -1.856142904065009036e-01
7.385000000177097945e+02 -2.585930073141406993e-01
7.390000000177418542e+02 -4.084013368462833249e-01
7.395000000177739139e+02 -4.871842785494561179e-01
7.400000000178058599e+02 -3.328108594914362395e-01
7.405000000178379196e+02 -4.204935040918556521e-01
7.410000000178699793e+02 -1.753046332246215033e-01
7.415000000179020390e+02 -5.275482232151811335e-01
7.420000000179339850e+02 -2.683817650341333017e-01
7.425000000179660447e+02 -2.275858845479886428e-01
7.430000000179981043e+02 -8.272388075221237536e-01
7.435000000180301640e+02 -7.353197138208142358e-02
7.440000000180622237e+02 -3.197469051495916981e-01
7.445000000180941697e+02 -5.116957961904674557e-01
7.450000000181262294e+02 -3.110073292477177342e-01
7.455000000181582891e+02 -4.220297753522092021e-01
7.460000000181903488e+02 -4.600003005733654393e-01
7.465000000182222948e+02 -3.255073016906446237e-01
7.470000000182543545e+02 -4.015227609979046264e-01
7.475000000182864142e+02 -6.804047781174890064e-01
7.480000000183184738e+02 -3.521452521626202148e-01
7.485000000183504199e+02 -3.088115222365053758e-01
7.490000000183824795e+02 -7.921589962562469722e-01
7.495000000184145392e+02 -9.701429049339022059e-02
7.500000000184465989e+02 -2.360496009754830538e-01
7.505000000184785449e+02 -3.468418172689379797e-01
7.510000000185106046e+02 -5.255056999267525564e-01
7.515000000185426643e+02 -2.445172032478359625e-01
7.520000000185747240e+02 -5.685128864300322826e-01
7.525000000186067837e+02 -5.269359515453856391e-01
7.530000000186387297e+02 -3.748168746244279204e-01
7.535000000186707894e+02 8.490598247075126226e-03
7.540000000187028490e+02 -5.123815396789987986e-01
7.545000000187349087e+02 -5.053645745947685786e-01
7.550000000187668547e+02 -5.012990703290615135e-01
7.555000000187989144e+02 -1.504304361782312915e-01
7.560000000188309741e+02 -8.582548191324181897e-01
7.565000000188630338e+02 -2.539420180474580291e-01
7.570000000188949798e+02 -7.572276697315098726e-02
7.575000000189270395e+02 -7.164515701927308688e-01
7.580000000189590992e+02 -4.500138439123470557e-01
7.585000000189911589e+02 -1.766055548381751938e-01
7.590000000190231049e+02 -4.310592180130263795e-01
7.595000000190551646e+02 -1.924311749110039771e-01
7.600000000190872242e+02 -2.241390308200718606e-01
7.605000000191192839e+02 -6.506899632191374128e-01
7.610000000191512299e+02 -5.702543827635158102e-01
7.615000000191832896e+02 -1.407998698020691553e-01
7.620000000192153493e+02 -3.766002121777213829e-01
7.625000000192474090e+02 -3.587183591857200926e-01
7.630000000192794687e+02 -5.013057331171324460e-01
7.635000000193114147e+02 -5.191934874024463076e-01
7.640000000193434744e+02 -3.966870527759367993e-01
7.645000000193755341e+02 -1.858734183507294579e-01
7.650000000194075938e+02 -3.703549721606844147e-01
7.655000000194395398e+02 -5.255360194361325954e-01
7.660000000194715994e+02 -3.134550463226692396e-01
7.665000000195036591e+02 -5.826635433665771080e-01
7.670000000195357188e+02 -5.135740259082322012e-01
7.675000000195676648e+02 -3.373946868551115363e-01
7.680000000195997245e+02 -4.698447703000199205e-01
7.685000000196317842e+02 -1.974531391171289174e-01
7.690000000196638439e+02 -4.088215800974140390e-01
7.695000000196957899e+02 -7.338937395249695017e-01
7.700000000197278496e+02 3.595963359048413160e-02
7.705000000197599093e+02 -2.511646080179135709e-01
7.710000000197919690e+02 -4.415716923916371273e-01
7.715000000198240286e+02 -3.870643219378320787e-01
7.720000000198559746e+02 -3.393793062496454627e-01
7.725000000198880343e+02 -5.705091826302536306e-01
7.730000000199200940e+02 1.390774531711206838e-02
7.735000000199521537e+02 -5.750176912510340799e-01
7.740000000199840997e+02 -4.345644379388406975e-01
7.745000000200161594e+02 -2.754258620385393597e-01
7.750000000200482191e+02 -5.648138349223473798e-01
7.755000000200802788e+02 -4.211734151142679794e-01
7.760000000201122248e+02 -1.424804504734152044e-01
7.765000000201442845e+02 -4.285965385717436793e-01
7.770000000201763442e+02 -4.329597560899048347e-01
7.775000000202084038e+02 -2.790178749291239990e-01
7.780000000202403498e+02 -5.881879188973179184e-01
7.785000000202724095e+02 -4.206143692596482353e-01
7.790000000203044692e+02 -4.075131480051721877e-01
7.795000000203365289e+02 -4.535567270208873958e-01
7.800000000203685886e+02 -2.170761826019190210e-01
7.805000000204005346e+02 -3.623524126228462872e-01
7.810000000204325943e+02 -4.579865626967544734e-01
7.815000000204646540e+02 -3.913766377745956926e-01
7.820000000204967137e+02 -4.111037892222076939e-01
7.825000000205286597e+02 -5.795099144702451355e-01
7.830000000205607193e+02 -2.141434545773992781e-01
7.835000000205927790e+02 -5.315621394272217470e-01
7.840000000206248387e+02 -6.985575412021745034e-01
7.845000000206567847e+02 -2.466159473515410760e-01
7.850000000206888444e+02 -4.485591815548288230e-01
7.855000000207209041e+02 -5.293110465525812103e-01
7.860000000207529638e+02 -1.895772736915198389e-02
7.865000000207849098e+02 -5.491192219363377758e-01
7.870000000208169695e+02 -5.957431309356522320e-01
7.875000000208490292e+02 -7.611042187987374086e-02
7.880000000208810889e+02 -5.309345380201095921e-01
7.885000000209131485e+02 -4.252197984517999685e-01
7.890000000209450945e+02 -3.802985818342533575e-01
7.895000000209771542e+02 -5.598184412061402160e-01
7.900000000210092139e+02 -2.967893765140051099e-01
7.905000000210412736e+02 -5.996657724758448493e-01
7.910000000210732196e+02 -8.557764961733677067e-02
7.915000000211052793e+02 -5.659970234534504874e-01
7.920000000211373390e+02 -2.912891488868414869e-01
7.925000000211693987e+02 -5.013671518271619609e-01
7.930000000212013447e+02 -4.282119589142903138e-01
7.935000000212334044e+02 -6.482616566709424599e-02
7.940000000212654641e+02 -3.208554952071803745e-01
7.945000000212975237e+02 -5.442092600921643042e-01
7.950000000213294697e+02 -3.384674933709776457e-01
7.955000000213615294e+02 -5.421998538838881387e-01
7.960000000213935891e+02 -1.280234852456464123e-01
7.965000000214256488e+02 -4.148103076663594568e-01
7.970000000214577085e+02 -5.186931334741035071e-01
7.975000000214896545e+02 -2.715095506004865378e-01
7.980000000215217142e+02 -2.499648746583394976e-01
7.985000000215537739e+02 -4.276276701076595077e-01
7.990000000215858336e+02 -2.274566101577518151e-01
7.995000000216177796e+02 -1.306682321040914842e-02
8.000000000216498393e+02 -8.621889535200493171e-01
8.005000000216818989e+02 -2.909179520084540504e-01
8.010000000217139586e+02 -1.592160648472953632e-01
8.015000000217459046e+02 -2.712837642852199416e-01
8.020000000217779643e+02 -6.072200760148018794e-01
8.025000000218100240e+02 -3.326743983476311284e-01
8.030000000218420837e+02 -1.676075964494475323e-01
8.035000000218740297e+02 -8.725690519101556575e-01
8.040000000219060894e+02 -5.306960858104083911e-01
8.045000000219381491e+02 -2.700723140285495316e-01
8.050000000219702088e+02 -3.225666826983772939e-01
8.055000000220021548e+02 -4.980174020575618976e-01
8.060000000220342145e+02 -6.218656571825630364e-01
8.065000000220662741e+02 -5.553745041326416665e-01
8.070000000220983338e+02 -1.953090859763654819e-01
8.075000000221303935e+02 -4.060349248670706568e-01
8.080000000221623395e+02 -5.890816717581627282e-01
8.085000000221943992e+02 -5.242342199302960776e-02
8.090000000222264589e+02 -4.065967125344827626e-01
8.095000000222585186e+02 -3.715238873040065948e-01
8.100000000222904646e+02 -5.228924431441077658e-01
8.105000000223225243e+02 -9.093140882803663061e-02
8.110000000223545840e+02 -1.809897746002674945e-01
8.115000000223866436e+02 -4.363948408282659064e-01
8.120000000224185897e+02 -6.343231278491913427e-02
8.125000000224506493e+02 -3.981040495736895557e-01
8.130000000224827090e+02 -2.363627565203743619e-01
8.135000000225147687e+02 -5.492951527802492073e-01
8.140000000225467147e+02 -2.861165311386913435e-01
8.145000000225787744e+02 -4.352835951913742174e-01
8.150000000226108341e+02 -8.140677664614235365e-01
8.155000000226428938e+02 -2.447385577206662999e-01
8.160000000226749535e+02 -4.888958674312652852e-01
8.165000000227068995e+02 -2.391580980291350411e-01
8.170000000227389592e+02 -4.979866865615300564e-01
8.175000000227710188e+02 -2.860749545932861349e-01
8.180000000228030785e+02 -3.857915097830593165e-01
8.185000000228350245e+02 -6.412730704007112426e-01
8.190000000228670842e+02 -5.261648667224366749e-01
8.195000000228991439e+02 -1.157179512381021624e-01
8.200000000229312036e+02 -5.479525972656178467e-01
8.205000000229631496e+02 -4.716336994132643290e-01
8.210000000229952093e+02 -3.862974201607532465e-01
8.215000000230272690e+02 -5.535619554560803346e-01
8.220000000230593287e+02 -4.776995176261078502e-01
8.225000000230912747e+02 -3.127293994315029080e-01
8.230000000231233344e+02 -5.011002185219517457e-01
8.235000000231553940e+02 -3.294365725377434440e-01
8.240000000231874537e+02 -5.533773262573360441e-01
8.245000000232195134e+02 -1.739738545713091222e-01
8.250000000232514594e+02 -3.515806949838183315e-01
8.255000000232835191e+02 -5.802709531336250892e-01
8.260000000233155788e+02 -4.086518321750345906e-01
8.265000000233476385e+02 -4.350091365758217976e-01
8.270000000233795845e+02 -4.778326884292543597e-01
8.275000000234116442e+02 -4.510359842448207202e-01
8.280000000234437039e+02 -1.465019644411163502e-01
8.285000000234757636e+02 -4.708010137735912926e-01
8.290000000235077096e+02 -4.566805273053558545e-01
8.295000000235397692e+02 -3.877731028646932976e-01
8.300000000235718289e+02 -3.745615417714755480e-01
8.305000000236038886e+02 -6.138548805873987879e-01
8.310000000236358346e+02 -2.529318953615587451e-01
8.315000000236678943e+02 -3.432975827690597503e-01
8.320000000236999540e+02 -2.644090897322351474e-01
8.325000000237320137e+02 -4.781007246215570605e-01
8.330000000237640734e+02 -5.290152688530580516e-01
8.335000000237960194e+02 -3.843583055414482863e-01
8.340000000238280791e+02 -4.046799328752853087e-01
8.345000000238601388e+02 -5.731877889182503960e-01
8.350000000238921984e+02 -1.227754931890113199e-01
8.355000000239241444e+02 -1.648904454665403030e-01
8.360000000239562041e+02 -7.866652441223290770e-01
8.365000000239882638e+02 -3.812629119979144554e-01
8.370000000240203235e+02 -4.778403816276043936e-01
8.375000000240522695e+02 -6.061571229206262901e-01
8.380000000240843292e+02 -5.408186901859247248e-02
8.385000000241163889e+02 -4.628280246208996140e-01
8.390000000241484486e+02 -3.085125001075003093e-01
8.395000000241803946e+02 -3.840764001919148574e-01
8.400000000242124543e+02 -9.342674414287385209e-01
8.405000000242445140e+02 -2.073360418923831175e-02
8.410000000242765736e+02 -4.480646886239924021e-01
8.415000000243086333e+02 -6.589780550874679843e-01
8.420000000243405793e+02 -3.889681863304775833e-01
8.425000000243726390e+02 -6.299810308288009697e-01
8.430000000244046987e+02 -2.354582843595967034e-01
8.435000000244367584e+02 -4.442906232275475320e-01
8.440000000244687044e+02 -3.681610034788780905e-01
8.445000000245007641e+02 -2.078223139886636039e-01
8.450000000245328238e+02 -6.516007746559221436e-01
8.455000000245648835e+02 -3.324226613921228424e-01
8.460000000245968295e+02 -2.561181942579296988e-01
8.465000000246288892e+02 -5.339366271762566729e-01
8.470000000246609488e+02 -4.045106396032873142e-01
8.475000000246930085e+02 -2.561487780526675029e-01
8.480000000247249545e+02 -4.910137043482046271e-01
8.485000000247570142e+02 -3.232144531959487699e-01
8.490000000247890739e+02 -2.822815636224521030e-01
8.495000000248211336e+02 -4.156349994183278773e-01
8.500000000248530796e+02 -2.603366458761791069e-01
8.505000000248851393e+02 -2.700767648439916235e-01
8.510000000249171990e+02 -5.839893552702652979e-01
8.515000000249492587e+02 -2.564384480522724497e-01
8.520000000249813183e+02 -1.976071584705764717e-01
8.525000000250132643e+02 -6.579884536654324600e-01
8.530000000250453240e+02 -2.268399950745008664e-01
8.535000000250773837e+02 -8.393888745678539098e-02
8.540000000251094434e+02 -7.528272561947506603e-01
8.545000000251413894e+02 -4.617651463494412134e-01
8.550000000251734491e+02 -2.140591008678800478e-01
8.555000000252055088e+02 -8.984400963595015055e-01
8.560000000252375685e+02 -2.311717394715335494e-01
8.565000000252695145e+02 -1.038102764852435744e-01
8.570000000253015742e+02 -4.019949539512342462e-01
8.575000000253336339e+02 -5.376807860624913671e-01
8.580000000253656935e+02 -2.811410374882131746e-01
8.585000000253976395e+02 -3.356776076036490641e-01
8.590000000254296992e+02 -6.131266880763460714e-01
8.595000000254617589e+02 -3.285495815761745875e-01
8.600000000254938186e+02 -5.555949584320171164e-01
8.605000000255258783e+02 -3.759846005451196183e-01
8.610000000255578243e+02 -2.129043544920425080e-01
8.615000000255898840e+02 -6.449650704169913595e-01
8.620000000256219437e+02 -6.615241764795549706e-01
8.625000000256540034e+02 -1.270554540705146340e-01
8.630000000256859494e+02 -4.122130331966820660e-01
8.635000000257180091e+02 -8.484020093792123962e-01
8.640000000257500687e+02 1.647926092301852385e-01
8.645000000257821284e+02 -4.082821091464327035e-01
8.650000000258140744e+02 -8.591729747778905635e-01
8.655000000258461341e+02 2.111384011021404938e-01
8.660000000258781938e+02 -6.111430811895161019e-01
8.665000000259102535e+02 -7.867700226245771811e-01
8.670000000259421995e+02 6.590705508753202935e-02
8.675000000259742592e+02 -4.574562661318660184e-01
8.680000000260063189e+02 -5.782217379449690053e-01
8.685000000260383786e+02 2.659390884231875585e-02
8.690000000260704383e+02 -3.493716495033781233e-01
8.695000000261023843e+02 -6.541758034391194077e-01
8.700000000261344439e+02 -1.051344762157242901e-01
8.705000000261665036e+02 -4.589750477604809809e-01
8.710000000261985633e+02 -2.831477748027848573e-01
8.715000000262305093e+02 -5.385617403301247164e-01
8.720000000262625690e+02 -4.854411070562294483e-01
8.725000000262946287e+02 -2.725030854592088714e-01
8.730000000263266884e+02 -4.217221816089221642e-01
8.735000000263586344e+02 -4.149754124125284438e-01
8.740000000263906941e+02 -1.291146455380205449e-01
8.745000000264227538e+02 -3.404585098544826161e-01
8.750000000264548135e+02 -6.536671400742397608e-01
8.755000000264867595e+02 -5.079124753414954174e-01
8.760000000265188191e+02 -3.201526913351906423e-01
8.765000000265508788e+02 -3.986042531140230882e-01
8.770000000265829385e+02 -5.628456564197475975e-01
8.775000000266149982e+02 -4.560787940568842846e-01
8.780000000266469442e+02 -3.919670114388564275e-01
8.785000000266790039e+02 -6.171902048673872931e-01
8.790000000267110636e+02 -8.004899730959329218e-02
8.795000000267431233e+02 -5.015877746131984782e-01
8.800000000267750693e+02 -6.432587269622536130e-01
8.805000000268071290e+02 -3.409490351917468520e-01
8.810000000268391886e+02 -3.195144824292636132e-01
8.815000000268712483e+02 -5.982804794448268737e-01
8.820000000269031943e+02 -2.968126121812226792e-01
8.825000000269352540e+02 -3.194902978537523808e-01
8.830000000269673137e+02 -6.240730521608858217e-01
8.835000000269993734e+02 -1.389562591023527915e-01
8.840000000270313194e+02 -5.197611345862975796e-01
8.845000000270633791e+02 -4.296344225653067062e-01
8.850000000270954388e+02 -4.512054631313203723e-01
8.855000000271274985e+02 -3.584704392278981744e-01
8.860000000271595582e+02 -2.199043763232026161e-01
8.865000000271915042e+02 -4.876304231146481039e-01
8.870000000272235638e+02 -4.241656533692042541e-01
8.875000000272556235e+02 -4.747142919990964272e-01
8.880000000272876832e+02 -5.384777932792095267e-01
8.885000000273196292e+02 -5.863951820067241361e-01
8.890000000273516889e+02 -2.802239607924458809e-01
8.895000000273837486e+02 -5.458750776160083973e-01
8.900000000274158083e+02 -3.933617714304700197e-01
8.905000000274477543e+02 -4.681704470993902079e-01
8.910000000274798140e+02 -3.966776089406747752e-01
8.915000000275118737e+02 -4.224767147468893591e-01
8.920000000275439334e+02 -2.925417708266332961e-01
8.925000000275758794e+02 -1.281863184453304050e-01
8.930000000276079390e+02 -2.861900898400387971e-01
8.935000000276399987e+02 -2.978039659729400657e-01
8.940000000276720584e+02 -5.197988390652238389e-01
8.945000000277040044e+02 -2.777895776574525466e-01
8.950000000277360641e+02 -5.180558734239639751e-01
8.955000000277681238e+02 -4.668681894438262980e-01
8.960000000278001835e+02 -6.333744073098840355e-01
8.965000000278322432e+02 -2.670416567343605330e-01
8.970000000278641892e+02 -3.807854047039412326e-01
8.975000000278962489e+02 -5.585621181581671424e-01
8.980000000279283086e+02 -4.212644478555356842e-01
8.985000000279603682e+02 -2.354246245589801945e-01
8.990000000279923142e+02 -2.200641562685108077e-01
8.995000000280243739e+02 -4.714097606888958958e-01
9.000000000280564336e+02 -3.481893693562292391e-01
9.005000000280884933e+02 -6.147392553685047112e-01
9.010000000281204393e+02 -5.792115817733658467e-01
9.015000000281524990e+02 -3.056836263157103883e-01
9.020000000281845587e+02 -3.946073430900063350e-01
9.025000000282166184e+02 -6.611031255362702641e-01
9.030000000282485644e+02 -3.789135331242219351e-01
9.035000000282806241e+02 -5.224647846502316062e-01
9.040000000283126838e+02 -4.441095251623094486e-01
9.045000000283447434e+02 5.555428315906262363e-03
9.050000000283768031e+02 -4.234865885132577112e-01
9.055000000284087491e+02 -4.301331711009936387e-01
9.060000000284408088e+02 -4.317956795905874001e-01
9.065000000284728685e+02 -5.205624234307043574e-01
9.070000000285049282e+02 -6.717053586682660005e-02
9.075000000285368742e+02 -6.907100634689015140e-01
9.080000000285689339e+02 -7.101827926923489631e-01
9.085000000286009936e+02 9.902333444354424058e-03
9.090000000286330533e+02 -2.912013337408218550e-01
9.095000000286649993e+02 -6.316071099444363623e-01
9.100000000286970590e+02 -1.998050475883528243e-01
9.105000000287291186e+02 -5.023059473720171697e-01
9.110000000287611783e+02 -6.518264317398787533e-01
9.115000000287931243e+02 -2.051595672400698678e-01
9.120000000288251840e+02 -1.400239885918094784e-01
9.125000000288572437e+02 -2.305200060523492911e-01
9.130000000288893034e+02 -6.132058329536562713e-01
9.135000000289213631e+02 -1.100289848424522085e-02
9.140000000289533091e+02 -4.352242285757151330e-01
9.145000000289853688e+02 -7.513580770091879968e-01
9.150000000290174285e+02 -5.001359469055211698e-02
9.155000000290494881e+02 -7.070685541078194358e-01
9.160000000290814341e+02 -4.407617532791647807e-01
9.165000000291134938e+02 -2.449320054708977179e-01
9.170000000291455535e+02 -5.244174536257739661e-01
9.175000000291776132e+02 -6.783491400901041635e-01
9.180000000292095592e+02 2.304731042086201678e-02
9.185000000292416189e+02 -1.729686679006720296e-01
9.190000000292736786e+02 -3.119832431536865291e-01
9.195000000293057383e+02 -7.216155236925408945e-02
9.200000000293376843e+02 -4.375957149452017192e-02
9.205000000293697440e+02 -5.616398035327867522e-01
9.210000000294018037e+02 -4.854038665656523754e-01
9.215000000294338633e+02 -1.565953131717294777e-01
9.220000000294659230e+02 -2.814976700360751205e-01
9.225000000294978690e+02 -1.975868215288546503e-01
9.230000000295299287e+02 -4.362791594421708274e-01
9.235000000295619884e+02 -4.053627847622711111e-01
9.240000000295940481e+02 -6.768090871847685097e-01
9.245000000296259941e+02 -6.644440403963143282e-01
9.250000000296580538e+02 -1.823855212881702118e-02
9.255000000296901135e+02 -5.330943253182147679e-01
9.260000000297221732e+02 -4.487481863635164325e-01
9.265000000297541192e+02 -2.166648878369260567e-01
9.270000000297861789e+02 -1.248727645910437667e-01
9.275000000298182385e+02 -4.080232564362182845e-01
9.280000000298502982e+02 -3.166879768668990902e-01
9.285000000298822442e+02 -4.249819163754198215e-01
9.290000000299143039e+02 -5.975332992136047627e-01
9.295000000299463636e+02 -7.533937734546823639e-02
9.300000000299784233e+02 -5.439714234878534338e-01
9.305000000300104830e+02 -7.390162649663792882e-01
9.310000000300424290e+02 7.476606816061490135e-02
9.315000000300744887e+02 -6.230400758732927979e-01
9.320000000301065484e+02 -6.939175770043701785e-01
9.325000000301386081e+02 7.131683497242912416e-03
9.330000000301705541e+02 -7.424991133381187991e-01
9.335000000302026137e+02 -3.458906064781582246e-01
9.340000000302346734e+02 7.739101808682241623e-02
9.345000000302667331e+02 -6.883334002867895762e-01
9.350000000302986791e+02 -2.616467225047847123e-01
9.355000000303307388e+02 -6.757990777250595382e-01
9.360000000303627985e+02 -1.624868231177476752e-01
9.365000000303948582e+02 -1.513371919597099324e-01
9.370000000304268042e+02 -7.665816084525211016e-01
9.375000000304588639e+02 -5.287752481274855532e-01
9.380000000304909236e+02 -1.684739048349634949e-01
9.385000000305229833e+02 -6.459013287002929316e-01
9.390000000305549293e+02 -3.277342970128584443e-01
9.395000000305869889e+02 6.052186184568973670e-02
9.400000000306190486e+02 -2.767022805080113779e-01
9.405000000306511083e+02 -4.779080949157754055e-01
9.410000000306831680e+02 -6.137956841044079903e-01
9.415000000307151140e+02 -3.479898561752828856e-01
9.420000000307471737e+02 -7.464438831518842299e-02
9.425000000307792334e+02 -4.439734332782055981e-01
9.430000000308112931e+02 -5.914641307029762096e-01
9.435000000308432391e+02 -2.815612340635451627e-01
9.440000000308752988e+02 -3.378258123313467309e-01
9.445000000309073585e+02 -4.959212574834965803e-01
9.450000000309394181e+02 -4.394735738971953243e-01
9.455000000309713641e+02 -1.867747492979707769e-01
9.460000000310034238e+02 -6.148194029275149131e-01
9.465000000310354835e+02 -4.636442696227534022e-01
9.470000000310675432e+02 -1.720826221053579352e-01
9.475000000310994892e+02 -7.481236822850668711e-01
9.480000000311315489e+02 -1.624030889054394466e-01
9.485000000311636086e+02 -5.478960299234549858e-01
9.490000000311956683e+02 -5.844109503172518760e-01
9.495000000312277280e+02 -7.287761433752965035e-02
9.500000000312596740e+02 -5.650500621009424407e-01
9.505000000312917336e+02 -3.108695411944715215e-01
9.510000000313237933e+02 -5.022643863714200130e-01
9.515000000313558530e+02 -2.581762054119704497e-01
9.520000000313877990e+02 -3.611590644860847021e-01
9.525000000314198587e+02 -4.600745080766361905e-01
9.530000000314519184e+02 -5.146978182668560109e-01
9.535000000314839781e+02 -3.685359682552314387e-01
9.540000000315159241e+02 -2.734039893901221152e-01
9.545000000315479838e+02 -3.462030659363186658e-01
9.550000000315800435e+02 -5.111535616896571987e-01
9.555000000316121032e+02 -2.790048420869399859e-01
9.560000000316440492e+02 -3.462959485023868744e-01
9.565000000316761088e+02 -3.930212584452499325e-01
9.570000000317081685e+02 -4.442213764991082559e-01
9.575000000317402282e+02 -3.827567628299791136e-01
9.580000000317722879e+02 -4.242481042755386067e-01
9.585000000318042339e+02 -7.209708110630846933e-01
9.590000000318362936e+02 -1.498135557088530745e-01
9.595000000318683533e+02 -5.428764676571259384e-01
9.600000000319004130e+02 -3.854837311909879993e-01
9.605000000319323590e+02 8.478901395583385292e-02
9.610000000319644187e+02 -8.184265766030859313e-01
9.615000000319964784e+02 -3.442376310633482039e-01
9.620000000320285380e+02 -1.682893048980370621e-01
9.625000000320604840e+02 -5.660150994093703369e-01
9.630000000320925437e+02 -4.582306675874364132e-01
9.635000000321246034e+02 -1.883982855947219093e-01
9.640000000321566631e+02 -6.377564513474308638e-01
9.645000000321886091e+02 -1.949381472779264379e-01
9.650000000322206688e+02 -4.137596453534737595e-01
9.655000000322527285e+02 -3.550305713456107237e-01
9.660000000322847882e+02 -3.126235272839688051e-01
9.665000000323168479e+02 -3.656346287815429030e-01
9.670000000323487939e+02 -4.311116482687618046e-01
9.675000000323808536e+02 -4.358355101005302878e-01
9.680000000324129132e+02 -2.003792977822749788e-01
9.685000000324449729e+02 -3.960985097534039934e-01
9.690000000324769189e+02 -5.009312491259533262e-01
9.695000000325089786e+02 -1.138883450459190622e-01
9.700000000325410383e+02 -4.332468908828859822e-01
9.705000000325730980e+02 -5.386009896329959634e-01
9.710000000326050440e+02 -4.081219497062133494e-01
9.715000000326371037e+02 -4.428521156650672697e-01
9.720000000326691634e+02 -3.117476747648562085e-01
9.725000000327012231e+02 -2.796439218914905100e-01
9.730000000327331691e+02 -4.164198856382753666e-01
9.735000000327652288e+02 -3.679967813767462959e-01
9.740000000327972884e+02 -2.306816733872950331e-01
9.745000000328293481e+02 -3.374425983226393422e-01
9.750000000328614078e+02 -8.708378492476710753e-02
9.755000000328933538e+02 -6.407057704258625197e-01
9.760000000329254135e+02 -5.846694247598193117e-01
9.765000000329574732e+02 -1.804773915808188800e-01
9.770000000329895329e+02 -2.881717442460192125e-01
9.775000000330214789e+02 -2.660350219900659702e-02
9.780000000330535386e+02 -5.800848661766486725e-01
9.785000000330855983e+02 -3.677578088313859794e-01
9.790000000331176579e+02 -6.026177612221993440e-01
9.795000000331496040e+02 -3.796909671124144015e-01
9.800000000331816636e+02 -4.669236432349870847e-01
9.805000000332137233e+02 -1.333032156569831927e-01
9.810000000332457830e+02 -2.422497788348388081e-01
9.815000000332777290e+02 -7.410939749623013384e-01
9.820000000333097887e+02 -2.148570655687840614e-01
9.825000000333418484e+02 -2.480658507110023447e-01
9.830000000333739081e+02 -7.157708877813131476e-01
9.835000000334058541e+02 -4.804356976155862990e-01
9.840000000334379138e+02 -2.692738498071372000e-01
9.845000000334699735e+02 -2.373626693250738273e-01
9.850000000335020331e+02 -2.102070396563299470e-01
9.855000000335340928e+02 -3.473913673834072569e-01
9.860000000335660388e+02 -5.582353756232474318e-01
9.865000000335980985e+02 -2.471183535932950925e-01
9.870000000336301582e+02 -5.289008686280995963e-01
9.875000000336622179e+02 -4.450715498804622139e-01
9.880000000336941639e+02 -2.506226503342502410e-01
9.885000000337262236e+02 -3.221029962823092618e-01
9.890000000337582833e+02 -4.103404201979660715e-01
9.895000000337903430e+02 -5.330352297916571835e-01
9.900000000338222890e+02 -3.555653269645958625e-01
9.905000000338543487e+02 -6.163316824225196777e-01
9.910000000338864083e+02 -2.550775227792124178e-01
9.915000000339184680e+02 -3.513814626046267708e-01
9.920000000339504140e+02 -1.849768416626854095e-01
9.925000000339824737e+02 -6.016144172668272949e-01
9.930000000340145334e+02 -5.222685304711796039e-01
9.935000000340465931e+02 -3.746959805993388959e-01
9.940000000340786528e+02 -2.021387407958133986e-01
9.945000000341105988e+02 -6.105316590189785453e-01
9.950000000341426585e+02 -4.504267210911008235e-01
9.955000000341747182e+02 -2.539283569192805623e-01
9.960000000342067779e+02 -4.771694763111418713e-01
9.965000000342387239e+02 -3.094320957281346263e-01
9.970000000342707835e+02 -1.816828908417129074e-01
9.975000000343028432e+02 -1.264341040315304643e-01
9.980000000343349029e+02 -6.569855563329127790e-01
9.985000000343668489e+02 -2.747366906945129528e-01
9.990000000343989086e+02 -6.292400636374190226e-02
9.995000000344309683e+02 -6.865096099726630818e-01
1.000000000034463028e+03 -4.097807204764817302e-01
