# Time (ps)	CV (angstrom)
9.999999999975766229e+01 8.917277165894315072e-01
1.004999999997559001e+02 8.275956662447866430e-01
1.009999999997541380e+02 7.623400104122385335e-01
1.014999999997533990e+02 9.639370348784935816e-01
1.019999999997629061e+02 9.506224286488247355e-01
1.024999999997724132e+02 8.750127396464958407e-01
1.029999999997819060e+02 6.299516950676006255e-01
1.034999999997914131e+02 7.141793014014694574e-01
1.039999999998009201e+02 8.186370524160599960e-01
1.044999999998104272e+02 8.996154214173770480e-01
1.049999999998199343e+02 7.149658835305977567e-01
1.054999999998294413e+02 9.244526183009894593e-01
1.059999999998389484e+02 7.007700451297326216e-01
1.064999999998484554e+02 7.241346749935715366e-01
1.069999999998579483e+02 9.007271848802058667e-01
1.074999999998674554e+02 5.679783094652174347e-01
1.079999999998769624e+02 5.006751115413891062e-01
1.084999999998864695e+02 1.044929058589711302e+00
1.089999999998959765e+02 8.734489099333289097e-01
1.094999999999054836e+02 6.798119092606598191e-01
1.099999999999149907e+02 7.595716779425155663e-01
1.104999999999244977e+02 1.087854617068282126e+00
1.109999999999339906e+02 9.109438800708619111e-01
1.114999999999434976e+02 8.347273290963855841e-01
1.119999999999530047e+02 7.629585813804562466e-01
1.124999999999625118e+02 8.114699825800592015e-01
1.129999999999720188e+02 7.407962006862183202e-01
1.134999999999815259e+02 6.919394326788371741e-01
1.139999999999910330e+02 4.299196548748860924e-01
1.145000000000005400e+02 9.045880597042572635e-01
1.150000000000100329e+02 6.055836928119637808e-01
1.155000000000195399e+02 6.867247172858781390e-01
1.160000000000290470e+02 7.844060377684708429e-01
1.165000000000385540e+02 8.824822159910019614e-01
1.170000000000480611e+02 6.220854961446279363e-01
1.175000000000575682e+02 7.824320585254165294e-01
1.180000000000670752e+02 1.147772900657030304e+00
1.185000000000765823e+02 8.862306665637449399e-01
1.190000000000860751e+02 3.299601931616709116e-01
1.195000000000955822e+02 4.904639635313510770e-01
1.200000000001050893e+02 9.986227317736868780e-01
1.205000000001145963e+02 1.115971511282220829e+00
1.210000000001241034e+02 5.707659554540095437e-01
1.215000000001336105e+02 3.396410686612640895e-01
1.220000000001431175e+02 6.715760194130520055e-01
1.225000000001526246e+02 1.155707053955187691e+00
1.230000000001621174e+02 8.440672351853238942e-01
1.235000000001716245e+02 4.640930194496694083e-01
1.240000000001811316e+02 7.081274367011026749e-01
1.245000000001906386e+02 1.129067160856269902e+00
1.250000000002001457e+02 8.321888225581884901e-01
1.255000000002096527e+02 8.360181767794342411e-01
1.260000000002191598e+02 6.463108007373025155e-01
1.265000000002286527e+02 7.148937454284389759e-01
1.270000000002381597e+02 8.204447962769630953e-01
1.275000000002476668e+02 8.615801697306406659e-01
1.280000000002571880e+02 7.291944149628906136e-01
1.285000000002666809e+02 6.381514150951508313e-01
1.290000000002761738e+02 5.315831564053041802e-01
1.295000000002856950e+02 8.271518434952580545e-01
1.300000000002951879e+02 9.666708807831929651e-01
1.305000000003047091e+02 8.236566535437369607e-01
1.310000000003142020e+02 6.804571829305484654e-01
1.315000000003237233e+02 7.405019111385870989e-01
1.320000000003332161e+02 1.018050544068345609e+00
1.325000000003427090e+02 8.999848305413221672e-01
1.330000000003522302e+02 7.896860934799798670e-01
1.335000000003617231e+02 8.544006233894019253e-01
1.340000000003712444e+02 6.196626664463995571e-01
1.345000000003807372e+02 3.839528658321557097e-01
1.350000000003902585e+02 9.690692911911009677e-01
1.355000000003997513e+02 1.150178565023809885e+00
1.360000000004092726e+02 8.777220591794296922e-01
1.365000000004187655e+02 6.738378743313132579e-01
1.370000000004282583e+02 4.399245025203539772e-01
1.375000000004377796e+02 5.677282841526649637e-01
1.380000000004472724e+02 7.923849323772372832e-01
1.385000000004567937e+02 1.091052515611840468e+00
1.390000000004662866e+02 7.648570141932965472e-01
1.395000000004758078e+02 2.291929695752210061e-01
1.400000000004853007e+02 3.468447762551436497e-01
1.405000000004947935e+02 1.060281849218480454e+00
1.410000000005043148e+02 1.244877225922327524e+00
1.415000000005138077e+02 5.456159716422350758e-01
1.420000000005233289e+02 3.655439727966336982e-01
1.425000000005328218e+02 8.553600894498405438e-01
1.430000000005423431e+02 1.192157064514428599e+00
1.435000000005518359e+02 8.714428019416873283e-01
1.440000000005613572e+02 5.249407670787368252e-01
1.445000000005708500e+02 4.273496899460946796e-01
1.450000000005803429e+02 1.036294889348741144e+00
1.455000000005898642e+02 9.113426527359227425e-01
1.460000000005993570e+02 9.252553084205764611e-01
1.465000000006088783e+02 8.873730976237068635e-01
1.470000000006183711e+02 7.299778220871060430e-01
1.475000000006278924e+02 6.280328853433783109e-01
1.480000000006373853e+02 7.946759896205685125e-01
1.485000000006468781e+02 8.692961012165932866e-01
1.490000000006563994e+02 7.630096063651992111e-01
1.495000000006658922e+02 6.154267548839873481e-01
1.500000000006754135e+02 8.143187737925549063e-01
1.505000000006849064e+02 6.714165703071343083e-01
1.510000000006944276e+02 7.128334915585823328e-01
1.515000000007039205e+02 5.478933652631161610e-01
1.520000000007134133e+02 6.541626246531166977e-01
1.525000000007229346e+02 9.632411858824500017e-01
1.530000000007324275e+02 7.783040143944301992e-01
1.535000000007419487e+02 8.898819167533659202e-01
1.540000000007514416e+02 8.668742677272017749e-01
1.545000000007609628e+02 5.388041200576916268e-01
1.550000000007704557e+02 3.690031266509153363e-01
1.555000000007799770e+02 9.469419296283831944e-01
1.560000000007894698e+02 1.141060692414435973e+00
1.565000000007989627e+02 1.514951863987005432e+00
1.570000000008084839e+02 1.413051459785834574e+00
1.575000000008179768e+02 1.269564443572035906e+00
1.580000000008274981e+02 1.248968673282767394e+00
1.585000000008369909e+02 1.250936513137816508e+00
1.590000000008465122e+02 1.241630850057600544e+00
1.595000000008560050e+02 1.325430110667915606e+00
1.600000000008654979e+02 1.334821225885069573e+00
1.605000000008750192e+02 1.082360563607781545e+00
1.610000000008845120e+02 9.240464943087014493e-01
1.615000000008940333e+02 1.207865840788812539e+00
1.620000000009035261e+02 1.190058284555597146e+00
1.625000000009130474e+02 1.187529779822946052e+00
1.630000000009225403e+02 7.819769326797073594e-01
1.635000000009320615e+02 1.067477156576548847e+00
1.640000000009415544e+02 1.244578710433741797e+00
1.645000000009510472e+02 1.081901507656390260e+00
1.650000000009605685e+02 1.225076076234811850e+00
1.655000000009700614e+02 1.354344676805028458e+00
1.660000000009795826e+02 1.184360628830559037e+00
1.665000000009890755e+02 1.223657590326742373e+00
1.670000000009985968e+02 1.490714913847879242e+00
1.675000000010080896e+02 1.393349911638666505e+00
1.680000000010175825e+02 1.156731672142715883e+00
1.685000000010271037e+02 1.310299380295476102e+00
1.690000000010365966e+02 1.365632969129372487e+00
1.695000000010461179e+02 1.038289406887953792e+00
1.700000000010556107e+02 1.284703605232183632e+00
1.705000000010651320e+02 1.589019957426292651e+00
1.710000000010746248e+02 1.455349648281861086e+00
1.715000000010841177e+02 1.397991016259284569e+00
1.720000000010936390e+02 1.398791421021391645e+00
1.725000000011031318e+02 1.377400917847707129e+00
1.730000000011126531e+02 1.180716031622167206e+00
1.735000000011221459e+02 1.398957877326031607e+00
1.740000000011316672e+02 1.316996165781392891e+00
1.745000000011411601e+02 1.464793110772062867e+00
1.750000000011506813e+02 1.498734396336686592e+00
1.755000000011601742e+02 1.130038663193081439e+00
1.760000000011696670e+02 1.218485823813415747e+00
1.765000000011791883e+02 1.564544883007043863e+00
1.770000000011886812e+02 1.259739709467905699e+00
1.775000000011982024e+02 1.385615092606634846e+00
1.780000000012076953e+02 1.013868707756264920e+00
1.785000000012172165e+02 1.160600626009454794e+00
1.790000000012267094e+02 1.220238270643790646e+00
1.795000000012362023e+02 1.095540346732539083e+00
1.800000000012457235e+02 1.083366879535065941e+00
1.805000000012552164e+02 1.142179375530584240e+00
1.810000000012647376e+02 8.910888611571214923e-01
1.815000000012742305e+02 1.249462524014522069e+00
1.820000000012837518e+02 1.278244274963913130e+00
1.825000000012932446e+02 1.028486484479997465e+00
1.830000000013027659e+02 1.197542399761855281e+00
1.835000000013122587e+02 1.290000618500503959e+00
1.840000000013217516e+02 1.484360019790672336e+00
1.845000000013312729e+02 1.389916820396576824e+00
1.850000000013407657e+02 1.321282525199665159e+00
1.855000000013502870e+02 1.362900900254857550e+00
1.860000000013597798e+02 1.190338025439138692e+00
1.865000000013693011e+02 1.189197217530667983e+00
1.870000000013787940e+02 1.296585064658980269e+00
1.875000000013882868e+02 1.225088390455938425e+00
1.880000000013978081e+02 1.214521841390414192e+00
1.885000000014073009e+02 1.109517139995964019e+00
1.890000000014168222e+02 1.109005599357403060e+00
1.895000000014263151e+02 1.065211550671363527e+00
1.900000000014358363e+02 1.013676801545476680e+00
1.905000000014453292e+02 1.092419357430699511e+00
1.910000000014548220e+02 1.382457558186184432e+00
1.915000000014643433e+02 1.443885091772959539e+00
1.920000000014738362e+02 1.112563219410205528e+00
1.925000000014833574e+02 1.146749961699755849e+00
1.930000000014928503e+02 1.085433867919349593e+00
1.935000000015023716e+02 1.205791648167410690e+00
1.940000000015118644e+02 1.453534525485695506e+00
1.945000000015213857e+02 1.447761458307284865e+00
1.950000000015308785e+02 1.229253648765642692e+00
1.955000000015403714e+02 1.324055833277900662e+00
1.960000000015498927e+02 1.434170414971421392e+00
1.965000000015593855e+02 1.173318187641712917e+00
1.970000000015689068e+02 1.590010594294912316e+00
1.975000000015783996e+02 7.937671094497220636e-01
1.980000000015879209e+02 1.064353406314370476e+00
1.985000000015974138e+02 1.332715498025338619e+00
1.990000000016069066e+02 1.232548549109646840e+00
1.995000000016164279e+02 1.282890081197769705e+00
2.000000000016259207e+02 1.301765305533530981e+00
2.005000000016354420e+02 1.162923888202332501e+00
2.010000000016449349e+02 1.012581207438119968e+00
2.015000000016544561e+02 1.091823414423465977e+00
2.020000000016639490e+02 1.119990439013773598e+00
2.025000000016734703e+02 1.099676770062191222e+00
2.030000000016789556e+02 9.628366113624008404e-01
2.035000000016659385e+02 9.670532363962199840e-01
2.040000000016529214e+02 1.271271073589528289e+00
2.045000000016398758e+02 1.258184074672496378e+00
2.050000000016268586e+02 1.118024702096753975e+00
2.055000000016138415e+02 1.391834327790478554e+00
2.060000000016008244e+02 1.555157778144422354e+00
2.065000000015878072e+02 1.303703204091433587e+00
2.070000000015747617e+02 1.243951357211943831e+00
2.075000000015617445e+02 1.209883689863680223e+00
2.080000000015487274e+02 1.307329354700545121e+00
2.085000000015357102e+02 1.471378768784750379e+00
2.090000000015226931e+02 1.084158107911256774e+00
2.095000000015096475e+02 9.459034802630644778e-01
2.100000000014966304e+02 1.067170743792913434e+00
2.105000000014836132e+02 1.105132957426980589e+00
2.110000000014705961e+02 1.113574308448697092e+00
2.115000000014575789e+02 1.307253314321729531e+00
2.120000000014445618e+02 1.108334968746328864e+00
2.125000000014315162e+02 1.134970165096220285e+00
2.130000000014184991e+02 1.201253067583081480e+00
2.135000000014054820e+02 1.278388936065018688e+00
2.140000000013924648e+02 1.196444542799393718e+00
2.145000000013794477e+02 1.116717422422454753e+00
2.150000000013664021e+02 1.209279285065034237e+00
2.155000000013533850e+02 1.235871492396102278e+00
2.160000000013403678e+02 1.243293075867018871e+00
2.165000000013273507e+02 1.348236854888186231e+00
2.170000000013143335e+02 1.100345483189468121e+00
2.175000000013013164e+02 9.205202978605631081e-01
2.180000000012882708e+02 1.141966687692267612e+00
2.185000000012752537e+02 9.698965389202013343e-01
2.190000000012622365e+02 1.528530331421506183e+00
2.195000000012492194e+02 1.423345632369228397e+00
2.200000000012362023e+02 1.185549088945764495e+00
2.205000000012231567e+02 1.280423831448536776e+00
2.210000000012101395e+02 1.631586878163885590e+00
2.215000000011971224e+02 1.415674458347701448e+00
2.220000000011841053e+02 1.422597592968921187e+00
2.225000000011710881e+02 1.360311019657973519e+00
2.230000000011580710e+02 1.263203355959657159e+00
2.235000000011450254e+02 1.381141251523191560e+00
2.240000000011320083e+02 1.148374273137582335e+00
2.245000000011189911e+02 1.144928707189182937e+00
2.250000000011059740e+02 1.216737656027231829e+00
2.255000000010929568e+02 1.345070522897823473e+00
2.260000000010799113e+02 1.190861685766286149e+00
2.265000000010668941e+02 9.604739117957660222e-01
2.270000000010538770e+02 1.324651503970790678e+00
2.275000000010408598e+02 1.317309129411780466e+00
2.280000000010278427e+02 1.605823730606699140e+00
2.285000000010148256e+02 1.312455052357435425e+00
2.290000000010017800e+02 1.015185129377395024e+00
2.295000000009887628e+02 1.051920926307086335e+00
2.300000000009757457e+02 1.362717546105436606e+00
2.305000000009627286e+02 1.339948584378924723e+00
2.310000000009497114e+02 1.068258682478017141e+00
2.315000000009366659e+02 9.659528944298731989e-01
2.320000000009236487e+02 1.185877313894645013e+00
2.325000000009106316e+02 1.009773529302343098e+00
2.330000000008976144e+02 9.935723090889482245e-01
2.335000000008845973e+02 1.351885454982215906e+00
2.340000000008715517e+02 1.356368261377594031e+00
2.345000000008585346e+02 1.322604822687246884e+00
2.350000000008455174e+02 1.154972132361542059e+00
2.355000000008325003e+02 1.332400460958374167e+00
2.360000000008194831e+02 1.267360632708575796e+00
2.365000000008064660e+02 1.431270786866178257e+00
2.370000000007934204e+02 1.133756382073070723e+00
2.375000000007804033e+02 1.250054898276636850e+00
2.380000000007673862e+02 1.153632929998494872e+00
2.385000000007543690e+02 1.255106035614888649e+00
2.390000000007413519e+02 1.271047519741440146e+00
2.395000000007283063e+02 1.125905497235054842e+00
2.400000000007152892e+02 1.225251104779861100e+00
2.405000000007022720e+02 1.178471922835129915e+00
2.410000000006892549e+02 1.357409504905359610e+00
2.415000000006762377e+02 1.296695336887491168e+00
2.420000000006632206e+02 1.224371696428396827e+00
2.425000000006501750e+02 1.254797536363593480e+00
2.430000000006371579e+02 1.397028748466622394e+00
2.435000000006241407e+02 1.348776733521512172e+00
2.440000000006111236e+02 1.215828436125106604e+00
2.445000000005981065e+02 1.412196887875139417e+00
2.450000000005850609e+02 1.331071634984601237e+00
2.455000000005720437e+02 1.298371984480284791e+00
2.460000000005590266e+02 1.399915702502674941e+00
2.465000000005460095e+02 1.433459346737802953e+00
2.470000000005329923e+02 1.372187914953308496e+00
2.475000000005199752e+02 1.101935336421227429e+00
2.480000000005069296e+02 9.954349125787435026e-01
2.485000000004939125e+02 8.800901012436205262e-01
2.490000000004808953e+02 1.009114109987214292e+00
2.495000000004678782e+02 1.035861235058049390e+00
2.500000000004548610e+02 1.212409339383029527e+00
2.505000000004418155e+02 1.140679666669739634e+00
2.510000000004287983e+02 1.306979646167980125e+00
2.515000000004157812e+02 1.224215435178036993e+00
2.520000000004027640e+02 1.214873603146756187e+00
2.525000000003897469e+02 1.232889345439593720e+00
2.530000000003767013e+02 1.350111349445458186e+00
2.535000000003636842e+02 1.599685727628405552e+00
2.540000000003506671e+02 1.603957409075033924e+00
2.545000000003376499e+02 1.466155609446869956e+00
2.550000000003246328e+02 9.819821809459485795e-01
2.555000000003116156e+02 1.218918197867832287e+00
2.560000000002985985e+02 1.218882188159076341e+00
2.565000000002855813e+02 1.213555139099669944e+00
2.570000000002725642e+02 1.256090118008706513e+00
2.575000000002594902e+02 1.206791471881742961e+00
2.580000000002464731e+02 9.316926370966981397e-01
2.585000000002334559e+02 1.116483340109532429e+00
2.590000000002204388e+02 1.390121188443089073e+00
2.595000000002074216e+02 1.310427759873510345e+00
2.600000000001944045e+02 1.291520788213311288e+00
2.605000000001813873e+02 1.151340568806398679e+00
2.610000000001683702e+02 1.268953199639688334e+00
2.615000000001553531e+02 1.232896945520449039e+00
2.620000000001423359e+02 1.229367054701636430e+00
2.625000000001292619e+02 1.054087036002573363e+00
2.630000000001162448e+02 1.382965758351486496e+00
2.635000000001032276e+02 1.166365750711967353e+00
2.640000000000902105e+02 1.494886474302020707e+00
2.645000000000771934e+02 1.370118142967910124e+00
2.650000000000641762e+02 1.221794303792492986e+00
2.655000000000511591e+02 8.168353380401658370e-01
2.660000000000381419e+02 8.927296953208990749e-01
2.665000000000251248e+02 1.184273912239457438e+00
2.670000000000121076e+02 1.083767818108813064e+00
2.674999999999990905e+02 1.394106068817221988e+00
2.679999999999860165e+02 1.345585910995444445e+00
2.684999999999729994e+02 1.357334557650833329e+00
2.689999999999599822e+02 1.246299958092265792e+00
2.694999999999469651e+02 1.405605716777123426e+00
2.699999999999339479e+02 1.200135452921590629e+00
2.704999999999209308e+02 1.155311590149584955e+00
2.709999999999079137e+02 1.355586634137041724e+00
2.714999999998948965e+02 1.384435116753735207e+00
2.719999999998818794e+02 1.335303659838639412e+00
2.724999999998688622e+02 1.289030054575335038e+00
2.729999999998558451e+02 1.325415621535782407e+00
2.734999999998427711e+02 1.407502171826296555e+00
2.739999999998297540e+02 1.328341952081489641e+00
2.744999999998167368e+02 1.485112486236467522e+00
2.749999999998037197e+02 1.080665310072348229e+00
2.754999999997907025e+02 1.263990989568217760e+00
2.759999999997776854e+02 1.330392066638847792e+00
2.764999999997646682e+02 1.029783311385017219e+00
2.769999999997516511e+02 1.300897537138888449e+00
2.774999999997386340e+02 1.231193473374823988e+00
2.779999999997256168e+02 1.334618841606062922e+00
2.784999999997125997e+02 1.220730276532863146e+00
2.789999999996995257e+02 1.386924883211272608e+00
2.794999999996865085e+02 1.432099380393051957e+00
2.799999999996734914e+02 1.326814726276022816e+00
2.804999999996604743e+02 1.290400656642330945e+00
2.809999999996474571e+02 1.098052248741959946e+00
2.814999999996344400e+02 1.173100019626993396e+00
2.819999999996214228e+02 1.305347175659999026e+00
2.824999999996084057e+02 9.022157295444820369e-01
2.829999999995953885e+02 1.038461834235731018e+00
2.834999999995823714e+02 1.627074037466340828e+00
2.839999999995693543e+02 1.212339900174627338e+00
2.844999999995562803e+02 1.019959875762589174e+00
2.849999999995432631e+02 1.174419878164184805e+00
2.854999999995302460e+02 1.402511740877739221e+00
2.859999999995172288e+02 1.210171243287719633e+00
2.864999999995042117e+02 1.243348816336084406e+00
2.869999999994911946e+02 1.302741551317754265e+00
2.874999999994781774e+02 1.286329865701827391e+00
2.879999999994651603e+02 1.124256216381738449e+00
2.884999999994521431e+02 1.160433701932064299e+00
2.889999999994391260e+02 1.389699595511254326e+00
2.894999999994261088e+02 1.297737776962373690e+00
2.899999999994130349e+02 1.301059070180662802e+00
2.904999999994000177e+02 1.488622851583636608e+00
2.909999999993870006e+02 1.557299424740489213e+00
2.914999999993739834e+02 1.411521082228668122e+00
2.919999999993609663e+02 1.123053435489398844e+00
2.924999999993479491e+02 8.525121626880826087e-01
2.929999999993349320e+02 1.310321693978348190e+00
2.934999999993219149e+02 1.355545247884168969e+00
2.939999999993088977e+02 1.105326159404547592e+00
2.944999999992958806e+02 1.017424736633834703e+00
2.949999999992828634e+02 1.150193024169013256e+00
2.954999999992697894e+02 1.261229083006731866e+00
2.959999999992567723e+02 1.247989762798204172e+00
2.964999999992437552e+02 1.244736831817175648e+00
2.969999999992307380e+02 1.470941266521692325e+00
2.974999999992177209e+02 1.276483740367100994e+00
2.979999999992047037e+02 1.238785036648493820e+00
2.984999999991916866e+02 1.052690513367393832e+00
2.989999999991786694e+02 1.180711392282653982e+00
2.994999999991656523e+02 1.386057952798784632e+00
2.999999999991526352e+02 1.140251910666241431e+00
3.004999999991396180e+02 1.197323143770143927e+00
3.009999999991265440e+02 1.108163883865304067e+00
3.014999999991135269e+02 9.924504847692746656e-01
3.019999999991005097e+02 1.142884253171159603e+00
3.024999999990874926e+02 1.072418285417297890e+00
3.029999999990744755e+02 1.195523419810357479e+00
3.034999999990614583e+02 1.153519004129887060e+00
3.039999999990484412e+02 1.089735458396493106e+00
3.044999999990354240e+02 1.470629727728709923e+00
3.049999999990224069e+02 1.522850169926279085e+00
3.054999999990093897e+02 1.156162780957337377e+00
3.059999999989963158e+02 1.345835115800781079e+00
3.064999999989832986e+02 1.286797793812186619e+00
3.069999999989702815e+02 1.057682903966582044e+00
3.074999999989572643e+02 1.430384312378617961e+00
3.079999999989442472e+02 1.026493277346848920e+00
3.084999999989312300e+02 1.216799070150018869e+00
3.089999999989182129e+02 1.355807315067484309e+00
3.094999999989051958e+02 1.248135826316497443e+00
3.099999999988921786e+02 1.241475990907614957e+00
3.104999999988791615e+02 1.261871404949836073e+00
3.109999999988661443e+02 1.019629028096290968e+00
3.114999999988530703e+02 1.211925466002482743e+00
3.119999999988400532e+02 1.385910913302812020e+00
3.124999999988270361e+02 1.506291487973566934e+00
3.129999999988140189e+02 1.174491248442264713e+00
3.134999999988010018e+02 1.124734286837346442e+00
3.139999999987879846e+02 1.244382059405544805e+00
3.144999999987749675e+02 1.306086811660639668e+00
3.149999999987619503e+02 1.433957428831691416e+00
3.154999999987489332e+02 1.498864534755897093e+00
3.159999999987359161e+02 1.298288495437980972e+00
3.164999999987228989e+02 1.041341629723780526e+00
3.169999999987098249e+02 1.359363983910594209e+00
3.174999999986968078e+02 1.268489166752271302e+00
3.179999999986837906e+02 1.500661424247983655e+00
3.184999999986707735e+02 1.141293839456145598e+00
3.189999999986577564e+02 1.162327612100215068e+00
3.194999999986447392e+02 1.212775946581134301e+00
3.199999999986317221e+02 1.169795377185119500e+00
3.204999999986187049e+02 1.064208598341727097e+00
3.209999999986056878e+02 1.264212214337074647e+00
3.214999999985926706e+02 1.355912099659868364e+00
3.219999999985796535e+02 1.363363637564180442e+00
3.224999999985665795e+02 1.175051917817114155e+00
3.229999999985535624e+02 9.520625917854769193e-01
3.234999999985405452e+02 1.394331370369447098e+00
3.239999999985275281e+02 1.073801039059897544e+00
3.244999999985145109e+02 1.215180039010735014e+00
3.249999999985014938e+02 1.217361995644705930e+00
3.254999999984884766e+02 1.253437120495163315e+00
3.259999999984754595e+02 1.530126004509897886e+00
3.264999999984624424e+02 1.394708673986289948e+00
3.269999999984494252e+02 1.460060759728728952e+00
3.274999999984364081e+02 1.480983754808534281e+00
3.279999999984233341e+02 1.156130112078992633e+00
3.284999999984103169e+02 9.800826760538529081e-01
3.289999999983972998e+02 1.150558197674988570e+00
3.294999999983842827e+02 1.350369855560755505e+00
3.299999999983712655e+02 1.276750339426605541e+00
3.304999999983582484e+02 1.227207336588522324e+00
3.309999999983452312e+02 1.367578528779253899e+00
3.314999999983322141e+02 1.235559390142775937e+00
3.319999999983191969e+02 1.216817708418987509e+00
3.324999999983061798e+02 1.108456683470939064e+00
3.329999999982931627e+02 1.240991040807307488e+00
3.334999999982800887e+02 1.323802976236382767e+00
3.339999999982670715e+02 1.231296129166979281e+00
3.344999999982540544e+02 1.343420953903881943e+00
3.349999999982410372e+02 1.052894421544506631e+00
3.354999999982280201e+02 1.382662995394497996e+00
3.359999999982150030e+02 1.460279305386810167e+00
3.364999999982019858e+02 1.334646873850135806e+00
3.369999999981889687e+02 1.289062723459593718e+00
3.374999999981759515e+02 1.206132694782788839e+00
3.379999999981629344e+02 1.157906882984897079e+00
3.384999999981499172e+02 1.221364667656907654e+00
3.389999999981368433e+02 1.241956577646599502e+00
3.394999999981238261e+02 1.093229877950887552e+00
3.399999999981108090e+02 1.585898820252692909e+00
3.404999999980977918e+02 1.500952114056291142e+00
3.409999999980847747e+02 1.342673245583964947e+00
3.414999999980717575e+02 1.502370561639157609e+00
3.419999999980587404e+02 1.656250058719510365e+00
3.424999999980457233e+02 1.091371521413545098e+00
3.429999999980327061e+02 1.231311646599170917e+00
3.434999999980196890e+02 1.492488352398653184e+00
3.439999999980066718e+02 1.353773529683248489e+00
3.444999999979935978e+02 1.283910981393564965e+00
3.449999999979805807e+02 1.347039797782350057e+00
3.454999999979675636e+02 1.269116989829873088e+00
3.459999999979545464e+02 1.381258992825346255e+00
3.464999999979415293e+02 1.457055034425580375e+00
3.469999999979285121e+02 1.245207078963896707e+00
3.474999999979154950e+02 1.247159261678528974e+00
3.479999999979024778e+02 1.300791417486821810e+00
3.484999999978894607e+02 1.394229012682408397e+00
3.489999999978764436e+02 1.402089632574093470e+00
3.494999999978633696e+02 1.248169694477057501e+00
3.499999999978503524e+02 1.445842181808195903e+00
3.504999999978373353e+02 1.032318553036678521e+00
3.509999999978243181e+02 9.165915912895437057e-01
3.514999999978113010e+02 1.355400847824218546e+00
3.519999999977982839e+02 1.233662272978163665e+00
3.524999999977852667e+02 1.222462783036508904e+00
3.529999999977722496e+02 1.334227154828053541e+00
3.534999999977592324e+02 1.134858272299948734e+00
3.539999999977462153e+02 1.308614476150766315e+00
3.544999999977331981e+02 1.291803843245444172e+00
3.549999999977201242e+02 1.250403497187126955e+00
3.554999999977071070e+02 1.372820082330585834e+00
3.559999999976940899e+02 1.545702988065794869e+00
3.564999999976810727e+02 1.478495866606459819e+00
3.569999999976680556e+02 1.318743493683759427e+00
3.574999999976550384e+02 1.358296461083650319e+00
3.579999999976420213e+02 1.441720478747049006e+00
3.584999999976290042e+02 1.332460491153047988e+00
3.589999999976159870e+02 1.150473018703263683e+00
3.594999999976029699e+02 1.204037539564348114e+00
3.599999999975899527e+02 1.561214754881798505e+00
3.604999999975768787e+02 1.054066088960821990e+00
3.609999999975638616e+02 1.430367663581614712e+00
3.614999999975508445e+02 1.502090377354493356e+00
3.619999999975378273e+02 1.150035682342348764e+00
3.624999999975248102e+02 1.518980931575821813e+00
3.629999999975117930e+02 1.422853486668838707e+00
3.634999999974987759e+02 1.163435002272806162e+00
3.639999999974857587e+02 1.317123120614526188e+00
3.644999999974727416e+02 1.184266195227581475e+00
3.649999999974597245e+02 1.550182623989732056e+00
3.654999999974467073e+02 1.373246230709920246e+00
3.659999999974336333e+02 1.405360085339175003e+00
3.664999999974206162e+02 1.323090581023368184e+00
3.669999999974075990e+02 1.202690099954642156e+00
3.674999999973945819e+02 1.048705769181064840e+00
3.679999999973815648e+02 1.189770292294222598e+00
3.684999999973685476e+02 1.300380697211676484e+00
3.689999999973555305e+02 1.403216341035170567e+00
3.694999999973425133e+02 1.317695119300606343e+00
3.699999999973294962e+02 1.310144382081410264e+00
3.704999999973164790e+02 1.208349565509937440e+00
3.709999999973034619e+02 1.325984714928796437e+00
3.714999999972903879e+02 1.337980107955812459e+00
3.719999999972773708e+02 1.187900096797116500e+00
3.724999999972643536e+02 1.171388568121721319e+00
3.729999999972513365e+02 8.537846065296131881e-01
3.734999999972383193e+02 1.048944220852357834e+00
3.739999999972253022e+02 1.473863104687475944e+00
3.744999999972122851e+02 1.186006889344998427e+00
3.749999999971992679e+02 1.062451196836564637e+00
3.754999999971862508e+02 1.127565251638644295e+00
3.759999999971732336e+02 1.170094093071702979e+00
3.764999999971602165e+02 1.125388981157487311e+00
3.769999999971471425e+02 1.122235288042250367e+00
3.774999999971341254e+02 1.280108135038289241e+00
3.779999999971211082e+02 1.236160249939303846e+00
3.784999999971080911e+02 1.348439937944749367e+00
3.789999999970950739e+02 1.227515716014102143e+00
3.794999999970820568e+02 1.217973698558040052e+00
3.799999999970690396e+02 1.297199069729257914e+00
3.804999999970560225e+02 1.447471701086845419e+00
3.809999999970430054e+02 1.230410415539564983e+00
3.814999999970299882e+02 1.151930231437829466e+00
3.819999999970169711e+02 1.029964538128694373e+00
3.824999999970038971e+02 1.176934497839759342e+00
3.829999999969908799e+02 1.402769394656452784e+00
3.834999999969778628e+02 1.563051988971508210e+00
3.839999999969648456e+02 1.385987592050876405e+00
3.844999999969518285e+02 1.255716876162124462e+00
3.849999999969388114e+02 1.222342660694325067e+00
3.854999999969257942e+02 1.109614892821123799e+00
3.859999999969127771e+02 1.646013713216762264e+00
3.864999999968997599e+02 1.038909125333173256e+00
3.869999999968867428e+02 1.267249847727974110e+00
3.874999999968737256e+02 1.221001731174019334e+00
3.879999999968606517e+02 1.457648510800506170e+00
3.884999999968476345e+02 1.200403110532594075e+00
3.889999999968346174e+02 1.063227738533097488e+00
3.894999999968216002e+02 1.231284506481691965e+00
3.899999999968085831e+02 1.375100401773578618e+00
3.904999999967955659e+02 1.116837694597507369e+00
3.909999999967825488e+02 1.334392509770567115e+00
3.914999999967695317e+02 1.402212801394100206e+00
3.919999999967565145e+02 1.225236965153120305e+00
3.924999999967434974e+02 1.167959606009262075e+00
3.929999999967304234e+02 1.076739609962777733e+00
3.934999999967174062e+02 1.608326575637291977e+00
3.939999999967043891e+02 1.194663442545151444e+00
3.944999999966913720e+02 1.118677879362617977e+00
3.949999999966783548e+02 1.420109286576553442e+00
3.954999999966653377e+02 1.444144837876451648e+00
3.959999999966523205e+02 1.024368079006122256e+00
3.964999999966393034e+02 7.919145912886513816e-01
3.969999999966262862e+02 1.058228067434259900e+00
3.974999999966132691e+02 1.462746044470010442e+00
3.979999999966002520e+02 1.292997736849025081e+00
3.984999999965871780e+02 1.267666483763356888e+00
3.989999999965741608e+02 1.052688504296626304e+00
3.994999999965611437e+02 1.165526001845178738e+00
3.999999999965481265e+02 1.300980126419561289e+00
4.004999999965351094e+02 1.172196174363012044e+00
4.009999999965220923e+02 9.389363859572166238e-01
4.014999999965090751e+02 1.309379615476800263e+00
4.019999999964960580e+02 1.366846469869003045e+00
4.024999999964830408e+02 1.066771131023680930e+00
4.029999999964700237e+02 1.083590386711683173e+00
4.034999999964570065e+02 1.249201923524982272e+00
4.039999999964439326e+02 1.250230312099765317e+00
4.044999999964309154e+02 1.292660437939359142e+00
4.049999999964178983e+02 1.332022626108536167e+00
4.054999999964048811e+02 1.209086209714191007e+00
4.059999999964079507e+02 9.740019621022574237e-01
4.064999999964400104e+02 1.237666386726494538e+00
4.069999999964720132e+02 1.397196834482897554e+00
4.074999999965040729e+02 1.255254747241962621e+00
4.079999999965360757e+02 1.301683430260709873e+00
4.084999999965681354e+02 1.084982654131787294e+00
4.089999999966001383e+02 9.533852961741792198e-01
4.094999999966321980e+02 1.246423799216746620e+00
4.099999999966642008e+02 1.239451187861079218e+00
4.104999999966962605e+02 1.218980321808209810e+00
4.109999999967282633e+02 1.370758542015530379e+00
4.114999999967603230e+02 1.426611014296605529e+00
4.119999999967923259e+02 1.058502489578570849e+00
4.124999999968243856e+02 1.224122299931646340e+00
4.129999999968563884e+02 1.125907646291130826e+00
4.134999999968884481e+02 1.170730248748018010e+00
4.139999999969205078e+02 1.063983013696109481e+00
4.144999999969525106e+02 1.056895522877269622e+00
4.149999999969845703e+02 1.510856338632178275e+00
4.154999999970165732e+02 1.382604260568208732e+00
4.159999999970486328e+02 1.234967739265484532e+00
4.164999999970806357e+02 1.008863518901561340e+00
4.169999999971126954e+02 1.015840557514826603e+00
4.174999999971446982e+02 1.230985212679921670e+00
4.179999999971767579e+02 1.332228636714655634e+00
4.184999999972087608e+02 1.223457322461013685e+00
4.189999999972408204e+02 1.444284038549771720e+00
4.194999999972728233e+02 1.269476303518739746e+00
4.199999999973048830e+02 1.356092716870689552e+00
4.204999999973368858e+02 1.129999890526694584e+00
4.209999999973689455e+02 1.169390022688975073e+00
4.214999999974009484e+02 1.062700929209487555e+00
4.219999999974330080e+02 1.012250229240804211e+00
4.224999999974650109e+02 1.285884595664964936e+00
4.229999999974970706e+02 1.397421656268659662e+00
4.234999999975291303e+02 1.279920159862439677e+00
4.239999999975611331e+02 1.010532879111263549e+00
4.244999999975931928e+02 1.101670908370207647e+00
4.249999999976251956e+02 1.166098608499263278e+00
4.254999999976572553e+02 1.098682253257023067e+00
4.259999999976892582e+02 1.165434337049085167e+00
4.264999999977213179e+02 1.198037454157379722e+00
4.269999999977533207e+02 1.012262135388630746e+00
4.274999999977853804e+02 1.320260343630011546e+00
4.279999999978173832e+02 1.332630470111072052e+00
4.284999999978494429e+02 1.320032555118218598e+00
4.289999999978814458e+02 1.164240516921319690e+00
4.294999999979135055e+02 1.386162037057257823e+00
4.299999999979455083e+02 1.416816537703474488e+00
4.304999999979775680e+02 1.174382079694802794e+00
4.309999999980095708e+02 1.232161011303843701e+00
4.314999999980416305e+02 1.272540318255384051e+00
4.319999999980736902e+02 1.297033284246335461e+00
4.324999999981056931e+02 1.226643107927650300e+00
4.329999999981377528e+02 1.247556818211438490e+00
4.334999999981697556e+02 8.592377929835717243e-01
4.339999999982018153e+02 9.179635656764144613e-01
4.344999999982338181e+02 9.833867060608404431e-01
4.349999999982658778e+02 1.363851519405200330e+00
4.354999999982978807e+02 1.318708927806990339e+00
4.359999999983299404e+02 1.300682751907851209e+00
4.364999999983619432e+02 1.364825939039773450e+00
4.369999999983940029e+02 1.477760459363504975e+00
4.374999999984260057e+02 1.333710040042024092e+00
4.379999999984580654e+02 9.971158204372562173e-01
4.384999999984900683e+02 1.219588647727010811e+00
4.389999999985221280e+02 1.339053712914870076e+00
4.394999999985541308e+02 1.125825929632278122e+00
4.399999999985861905e+02 1.366920015439172076e+00
4.404999999986182502e+02 1.142253341239027886e+00
4.409999999986502530e+02 1.141227444353637432e+00
4.414999999986823127e+02 1.102103380937363708e+00
4.419999999987143156e+02 1.384892146715029471e+00
4.424999999987463752e+02 1.151558437465069140e+00
4.429999999987783781e+02 1.386929437808908316e+00
4.434999999988104378e+02 1.307920152369440814e+00
4.439999999988424406e+02 1.318746541146406104e+00
4.444999999988745003e+02 9.999071512223690616e-01
4.449999999989065032e+02 9.748216402870657493e-01
4.454999999989385628e+02 1.213060014268642073e+00
4.459999999989705657e+02 1.208920404295563023e+00
4.464999999990026254e+02 1.241807824493485590e+00
4.469999999990346282e+02 9.632861016749182381e-01
4.474999999990666879e+02 9.863566272273881497e-01
4.479999999990986908e+02 1.267981251245303698e+00
4.484999999991307504e+02 1.278728066591127144e+00
4.489999999991627533e+02 1.493092883934234560e+00
4.494999999991948130e+02 1.236953278313383198e+00
4.499999999992268727e+02 1.147899273657875696e+00
4.504999999992588755e+02 1.337043057290304926e+00
4.509999999992909352e+02 1.543932017027827008e+00
4.514999999993229380e+02 1.184899469761024449e+00
4.519999999993549977e+02 9.708727639960431643e-01
4.524999999993870006e+02 1.110793978945424865e+00
4.529999999994190603e+02 1.241142273490834169e+00
4.534999999994510631e+02 1.241449865690039012e+00
4.539999999994831228e+02 1.345338776221765009e+00
4.544999999995151256e+02 1.378549516751068404e+00
4.549999999995471853e+02 1.146389483838298418e+00
4.554999999995791882e+02 9.645387942894302347e-01
4.559999999996112479e+02 1.072417554179480925e+00
4.564999999996432507e+02 1.236966265198904624e+00
4.569999999996753104e+02 1.428188746325413039e+00
4.574999999997073132e+02 1.260774592978952668e+00
4.579999999997393729e+02 1.241315915037006556e+00
4.584999999997714326e+02 1.476486605510696437e+00
4.589999999998034355e+02 1.449543347664566717e+00
4.594999999998354951e+02 1.300269231565006844e+00
4.599999999998674980e+02 1.248542123867698583e+00
4.604999999998995577e+02 1.526447772922305601e+00
4.609999999999315605e+02 1.309959853038982658e+00
4.614999999999636202e+02 1.258138630729860985e+00
4.619999999999956231e+02 1.164088289769500850e+00
4.625000000000276827e+02 1.171418981616666244e+00
4.630000000000596856e+02 1.100360263148646212e+00
4.635000000000917453e+02 1.389523091143648470e+00
4.640000000001237481e+02 1.371429960088149436e+00
4.645000000001558078e+02 1.270578288245827636e+00
4.650000000001878107e+02 1.158789406035938496e+00
4.655000000002198703e+02 1.187965238471816898e+00
4.660000000002518732e+02 1.079229453167449559e+00
4.665000000002839329e+02 1.236635605399193150e+00
4.670000000003159357e+02 1.439944868072608797e+00
4.675000000003479954e+02 1.439298258863475510e+00
4.680000000003800551e+02 1.308158748648073466e+00
4.685000000004120579e+02 1.245717150630153425e+00
4.690000000004441176e+02 1.410729597302968541e+00
4.695000000004761205e+02 1.308916987874474191e+00
4.700000000005081802e+02 1.246999321149479201e+00
4.705000000005401830e+02 1.287133175650388539e+00
4.710000000005722427e+02 1.186289908037873930e+00
4.715000000006042455e+02 1.525660072736118478e+00
4.720000000006363052e+02 1.477548345210698333e+00
4.725000000006683081e+02 1.240782876143096569e+00
4.730000000007003678e+02 1.017163673020510029e+00
4.735000000007323706e+02 1.170089502393931502e+00
4.740000000007644303e+02 1.051612431061418107e+00
4.745000000007964331e+02 1.173881870815941975e+00
4.750000000008284928e+02 1.288910780111257592e+00
4.755000000008604957e+02 1.126802181257433144e+00
4.760000000008925554e+02 8.995430161802533409e-01
4.765000000009246151e+02 1.282959378836256548e+00
4.770000000009566179e+02 1.276600161228624852e+00
4.775000000009886776e+02 7.721598424832879504e-01
4.780000000010206804e+02 1.124958622423624321e+00
4.785000000010527401e+02 1.494362512064827175e+00
4.790000000010847430e+02 1.355633986370748056e+00
4.795000000011168027e+02 1.253738262648369073e+00
4.800000000011488055e+02 1.309600998517472359e+00
4.805000000011808652e+02 1.363198950742267490e+00
4.810000000012128680e+02 1.230542475457605534e+00
4.815000000012449277e+02 1.417766468522507317e+00
4.820000000012769306e+02 1.278872868525019468e+00
4.825000000013089902e+02 1.184661550854644085e+00
4.830000000013409931e+02 1.041251944018478870e+00
4.835000000013730528e+02 1.197143281549052807e+00
4.840000000014050556e+02 1.681006576753457660e+00
4.845000000014371153e+02 1.410316902642311687e+00
4.850000000014691750e+02 1.007263803569814264e+00
4.855000000015011778e+02 9.753679738507413655e-01
4.860000000015332375e+02 1.370514992877842619e+00
4.865000000015652404e+02 1.343144067321946356e+00
4.870000000015973001e+02 1.232299067089281497e+00
4.875000000016293029e+02 1.304097139356427792e+00
4.880000000016613626e+02 1.115070263849001764e+00
4.885000000016933654e+02 1.241895216619985032e+00
4.890000000017254251e+02 1.290617645136137082e+00
4.895000000017574280e+02 1.320829700463902467e+00
4.900000000017894877e+02 1.024369042287202936e+00
4.905000000018214905e+02 8.739794681823340738e-01
4.910000000018535502e+02 1.243500723110063877e+00
4.915000000018855530e+02 1.234362824926509727e+00
4.920000000019176127e+02 1.365555998531115200e+00
4.925000000019496156e+02 1.198047013642975722e+00
4.930000000019816753e+02 1.329701716983734849e+00
4.935000000020136781e+02 1.417478318947608118e+00
4.940000000020457378e+02 1.285206203916551937e+00
4.945000000020777975e+02 1.274964663209087412e+00
4.950000000021098003e+02 1.078490391944407323e+00
4.955000000021418600e+02 1.369358798954573686e+00
4.960000000021738629e+02 1.220286135920541470e+00
4.965000000022059226e+02 1.557582854828309271e+00
4.970000000022379254e+02 1.405676510587495542e+00
4.975000000022699851e+02 1.301264864856355619e+00
4.980000000023019879e+02 1.112553688193257395e+00
4.985000000023340476e+02 1.205610954998089124e+00
4.990000000023660505e+02 1.409191475289796269e+00
4.995000000023981102e+02 1.320292682167006015e+00
5.000000000024301130e+02 1.428291935533118062e+00
5.005000000024621727e+02 1.399057539206857159e+00
5.010000000024941755e+02 1.232838806592394754e+00
5.015000000025262352e+02 1.252084224417060021e+00
5.020000000025582381e+02 1.160044896447059326e+00
5.025000000025902978e+02 1.216152758146351376e+00
5.030000000026223574e+02 1.054389092441025522e+00
5.035000000026543603e+02 1.201615440240077604e+00
5.040000000026864200e+02 1.217012822834358854e+00
5.045000000027184228e+02 1.437769900776201260e+00
5.050000000027504825e+02 1.193674980666286523e+00
5.055000000027824854e+02 1.028975798178647816e+00
5.060000000028145450e+02 1.191052167466444933e+00
5.065000000028465479e+02 1.449612449438347328e+00
5.070000000028786076e+02 1.343704141800914353e+00
5.075000000029106104e+02 1.051368758043769613e+00
5.080000000029426701e+02 1.244977219717701367e+00
5.085000000029746730e+02 1.253576362717294224e+00
5.090000000030067326e+02 9.583917307262689311e-01
5.095000000030387355e+02 9.580234709929843495e-01
5.100000000030707952e+02 1.353174254613738858e+00
5.105000000031027980e+02 1.357730942418510223e+00
5.110000000031348577e+02 1.613853924610666013e+00
5.115000000031668606e+02 1.346343731717146497e+00
5.120000000031989202e+02 1.000781989004973171e+00
5.125000000032309799e+02 9.773072221258225500e-01
5.130000000032630396e+02 1.313574358565558819e+00
5.135000000032949856e+02 1.616797480541124044e+00
5.140000000033270453e+02 1.378202389735704969e+00
5.145000000033591050e+02 1.112137812773137613e+00
5.150000000033911647e+02 1.168405715857051774e+00
5.155000000034231107e+02 1.316909040846321322e+00
5.160000000034551704e+02 1.481122942269684994e+00
5.165000000034872301e+02 1.095469400553056083e+00
5.170000000035192897e+02 1.289225346100763447e+00
5.175000000035512357e+02 1.162971198898424152e+00
5.180000000035832954e+02 1.103158657373491724e+00
5.185000000036153551e+02 1.069746604704904458e+00
5.190000000036474148e+02 1.356692300366208803e+00
5.195000000036793608e+02 1.542488795175641858e+00
5.200000000037114205e+02 1.198997465074848279e+00
5.205000000037434802e+02 1.218207265019959129e+00
5.210000000037755399e+02 1.384473248780570209e+00
5.215000000038075996e+02 1.395137161404949033e+00
5.220000000038395456e+02 1.344476232744767241e+00
5.225000000038716053e+02 1.096739073583503865e+00
5.230000000039036649e+02 1.014573193222953584e+00
5.235000000039357246e+02 1.180093992433298045e+00
5.240000000039676706e+02 1.210701270796863849e+00
5.245000000039997303e+02 1.320015764569353323e+00
5.250000000040317900e+02 1.321276648061612047e+00
5.255000000040638497e+02 1.266745444553194488e+00
5.260000000040957957e+02 1.288168843737983682e+00
5.265000000041278554e+02 1.073485593093970181e+00
5.270000000041599151e+02 1.085068103099877002e+00
5.275000000041919748e+02 1.228463271820685154e+00
5.280000000042239208e+02 1.032349600236714071e+00
5.285000000042559805e+02 1.263894647720833264e+00
5.290000000042880401e+02 1.369996025552442376e+00
5.295000000043200998e+02 1.013246313045351954e+00
5.300000000043521595e+02 1.036054461747880406e+00
5.305000000043841055e+02 1.304762764648781159e+00
5.310000000044161652e+02 1.272982045335774970e+00
5.315000000044482249e+02 9.912740825775701037e-01
5.320000000044802846e+02 1.242827390543026267e+00
5.325000000045122306e+02 1.307710186497220484e+00
5.330000000045442903e+02 1.308746905459045484e+00
5.335000000045763500e+02 1.262424256448778870e+00
5.340000000046084097e+02 1.140633466538203855e+00
5.345000000046403557e+02 1.450680692149234785e+00
5.350000000046724153e+02 1.323016172635724796e+00
5.355000000047044750e+02 1.296620477953694950e+00
5.360000000047365347e+02 1.236274068197736220e+00
5.365000000047684807e+02 1.283620849926806029e+00
5.370000000048005404e+02 1.569437377728578165e+00
5.375000000048326001e+02 1.177939096550158826e+00
5.380000000048646598e+02 1.199320194090335523e+00
5.385000000048967195e+02 1.290042494901144643e+00
5.390000000049286655e+02 1.168146473130784235e+00
5.395000000049607252e+02 9.929310005747316037e-01
5.400000000049927849e+02 1.505953888759573589e+00
5.405000000050248445e+02 1.262958950522352408e+00
5.410000000050567905e+02 1.103525842724986106e+00
5.415000000050888502e+02 1.543912660537932302e+00
5.420000000051209099e+02 1.329128041520689418e+00
5.425000000051529696e+02 1.204323633737201860e+00
5.430000000051849156e+02 1.092660075386576723e+00
5.435000000052169753e+02 1.206076187340747508e+00
5.440000000052490350e+02 1.218404470858777566e+00
5.445000000052810947e+02 1.366331401823056568e+00
5.450000000053130407e+02 9.656392085251028767e-01
5.455000000053451004e+02 9.936008959359504678e-01
5.460000000053771601e+02 1.401095494520643969e+00
5.465000000054092197e+02 1.235886489864969517e+00
5.470000000054411657e+02 1.337060587658048583e+00
5.475000000054732254e+02 1.024544560359232692e+00
5.480000000055052851e+02 1.088202696612076581e+00
5.485000000055373448e+02 1.409476385461621684e+00
5.490000000055694045e+02 1.290461134449496061e+00
5.495000000056013505e+02 1.227210111161508355e+00
5.500000000056334102e+02 1.197003839877746056e+00
5.505000000056654699e+02 1.075327279573269790e+00
5.510000000056975296e+02 1.084346027161671611e+00
5.515000000057294756e+02 1.405343690257402578e+00
5.520000000057615352e+02 1.304813414475643585e+00
5.525000000057935949e+02 1.503217226234209392e+00
5.530000000058256546e+02 1.367872610051759530e+00
5.535000000058576006e+02 1.277192855106044078e+00
5.540000000058896603e+02 8.381237024260779211e-01
5.545000000059217200e+02 9.345023030240965367e-01
5.550000000059537797e+02 1.069168507469516305e+00
5.555000000059857257e+02 1.279794719368548161e+00
5.560000000060177854e+02 1.205761759111466658e+00
5.565000000060498451e+02 1.317847340737996698e+00
5.570000000060819048e+02 1.219947247510793753e+00
5.575000000061139644e+02 1.234909214830762547e+00
5.580000000061459104e+02 1.351181415383258644e+00
5.585000000061779701e+02 1.177973087723839019e+00
5.590000000062100298e+02 1.148923111912168338e+00
5.595000000062420895e+02 1.493527017935886825e+00
5.600000000062740355e+02 1.209754147094989518e+00
5.605000000063060952e+02 1.124511043116924736e+00
5.610000000063381549e+02 1.471731230729014683e+00
5.615000000063702146e+02 1.262934167630640037e+00
5.620000000064021606e+02 1.236862104759323566e+00
5.625000000064342203e+02 1.453607238221009235e+00
5.630000000064662800e+02 1.596028815714118254e+00
5.635000000064983396e+02 1.078369619902962873e+00
5.640000000065302856e+02 1.028832282323790537e+00
5.645000000065623453e+02 8.367067692135237156e-01
5.650000000065944050e+02 1.314705272560996896e+00
5.655000000066264647e+02 1.467873519706004659e+00
5.660000000066585244e+02 1.319276960627767448e+00
5.665000000066904704e+02 1.288554354011324010e+00
5.670000000067225301e+02 1.232812265602289292e+00
5.675000000067545898e+02 1.404494369403384457e+00
5.680000000067866495e+02 1.429133365106598497e+00
5.685000000068185955e+02 1.413349001514151215e+00
5.690000000068506552e+02 1.400609485858144820e+00
5.695000000068827148e+02 1.111626116606634351e+00
5.700000000069147745e+02 1.182991259980889609e+00
5.705000000069467205e+02 1.046776379455177430e+00
5.710000000069787802e+02 1.131253045262247348e+00
5.715000000070108399e+02 1.168911385190753105e+00
5.720000000070428996e+02 1.274420872428633666e+00
5.725000000070748456e+02 1.463312885830274857e+00
5.730000000071069053e+02 1.497871859305307307e+00
5.735000000071389650e+02 1.409217699731529327e+00
5.740000000071710247e+02 1.304192436734445515e+00
5.745000000072030844e+02 1.104049285381509149e+00
5.750000000072350304e+02 1.205501515661745016e+00
5.755000000072670900e+02 1.179952698681777434e+00
5.760000000072991497e+02 1.251926526599849154e+00
5.765000000073312094e+02 1.439636589522075738e+00
5.770000000073631554e+02 1.238543759161161439e+00
5.775000000073952151e+02 1.645162210281327919e+00
5.780000000074272748e+02 1.367091864820675795e+00
5.785000000074593345e+02 1.357932629073562270e+00
5.790000000074912805e+02 1.147877857154214754e+00
5.795000000075233402e+02 1.359950021767994066e+00
5.800000000075553999e+02 1.164438618404503467e+00
5.805000000075874595e+02 9.526011389819948327e-01
5.810000000076194056e+02 8.140833523194487276e-01
5.815000000076514652e+02 1.072358694537711266e+00
5.820000000076835249e+02 1.389735073875597804e+00
5.825000000077155846e+02 1.343833269211317294e+00
5.830000000077476443e+02 1.358626767216310149e+00
5.835000000077795903e+02 1.463370883006672063e+00
5.840000000078116500e+02 1.506234870277636695e+00
5.845000000078437097e+02 1.217438461602479371e+00
5.850000000078757694e+02 1.064990714178638775e+00
5.855000000079077154e+02 1.327205524529474934e+00
5.860000000079397751e+02 1.352105516918792549e+00
5.865000000079718347e+02 9.258480325751351492e-01
5.870000000080038944e+02 1.032907484601508052e+00
5.875000000080358404e+02 9.981798630625785540e-01
5.880000000080679001e+02 1.162297326988422252e+00
5.885000000080999598e+02 1.032792377253636928e+00
5.890000000081320195e+02 1.093263167610563524e+00
5.895000000081639655e+02 1.220232470341359177e+00
5.900000000081960252e+02 1.393732101877410035e+00
5.905000000082280849e+02 1.366149644915812589e+00
5.910000000082601446e+02 1.116916243315846158e+00
5.915000000082920906e+02 8.696269112514861677e-01
5.920000000083241503e+02 9.755416874908772185e-01
5.925000000083562099e+02 1.171436668836133066e+00
5.930000000083882696e+02 1.146258055260479303e+00
5.935000000084203293e+02 1.096434345894110818e+00
5.940000000084522753e+02 1.188661352727303777e+00
5.945000000084843350e+02 1.135300860954344460e+00
5.950000000085163947e+02 1.208899511159118978e+00
5.955000000085484544e+02 1.285064032965135050e+00
5.960000000085804004e+02 1.345406638655632925e+00
5.965000000086124601e+02 1.069322030072585639e+00
5.970000000086445198e+02 1.208737694875669844e+00
5.975000000086765795e+02 1.348970781067034386e+00
5.980000000087085255e+02 1.466563731884743538e+00
5.985000000087405851e+02 1.373607114947435592e+00
5.990000000087726448e+02 1.323887911398660133e+00
5.995000000088047045e+02 1.372400205271833595e+00
6.000000000088366505e+02 1.071271583821869822e+00
6.005000000088687102e+02 1.330920909368327631e+00
6.010000000089007699e+02 1.625625319210374453e+00
6.015000000089328296e+02 1.423163746318195866e+00
6.020000000089648893e+02 1.383476478128534692e+00
6.025000000089968353e+02 1.163051808652571850e+00
6.030000000090288950e+02 1.060274770764097818e+00
6.035000000090609547e+02 1.332805748610147667e+00
6.040000000090930143e+02 1.314953612973899677e+00
6.045000000091249603e+02 1.293474917045090322e+00
6.050000000091570200e+02 1.409685264431292939e+00
6.055000000091890797e+02 1.089296767199960936e+00
6.060000000092211394e+02 9.826285043257512175e-01
6.065000000092530854e+02 1.390461675235990180e+00
6.070000000092851451e+02 1.271293578890889231e+00
6.075000000093172048e+02 1.087530757067381781e+00
6.080000000093492645e+02 1.174092019748938176e+00
6.085000000093812105e+02 1.322049769176975476e+00
6.090000000094132702e+02 1.205106236452375690e+00
6.095000000094453299e+02 1.304019108918539338e+00
6.100000000094773895e+02 1.224728037874141195e+00
6.105000000095094492e+02 1.016900402819588489e+00
6.110000000095413952e+02 1.077655090189769682e+00
6.115000000095734549e+02 1.232984313935477472e+00
6.120000000096055146e+02 1.480570348888819110e+00
6.125000000096375743e+02 1.195330376009155149e+00
6.130000000096695203e+02 1.217661638217784281e+00
6.135000000097015800e+02 1.343735774151829210e+00
6.140000000097336397e+02 1.330302011321113254e+00
6.145000000097656994e+02 1.140735455255232011e+00
6.150000000097976454e+02 1.042980145556717586e+00
6.155000000098297050e+02 1.285347238945113268e+00
6.160000000098617647e+02 1.425070441570465807e+00
6.165000000098938244e+02 1.311445006323183726e+00
6.170000000099257704e+02 1.307347252388298742e+00
6.175000000099578301e+02 9.963969587660672644e-01
6.180000000099898898e+02 1.298870908713215311e+00
6.185000000100219495e+02 1.404016174906937975e+00
6.190000000100540092e+02 1.376741044635671152e+00
6.195000000100859552e+02 1.054162594027954203e+00
6.200000000101180149e+02 1.132862986424150398e+00
6.205000000101500746e+02 1.270749438671041620e+00
6.210000000101821342e+02 1.216712638561965543e+00
6.215000000102140802e+02 1.244648551582865581e+00
6.220000000102461399e+02 1.285372309690600900e+00
6.225000000102781996e+02 1.300250004409369886e+00
6.230000000103102593e+02 1.147005189566407068e+00
6.235000000103422053e+02 1.242214196938497217e+00
6.240000000103742650e+02 1.272823431653388626e+00
6.245000000104063247e+02 1.280141709430571595e+00
6.250000000104383844e+02 1.356922157390405115e+00
6.255000000104703304e+02 1.254236823972723291e+00
6.260000000105023901e+02 1.180928814185317588e+00
6.265000000105344498e+02 1.228227569791280560e+00
6.270000000105665094e+02 1.210294174053405003e+00
6.275000000105985691e+02 1.447216495201667952e+00
6.280000000106305151e+02 1.382651432613890341e+00
6.285000000106625748e+02 1.159062615379464090e+00
6.290000000106946345e+02 8.657838982762715574e-01
6.295000000107266942e+02 1.277206180888798670e+00
6.300000000107586402e+02 1.460382256937179823e+00
6.305000000107906999e+02 1.179321733825501317e+00
6.310000000108227596e+02 1.096180821685808437e+00
6.315000000108548193e+02 1.076165541946403348e+00
6.320000000108867653e+02 1.077708571372691937e+00
6.325000000109188250e+02 1.102961310201602707e+00
6.330000000109508846e+02 1.079307827448594770e+00
6.335000000109829443e+02 1.186156797954421638e+00
6.340000000110148903e+02 1.048239915456051774e+00
6.345000000110469500e+02 1.297819557657258427e+00
6.350000000110790097e+02 1.170659252255293215e+00
6.355000000111110694e+02 1.457772006375846141e+00
6.360000000111430154e+02 1.185925577654525886e+00
6.365000000111750751e+02 1.396450144519433723e+00
6.370000000112071348e+02 1.103285753328224095e+00
6.375000000112391945e+02 1.387980748121336205e+00
6.380000000112712542e+02 1.572971719225910947e+00
6.385000000113032002e+02 1.212064166007114752e+00
6.390000000113352598e+02 1.118178174410868086e+00
6.395000000113673195e+02 1.311936711048296234e+00
6.400000000113993792e+02 1.159824203778463847e+00
6.405000000114313252e+02 1.342406811652362419e+00
6.410000000114633849e+02 1.196724411551368661e+00
6.415000000114954446e+02 1.107646510729379141e+00
6.420000000115275043e+02 1.058263254778637918e+00
6.425000000115594503e+02 1.304300052874922899e+00
6.430000000115915100e+02 1.381585508169951515e+00
6.435000000116235697e+02 1.233905944178784297e+00
6.440000000116556294e+02 1.206791091909285685e+00
6.445000000116875754e+02 1.154530745270293313e+00
6.450000000117196350e+02 9.638950605392069271e-01
6.455000000117516947e+02 1.340841144060443968e+00
6.460000000117837544e+02 1.369103581309837780e+00
6.465000000118158141e+02 1.175534606932299830e+00
6.470000000118477601e+02 1.073388651301133256e+00
6.475000000118798198e+02 1.428515557869819874e+00
6.480000000119118795e+02 1.286372521678236014e+00
6.485000000119439392e+02 1.222410261918538632e+00
6.490000000119758852e+02 1.394051415347851819e+00
6.495000000120079449e+02 9.854797702206832266e-01
6.500000000120400045e+02 1.097411917181038588e+00
6.505000000120720642e+02 1.562119868244372656e+00
6.510000000121040102e+02 1.653603063791275085e+00
6.515000000121360699e+02 1.096326886086180119e+00
6.520000000121681296e+02 1.067639513389402994e+00
6.525000000122001893e+02 1.375864261515155729e+00
6.530000000122321353e+02 1.276614059414136415e+00
6.535000000122641950e+02 1.207457711707200954e+00
6.540000000122962547e+02 1.323756541381082563e+00
6.545000000123283144e+02 1.067144326779774222e+00
6.550000000123603741e+02 1.193529488808019012e+00
6.555000000123923201e+02 1.259389076151395725e+00
6.560000000124243797e+02 1.295961650286622691e+00
6.565000000124564394e+02 1.120871285542716755e+00
6.570000000124884991e+02 1.073147806057794806e+00
6.575000000125204451e+02 1.204140247828410226e+00
6.580000000125525048e+02 1.027812926542657657e+00
6.585000000125845645e+02 1.050725997722903537e+00
6.590000000126166242e+02 1.145685160959774018e+00
6.595000000126485702e+02 1.239491326381917613e+00
6.600000000126806299e+02 1.631678932845987973e+00
6.605000000127126896e+02 1.344742459209496532e+00
6.610000000127447493e+02 1.078689221729542069e+00
6.615000000127766953e+02 1.162995338825924430e+00
6.620000000128087549e+02 1.254958985884059075e+00
6.625000000128408146e+02 1.245982045441943686e+00
6.630000000128728743e+02 1.117993038825434660e+00
6.635000000129049340e+02 1.237569990600544401e+00
6.640000000129368800e+02 1.245944063068523677e+00
6.645000000129689397e+02 9.903718711375089079e-01
6.650000000130009994e+02 1.221893169391897516e+00
6.655000000130330591e+02 1.176512778531298764e+00
6.660000000130650051e+02 1.197306268130596152e+00
6.665000000130970648e+02 1.081274810371722461e+00
6.670000000131291245e+02 1.265828188092767315e+00
6.675000000131611841e+02 1.388368686595240264e+00
6.680000000131931301e+02 1.411545366819781933e+00
6.685000000132251898e+02 1.034703811128083073e+00
6.690000000132572495e+02 1.046307108583393930e+00
6.695000000132893092e+02 1.139840520474267205e+00
6.700000000133212552e+02 1.026672196307616192e+00
6.705000000133533149e+02 1.324545028157841031e+00
6.710000000133853746e+02 1.548971395950422991e+00
6.715000000134174343e+02 1.436723670426048205e+00
6.720000000134494940e+02 1.193480298230634506e+00
6.725000000134814400e+02 1.171399662212509574e+00
6.730000000135134997e+02 1.308024522370211828e+00
6.735000000135455593e+02 1.391858287623483958e+00
6.740000000135776190e+02 1.468099040257231369e+00
6.745000000136095650e+02 1.365433920597340478e+00
6.750000000136416247e+02 1.441171988993336317e+00
6.755000000136736844e+02 1.276127432880040713e+00
6.760000000137057441e+02 1.155484360018732781e+00
6.765000000137376901e+02 1.346425119974228091e+00
6.770000000137697498e+02 1.013022787088942112e+00
6.775000000138018095e+02 1.104606626760896271e+00
6.780000000138338692e+02 1.488362593371597820e+00
6.785000000138658152e+02 1.689634980009432130e+00
6.790000000138978749e+02 1.075582591634499430e+00
6.795000000139299345e+02 1.134616644081856585e+00
6.800000000139619942e+02 1.352944444513465294e+00
6.805000000139939402e+02 1.079325100564549000e+00
6.810000000140259999e+02 1.044288665743509315e+00
6.815000000140580596e+02 1.032948974465515368e+00
6.820000000140901193e+02 1.212285763799274552e+00
6.825000000141221790e+02 1.472990618429772747e+00
6.830000000141541250e+02 1.225611455471153244e+00
6.835000000141861847e+02 1.685169169976559633e+00
6.840000000142182444e+02 1.215676090373234874e+00
6.845000000142503040e+02 9.027179219201115767e-01
6.850000000142822500e+02 1.288898456640070300e+00
6.855000000143143097e+02 1.272974059207554465e+00
6.860000000143463694e+02 1.292327009118394265e+00
6.865000000143784291e+02 1.035540250392076089e+00
6.870000000144103751e+02 1.112592103642679575e+00
6.875000000144424348e+02 1.092881678461811390e+00
6.880000000144744945e+02 1.284623276690938010e+00
6.885000000145065542e+02 1.299238495920324921e+00
6.890000000145385002e+02 1.273126938463486013e+00
6.895000000145705599e+02 1.199018927924429212e+00
6.900000000146026196e+02 1.128615892647838459e+00
6.905000000146346792e+02 1.221467450633106466e+00
6.910000000146667389e+02 1.249782695670306198e+00
6.915000000146986849e+02 1.338142448334115331e+00
6.920000000147307446e+02 1.017756117174139829e+00
6.925000000147628043e+02 1.286326391550121073e+00
6.930000000147948640e+02 1.472192522982218366e+00
6.935000000148268100e+02 1.225962397241045609e+00
6.940000000148588697e+02 1.379153290091258866e+00
6.945000000148909294e+02 1.274501221557334141e+00
6.950000000149229891e+02 1.447667955695584707e+00
6.955000000149549351e+02 1.202940434665752623e+00
6.960000000149869948e+02 1.376807542064298229e+00
6.965000000150190544e+02 1.235139677276575920e+00
6.970000000150511141e+02 1.168864232476485077e+00
6.975000000150830601e+02 1.175150256136879179e+00
6.980000000151151198e+02 1.214339278689752000e+00
6.985000000151471795e+02 1.069170392956451332e+00
6.990000000151792392e+02 1.261372556888526564e+00
6.995000000152112989e+02 1.316611275451484930e+00
7.000000000152432449e+02 1.653613712377890899e+00
7.005000000152753046e+02 1.298017487713458706e+00
7.010000000153073643e+02 1.190066929774093119e+00
7.015000000153394240e+02 1.380595455466717913e+00
7.020000000153713700e+02 1.232986413746569809e+00
7.025000000154034296e+02 1.340341055504241874e+00
7.030000000154354893e+02 1.323878699964954109e+00
7.035000000154675490e+02 1.292666060299345165e+00
7.040000000154994950e+02 1.344506375576808965e+00
7.045000000155315547e+02 1.259637353198751031e+00
7.050000000155636144e+02 1.202402082671373940e+00
7.055000000155956741e+02 1.279620100563605423e+00
7.060000000156276201e+02 1.200264214643849803e+00
7.065000000156596798e+02 1.373428496261420495e+00
7.070000000156917395e+02 1.289115671911420957e+00
7.075000000157237992e+02 1.445766590166990051e+00
7.080000000157558588e+02 1.466094015948110840e+00
7.085000000157878048e+02 1.176579884993226521e+00
7.090000000158198645e+02 1.259891938759701180e+00
7.095000000158519242e+02 1.205990073527144935e+00
7.100000000158839839e+02 1.130829816854570291e+00
7.105000000159159299e+02 1.181765432470182731e+00
7.110000000159479896e+02 1.357951721917030952e+00
7.115000000159800493e+02 1.568465340065946290e+00
7.120000000160121090e+02 1.352876071338058317e+00
7.125000000160440550e+02 1.233297418302808257e+00
7.130000000160761147e+02 1.188048518547683896e+00
7.135000000161081743e+02 1.168611235894028377e+00
7.140000000161402340e+02 1.368488843310691871e+00
7.145000000161721800e+02 1.281925512724477301e+00
7.150000000162042397e+02 1.348930359782903876e+00
7.155000000162362994e+02 1.411917575025052107e+00
7.160000000162683591e+02 1.449333765793921147e+00
7.165000000163003051e+02 1.220187001611454214e+00
7.170000000163323648e+02 1.157272859646650387e+00
7.175000000163644245e+02 1.147525318561929630e+00
7.180000000163964842e+02 1.103836707116792493e+00
7.185000000164285439e+02 1.417410699642116967e+00
7.190000000164604899e+02 1.265970982357524033e+00
7.195000000164925495e+02 1.252427454026268983e+00
7.200000000165246092e+02 1.228590939097248480e+00
7.205000000165566689e+02 1.385467042745749833e+00
7.210000000165886149e+02 1.225416102102021121e+00
7.215000000166206746e+02 1.001041175496542923e+00
7.220000000166527343e+02 1.041527534978275771e+00
7.225000000166847940e+02 1.132916688348288181e+00
7.230000000167167400e+02 1.370942729800103344e+00
7.235000000167487997e+02 1.415863038623722758e+00
7.240000000167808594e+02 1.390221749803109752e+00
7.245000000168129191e+02 1.080461969266784727e+00
7.250000000168448651e+02 1.443958690212953089e+00
7.255000000168769247e+02 1.127344858964196561e+00
7.260000000169089844e+02 9.101371855487373486e-01
7.265000000169410441e+02 1.239908034082100263e+00
7.270000000169731038e+02 1.056980197655187137e+00
7.275000000170050498e+02 1.620738023596500987e+00
7.280000000170371095e+02 1.727176224139802985e+00
7.285000000170691692e+02 1.511752930277517226e+00
7.290000000171012289e+02 1.268055883444014764e+00
7.295000000171331749e+02 1.064446262626840500e+00
7.300000000171652346e+02 1.347495943758935333e+00
7.305000000171972943e+02 1.279590395326202223e+00
7.310000000172293539e+02 1.063667419448648399e+00
7.315000000172612999e+02 1.004986549710457089e+00
7.320000000172933596e+02 1.241950856886255616e+00
7.325000000173254193e+02 1.038291131982015170e+00
7.330000000173574790e+02 1.272091355267126023e+00
7.335000000173894250e+02 1.286496612790325234e+00
7.340000000174214847e+02 1.189903204869946052e+00
7.345000000174535444e+02 1.378280495307801834e+00
7.350000000174856041e+02 1.301028781049103245e+00
7.355000000175176638e+02 1.251753082225618430e+00
7.360000000175496098e+02 1.232428222997618006e+00
7.365000000175816695e+02 1.502926348814499269e+00
7.370000000176137291e+02 1.321393594635267732e+00
7.375000000176457888e+02 1.051708607012826313e+00
7.380000000176777348e+02 1.205112252930142125e+00
7.385000000177097945e+02 1.022491067256885211e+00
7.390000000177418542e+02 1.108442352945883780e+00
7.395000000177739139e+02 1.210226827098275448e+00
7.400000000178058599e+02 1.223441716875538710e+00
7.405000000178379196e+02 1.278726010860732787e+00
7.410000000178699793e+02 1.285883081785784476e+00
7.415000000179020390e+02 1.009858697744969502e+00
7.420000000179339850e+02 1.050981770150370531e+00
7.425000000179660447e+02 1.133824457040184086e+00
7.430000000179981043e+02 1.081295286168795444e+00
7.435000000180301640e+02 1.353879190562629287e+00
7.440000000180622237e+02 1.322666640949822003e+00
7.445000000180941697e+02 1.027178697461951673e+00
7.450000000181262294e+02 1.207743429669690283e+00
7.455000000181582891e+02 1.535222552472835345e+00
7.460000000181903488e+02 1.420813196988387039e+00
7.465000000182222948e+02 9.767295393403411241e-01
7.470000000182543545e+02 1.015832603422491820e+00
7.475000000182864142e+02 1.319930078093264569e+00
7.480000000183184738e+02 1.399270666402470553e+00
7.485000000183504199e+02 1.289811881498009960e+00
7.490000000183824795e+02 1.497083300153478902e+00
7.495000000184145392e+02 1.110602506965250758e+00
7.500000000184465989e+02 1.346447680717962836e+00
7.505000000184785449e+02 1.312952929799456214e+00
7.510000000185106046e+02 1.438759304158819807e+00
7.515000000185426643e+02 1.067685404096635482e+00
7.520000000185747240e+02 1.557457881103373909e+00
7.525000000186067837e+02 1.670708526194396581e+00
7.530000000186387297e+02 1.317204311984718990e+00
7.535000000186707894e+02 1.167801772172563091e+00
7.540000000187028490e+02 1.174180416270065974e+00
7.545000000187349087e+02 1.149216994535664282e+00
7.550000000187668547e+02 1.265477170881531332e+00
7.555000000187989144e+02 1.205481916035977541e+00
7.560000000188309741e+02 1.117141029621252057e+00
7.565000000188630338e+02 1.047467477344911524e+00
7.570000000188949798e+02 1.157015899279660198e+00
7.575000000189270395e+02 1.088572187357165655e+00
7.580000000189590992e+02 1.096759980180839200e+00
7.585000000189911589e+02 1.178164464971268810e+00
7.590000000190231049e+02 1.267990929076102447e+00
7.595000000190551646e+02 1.211064107467657580e+00
7.600000000190872242e+02 1.120099092792926188e+00
7.605000000191192839e+02 1.361239836698239225e+00
7.610000000191512299e+02 1.608493964729351022e+00
7.615000000191832896e+02 1.176307482787720238e+00
7.620000000192153493e+02 1.192425788042881907e+00
7.625000000192474090e+02 1.105594046544638109e+00
7.630000000192794687e+02 1.424178805100710932e+00
7.635000000193114147e+02 1.440552556347405089e+00
7.640000000193434744e+02 1.240371538133997475e+00
7.645000000193755341e+02 1.091783806344117425e+00
7.650000000194075938e+02 1.020073027993310122e+00
7.655000000194395398e+02 1.010915635579661132e+00
7.660000000194715994e+02 1.079438742571619203e+00
7.665000000195036591e+02 1.125037307954842802e+00
7.670000000195357188e+02 1.184955678998411477e+00
7.675000000195676648e+02 1.132209415080274617e+00
7.680000000195997245e+02 1.067360547563787287e+00
7.685000000196317842e+02 1.315115011693161140e+00
7.690000000196638439e+02 1.232665326145069296e+00
7.695000000196957899e+02 1.431735231718830992e+00
7.700000000197278496e+02 1.116549715548625255e+00
7.705000000197599093e+02 1.065108708379004510e+00
7.710000000197919690e+02 1.281050158854099230e+00
7.715000000198240286e+02 1.250675985156743053e+00
7.720000000198559746e+02 1.077737300273992060e+00
7.725000000198880343e+02 1.174844118290961692e+00
7.730000000199200940e+02 1.291215505257854002e+00
7.735000000199521537e+02 1.437321148968387030e+00
7.740000000199840997e+02 1.182077591429946395e+00
7.745000000200161594e+02 1.038797225127786827e+00
7.750000000200482191e+02 8.609195648492470321e-01
7.755000000200802788e+02 1.160861096537617376e+00
7.760000000201122248e+02 7.947551758428584856e-01
7.765000000201442845e+02 1.010960606064168932e+00
7.770000000201763442e+02 1.190290588813177841e+00
7.775000000202084038e+02 1.282142075733387454e+00
7.780000000202403498e+02 1.448262514848395188e+00
7.785000000202724095e+02 1.113617802814689917e+00
7.790000000203044692e+02 1.296346619336230743e+00
7.795000000203365289e+02 1.557466589915772026e+00
7.800000000203685886e+02 1.262215783718730666e+00
7.805000000204005346e+02 1.355251372352640260e+00
7.810000000204325943e+02 1.237577662364472753e+00
7.815000000204646540e+02 1.122929443037253838e+00
7.820000000204967137e+02 1.081214071605888227e+00
7.825000000205286597e+02 1.141695253819941414e+00
7.830000000205607193e+02 1.409755854861261204e+00
7.835000000205927790e+02 1.304729245916286473e+00
7.840000000206248387e+02 1.258896597822071861e+00
7.845000000206567847e+02 1.166522401489645810e+00
7.850000000206888444e+02 1.104356804093505229e+00
7.855000000207209041e+02 1.122862239903468895e+00
7.860000000207529638e+02 1.432804918794865268e+00
7.865000000207849098e+02 1.474387091087529411e+00
7.870000000208169695e+02 1.082949744305893747e+00
7.875000000208490292e+02 9.750377159981459263e-01
7.880000000208810889e+02 1.148389791805999094e+00
7.885000000209131485e+02 1.018272571296291007e+00
7.890000000209450945e+02 1.210294947225323936e+00
7.895000000209771542e+02 1.123804105956742294e+00
7.900000000210092139e+02 1.178403757870993385e+00
7.905000000210412736e+02 1.122850818629329783e+00
7.910000000210732196e+02 1.303452760560517287e+00
7.915000000211052793e+02 1.221395687120366835e+00
7.920000000211373390e+02 1.343357213988278342e+00
7.925000000211693987e+02 1.468162995741587595e+00
7.930000000212013447e+02 1.352366377886828008e+00
7.935000000212334044e+02 1.155223678316177560e+00
7.940000000212654641e+02 1.220313375695721847e+00
7.945000000212975237e+02 1.033195634865710533e+00
7.950000000213294697e+02 1.234260932772210717e+00
7.955000000213615294e+02 1.353077532585766907e+00
7.960000000213935891e+02 1.169995211194337692e+00
7.965000000214256488e+02 1.175324241488223675e+00
7.970000000214577085e+02 1.080554169221766392e+00
7.975000000214896545e+02 1.189918661198306582e+00
7.980000000215217142e+02 1.116407271187752404e+00
7.985000000215537739e+02 1.167164705448828776e+00
7.990000000215858336e+02 1.121411710839082199e+00
7.995000000216177796e+02 9.760693353367265734e-01
8.000000000216498393e+02 1.157997133764277375e+00
8.005000000216818989e+02 1.128407776450357947e+00
8.010000000217139586e+02 1.254118780888819007e+00
8.015000000217459046e+02 1.261386751548703611e+00
8.020000000217779643e+02 1.204569419496384963e+00
8.025000000218100240e+02 1.208565691233574935e+00
8.030000000218420837e+02 1.344345290590512887e+00
8.035000000218740297e+02 1.496350696352659160e+00
8.040000000219060894e+02 1.273358490612431115e+00
8.045000000219381491e+02 1.004624062695831821e+00
8.050000000219702088e+02 1.345018810031965328e+00
8.055000000220021548e+02 1.524222139829178202e+00
8.060000000220342145e+02 1.347665980918364648e+00
8.065000000220662741e+02 1.189143604034246238e+00
8.070000000220983338e+02 1.121907084036116276e+00
8.075000000221303935e+02 1.172556775149292685e+00
8.080000000221623395e+02 1.011498110498037617e+00
8.085000000221943992e+02 9.107602523376610026e-01
8.090000000222264589e+02 1.092593186068768984e+00
8.095000000222585186e+02 1.151248168353086632e+00
8.100000000222904646e+02 1.116224929657517961e+00
8.105000000223225243e+02 1.159668735965848851e+00
8.110000000223545840e+02 1.147820061910754585e+00
8.115000000223866436e+02 1.301058036999042988e+00
8.120000000224185897e+02 1.418475519903189541e+00
8.125000000224506493e+02 1.051713970957774968e+00
8.130000000224827090e+02 1.043787418608274509e+00
8.135000000225147687e+02 1.227765678553214057e+00
8.140000000225467147e+02 1.085984373689597771e+00
8.145000000225787744e+02 1.281065441014444417e+00
8.150000000226108341e+02 1.162685607686306577e+00
8.155000000226428938e+02 1.199662572839897079e+00
8.160000000226749535e+02 1.212883700177525892e+00
8.165000000227068995e+02 1.219624640765449852e+00
8.170000000227389592e+02 1.270633552001515287e+00
8.175000000227710188e+02 1.160619112022544641e+00
8.180000000228030785e+02 1.087927388085595748e+00
8.185000000228350245e+02 1.044736184524351241e+00
8.190000000228670842e+02 7.606863559279307685e-01
8.195000000228991439e+02 1.147543120151937934e+00
8.200000000229312036e+02 1.364434113853777220e+00
8.205000000229631496e+02 1.136928106931748728e+00
8.210000000229952093e+02 1.058768313818986728e+00
8.215000000230272690e+02 1.074532850345787605e+00
8.220000000230593287e+02 1.434202528354212136e+00
8.225000000230912747e+02 1.444497114113524106e+00
8.230000000231233344e+02 1.170395831756783522e+00
8.235000000231553940e+02 1.165206033720423751e+00
8.240000000231874537e+02 1.204138786464633570e+00
8.245000000232195134e+02 1.185471425101602305e+00
8.250000000232514594e+02 1.028262352382962819e+00
8.255000000232835191e+02 1.272522034958762260e+00
8.260000000233155788e+02 1.013684426373549829e+00
8.265000000233476385e+02 9.582120171963802724e-01
8.270000000233795845e+02 9.921332044040899190e-01
8.275000000234116442e+02 1.094168648134878019e+00
8.280000000234437039e+02 1.288400651331004676e+00
8.285000000234757636e+02 1.284522325573137280e+00
8.290000000235077096e+02 1.144384117321776140e+00
8.295000000235397692e+02 1.292062123554589048e+00
8.300000000235718289e+02 1.425630286958550430e+00
8.305000000236038886e+02 1.286783813374400509e+00
8.310000000236358346e+02 1.429393294396223757e+00
8.315000000236678943e+02 1.216762799909394399e+00
8.320000000236999540e+02 1.353801124617682872e+00
8.325000000237320137e+02 1.446570017445008460e+00
8.330000000237640734e+02 1.519820043606320281e+00
8.335000000237960194e+02 1.202686695720424304e+00
8.340000000238280791e+02 1.337908614255792550e+00
8.345000000238601388e+02 1.356890418966298917e+00
8.350000000238921984e+02 1.398068062022315372e+00
8.355000000239241444e+02 1.417268263023570674e+00
8.360000000239562041e+02 1.508590998048793930e+00
8.365000000239882638e+02 1.123530286821877944e+00
8.370000000240203235e+02 9.929363598123122081e-01
8.375000000240522695e+02 1.068432260975888948e+00
8.380000000240843292e+02 1.349656871161388771e+00
8.385000000241163889e+02 1.300759314235865105e+00
8.390000000241484486e+02 1.275857943290909624e+00
8.395000000241803946e+02 9.596804345395640867e-01
8.400000000242124543e+02 1.230046116445882909e+00
8.405000000242445140e+02 1.418479228865478392e+00
8.410000000242765736e+02 1.120041127790353253e+00
8.415000000243086333e+02 1.458849807717630398e+00
8.420000000243405793e+02 1.366289317157906469e+00
8.425000000243726390e+02 1.271635223618967858e+00
8.430000000244046987e+02 1.247640521092288513e+00
8.435000000244367584e+02 1.118382339773297929e+00
8.440000000244687044e+02 1.301108188517638098e+00
8.445000000245007641e+02 1.274422116013219197e+00
8.450000000245328238e+02 1.112754180629517586e+00
8.455000000245648835e+02 1.234645162163647614e+00
8.460000000245968295e+02 1.376133755182421092e+00
8.465000000246288892e+02 1.200801470791440506e+00
8.470000000246609488e+02 1.206012973238010266e+00
8.475000000246930085e+02 1.304650022495475792e+00
8.480000000247249545e+02 1.412629782823697333e+00
8.485000000247570142e+02 1.106116561315056757e+00
8.490000000247890739e+02 1.512065127863375436e+00
8.495000000248211336e+02 1.232454448473747854e+00
8.500000000248530796e+02 1.191248765578196034e+00
8.505000000248851393e+02 1.200601190032019705e+00
8.510000000249171990e+02 1.139366441854034129e+00
8.515000000249492587e+02 9.328681781109467996e-01
8.520000000249813183e+02 1.142004864973913403e+00
8.525000000250132643e+02 1.157124759373140410e+00
8.530000000250453240e+02 1.420148394332741315e+00
8.535000000250773837e+02 1.540329295908126284e+00
8.540000000251094434e+02 1.438853463159178503e+00
8.545000000251413894e+02 1.274366335200349365e+00
8.550000000251734491e+02 1.335279741429377554e+00
8.555000000252055088e+02 1.235777950735289732e+00
8.560000000252375685e+02 1.389613240622434409e+00
8.565000000252695145e+02 1.360788222467525399e+00
8.570000000253015742e+02 1.090688120525545202e+00
8.575000000253336339e+02 1.563144558085628022e+00
8.580000000253656935e+02 1.200582650453791533e+00
8.585000000253976395e+02 1.385699740309221495e+00
8.590000000254296992e+02 1.539557596982793708e+00
8.595000000254617589e+02 1.515928657662908074e+00
8.600000000254938186e+02 1.198072056890306492e+00
8.605000000255258783e+02 1.112281158003485482e+00
8.610000000255578243e+02 1.244438306065432265e+00
8.615000000255898840e+02 1.421325453062005195e+00
8.620000000256219437e+02 1.226918250203439920e+00
8.625000000256540034e+02 1.302832840041679097e+00
8.630000000256859494e+02 1.412310900713647843e+00
8.635000000257180091e+02 9.822653799191892743e-01
8.640000000257500687e+02 1.165458831638650272e+00
8.645000000257821284e+02 1.203328732642898302e+00
8.650000000258140744e+02 1.073262766535809432e+00
8.655000000258461341e+02 1.176690243501206101e+00
8.660000000258781938e+02 1.441625715498963123e+00
8.665000000259102535e+02 1.475853667633354904e+00
8.670000000259421995e+02 1.252842696645487974e+00
8.675000000259742592e+02 1.213313074096781685e+00
8.680000000260063189e+02 1.371043562275849004e+00
8.685000000260383786e+02 1.305375131095713348e+00
8.690000000260704383e+02 1.162343875208142530e+00
8.695000000261023843e+02 1.409458057947638343e+00
8.700000000261344439e+02 1.218686950332308117e+00
8.705000000261665036e+02 1.042633868271941378e+00
8.710000000261985633e+02 1.134560946828799599e+00
8.715000000262305093e+02 1.178183177766386702e+00
8.720000000262625690e+02 1.295397082916960096e+00
8.725000000262946287e+02 1.220750281525679659e+00
8.730000000263266884e+02 1.050944312314291418e+00
8.735000000263586344e+02 1.044225658477065055e+00
8.740000000263906941e+02 1.303549679673064787e+00
8.745000000264227538e+02 1.297378830332233557e+00
8.750000000264548135e+02 1.318731259346119566e+00
8.755000000264867595e+02 1.346067776183228260e+00
8.760000000265188191e+02 1.433616722725539638e+00
8.765000000265508788e+02 1.124003882359976281e+00
8.770000000265829385e+02 1.128511406011753815e+00
8.775000000266149982e+02 1.019547451911167801e+00
8.780000000266469442e+02 1.285542440664029007e+00
8.785000000266790039e+02 1.233330916113295705e+00
8.790000000267110636e+02 1.186487890635517850e+00
8.795000000267431233e+02 1.344626096984368413e+00
8.800000000267750693e+02 1.424870707176408624e+00
8.805000000268071290e+02 1.159132692129325015e+00
8.810000000268391886e+02 1.263488246059258913e+00
8.815000000268712483e+02 1.360385486571658920e+00
8.820000000269031943e+02 1.176576123030065979e+00
8.825000000269352540e+02 9.894440016869142651e-01
8.830000000269673137e+02 1.299571042246236097e+00
8.835000000269993734e+02 1.195942468748516063e+00
8.840000000270313194e+02 1.235765393479490104e+00
8.845000000270633791e+02 1.329618635791592896e+00
8.850000000270954388e+02 1.181395074401135670e+00
8.855000000271274985e+02 1.097732059037654029e+00
8.860000000271595582e+02 1.132612382662994799e+00
8.865000000271915042e+02 1.107922466673949335e+00
8.870000000272235638e+02 9.874099110059704199e-01
8.875000000272556235e+02 1.388808389982821856e+00
8.880000000272876832e+02 1.515386447517490298e+00
8.885000000273196292e+02 1.269997151299155025e+00
8.890000000273516889e+02 1.030874692767504319e+00
8.895000000273837486e+02 1.052105905388667439e+00
8.900000000274158083e+02 8.723450677758961547e-01
8.905000000274477543e+02 1.489934172578355920e+00
8.910000000274798140e+02 1.559677228894498002e+00
8.915000000275118737e+02 1.299500681118207934e+00
8.920000000275439334e+02 1.099362380000039829e+00
8.925000000275758794e+02 1.029223082880248663e+00
8.930000000276079390e+02 1.163738455157002694e+00
8.935000000276399987e+02 1.187540936910463474e+00
8.940000000276720584e+02 1.277497436670808950e+00
8.945000000277040044e+02 1.026687890412967930e+00
8.950000000277360641e+02 9.524880833261982760e-01
8.955000000277681238e+02 1.379497649754677147e+00
8.960000000278001835e+02 1.223774506075707702e+00
8.965000000278322432e+02 1.164331660922294676e+00
8.970000000278641892e+02 1.122642854307784654e+00
8.975000000278962489e+02 1.118232210168215390e+00
8.980000000279283086e+02 1.082503068606579077e+00
8.985000000279603682e+02 1.243303547136655141e+00
8.990000000279923142e+02 1.346096905363971752e+00
8.995000000280243739e+02 1.151554020637303166e+00
9.000000000280564336e+02 1.205165374329191685e+00
9.005000000280884933e+02 1.309814295538870743e+00
9.010000000281204393e+02 1.431583491047985657e+00
9.015000000281524990e+02 1.340097682110450883e+00
9.020000000281845587e+02 1.235956720437198619e+00
9.025000000282166184e+02 1.216398010798667162e+00
9.030000000282485644e+02 1.083043714556502612e+00
9.035000000282806241e+02 9.245930594204317954e-01
9.040000000283126838e+02 1.000604501921919631e+00
9.045000000283447434e+02 1.104996028157376520e+00
9.050000000283768031e+02 1.342382094422044148e+00
9.055000000284087491e+02 1.711303070151543482e+00
9.060000000284408088e+02 1.116297947792564971e+00
9.065000000284728685e+02 1.232525691852395022e+00
9.070000000285049282e+02 1.668867385642112788e+00
9.075000000285368742e+02 1.336988853823873225e+00
9.080000000285689339e+02 1.205995161527069870e+00
9.085000000286009936e+02 1.214519752245230455e+00
9.090000000286330533e+02 1.237476623219083249e+00
9.095000000286649993e+02 1.329884337642290415e+00
9.100000000286970590e+02 1.325198568823401368e+00
9.105000000287291186e+02 1.211229461111961836e+00
9.110000000287611783e+02 1.212118759884276420e+00
9.115000000287931243e+02 1.377456277054751599e+00
9.120000000288251840e+02 1.481500932202457044e+00
9.125000000288572437e+02 1.310488700736888168e+00
9.130000000288893034e+02 1.125024082710999851e+00
9.135000000289213631e+02 1.103924292239851557e+00
9.140000000289533091e+02 1.254218856682711936e+00
9.145000000289853688e+02 1.195215724796689027e+00
9.150000000290174285e+02 1.172572212374892509e+00
9.155000000290494881e+02 1.088891955707524950e+00
9.160000000290814341e+02 1.237494723485749848e+00
9.165000000291134938e+02 1.132249096884434980e+00
9.170000000291455535e+02 1.029918871011948900e+00
9.175000000291776132e+02 1.102653312208695002e+00
9.180000000292095592e+02 1.295089937361774135e+00
9.185000000292416189e+02 1.241753565246676017e+00
9.190000000292736786e+02 1.426995422168723993e+00
9.195000000293057383e+02 1.495059724527904921e+00
9.200000000293376843e+02 1.178157350579537299e+00
9.205000000293697440e+02 1.255426987254956162e+00
9.210000000294018037e+02 1.297694295218691840e+00
9.215000000294338633e+02 1.504289512299216813e+00
9.220000000294659230e+02 1.362680292364027324e+00
9.225000000294978690e+02 1.077023812879361664e+00
9.230000000295299287e+02 1.140716090047668940e+00
9.235000000295619884e+02 1.031565931492224975e+00
9.240000000295940481e+02 1.292062363674828296e+00
9.245000000296259941e+02 8.600848195930208551e-01
9.250000000296580538e+02 1.060441408817911269e+00
9.255000000296901135e+02 1.369545999894278721e+00
9.260000000297221732e+02 1.466864216892274086e+00
9.265000000297541192e+02 1.332458681772809239e+00
9.270000000297861789e+02 1.299538163342556674e+00
9.275000000298182385e+02 1.275825405859289718e+00
9.280000000298502982e+02 1.292375742783943959e+00
9.285000000298822442e+02 1.294006368656965611e+00
9.290000000299143039e+02 1.263402815266908563e+00
9.295000000299463636e+02 1.333873089313774463e+00
9.300000000299784233e+02 1.621772467425587116e+00
9.305000000300104830e+02 1.445200268509114760e+00
9.310000000300424290e+02 1.077216332461701676e+00
9.315000000300744887e+02 1.354960166827004375e+00
9.320000000301065484e+02 1.159348336842574989e+00
9.325000000301386081e+02 9.128030454495997814e-01
9.330000000301705541e+02 1.222267734492079816e+00
9.335000000302026137e+02 1.179059734075747601e+00
9.340000000302346734e+02 1.300558373761438791e+00
9.345000000302667331e+02 1.449265695301236834e+00
9.350000000302986791e+02 1.170643511777642809e+00
9.355000000303307388e+02 8.966167806396625473e-01
9.360000000303627985e+02 8.202244584069495748e-01
9.365000000303948582e+02 1.266014533952991128e+00
9.370000000304268042e+02 1.452075201684895900e+00
9.375000000304588639e+02 1.312761921827144684e+00
9.380000000304909236e+02 1.142544528383039548e+00
9.385000000305229833e+02 8.953789486090827365e-01
9.390000000305549293e+02 1.468245011088158636e+00
9.395000000305869889e+02 1.289069756095329922e+00
9.400000000306190486e+02 1.421375280767956051e+00
9.405000000306511083e+02 1.446373093287009359e+00
9.410000000306831680e+02 1.188283132338901149e+00
9.415000000307151140e+02 1.067662291818672671e+00
9.420000000307471737e+02 1.355518448263239639e+00
9.425000000307792334e+02 1.463640070089729184e+00
9.430000000308112931e+02 1.174435296255783356e+00
9.435000000308432391e+02 1.170772088447399772e+00
9.440000000308752988e+02 1.089378368804729824e+00
9.445000000309073585e+02 1.277665412595101913e+00
9.450000000309394181e+02 1.350819011951216453e+00
9.455000000309713641e+02 1.118773194932265014e+00
9.460000000310034238e+02 1.009150571512628547e+00
9.465000000310354835e+02 1.016855039459251042e+00
9.470000000310675432e+02 1.422360023423604902e+00
9.475000000310994892e+02 1.627281290356707322e+00
9.480000000311315489e+02 1.279028335355324009e+00
9.485000000311636086e+02 1.419356444596976186e+00
9.490000000311956683e+02 1.304644034740094716e+00
9.495000000312277280e+02 8.419803292948833118e-01
9.500000000312596740e+02 1.276829794688864261e+00
9.505000000312917336e+02 1.501012527189452550e+00
9.510000000313237933e+02 1.198842615661186883e+00
9.515000000313558530e+02 1.116112288669935282e+00
9.520000000313877990e+02 1.075183780498619956e+00
9.525000000314198587e+02 1.141582411167538336e+00
9.530000000314519184e+02 1.014100433496820219e+00
9.535000000314839781e+02 1.084325177488996372e+00
9.540000000315159241e+02 1.298107919414878797e+00
9.545000000315479838e+02 1.387427741736155795e+00
9.550000000315800435e+02 1.234767109427406417e+00
9.555000000316121032e+02 1.400253271346775685e+00
9.560000000316440492e+02 1.350772358099278092e+00
9.565000000316761088e+02 1.437117996627820693e+00
9.570000000317081685e+02 1.140258100212785397e+00
9.575000000317402282e+02 8.289066223104245568e-01
9.580000000317722879e+02 1.114250821968412630e+00
9.585000000318042339e+02 1.506237176673502320e+00
9.590000000318362936e+02 1.156202861513291991e+00
9.595000000318683533e+02 1.154999035413709629e+00
9.600000000319004130e+02 1.273493517133003294e+00
9.605000000319323590e+02 1.131263953879589446e+00
9.610000000319644187e+02 9.950815017651550853e-01
9.615000000319964784e+02 1.156032489887212744e+00
9.620000000320285380e+02 1.205516780479451322e+00
9.625000000320604840e+02 1.103987674630751981e+00
9.630000000320925437e+02 1.326282121273818060e+00
9.635000000321246034e+02 1.510502912932116582e+00
9.640000000321566631e+02 1.095700943180919484e+00
9.645000000321886091e+02 1.058467635906897186e+00
9.650000000322206688e+02 1.455783022621653489e+00
9.655000000322527285e+02 1.695021858142627957e+00
9.660000000322847882e+02 9.621199744257770137e-01
9.665000000323168479e+02 1.097792129907291470e+00
9.670000000323487939e+02 1.147417566620551277e+00
9.675000000323808536e+02 1.405691287637697684e+00
9.680000000324129132e+02 1.205791686032861909e+00
9.685000000324449729e+02 1.173087217909549951e+00
9.690000000324769189e+02 1.491387741526807531e+00
9.695000000325089786e+02 1.517013274492905017e+00
9.700000000325410383e+02 1.191400418081561607e+00
9.705000000325730980e+02 1.244544224421247902e+00
9.710000000326050440e+02 1.283249971961969660e+00
9.715000000326371037e+02 1.434009299979446039e+00
9.720000000326691634e+02 1.409942268137759802e+00
9.725000000327012231e+02 1.131960294215642149e+00
9.730000000327331691e+02 1.207458513576382231e+00
9.735000000327652288e+02 1.363878009921719148e+00
9.740000000327972884e+02 1.394582825204771392e+00
9.745000000328293481e+02 1.411027531914158972e+00
9.750000000328614078e+02 1.545305766849833118e+00
9.755000000328933538e+02 1.429732054856174273e+00
9.760000000329254135e+02 1.151129577733186249e+00
9.765000000329574732e+02 1.199221699818454168e+00
9.770000000329895329e+02 1.210907547539220364e+00
9.775000000330214789e+02 1.321989462836904217e+00
9.780000000330535386e+02 1.195153173720091777e+00
9.785000000330855983e+02 1.077867745670532784e+00
9.790000000331176579e+02 1.188536170788903945e+00
9.795000000331496040e+02 1.127176785180380225e+00
9.800000000331816636e+02 1.439124026062359896e+00
9.805000000332137233e+02 1.039632354226890376e+00
9.810000000332457830e+02 1.092694694064800798e+00
9.815000000332777290e+02 1.509506512680940160e+00
9.820000000333097887e+02 1.075590560161321596e+00
9.825000000333418484e+02 1.080033805256404245e+00
9.830000000333739081e+02 1.277399974450916131e+00
9.835000000334058541e+02 1.441792114246231993e+00
9.840000000334379138e+02 1.275629640632523820e+00
9.845000000334699735e+02 1.339318610515845442e+00
9.850000000335020331e+02 1.550127956367036264e+00
9.855000000335340928e+02 1.319505096877849892e+00
9.860000000335660388e+02 1.192491531722448483e+00
9.865000000335980985e+02 1.144788073897351932e+00
9.870000000336301582e+02 9.084420677417899270e-01
9.875000000336622179e+02 1.157081974244062561e+00
9.880000000336941639e+02 1.363427621577389948e+00
9.885000000337262236e+02 1.133171150615144507e+00
9.890000000337582833e+02 1.387505876621378365e+00
9.895000000337903430e+02 1.405593686309723367e+00
9.900000000338222890e+02 1.168508849488305357e+00
9.905000000338543487e+02 1.078683012446796763e+00
9.910000000338864083e+02 9.478087839198621189e-01
9.915000000339184680e+02 1.213561879971286839e+00
9.920000000339504140e+02 1.368622713822663872e+00
9.925000000339824737e+02 1.304093145565114797e+00
9.930000000340145334e+02 1.347400119902515625e+00
9.935000000340465931e+02 1.631878932916205338e+00
9.940000000340786528e+02 1.594201136376435013e+00
9.945000000341105988e+02 1.353166551276078211e+00
9.950000000341426585e+02 9.295424151114388689e-01
9.955000000341747182e+02 1.128998168375996647e+00
9.960000000342067779e+02 1.134680457758182603e+00
9.965000000342387239e+02 1.169253487625408150e+00
9.970000000342707835e+02 1.129773763479466675e+00
9.975000000343028432e+02 1.131092497733962476e+00
9.980000000343349029e+02 1.343957739360523984e+00
9.985000000343668489e+02 1.411535313687942272e+00
9.990000000343989086e+02 1.161334342890877780e+00
9.995000000344309683e+02 1.195352294878450738e+00
1.000000000034463028e+03 1.242191688458766707e+00
