# Time (ps)	CV (angstrom)
9.999999999975766229e+01 9.999959341197007134e+00
1.004999999997559001e+02 1.052804717863593531e+01
1.009999999997541380e+02 1.037199797102454824e+01
1.014999999997533990e+02 1.003873797415863045e+01
1.019999999997629061e+02 1.032273410621147391e+01
1.024999999997724132e+02 1.015237960925320948e+01
1.029999999997819060e+02 1.055604131525924672e+01
1.034999999997914131e+02 1.019068564137530153e+01
1.039999999998009201e+02 1.044762698188915628e+01
1.044999999998104272e+02 1.030699952235850247e+01
1.049999999998199343e+02 1.049217730419985628e+01
1.054999999998294413e+02 9.914953067874417769e+00
1.059999999998389484e+02 1.075873208663937497e+01
1.064999999998484554e+02 9.703084340344645398e+00
1.069999999998579483e+02 1.025424735414628863e+01
1.074999999998674554e+02 1.016361261795432291e+01
1.079999999998769624e+02 1.018155668240705580e+01
1.084999999998864695e+02 9.939876714588480766e+00
1.089999999998959765e+02 1.040099007832833955e+01
1.094999999999054836e+02 1.032560358850287763e+01
1.099999999999149907e+02 9.610080292717862349e+00
1.104999999999244977e+02 1.079243445621474073e+01
1.109999999999339906e+02 9.918003259383533887e+00
1.114999999999434976e+02 1.087455966967180032e+01
1.119999999999530047e+02 9.966525691927598629e+00
1.124999999999625118e+02 1.065184738413124066e+01
1.129999999999720188e+02 1.008208525132791600e+01
1.134999999999815259e+02 1.078006740792718965e+01
1.139999999999910330e+02 9.971410057439475949e+00
1.145000000000005400e+02 1.098463316305684323e+01
1.150000000000100329e+02 9.787174568020187593e+00
1.155000000000195399e+02 1.084072304685711252e+01
1.160000000000290470e+02 1.002676732969675477e+01
1.165000000000385540e+02 9.774657761605565653e+00
1.170000000000480611e+02 1.031876448590288398e+01
1.175000000000575682e+02 1.026856973516095728e+01
1.180000000000670752e+02 1.015263369536458349e+01
1.185000000000765823e+02 1.052076571617763001e+01
1.190000000000860751e+02 1.025428191906055986e+01
1.195000000000955822e+02 9.847535680735081343e+00
1.200000000001050893e+02 1.051916373211201261e+01
1.205000000001145963e+02 1.012955016377781803e+01
1.210000000001241034e+02 1.050378328740455380e+01
1.215000000001336105e+02 9.954562977025677384e+00
1.220000000001431175e+02 1.061918289634884438e+01
1.225000000001526246e+02 1.025053548734144471e+01
1.230000000001621174e+02 1.046635704102315856e+01
1.235000000001716245e+02 1.006389871947201975e+01
1.240000000001811316e+02 1.075875356929282667e+01
1.245000000001906386e+02 9.840664644099760494e+00
1.250000000002001457e+02 1.028478765453270505e+01
1.255000000002096527e+02 1.018200897100853375e+01
1.260000000002191598e+02 1.000017182600530319e+01
1.265000000002286527e+02 1.038790964728159238e+01
1.270000000002381597e+02 1.031888325068062962e+01
1.275000000002476668e+02 1.028141582134070831e+01
1.280000000002571880e+02 1.008538121225697815e+01
1.285000000002666809e+02 1.010413545669519131e+01
1.290000000002761738e+02 1.045986815172031470e+01
1.295000000002856950e+02 1.038518393188367916e+01
1.300000000002951879e+02 1.035523074860274839e+01
1.305000000003047091e+02 1.024531884866951614e+01
1.310000000003142020e+02 1.009072831502826162e+01
1.315000000003237233e+02 1.050275066781210498e+01
1.320000000003332161e+02 1.047218788506402198e+01
1.325000000003427090e+02 1.018562444441104198e+01
1.330000000003522302e+02 1.033790269384165406e+01
1.335000000003617231e+02 9.884437199325549983e+00
1.340000000003712444e+02 1.043588028354204589e+01
1.345000000003807372e+02 1.024939311877868064e+01
1.350000000003902585e+02 1.017380906908981508e+01
1.355000000003997513e+02 1.005343056333568974e+01
1.360000000004092726e+02 1.056026602073081300e+01
1.365000000004187655e+02 1.008842598542801916e+01
1.370000000004282583e+02 1.050484600820738201e+01
1.375000000004377796e+02 1.002517387920196157e+01
1.380000000004472724e+02 9.885457831423071440e+00
1.385000000004567937e+02 1.029543622717224594e+01
1.390000000004662866e+02 1.023958488359613561e+01
1.395000000004758078e+02 1.049845586487264271e+01
1.400000000004853007e+02 1.070626690942698112e+01
1.405000000004947935e+02 9.817339417259141499e+00
1.410000000005043148e+02 1.069771272507940019e+01
1.415000000005138077e+02 9.522471230949751231e+00
1.420000000005233289e+02 1.068121295050837460e+01
1.425000000005328218e+02 9.781039368361634345e+00
1.430000000005423431e+02 9.867784087702766271e+00
1.435000000005518359e+02 1.067716023717863472e+01
1.440000000005613572e+02 9.612315885251332404e+00
1.445000000005708500e+02 1.077135614902134719e+01
1.450000000005803429e+02 9.708690645678752063e+00
1.455000000005898642e+02 1.075303752892725484e+01
1.460000000005993570e+02 9.983840308075926373e+00
1.465000000006088783e+02 1.023592009414601378e+01
1.470000000006183711e+02 1.042282507964889504e+01
1.475000000006278924e+02 1.066175874845232485e+01
1.480000000006373853e+02 1.031310797282660552e+01
1.485000000006468781e+02 9.840747789252105804e+00
1.490000000006563994e+02 1.059161463655535584e+01
1.495000000006658922e+02 9.967933431026056113e+00
1.500000000006754135e+02 1.061552948098138316e+01
1.505000000006849064e+02 1.030494457466110525e+01
1.510000000006944276e+02 1.009661493158552759e+01
1.515000000007039205e+02 1.025142532229705417e+01
1.520000000007134133e+02 1.004185955458484614e+01
1.525000000007229346e+02 1.010845495978129271e+01
1.530000000007324275e+02 9.981885249930835258e+00
1.535000000007419487e+02 1.029736550942563333e+01
1.540000000007514416e+02 1.023835227117579905e+01
1.545000000007609628e+02 1.018856951628730556e+01
1.550000000007704557e+02 9.928871675254502094e+00
1.555000000007799770e+02 1.042532398411885985e+01
1.560000000007894698e+02 1.027257425166682303e+01
1.565000000007989627e+02 9.718785182277899892e+00
1.570000000008084839e+02 1.044977857130733234e+01
1.575000000008179768e+02 1.028910667404637991e+01
1.580000000008274981e+02 1.024601062405447394e+01
1.585000000008369909e+02 1.044775128622969795e+01
1.590000000008465122e+02 1.015716728068776931e+01
1.595000000008560050e+02 9.853767803663881608e+00
1.600000000008654979e+02 1.042773947641203236e+01
1.605000000008750192e+02 9.831653668203916396e+00
1.610000000008845120e+02 1.067428338337226634e+01
1.615000000008940333e+02 1.002078959551290183e+01
1.620000000009035261e+02 1.066515711269861555e+01
1.625000000009130474e+02 1.001139451354663734e+01
1.630000000009225403e+02 1.042922300672323033e+01
1.635000000009320615e+02 1.018130067754762180e+01
1.640000000009415544e+02 1.021336877226293716e+01
1.645000000009510472e+02 1.019105236796053049e+01
1.650000000009605685e+02 1.043546530273166262e+01
1.655000000009700614e+02 1.054369326690681952e+01
1.660000000009795826e+02 1.010776245403101115e+01
1.665000000009890755e+02 1.022658699737007559e+01
1.670000000009985968e+02 1.049508383249360577e+01
1.675000000010080896e+02 1.014180268769846549e+01
1.680000000010175825e+02 1.083492667318867575e+01
1.685000000010271037e+02 9.547013075473341104e+00
1.690000000010365966e+02 1.082846940386843038e+01
1.695000000010461179e+02 1.036629783131464499e+01
1.700000000010556107e+02 9.872256408697946739e+00
1.705000000010651320e+02 1.051847929975456886e+01
1.710000000010746248e+02 9.836956009073050566e+00
1.715000000010841177e+02 1.040432421830908893e+01
1.720000000010936390e+02 9.954684288942411641e+00
1.725000000011031318e+02 1.030381743989249621e+01
1.730000000011126531e+02 1.006872061946332941e+01
1.735000000011221459e+02 1.023587067884788659e+01
1.740000000011316672e+02 1.038766737342989366e+01
1.745000000011411601e+02 1.016741930118387849e+01
1.750000000011506813e+02 1.022886833718323984e+01
1.755000000011601742e+02 1.016570790802262003e+01
1.760000000011696670e+02 1.012751796114815761e+01
1.765000000011791883e+02 9.903970600269108360e+00
1.770000000011886812e+02 1.024997965373333564e+01
1.775000000011982024e+02 1.001636520827370447e+01
1.780000000012076953e+02 1.054959014601976008e+01
1.785000000012172165e+02 9.819001034988003696e+00
1.790000000012267094e+02 1.088110221100196107e+01
1.795000000012362023e+02 1.008904360722716476e+01
1.800000000012457235e+02 1.038142721730655360e+01
1.805000000012552164e+02 1.012152247036078379e+01
1.810000000012647376e+02 1.023041922222924072e+01
1.815000000012742305e+02 1.057871960363118014e+01
1.820000000012837518e+02 9.921208754650148620e+00
1.825000000012932446e+02 1.094568583767259184e+01
1.830000000013027659e+02 9.754365326254358592e+00
1.835000000013122587e+02 1.070927204991763126e+01
1.840000000013217516e+02 9.736032971379732004e+00
1.845000000013312729e+02 1.008058236551372921e+01
1.850000000013407657e+02 1.019283925922021972e+01
1.855000000013502870e+02 1.026471890198816617e+01
1.860000000013597798e+02 1.078949006637393282e+01
1.865000000013693011e+02 1.009055159861798678e+01
1.870000000013787940e+02 1.071869614423003547e+01
1.875000000013882868e+02 1.011040676265387539e+01
1.880000000013978081e+02 1.013110848804098474e+01
1.885000000014073009e+02 1.076457268510677423e+01
1.890000000014168222e+02 1.005320812242935524e+01
1.895000000014263151e+02 1.028813664490055757e+01
1.900000000014358363e+02 1.015566561684534896e+01
1.905000000014453292e+02 1.008885532479812497e+01
1.910000000014548220e+02 1.029153837411775996e+01
1.915000000014643433e+02 9.798172360322158880e+00
1.920000000014738362e+02 1.027814955487721704e+01
1.925000000014833574e+02 1.058407093622333406e+01
1.930000000014928503e+02 1.019765506646895403e+01
1.935000000015023716e+02 1.063423568588452994e+01
1.940000000015118644e+02 1.007078790692037806e+01
1.945000000015213857e+02 1.023539057782550543e+01
1.950000000015308785e+02 1.005019988713602430e+01
1.955000000015403714e+02 1.043831617130456912e+01
1.960000000015498927e+02 9.667341791798250483e+00
1.965000000015593855e+02 1.030366364657417400e+01
1.970000000015689068e+02 1.005734953374551210e+01
1.975000000015783996e+02 1.047723992303437868e+01
1.980000000015879209e+02 1.043456216085194121e+01
1.985000000015974138e+02 1.009602793140601484e+01
1.990000000016069066e+02 1.040094029655446484e+01
1.995000000016164279e+02 9.865845911667708634e+00
2.000000000016259207e+02 1.022593472531016268e+01
2.005000000016354420e+02 1.032919224066406905e+01
2.010000000016449349e+02 1.020051688326745065e+01
2.015000000016544561e+02 1.051767665876980828e+01
2.020000000016639490e+02 1.060329364986624157e+01
2.025000000016734703e+02 1.007527317854605187e+01
2.030000000016789556e+02 1.070650830512554563e+01
2.035000000016659385e+02 1.018817386288195515e+01
2.040000000016529214e+02 1.047442398137165220e+01
2.045000000016398758e+02 1.030886152009825096e+01
2.050000000016268586e+02 1.058791546119262783e+01
2.055000000016138415e+02 1.012889279249885988e+01
2.060000000016008244e+02 9.865340134417238005e+00
2.065000000015878072e+02 1.065728355057209065e+01
2.070000000015747617e+02 1.030044651689696522e+01
2.075000000015617445e+02 1.040409567012627257e+01
2.080000000015487274e+02 1.050256981956868252e+01
2.085000000015357102e+02 1.043281659636426895e+01
2.090000000015226931e+02 9.973018421498579755e+00
2.095000000015096475e+02 1.055438628457892314e+01
2.100000000014966304e+02 1.013991458955725911e+01
2.105000000014836132e+02 1.039409491470198610e+01
2.110000000014705961e+02 1.027428057991167876e+01
2.115000000014575789e+02 1.032802170590815471e+01
2.120000000014445618e+02 1.023261238506219328e+01
2.125000000014315162e+02 1.024357040768262017e+01
2.130000000014184991e+02 1.081694589622782310e+01
2.135000000014054820e+02 9.957227174653455748e+00
2.140000000013924648e+02 1.041235807575650263e+01
2.145000000013794477e+02 1.022311807637458791e+01
2.150000000013664021e+02 1.046473888136381980e+01
2.155000000013533850e+02 1.000872484829749531e+01
2.160000000013403678e+02 1.072960240017724942e+01
2.165000000013273507e+02 1.012633642555974589e+01
2.170000000013143335e+02 1.022791931754670536e+01
2.175000000013013164e+02 1.038388239206501851e+01
2.180000000012882708e+02 1.007850183287443890e+01
2.185000000012752537e+02 1.020469628774260862e+01
2.190000000012622365e+02 1.011704819861703086e+01
2.195000000012492194e+02 1.068727747024318653e+01
2.200000000012362023e+02 9.825691325011518984e+00
2.205000000012231567e+02 1.063578548042324989e+01
2.210000000012101395e+02 1.010030136146321311e+01
2.215000000011971224e+02 1.044330715488083428e+01
2.220000000011841053e+02 1.051723341840695269e+01
2.225000000011710881e+02 1.031527769181370147e+01
2.230000000011580710e+02 9.992881481870163896e+00
2.235000000011450254e+02 1.040133695005845915e+01
2.240000000011320083e+02 1.031690871107180740e+01
2.245000000011189911e+02 1.013277961229268520e+01
2.250000000011059740e+02 1.077203397261361850e+01
2.255000000010929568e+02 1.043394989834640718e+01
2.260000000010799113e+02 1.057401182577431875e+01
2.265000000010668941e+02 1.010975591986929700e+01
2.270000000010538770e+02 1.038484926100008643e+01
2.275000000010408598e+02 1.048889215749388804e+01
2.280000000010278427e+02 1.018052156562444210e+01
2.285000000010148256e+02 1.058546577193801319e+01
2.290000000010017800e+02 1.027544673362136862e+01
2.295000000009887628e+02 1.039907579107702595e+01
2.300000000009757457e+02 1.026337588636305043e+01
2.305000000009627286e+02 1.029000222690107336e+01
2.310000000009497114e+02 1.009422104333332726e+01
2.315000000009366659e+02 1.047498465051592120e+01
2.320000000009236487e+02 1.020801835695607451e+01
2.325000000009106316e+02 1.013251384285249657e+01
2.330000000008976144e+02 1.021177238530946241e+01
2.335000000008845973e+02 1.039745263391178121e+01
2.340000000008715517e+02 1.027732916743155123e+01
2.345000000008585346e+02 1.009853818365810518e+01
2.350000000008455174e+02 1.024661995839420037e+01
2.355000000008325003e+02 1.045168446961216802e+01
2.360000000008194831e+02 1.019174553091989566e+01
2.365000000008064660e+02 1.068094207493807879e+01
2.370000000007934204e+02 1.026453074020331790e+01
2.375000000007804033e+02 1.037651932979567171e+01
2.380000000007673862e+02 1.014211025366539687e+01
2.385000000007543690e+02 1.043664743206493384e+01
2.390000000007413519e+02 1.027683465145008590e+01
2.395000000007283063e+02 1.030780084760102255e+01
2.400000000007152892e+02 1.019457057316623860e+01
2.405000000007022720e+02 1.016456447716295131e+01
2.410000000006892549e+02 9.946187965603908054e+00
2.415000000006762377e+02 9.989449965343887072e+00
2.420000000006632206e+02 1.024529293714966549e+01
2.425000000006501750e+02 1.048064524518907348e+01
2.430000000006371579e+02 1.041048214013758155e+01
2.435000000006241407e+02 1.051293849490889443e+01
2.440000000006111236e+02 1.012461070308559563e+01
2.445000000005981065e+02 1.038468231802414721e+01
2.450000000005850609e+02 1.030919236677915762e+01
2.455000000005720437e+02 1.011178023957348238e+01
2.460000000005590266e+02 1.043473802457431532e+01
2.465000000005460095e+02 1.006159282247517339e+01
2.470000000005329923e+02 1.050469638687811624e+01
2.475000000005199752e+02 1.031966666561923596e+01
2.480000000005069296e+02 1.026533052119225431e+01
2.485000000004939125e+02 1.043218633013979080e+01
2.490000000004808953e+02 1.013137863973612518e+01
2.495000000004678782e+02 1.030304536130497794e+01
2.500000000004548610e+02 1.027301607996908395e+01
2.505000000004418155e+02 1.008163190735441539e+01
2.510000000004287983e+02 1.051983664701961274e+01
2.515000000004157812e+02 1.055381380048784301e+01
2.520000000004027640e+02 1.051373255942184493e+01
2.525000000003897469e+02 1.044833794839626506e+01
2.530000000003767013e+02 1.029239138961625599e+01
2.535000000003636842e+02 1.023264438010481747e+01
2.540000000003506671e+02 1.056468138593024619e+01
2.545000000003376499e+02 1.016240964573692551e+01
2.550000000003246328e+02 1.012585098602020750e+01
2.555000000003116156e+02 1.040792701094939154e+01
2.560000000002985985e+02 9.892656069862692192e+00
2.565000000002855813e+02 1.034548833498402765e+01
2.570000000002725642e+02 1.037566496117645087e+01
2.575000000002594902e+02 1.045962839093803254e+01
2.580000000002464731e+02 1.011191841715360340e+01
2.585000000002334559e+02 9.984484281579423026e+00
2.590000000002204388e+02 1.048225976844409679e+01
2.595000000002074216e+02 9.991685433368418856e+00
2.600000000001944045e+02 1.037063099768133867e+01
2.605000000001813873e+02 1.021671727502269178e+01
2.610000000001683702e+02 1.056645594701661750e+01
2.615000000001553531e+02 1.028417691982212467e+01
2.620000000001423359e+02 1.026741357068431881e+01
2.625000000001292619e+02 1.045389541797517197e+01
2.630000000001162448e+02 9.876954638834046563e+00
2.635000000001032276e+02 1.050098993147914683e+01
2.640000000000902105e+02 9.977616462393250174e+00
2.645000000000771934e+02 1.039017908061826745e+01
2.650000000000641762e+02 9.953456634338143871e+00
2.655000000000511591e+02 1.006669586154159646e+01
2.660000000000381419e+02 1.076843721613318117e+01
2.665000000000251248e+02 1.020936133668308088e+01
2.670000000000121076e+02 1.019594023747293043e+01
2.674999999999990905e+02 1.052784927276779214e+01
2.679999999999860165e+02 1.031938243604054684e+01
2.684999999999729994e+02 1.040896535559172698e+01
2.689999999999599822e+02 1.012955838838361267e+01
2.694999999999469651e+02 1.023004917065389741e+01
2.699999999999339479e+02 1.062052459766281487e+01
2.704999999999209308e+02 1.014978189840359057e+01
2.709999999999079137e+02 1.029714239883911198e+01
2.714999999998948965e+02 1.029713891558245464e+01
2.719999999998818794e+02 9.741962893638532961e+00
2.724999999998688622e+02 9.876932350572010577e+00
2.729999999998558451e+02 1.097658181229141938e+01
2.734999999998427711e+02 9.389221547583000316e+00
2.739999999998297540e+02 1.101869892321672673e+01
2.744999999998167368e+02 9.245495158990500784e+00
2.749999999998037197e+02 1.042353538311034811e+01
2.754999999997907025e+02 1.023181845285626501e+01
2.759999999997776854e+02 9.868364017173840708e+00
2.764999999997646682e+02 1.021672631327405156e+01
2.769999999997516511e+02 1.061186780644877636e+01
2.774999999997386340e+02 1.014438410421959169e+01
2.779999999997256168e+02 1.046469015761994648e+01
2.784999999997125997e+02 9.846662688363958083e+00
2.789999999996995257e+02 1.004262794985935159e+01
2.794999999996865085e+02 1.011850334504492643e+01
2.799999999996734914e+02 1.032021222832455898e+01
2.804999999996604743e+02 1.020849311252576541e+01
2.809999999996474571e+02 1.074384758525938643e+01
2.814999999996344400e+02 1.030618360177005499e+01
2.819999999996214228e+02 1.034879444876926868e+01
2.824999999996084057e+02 1.016174052290739915e+01
2.829999999995953885e+02 1.020576421291606195e+01
2.834999999995823714e+02 1.026667953105681796e+01
2.839999999995693543e+02 1.026522794140714190e+01
2.844999999995562803e+02 1.043938494572805809e+01
2.849999999995432631e+02 1.023012155385253763e+01
2.854999999995302460e+02 1.043008716892548371e+01
2.859999999995172288e+02 1.023793947824555417e+01
2.864999999995042117e+02 1.059426269496099593e+01
2.869999999994911946e+02 1.022200229870959198e+01
2.874999999994781774e+02 1.042470343597346627e+01
2.879999999994651603e+02 1.021373699525622314e+01
2.884999999994521431e+02 1.060987612663217838e+01
2.889999999994391260e+02 9.999256040814557878e+00
2.894999999994261088e+02 1.063771279616511123e+01
2.899999999994130349e+02 1.016206742842215149e+01
2.904999999994000177e+02 1.012764150451661571e+01
2.909999999993870006e+02 1.041224471018184872e+01
2.914999999993739834e+02 1.025076748292569739e+01
2.919999999993609663e+02 1.063753165621542074e+01
2.924999999993479491e+02 9.936416758028471463e+00
2.929999999993349320e+02 1.067121854228578393e+01
2.934999999993219149e+02 9.747462376031963416e+00
2.939999999993088977e+02 1.090878987015342538e+01
2.944999999992958806e+02 9.908015663384460936e+00
2.949999999992828634e+02 1.034795971638087408e+01
2.954999999992697894e+02 9.932203704982995873e+00
2.959999999992567723e+02 1.053087957353289816e+01
2.964999999992437552e+02 1.019584509924678528e+01
2.969999999992307380e+02 1.038077731727879360e+01
2.974999999992177209e+02 1.053272990379282525e+01
2.979999999992047037e+02 1.042299548517560481e+01
2.984999999991916866e+02 1.044039106244071924e+01
2.989999999991786694e+02 1.026245124690423260e+01
2.994999999991656523e+02 1.040729975071932678e+01
2.999999999991526352e+02 1.034606940862584246e+01
3.004999999991396180e+02 1.027510563084021022e+01
3.009999999991265440e+02 9.624273776709182826e+00
3.014999999991135269e+02 1.111476857557478226e+01
3.019999999991005097e+02 9.629929425546949417e+00
3.024999999990874926e+02 1.061599342722170647e+01
3.029999999990744755e+02 1.038797674557089223e+01
3.034999999990614583e+02 9.683169118889070504e+00
3.039999999990484412e+02 1.059083181605485358e+01
3.044999999990354240e+02 9.943926453792460762e+00
3.049999999990224069e+02 1.074127995545711300e+01
3.054999999990093897e+02 1.008744900267921452e+01
3.059999999989963158e+02 1.040713477224097794e+01
3.064999999989832986e+02 1.043131366696532680e+01
3.069999999989702815e+02 1.013758093144322103e+01
3.074999999989572643e+02 1.031752300312957971e+01
3.079999999989442472e+02 1.021993754820938349e+01
3.084999999989312300e+02 1.043688888889828448e+01
3.089999999989182129e+02 1.048260174594694405e+01
3.094999999989051958e+02 1.044100520741023352e+01
3.099999999988921786e+02 1.060201436476896930e+01
3.104999999988791615e+02 1.016940266924074265e+01
3.109999999988661443e+02 1.012995222013403307e+01
3.114999999988530703e+02 1.023539645542443566e+01
3.119999999988400532e+02 1.017088361270533348e+01
3.124999999988270361e+02 1.044186810974272106e+01
3.129999999988140189e+02 1.035774843608360918e+01
3.134999999988010018e+02 1.006482242383959580e+01
3.139999999987879846e+02 1.056085049767288275e+01
3.144999999987749675e+02 9.715359979979899308e+00
3.149999999987619503e+02 1.042128869070922370e+01
3.154999999987489332e+02 1.031365417076427882e+01
3.159999999987359161e+02 1.017411946831579073e+01
3.164999999987228989e+02 1.005631866417259879e+01
3.169999999987098249e+02 9.802616994132556272e+00
3.174999999986968078e+02 9.999384903653961487e+00
3.179999999986837906e+02 1.070809583584674485e+01
3.184999999986707735e+02 1.050149455318540426e+01
3.189999999986577564e+02 1.020598463577404225e+01
3.194999999986447392e+02 1.053587400192868806e+01
3.199999999986317221e+02 9.936978762118370057e+00
3.204999999986187049e+02 1.051501050452749197e+01
3.209999999986056878e+02 9.995639079629217605e+00
3.214999999985926706e+02 1.042154836531259043e+01
3.219999999985796535e+02 1.018367752626596889e+01
3.224999999985665795e+02 1.016664704432710842e+01
3.229999999985535624e+02 1.007520814046281465e+01
3.234999999985405452e+02 1.023884708980584790e+01
3.239999999985275281e+02 1.032797498430240957e+01
3.244999999985145109e+02 9.915700560004232500e+00
3.249999999985014938e+02 1.072569757404825630e+01
3.254999999984884766e+02 9.852015330277518856e+00
3.259999999984754595e+02 1.047801977103021720e+01
3.264999999984624424e+02 1.022148944713999086e+01
3.269999999984494252e+02 1.007868537946583132e+01
3.274999999984364081e+02 1.084252620927891542e+01
3.279999999984233341e+02 9.980302098170355407e+00
3.284999999984103169e+02 1.054994271944913997e+01
3.289999999983972998e+02 1.008468744427057651e+01
3.294999999983842827e+02 1.053958681646215290e+01
3.299999999983712655e+02 1.025291959178001377e+01
3.304999999983582484e+02 1.037654347206930083e+01
3.309999999983452312e+02 1.029766492725620530e+01
3.314999999983322141e+02 1.015435217866778217e+01
3.319999999983191969e+02 1.041727117596224517e+01
3.324999999983061798e+02 1.029314923161475193e+01
3.329999999982931627e+02 1.049160893201094424e+01
3.334999999982800887e+02 9.815919886769096436e+00
3.339999999982670715e+02 1.027973933919073879e+01
3.344999999982540544e+02 9.803240615538427960e+00
3.349999999982410372e+02 1.032504205610436010e+01
3.354999999982280201e+02 1.058293191810544442e+01
3.359999999982150030e+02 1.008389237710187913e+01
3.364999999982019858e+02 1.052674079173891108e+01
3.369999999981889687e+02 1.020872889329270272e+01
3.374999999981759515e+02 1.057696217379770154e+01
3.379999999981629344e+02 9.838268956794214759e+00
3.384999999981499172e+02 1.012601060655667773e+01
3.389999999981368433e+02 1.008088737540912661e+01
3.394999999981238261e+02 1.043941070769092327e+01
3.399999999981108090e+02 1.051129403755163416e+01
3.404999999980977918e+02 1.051423138356972942e+01
3.409999999980847747e+02 1.009571435053369726e+01
3.414999999980717575e+02 1.052867143724593824e+01
3.419999999980587404e+02 1.009945957817145867e+01
3.424999999980457233e+02 9.961599394694880871e+00
3.429999999980327061e+02 9.990761617458877808e+00
3.434999999980196890e+02 9.903352999768928910e+00
3.439999999980066718e+02 1.057248755137901775e+01
3.444999999979935978e+02 1.003799771373718208e+01
3.449999999979805807e+02 1.050939812737107992e+01
3.454999999979675636e+02 1.020977604839555752e+01
3.459999999979545464e+02 1.036845394651373198e+01
3.464999999979415293e+02 9.781079414749186185e+00
3.469999999979285121e+02 1.052288639121417191e+01
3.474999999979154950e+02 1.028319025844022505e+01
3.479999999979024778e+02 1.069460054884193312e+01
3.484999999978894607e+02 1.032221900458325692e+01
3.489999999978764436e+02 1.022987978668348141e+01
3.494999999978633696e+02 1.024751975422462458e+01
3.499999999978503524e+02 1.022343448824568135e+01
3.504999999978373353e+02 1.046841880290133453e+01
3.509999999978243181e+02 1.034417080328508831e+01
3.514999999978113010e+02 1.032014341469002083e+01
3.519999999977982839e+02 1.013989130642430148e+01
3.524999999977852667e+02 1.051439445334136380e+01
3.529999999977722496e+02 1.043366596466126239e+01
3.534999999977592324e+02 1.030397251205677023e+01
3.539999999977462153e+02 1.048271173484780405e+01
3.544999999977331981e+02 1.017024409718221989e+01
3.549999999977201242e+02 1.056030620590635039e+01
3.554999999977071070e+02 1.042214325694903287e+01
3.559999999976940899e+02 1.053814864547282149e+01
3.564999999976810727e+02 9.967791960391576112e+00
3.569999999976680556e+02 1.069905679479650829e+01
3.574999999976550384e+02 1.038206716545798791e+01
3.579999999976420213e+02 1.051780479702093984e+01
3.584999999976290042e+02 1.068545230215763553e+01
3.589999999976159870e+02 1.047668506286848178e+01
3.594999999976029699e+02 1.033789344697668788e+01
3.599999999975899527e+02 1.029801710395879333e+01
3.604999999975768787e+02 1.043296717333623924e+01
3.609999999975638616e+02 1.037673457485647788e+01
3.614999999975508445e+02 9.977086733022108689e+00
3.619999999975378273e+02 1.018546207764709166e+01
3.624999999975248102e+02 1.029654537613282805e+01
3.629999999975117930e+02 1.026372014765636109e+01
3.634999999974987759e+02 1.034186927808043954e+01
3.639999999974857587e+02 1.038817478041391595e+01
3.644999999974727416e+02 1.025467055497903424e+01
3.649999999974597245e+02 1.024021636823972869e+01
3.654999999974467073e+02 1.019408988247369230e+01
3.659999999974336333e+02 1.055155406940441054e+01
3.664999999974206162e+02 1.051635763698147130e+01
3.669999999974075990e+02 1.045007900386140065e+01
3.674999999973945819e+02 1.049676138072336684e+01
3.679999999973815648e+02 1.017722160804249221e+01
3.684999999973685476e+02 1.013233091585915169e+01
3.689999999973555305e+02 1.063830297346883391e+01
3.694999999973425133e+02 1.031209456061701957e+01
3.699999999973294962e+02 1.032137215532363150e+01
3.704999999973164790e+02 1.004091345123310397e+01
3.709999999973034619e+02 1.039461662548583298e+01
3.714999999972903879e+02 1.033028615817513085e+01
3.719999999972773708e+02 1.027712191339018766e+01
3.724999999972643536e+02 1.037404008507529873e+01
3.729999999972513365e+02 1.032965894717755795e+01
3.734999999972383193e+02 9.991012841303497538e+00
3.739999999972253022e+02 1.037778792252623639e+01
3.744999999972122851e+02 1.034725722267033632e+01
3.749999999971992679e+02 1.044173047228145457e+01
3.754999999971862508e+02 1.056283222251686027e+01
3.759999999971732336e+02 1.004192912076294597e+01
3.764999999971602165e+02 1.059835954526530166e+01
3.769999999971471425e+02 1.010376236505676495e+01
3.774999999971341254e+02 1.047232611170460004e+01
3.779999999971211082e+02 9.921710476836270942e+00
3.784999999971080911e+02 1.041145786768430526e+01
3.789999999970950739e+02 1.041894729521700746e+01
3.794999999970820568e+02 9.874014428868717275e+00
3.799999999970690396e+02 1.063562821435334982e+01
3.804999999970560225e+02 9.440710951528011208e+00
3.809999999970430054e+02 1.062569681933767818e+01
3.814999999970299882e+02 9.965567028920705894e+00
3.819999999970169711e+02 1.026414275955594491e+01
3.824999999970038971e+02 1.006211984364368028e+01
3.829999999969908799e+02 1.052150121318556053e+01
3.834999999969778628e+02 1.071565883681766529e+01
3.839999999969648456e+02 1.005893656691718263e+01
3.844999999969518285e+02 1.018656451615462366e+01
3.849999999969388114e+02 1.028684646078795240e+01
3.854999999969257942e+02 1.076074553693909763e+01
3.859999999969127771e+02 1.052988069725473785e+01
3.864999999968997599e+02 1.022263520885560517e+01
3.869999999968867428e+02 1.038769673728409870e+01
3.874999999968737256e+02 1.020484036286416796e+01
3.879999999968606517e+02 1.051485723917621051e+01
3.884999999968476345e+02 1.023765005899709735e+01
3.889999999968346174e+02 1.052935571990850150e+01
3.894999999968216002e+02 1.010964858034596858e+01
3.899999999968085831e+02 1.027007750099322969e+01
3.904999999967955659e+02 1.003127432502946981e+01
3.909999999967825488e+02 1.009893457772218817e+01
3.914999999967695317e+02 1.045479500874105305e+01
3.919999999967565145e+02 9.942356024744343657e+00
3.924999999967434974e+02 1.003789269311835319e+01
3.929999999967304234e+02 1.017775049073235394e+01
3.934999999967174062e+02 1.028519231374318821e+01
3.939999999967043891e+02 1.061207600594288536e+01
3.944999999966913720e+02 9.777848113538260222e+00
3.949999999966783548e+02 1.045556562261375255e+01
3.954999999966653377e+02 1.031973562421549850e+01
3.959999999966523205e+02 1.032282664448552190e+01
3.964999999966393034e+02 1.035985659494658151e+01
3.969999999966262862e+02 1.043876178503286134e+01
3.974999999966132691e+02 9.789015866769670282e+00
3.979999999966002520e+02 1.042821260302294029e+01
3.984999999965871780e+02 1.019015277577459777e+01
3.989999999965741608e+02 1.033609233992111953e+01
3.994999999965611437e+02 1.029637605045820337e+01
3.999999999965481265e+02 1.034772463945583176e+01
4.004999999965351094e+02 1.025525511966664816e+01
4.009999999965220923e+02 1.014240043390305779e+01
4.014999999965090751e+02 1.051788285647502441e+01
4.019999999964960580e+02 9.565648182960135415e+00
4.024999999964830408e+02 1.094891665763907618e+01
4.029999999964700237e+02 9.775272873421263498e+00
4.034999999964570065e+02 1.052361477379908372e+01
4.039999999964439326e+02 1.044206555479463283e+01
4.044999999964309154e+02 1.019488728880062745e+01
4.049999999964178983e+02 1.071160426683004019e+01
4.054999999964048811e+02 1.030710019125112531e+01
4.059999999964079507e+02 1.051156778410846293e+01
4.064999999964400104e+02 1.023296199213686819e+01
4.069999999964720132e+02 1.009349160703255954e+01
4.074999999965040729e+02 1.035257557669123329e+01
4.079999999965360757e+02 1.008708456423140909e+01
4.084999999965681354e+02 1.041220646653339799e+01
4.089999999966001383e+02 1.044627479726745634e+01
4.094999999966321980e+02 9.865752848522395979e+00
4.099999999966642008e+02 1.069866292190819301e+01
4.104999999966962605e+02 9.957912673927483027e+00
4.109999999967282633e+02 9.782065806464736113e+00
4.114999999967603230e+02 1.045004743871592900e+01
4.119999999967923259e+02 1.002382435700059382e+01
4.124999999968243856e+02 1.073633369760011824e+01
4.129999999968563884e+02 1.040574323694522363e+01
4.134999999968884481e+02 1.065589879311249888e+01
4.139999999969205078e+02 1.022608991958061786e+01
4.144999999969525106e+02 1.021664432607720130e+01
4.149999999969845703e+02 1.042894735820169849e+01
4.154999999970165732e+02 1.058986172642361190e+01
4.159999999970486328e+02 1.013731481538474632e+01
4.164999999970806357e+02 1.003689905464624488e+01
4.169999999971126954e+02 1.042544139702693862e+01
4.174999999971446982e+02 9.974418595477246186e+00
4.179999999971767579e+02 1.045318889464190093e+01
4.184999999972087608e+02 1.034101521059159445e+01
4.189999999972408204e+02 1.034621384621987694e+01
4.194999999972728233e+02 9.849994601729965993e+00
4.199999999973048830e+02 1.071433077256696365e+01
4.204999999973368858e+02 9.872167208701062791e+00
4.209999999973689455e+02 1.035129973848735752e+01
4.214999999974009484e+02 1.062397489009204321e+01
4.219999999974330080e+02 9.613732363186242580e+00
4.224999999974650109e+02 1.048317949698563822e+01
4.229999999974970706e+02 9.833616062544308534e+00
4.234999999975291303e+02 1.075490953537111416e+01
4.239999999975611331e+02 1.017890231245153565e+01
4.244999999975931928e+02 9.974186124609575543e+00
4.249999999976251956e+02 1.087770549294431888e+01
4.254999999976572553e+02 1.012969247877960122e+01
4.259999999976892582e+02 1.057235161995157569e+01
4.264999999977213179e+02 1.018269974887855334e+01
4.269999999977533207e+02 1.049621623624538991e+01
4.274999999977853804e+02 1.039155806240010804e+01
4.279999999978173832e+02 1.013562791917935257e+01
4.284999999978494429e+02 1.042269434280689033e+01
4.289999999978814458e+02 1.051960582456185911e+01
4.294999999979135055e+02 9.964778416050259935e+00
4.299999999979455083e+02 1.087370274468827169e+01
4.304999999979775680e+02 9.956168420006747510e+00
4.309999999980095708e+02 1.033936688850171315e+01
4.314999999980416305e+02 1.066165380059300460e+01
4.319999999980736902e+02 1.010000818418434854e+01
4.324999999981056931e+02 1.052116345594112801e+01
4.329999999981377528e+02 9.710522512620853419e+00
4.334999999981697556e+02 1.023794587975973158e+01
4.339999999982018153e+02 1.039999141165842644e+01
4.344999999982338181e+02 9.842773925152819459e+00
4.349999999982658778e+02 1.077991781261283322e+01
4.354999999982978807e+02 9.993437459097670228e+00
4.359999999983299404e+02 9.988597194094541720e+00
4.364999999983619432e+02 1.035937706939258263e+01
4.369999999983940029e+02 1.004609537197971925e+01
4.374999999984260057e+02 1.030147887771314608e+01
4.379999999984580654e+02 1.046873650150863355e+01
4.384999999984900683e+02 1.037721490177957051e+01
4.389999999985221280e+02 1.048445628263085894e+01
4.394999999985541308e+02 9.831392780847172830e+00
4.399999999985861905e+02 1.075565931150320509e+01
4.404999999986182502e+02 1.018601312572639550e+01
4.409999999986502530e+02 1.020882900516568270e+01
4.414999999986823127e+02 1.077156716326591201e+01
4.419999999987143156e+02 1.039321901736127529e+01
4.424999999987463752e+02 1.025568407924576952e+01
4.429999999987783781e+02 9.639353965061401297e+00
4.434999999988104378e+02 1.026041023770762983e+01
4.439999999988424406e+02 1.012950609034741234e+01
4.444999999988745003e+02 1.065792813954270990e+01
4.449999999989065032e+02 1.007514825846049611e+01
4.454999999989385628e+02 1.065798699255887527e+01
4.459999999989705657e+02 1.005514936791325198e+01
4.464999999990026254e+02 1.040509599109774719e+01
4.469999999990346282e+02 1.006813923780616271e+01
4.474999999990666879e+02 1.052650999311804192e+01
4.479999999990986908e+02 1.013792804845417628e+01
4.484999999991307504e+02 1.038031329335773378e+01
4.489999999991627533e+02 1.019866830531801760e+01
4.494999999991948130e+02 1.017853398094110950e+01
4.499999999992268727e+02 1.046654323466504088e+01
4.504999999992588755e+02 1.009162722620593655e+01
4.509999999992909352e+02 1.003265323500883355e+01
4.514999999993229380e+02 1.022723799030466019e+01
4.519999999993549977e+02 9.605666594389333568e+00
4.524999999993870006e+02 1.059697725965924953e+01
4.529999999994190603e+02 9.911897862623275657e+00
4.534999999994510631e+02 1.056076287428526683e+01
4.539999999994831228e+02 1.054019800786092631e+01
4.544999999995151256e+02 1.002478020949369508e+01
4.549999999995471853e+02 1.054507233505326091e+01
4.554999999995791882e+02 1.006951621022361820e+01
4.559999999996112479e+02 1.063406307834716635e+01
4.564999999996432507e+02 9.903276513352988530e+00
4.569999999996753104e+02 1.026940867297521898e+01
4.574999999997073132e+02 1.055887739575517159e+01
4.579999999997393729e+02 1.005498374158609565e+01
4.584999999997714326e+02 1.044122699676121258e+01
4.589999999998034355e+02 1.005063719947376377e+01
4.594999999998354951e+02 1.077077999453630319e+01
4.599999999998674980e+02 9.908131333170759447e+00
4.604999999998995577e+02 1.080061150242075740e+01
4.609999999999315605e+02 9.890767628675826373e+00
4.614999999999636202e+02 1.033134127842676442e+01
4.619999999999956231e+02 1.029410246810592966e+01
4.625000000000276827e+02 1.045209220245756221e+01
4.630000000000596856e+02 1.001733432329003648e+01
4.635000000000917453e+02 1.063370938748313677e+01
4.640000000001237481e+02 1.009987251593801005e+01
4.645000000001558078e+02 1.006438982861828535e+01
4.650000000001878107e+02 1.047747424356097490e+01
4.655000000002198703e+02 9.999997327851856355e+00
4.660000000002518732e+02 1.028562872082247104e+01
4.665000000002839329e+02 9.620387241146936219e+00
4.670000000003159357e+02 1.012055538760823836e+01
4.675000000003479954e+02 1.042786148485693509e+01
4.680000000003800551e+02 1.040939062036238205e+01
4.685000000004120579e+02 1.052697386013798919e+01
4.690000000004441176e+02 1.045005975581318758e+01
4.695000000004761205e+02 1.017050983371996331e+01
4.700000000005081802e+02 1.030432706553875200e+01
4.705000000005401830e+02 1.063486472669707972e+01
4.710000000005722427e+02 1.035714065122276750e+01
4.715000000006042455e+02 9.862491358374192885e+00
4.720000000006363052e+02 1.063858595722105527e+01
4.725000000006683081e+02 1.033620224441893498e+01
4.730000000007003678e+02 1.028372223847517475e+01
4.735000000007323706e+02 1.040730900534006764e+01
4.740000000007644303e+02 1.036468651834802834e+01
4.745000000007964331e+02 1.016283980630189632e+01
4.750000000008284928e+02 1.027206735446687880e+01
4.755000000008604957e+02 1.044648722391146833e+01
4.760000000008925554e+02 9.816794636908932503e+00
4.765000000009246151e+02 1.038421458875125403e+01
4.770000000009566179e+02 1.000277655666896948e+01
4.775000000009886776e+02 1.060491297311140002e+01
4.780000000010206804e+02 1.018567458700063000e+01
4.785000000010527401e+02 1.034634914509418380e+01
4.790000000010847430e+02 1.038159087021927007e+01
4.795000000011168027e+02 9.916973122514724182e+00
4.800000000011488055e+02 1.045417681953010280e+01
4.805000000011808652e+02 1.028992932801710225e+01
4.810000000012128680e+02 1.023529051597244077e+01
4.815000000012449277e+02 1.079058015330620357e+01
4.820000000012769306e+02 1.011985082497589694e+01
4.825000000013089902e+02 1.043636646137567858e+01
4.830000000013409931e+02 1.026367163759333501e+01
4.835000000013730528e+02 1.003312937343203615e+01
4.840000000014050556e+02 1.043811626559065786e+01
4.845000000014371153e+02 1.026109316971911234e+01
4.850000000014691750e+02 1.028078672933853177e+01
4.855000000015011778e+02 1.047714112069193781e+01
4.860000000015332375e+02 1.046620635824118395e+01
4.865000000015652404e+02 9.826510778847973526e+00
4.870000000015973001e+02 1.053931269232414536e+01
4.875000000016293029e+02 1.018960632577160297e+01
4.880000000016613626e+02 1.027925339777450908e+01
4.885000000016933654e+02 1.044759297273914100e+01
4.890000000017254251e+02 1.057920575426183873e+01
4.895000000017574280e+02 9.940382384191275733e+00
4.900000000017894877e+02 1.069860594693287048e+01
4.905000000018214905e+02 1.007144843774950616e+01
4.910000000018535502e+02 1.048486304106434730e+01
4.915000000018855530e+02 1.035343463708624689e+01
4.920000000019176127e+02 1.032079620421102994e+01
4.925000000019496156e+02 1.073222070118056237e+01
4.930000000019816753e+02 1.006717298218995893e+01
4.935000000020136781e+02 1.066525521977074398e+01
4.940000000020457378e+02 1.044672737903522908e+01
4.945000000020777975e+02 1.045948495400545752e+01
4.950000000021098003e+02 1.069565728804689897e+01
4.955000000021418600e+02 1.044976327465871613e+01
4.960000000021738629e+02 1.022915522316850989e+01
4.965000000022059226e+02 1.007503754366902271e+01
4.970000000022379254e+02 1.040241967070216766e+01
4.975000000022699851e+02 9.982453411683005484e+00
4.980000000023019879e+02 1.050991844326872560e+01
4.985000000023340476e+02 1.009824719987349440e+01
4.990000000023660505e+02 1.036278818821204872e+01
4.995000000023981102e+02 1.058380981909422403e+01
5.000000000024301130e+02 1.007146262181633567e+01
5.005000000024621727e+02 1.029879496174509157e+01
5.010000000024941755e+02 1.005659393495520426e+01
5.015000000025262352e+02 1.030147405763058899e+01
5.020000000025582381e+02 1.043317992284663198e+01
5.025000000025902978e+02 1.016724949941571410e+01
5.030000000026223574e+02 1.072835981061848898e+01
5.035000000026543603e+02 9.959327410550276483e+00
5.040000000026864200e+02 9.866253532604783771e+00
5.045000000027184228e+02 1.015453170747954736e+01
5.050000000027504825e+02 1.053386927951087415e+01
5.055000000027824854e+02 1.003736399766997422e+01
5.060000000028145450e+02 1.028032292050760077e+01
5.065000000028465479e+02 9.940835271223386727e+00
5.070000000028786076e+02 9.889835584955648073e+00
5.075000000029106104e+02 1.065183730191191280e+01
5.080000000029426701e+02 1.047031894750143621e+01
5.085000000029746730e+02 1.055801756499234401e+01
5.090000000030067326e+02 1.021485419676012540e+01
5.095000000030387355e+02 1.017453555180068037e+01
5.100000000030707952e+02 1.019250171817422590e+01
5.105000000031027980e+02 1.045701590099536205e+01
5.110000000031348577e+02 1.052494950957540709e+01
5.115000000031668606e+02 1.021666213933148271e+01
5.120000000031989202e+02 1.025843375183482031e+01
5.125000000032309799e+02 1.060851639697365734e+01
5.130000000032630396e+02 1.036621104069200960e+01
5.135000000032949856e+02 1.034884142680507502e+01
5.140000000033270453e+02 1.031559095394083592e+01
5.145000000033591050e+02 1.049327550021987854e+01
5.150000000033911647e+02 9.936528792422254952e+00
5.155000000034231107e+02 1.033579631487392447e+01
5.160000000034551704e+02 1.040673051747537947e+01
5.165000000034872301e+02 1.006646630343906601e+01
5.170000000035192897e+02 1.036028784222440713e+01
5.175000000035512357e+02 1.029655955984909355e+01
5.180000000035832954e+02 1.019977890369272977e+01
5.185000000036153551e+02 1.019105804264039605e+01
5.190000000036474148e+02 1.050380965527557997e+01
5.195000000036793608e+02 1.001400139834169245e+01
5.200000000037114205e+02 1.020856791775812411e+01
5.205000000037434802e+02 1.035109428593897540e+01
5.210000000037755399e+02 9.945758381264740322e+00
5.215000000038075996e+02 1.078018448612667513e+01
5.220000000038395456e+02 9.598757914722193973e+00
5.225000000038716053e+02 1.062143581426085248e+01
5.230000000039036649e+02 1.011949953861756057e+01
5.235000000039357246e+02 9.918334477563981011e+00
5.240000000039676706e+02 1.002291751665125830e+01
5.245000000039997303e+02 1.026571373840051571e+01
5.250000000040317900e+02 1.029908714983066353e+01
5.255000000040638497e+02 1.027881194893584471e+01
5.260000000040957957e+02 1.003491514772282578e+01
5.265000000041278554e+02 1.027253748404432621e+01
5.270000000041599151e+02 1.021297083872461009e+01
5.275000000041919748e+02 9.917763995578129155e+00
5.280000000042239208e+02 1.014724224306219647e+01
5.285000000042559805e+02 1.078310331485272400e+01
5.290000000042880401e+02 9.971572021459094159e+00
5.295000000043200998e+02 1.022162292997492017e+01
5.300000000043521595e+02 1.040316469950240297e+01
5.305000000043841055e+02 1.057092312457083949e+01
5.310000000044161652e+02 1.041886501149912547e+01
5.315000000044482249e+02 1.001229116744218572e+01
5.320000000044802846e+02 1.062992011571813933e+01
5.325000000045122306e+02 9.927656722714457871e+00
5.330000000045442903e+02 1.021812102066451722e+01
5.335000000045763500e+02 1.053346668786007356e+01
5.340000000046084097e+02 1.005448193120346190e+01
5.345000000046403557e+02 1.063834940156432651e+01
5.350000000046724153e+02 1.031838947845199250e+01
5.355000000047044750e+02 1.047336326460572842e+01
5.360000000047365347e+02 1.010566569449426133e+01
5.365000000047684807e+02 1.017435342257438968e+01
5.370000000048005404e+02 1.033188121197012244e+01
5.375000000048326001e+02 1.034310335551143645e+01
5.380000000048646598e+02 1.023361849129824641e+01
5.385000000048967195e+02 1.074086334944530030e+01
5.390000000049286655e+02 9.875785191237740790e+00
5.395000000049607252e+02 1.030885607437061324e+01
5.400000000049927849e+02 1.004187987471243027e+01
5.405000000050248445e+02 1.066027758103796508e+01
5.410000000050567905e+02 9.927442342955217214e+00
5.415000000050888502e+02 1.059576185737560827e+01
5.420000000051209099e+02 1.000331267898616261e+01
5.425000000051529696e+02 1.034074507350388927e+01
5.430000000051849156e+02 1.024839592153129786e+01
5.435000000052169753e+02 1.000706797264016679e+01
5.440000000052490350e+02 1.067812178135287660e+01
5.445000000052810947e+02 1.004578963346769349e+01
5.450000000053130407e+02 1.082666631662090495e+01
5.455000000053451004e+02 9.866255609008769412e+00
5.460000000053771601e+02 1.056354660027224490e+01
5.465000000054092197e+02 9.939826969379762289e+00
5.470000000054411657e+02 1.012975352821212205e+01
5.475000000054732254e+02 1.035761621806227950e+01
5.480000000055052851e+02 1.066351092485848362e+01
5.485000000055373448e+02 1.033272087258722216e+01
5.490000000055694045e+02 1.018632908161357342e+01
5.495000000056013505e+02 1.049214793454835259e+01
5.500000000056334102e+02 9.920751264445822670e+00
5.505000000056654699e+02 1.040880599599921652e+01
5.510000000056975296e+02 1.009172804232874654e+01
5.515000000057294756e+02 1.037022422915862485e+01
5.520000000057615352e+02 9.968587160311585649e+00
5.525000000057935949e+02 1.048137336483515014e+01
5.530000000058256546e+02 9.823591207318669305e+00
5.535000000058576006e+02 1.102242581252551545e+01
5.540000000058896603e+02 9.659848354523193237e+00
5.545000000059217200e+02 1.060483513664086352e+01
5.550000000059537797e+02 1.022812137595019522e+01
5.555000000059857257e+02 1.025905804749927874e+01
5.560000000060177854e+02 1.040888310506551662e+01
5.565000000060498451e+02 9.720954381961570689e+00
5.570000000060819048e+02 1.006884409276732484e+01
5.575000000061139644e+02 1.036227690494243348e+01
5.580000000061459104e+02 1.014455143901482792e+01
5.585000000061779701e+02 1.051638550668580763e+01
5.590000000062100298e+02 1.010083720980213506e+01
5.595000000062420895e+02 1.055630359214565495e+01
5.600000000062740355e+02 9.989329599903719270e+00
5.605000000063060952e+02 1.040410857712479498e+01
5.610000000063381549e+02 1.023436276656442878e+01
5.615000000063702146e+02 1.034570490637866591e+01
5.620000000064021606e+02 1.020664977205633939e+01
5.625000000064342203e+02 1.061982897048499552e+01
5.630000000064662800e+02 1.032375619586601978e+01
5.635000000064983396e+02 1.037205097565610679e+01
5.640000000065302856e+02 9.986084328864336612e+00
5.645000000065623453e+02 1.092037015698585201e+01
5.650000000065944050e+02 9.852653017388472989e+00
5.655000000066264647e+02 1.033621676246609766e+01
5.660000000066585244e+02 9.690932206985795716e+00
5.665000000066904704e+02 1.022683736366572305e+01
5.670000000067225301e+02 1.033636640092768388e+01
5.675000000067545898e+02 1.012335000017294639e+01
5.680000000067866495e+02 1.010130427602342706e+01
5.685000000068185955e+02 1.065899471560997824e+01
5.690000000068506552e+02 9.699021732896014214e+00
5.695000000068827148e+02 1.055201768874132284e+01
5.700000000069147745e+02 1.030161036880526915e+01
5.705000000069467205e+02 1.041641323327238489e+01
5.710000000069787802e+02 9.890407167022075896e+00
5.715000000070108399e+02 1.101498136739323996e+01
5.720000000070428996e+02 1.000671578660884897e+01
5.725000000070748456e+02 1.067513195786998281e+01
5.730000000071069053e+02 1.033843888195458938e+01
5.735000000071389650e+02 9.944744158921411170e+00
5.740000000071710247e+02 1.021449771341797508e+01
5.745000000072030844e+02 1.008892101309940692e+01
5.750000000072350304e+02 1.048261211893251676e+01
5.755000000072670900e+02 1.026173357533071595e+01
5.760000000072991497e+02 1.070264332749769487e+01
5.765000000073312094e+02 1.003973970766690726e+01
5.770000000073631554e+02 1.045976528353673629e+01
5.775000000073952151e+02 1.036427666200558662e+01
5.780000000074272748e+02 1.015203417501859207e+01
5.785000000074593345e+02 1.063506303318963120e+01
5.790000000074912805e+02 1.009174688334081260e+01
5.795000000075233402e+02 1.041938455991025059e+01
5.800000000075553999e+02 1.034212543716928501e+01
5.805000000075874595e+02 1.045005819922637080e+01
5.810000000076194056e+02 1.016716981846391299e+01
5.815000000076514652e+02 1.023500728151842942e+01
5.820000000076835249e+02 1.001019954846241866e+01
5.825000000077155846e+02 1.059966169622596510e+01
5.830000000077476443e+02 9.990190678493497956e+00
5.835000000077795903e+02 1.004213613203791766e+01
5.840000000078116500e+02 1.027675468298422246e+01
5.845000000078437097e+02 9.868015881464089034e+00
5.850000000078757694e+02 1.049929228876823473e+01
5.855000000079077154e+02 9.905539077577998341e+00
5.860000000079397751e+02 1.047262987530367262e+01
5.865000000079718347e+02 1.045953792574017704e+01
5.870000000080038944e+02 1.016013419850970756e+01
5.875000000080358404e+02 1.064747127562122309e+01
5.880000000080679001e+02 9.841705156241136621e+00
5.885000000080999598e+02 1.040689442959711819e+01
5.890000000081320195e+02 1.023112813516612540e+01
5.895000000081639655e+02 1.017463479203429877e+01
5.900000000081960252e+02 1.002143833294140407e+01
5.905000000082280849e+02 1.027100777621282468e+01
5.910000000082601446e+02 1.032419785688094471e+01
5.915000000082920906e+02 1.022251310320194406e+01
5.920000000083241503e+02 1.059328890077353691e+01
5.925000000083562099e+02 1.023399956061435567e+01
5.930000000083882696e+02 1.043476305072197441e+01
5.935000000084203293e+02 1.060032230598949710e+01
5.940000000084522753e+02 1.044599372423677863e+01
5.945000000084843350e+02 1.056057897815308877e+01
5.950000000085163947e+02 1.057027539423176776e+01
5.955000000085484544e+02 1.005643365170378267e+01
5.960000000085804004e+02 1.053567669589737399e+01
5.965000000086124601e+02 1.010003067802240295e+01
5.970000000086445198e+02 1.041760090541097306e+01
5.975000000086765795e+02 9.905061212407185067e+00
5.980000000087085255e+02 1.057831477272870835e+01
5.985000000087405851e+02 1.029677335430377560e+01
5.990000000087726448e+02 1.038069227173243192e+01
5.995000000088047045e+02 1.033832151596870119e+01
6.000000000088366505e+02 1.040918294347243034e+01
6.005000000088687102e+02 1.006399996250442896e+01
6.010000000089007699e+02 1.028989375308793619e+01
6.015000000089328296e+02 9.936691151545243628e+00
6.020000000089648893e+02 1.078375608300520128e+01
6.025000000089968353e+02 9.847332221039156508e+00
6.030000000090288950e+02 1.012781282748428602e+01
6.035000000090609547e+02 1.035471572318388489e+01
6.040000000090930143e+02 1.017417712568035704e+01
6.045000000091249603e+02 1.021372121302194991e+01
6.050000000091570200e+02 1.018885771911139493e+01
6.055000000091890797e+02 1.020536771234482032e+01
6.060000000092211394e+02 1.040748308240545583e+01
6.065000000092530854e+02 1.008596165486822116e+01
6.070000000092851451e+02 1.036878843919812176e+01
6.075000000093172048e+02 1.003731425804142141e+01
6.080000000093492645e+02 1.035740367494141623e+01
6.085000000093812105e+02 1.033165847316082164e+01
6.090000000094132702e+02 9.993880362576923915e+00
6.095000000094453299e+02 1.022732808279669570e+01
6.100000000094773895e+02 9.997663742608104087e+00
6.105000000095094492e+02 1.037529259273289917e+01
6.110000000095413952e+02 1.032212576379176916e+01
6.115000000095734549e+02 1.046585884091232010e+01
6.120000000096055146e+02 1.032716641247944089e+01
6.125000000096375743e+02 1.032185853174045143e+01
6.130000000096695203e+02 9.968731148699284006e+00
6.135000000097015800e+02 1.042843972640995887e+01
6.140000000097336397e+02 1.052624399967193725e+01
6.145000000097656994e+02 1.013847174969589204e+01
6.150000000097976454e+02 1.048072634054319430e+01
6.155000000098297050e+02 9.782288485419710966e+00
6.160000000098617647e+02 1.028403802935900657e+01
6.165000000098938244e+02 1.058014262068254752e+01
6.170000000099257704e+02 1.009230292953740715e+01
6.175000000099578301e+02 1.048106944970227516e+01
6.180000000099898898e+02 1.005251786552477178e+01
6.185000000100219495e+02 1.062700599155522418e+01
6.190000000100540092e+02 1.019480315321715302e+01
6.195000000100859552e+02 1.037490310457015852e+01
6.200000000101180149e+02 1.005720591003574960e+01
6.205000000101500746e+02 1.047567654378830859e+01
6.210000000101821342e+02 1.026899044806970629e+01
6.215000000102140802e+02 1.063007833132427038e+01
6.220000000102461399e+02 9.814543045334939819e+00
6.225000000102781996e+02 1.040112677756828852e+01
6.230000000103102593e+02 1.015552197031974835e+01
6.235000000103422053e+02 1.038138913213153991e+01
6.240000000103742650e+02 1.033335425963874776e+01
6.245000000104063247e+02 1.050076679186526185e+01
6.250000000104383844e+02 9.913401456404093537e+00
6.255000000104703304e+02 1.035341681396881874e+01
6.260000000105023901e+02 1.046294075618489572e+01
6.265000000105344498e+02 1.012977951527933307e+01
6.270000000105665094e+02 1.089194249101934631e+01
6.275000000105985691e+02 9.974097603781043375e+00
6.280000000106305151e+02 1.066094765505563657e+01
6.285000000106625748e+02 1.010393542677267220e+01
6.290000000106946345e+02 1.040356430332308157e+01
6.295000000107266942e+02 1.014984497353045256e+01
6.300000000107586402e+02 1.030547629296941992e+01
6.305000000107906999e+02 1.051827507029109299e+01
6.310000000108227596e+02 1.005553002069916957e+01
6.315000000108548193e+02 1.039132893459442109e+01
6.320000000108867653e+02 1.031087689782197003e+01
6.325000000109188250e+02 1.036799744865177075e+01
6.330000000109508846e+02 1.036650679862676938e+01
6.335000000109829443e+02 9.728169788423128850e+00
6.340000000110148903e+02 1.049892014545457997e+01
6.345000000110469500e+02 1.009233317117861262e+01
6.350000000110790097e+02 1.020564759151896972e+01
6.355000000111110694e+02 9.991165329461356492e+00
6.360000000111430154e+02 1.026596423320200557e+01
6.365000000111750751e+02 1.027484608021839740e+01
6.370000000112071348e+02 1.046557851237374059e+01
6.375000000112391945e+02 1.037524309925901989e+01
6.380000000112712542e+02 1.033171484187995937e+01
6.385000000113032002e+02 9.754012648661836593e+00
6.390000000113352598e+02 1.059852704385307476e+01
6.395000000113673195e+02 9.900894884880592883e+00
6.400000000113993792e+02 1.074923829520669827e+01
6.405000000114313252e+02 9.729251795715518014e+00
6.410000000114633849e+02 1.045728001313463729e+01
6.415000000114954446e+02 9.967762022903380981e+00
6.420000000115275043e+02 1.030706540556649209e+01
6.425000000115594503e+02 9.982590372186828986e+00
6.430000000115915100e+02 1.014126873650096705e+01
6.435000000116235697e+02 1.023318205344420839e+01
6.440000000116556294e+02 1.009057490899225229e+01
6.445000000116875754e+02 1.060035893083727920e+01
6.450000000117196350e+02 1.050613104509918294e+01
6.455000000117516947e+02 9.863965463147065904e+00
6.460000000117837544e+02 1.093358655388393430e+01
6.465000000118158141e+02 9.781077547908825665e+00
6.470000000118477601e+02 1.064088197428499427e+01
6.475000000118798198e+02 9.557863934155276908e+00
6.480000000119118795e+02 1.037862261049719770e+01
6.485000000119439392e+02 1.061036949804904950e+01
6.490000000119758852e+02 1.055215742467424533e+01
6.495000000120079449e+02 1.019630260864663107e+01
6.500000000120400045e+02 1.055950581496849416e+01
6.505000000120720642e+02 1.029045454488498024e+01
6.510000000121040102e+02 1.043264132777085429e+01
6.515000000121360699e+02 9.955022217633155535e+00
6.520000000121681296e+02 1.069065749305330115e+01
6.525000000122001893e+02 1.000323357248048239e+01
6.530000000122321353e+02 1.057744345176895173e+01
6.535000000122641950e+02 1.017334213620097927e+01
6.540000000122962547e+02 1.055498918488905247e+01
6.545000000123283144e+02 1.010777903319069715e+01
6.550000000123603741e+02 1.062294070766921728e+01
6.555000000123923201e+02 1.030468522341811344e+01
6.560000000124243797e+02 1.048778337129545335e+01
6.565000000124564394e+02 1.037188991443275299e+01
6.570000000124884991e+02 1.028355731392603900e+01
6.575000000125204451e+02 1.028480197421870024e+01
6.580000000125525048e+02 1.010084494693448676e+01
6.585000000125845645e+02 1.051225589219321144e+01
6.590000000126166242e+02 1.005106431365936714e+01
6.595000000126485702e+02 1.032758789685676604e+01
6.600000000126806299e+02 1.022587779356410564e+01
6.605000000127126896e+02 1.042727919872951148e+01
6.610000000127447493e+02 1.047813452643798726e+01
6.615000000127766953e+02 1.036062396668027397e+01
6.620000000128087549e+02 1.050402904055191478e+01
6.625000000128408146e+02 1.007422003082693074e+01
6.630000000128728743e+02 1.036044822476828031e+01
6.635000000129049340e+02 1.031978008607080710e+01
6.640000000129368800e+02 1.035306719958824928e+01
6.645000000129689397e+02 1.034780799022639641e+01
6.650000000130009994e+02 1.001675130530913549e+01
6.655000000130330591e+02 1.036251049597826501e+01
6.660000000130650051e+02 1.010116042501929279e+01
6.665000000130970648e+02 9.955028390100951086e+00
6.670000000131291245e+02 1.076292928084799883e+01
6.675000000131611841e+02 1.042522954665413160e+01
6.680000000131931301e+02 1.050384054720165494e+01
6.685000000132251898e+02 1.054832686234295203e+01
6.690000000132572495e+02 1.032055037718789414e+01
6.695000000132893092e+02 1.024846841899943506e+01
6.700000000133212552e+02 1.084869559107366754e+01
6.705000000133533149e+02 9.922848930204022366e+00
6.710000000133853746e+02 1.046321122641885459e+01
6.715000000134174343e+02 1.053420225871274596e+01
6.720000000134494940e+02 1.018731135134091303e+01
6.725000000134814400e+02 1.043165630017608692e+01
6.730000000135134997e+02 1.005522416584896028e+01
6.735000000135455593e+02 1.060654528172352329e+01
6.740000000135776190e+02 1.020143393543004251e+01
6.745000000136095650e+02 1.013904818505297634e+01
6.750000000136416247e+02 9.934457286014390931e+00
6.755000000136736844e+02 9.981807318428545628e+00
6.760000000137057441e+02 1.018102961153965147e+01
6.765000000137376901e+02 1.009270976724079283e+01
6.770000000137697498e+02 1.061487236576446236e+01
6.775000000138018095e+02 1.014660581475891554e+01
6.780000000138338692e+02 1.024491694257191376e+01
6.785000000138658152e+02 1.045087966470195795e+01
6.790000000138978749e+02 1.021503588775057381e+01
6.795000000139299345e+02 1.040093074089089065e+01
6.800000000139619942e+02 1.013935781324364704e+01
6.805000000139939402e+02 1.019026575244847344e+01
6.810000000140259999e+02 1.029992510715545073e+01
6.815000000140580596e+02 1.014793587995728785e+01
6.820000000140901193e+02 1.090568177715426579e+01
6.825000000141221790e+02 1.038297139706434891e+01
6.830000000141541250e+02 1.008377467666608140e+01
6.835000000141861847e+02 1.027947644443672459e+01
6.840000000142182444e+02 1.011296651590719797e+01
6.845000000142503040e+02 1.011302500186401510e+01
6.850000000142822500e+02 9.740643729752493485e+00
6.855000000143143097e+02 1.018423581038074310e+01
6.860000000143463694e+02 1.041332320908979270e+01
6.865000000143784291e+02 1.001313015954818653e+01
6.870000000144103751e+02 1.056692817133850149e+01
6.875000000144424348e+02 1.007797798059527850e+01
6.880000000144744945e+02 1.034385960071248078e+01
6.885000000145065542e+02 1.016933854656446101e+01
6.890000000145385002e+02 1.005640704501692717e+01
6.895000000145705599e+02 1.068166704903889297e+01
6.900000000146026196e+02 9.957412473590098401e+00
6.905000000146346792e+02 1.042831784892377911e+01
6.910000000146667389e+02 1.000518998377188673e+01
6.915000000146986849e+02 1.064961177071240961e+01
6.920000000147307446e+02 9.908531534837127452e+00
6.925000000147628043e+02 1.047965386256380427e+01
6.930000000147948640e+02 1.052261100700079766e+01
6.935000000148268100e+02 1.023579979557819009e+01
6.940000000148588697e+02 1.023656882837333804e+01
6.945000000148909294e+02 1.040565430360561727e+01
6.950000000149229891e+02 1.007547235731009572e+01
6.955000000149549351e+02 1.041751025336086478e+01
6.960000000149869948e+02 9.998613236986155783e+00
6.965000000150190544e+02 1.046025733541857150e+01
6.970000000150511141e+02 1.040085698818426430e+01
6.975000000150830601e+02 1.022059647330023857e+01
6.980000000151151198e+02 1.034802728208468992e+01
6.985000000151471795e+02 1.009245882784978932e+01
6.990000000151792392e+02 1.021797385363853472e+01
6.995000000152112989e+02 1.012115203850215472e+01
7.000000000152432449e+02 1.044675802678077581e+01
7.005000000152753046e+02 1.050004283465442967e+01
7.010000000153073643e+02 1.029187246661848043e+01
7.015000000153394240e+02 1.034671016095238194e+01
7.020000000153713700e+02 1.028351703411453144e+01
7.025000000154034296e+02 1.054221881572958175e+01
7.030000000154354893e+02 1.041143432987083983e+01
7.035000000154675490e+02 1.043445458701195960e+01
7.040000000154994950e+02 1.002332474838410903e+01
7.045000000155315547e+02 1.061960351748504294e+01
7.050000000155636144e+02 9.836790437422566313e+00
7.055000000155956741e+02 1.048245068621586817e+01
7.060000000156276201e+02 1.065028301884071027e+01
7.065000000156596798e+02 1.020173126720259660e+01
7.070000000156917395e+02 1.005867362472642590e+01
7.075000000157237992e+02 1.023320159335631807e+01
7.080000000157558588e+02 1.037315310486728670e+01
7.085000000157878048e+02 9.968621043042038110e+00
7.090000000158198645e+02 1.034851621814839184e+01
7.095000000158519242e+02 1.026368924654658876e+01
7.100000000158839839e+02 9.716351028819465441e+00
7.105000000159159299e+02 1.073358489810074090e+01
7.110000000159479896e+02 9.723088706826009897e+00
7.115000000159800493e+02 1.049936286429353949e+01
7.120000000160121090e+02 9.827411162778352249e+00
7.125000000160440550e+02 9.960276556542210002e+00
7.130000000160761147e+02 1.057112723913884444e+01
7.135000000161081743e+02 1.027031523741413643e+01
7.140000000161402340e+02 1.038859561574491863e+01
7.145000000161721800e+02 1.011765075806183845e+01
7.150000000162042397e+02 1.069089431824357916e+01
7.155000000162362994e+02 1.020884346192156045e+01
7.160000000162683591e+02 1.006248310356721021e+01
7.165000000163003051e+02 9.730120023143317809e+00
7.170000000163323648e+02 1.099007132808572251e+01
7.175000000163644245e+02 1.023710269074563151e+01
7.180000000163964842e+02 9.725469672804587518e+00
7.185000000164285439e+02 9.728876304583245371e+00
7.190000000164604899e+02 1.088784299790748733e+01
7.195000000164925495e+02 9.729217467358541427e+00
7.200000000165246092e+02 1.051550647823513884e+01
7.205000000165566689e+02 1.017899718579324464e+01
7.210000000165886149e+02 1.045536947290895391e+01
7.215000000166206746e+02 1.056655885552679486e+01
7.220000000166527343e+02 9.913759229817623364e+00
7.225000000166847940e+02 1.072324483622599445e+01
7.230000000167167400e+02 9.996065225150566391e+00
7.235000000167487997e+02 1.043392934213601464e+01
7.240000000167808594e+02 9.795896372962348053e+00
7.245000000168129191e+02 1.062657243970011400e+01
7.250000000168448651e+02 9.864400009046839557e+00
7.255000000168769247e+02 1.023953807790145909e+01
7.260000000169089844e+02 1.025273472744697045e+01
7.265000000169410441e+02 1.037695067823624129e+01
7.270000000169731038e+02 1.010425617308237456e+01
7.275000000170050498e+02 1.029617410275997713e+01
7.280000000170371095e+02 1.037474785877130756e+01
7.285000000170691692e+02 1.020497837519412165e+01
7.290000000171012289e+02 1.026729177103173107e+01
7.295000000171331749e+02 1.062983259740014219e+01
7.300000000171652346e+02 1.039024814106445227e+01
7.305000000171972943e+02 1.008945959847914153e+01
7.310000000172293539e+02 1.068207312246501317e+01
7.315000000172612999e+02 9.896020586586431023e+00
7.320000000172933596e+02 1.016835682098157534e+01
7.325000000173254193e+02 1.038240449335029147e+01
7.330000000173574790e+02 1.006918232373973865e+01
7.335000000173894250e+02 9.986941122174128438e+00
7.340000000174214847e+02 1.047509146440821581e+01
7.345000000174535444e+02 9.937250072730899220e+00
7.350000000174856041e+02 1.076812020691908423e+01
7.355000000175176638e+02 1.019322967444187533e+01
7.360000000175496098e+02 1.068700127876883421e+01
7.365000000175816695e+02 1.017757775038199419e+01
7.370000000176137291e+02 1.081476967536285549e+01
7.375000000176457888e+02 1.020184020774262734e+01
7.380000000176777348e+02 9.834835323588775324e+00
7.385000000177097945e+02 1.050615913775154731e+01
7.390000000177418542e+02 1.002662268299475912e+01
7.395000000177739139e+02 1.052577855643987448e+01
7.400000000178058599e+02 1.046947438130287900e+01
7.405000000178379196e+02 1.036772843131498867e+01
7.410000000178699793e+02 9.945372277225063229e+00
7.415000000179020390e+02 1.032560297684934092e+01
7.420000000179339850e+02 1.065657742267276475e+01
7.425000000179660447e+02 1.001793537438993020e+01
7.430000000179981043e+02 1.078114567223208020e+01
7.435000000180301640e+02 1.031782878862926545e+01
7.440000000180622237e+02 1.015220161974358071e+01
7.445000000180941697e+02 1.054412204177551438e+01
7.450000000181262294e+02 1.012792029604683997e+01
7.455000000181582891e+02 1.019255340758838457e+01
7.460000000181903488e+02 1.059097072526257577e+01
7.465000000182222948e+02 1.013731618779395127e+01
7.470000000182543545e+02 1.044499239072075625e+01
7.475000000182864142e+02 1.068305458961754617e+01
7.480000000183184738e+02 1.070644370511648091e+01
7.485000000183504199e+02 1.035707688251977210e+01
7.490000000183824795e+02 1.013923355953006578e+01
7.495000000184145392e+02 9.852727433188158912e+00
7.500000000184465989e+02 1.033486790461478755e+01
7.505000000184785449e+02 1.037632734067044105e+01
7.510000000185106046e+02 1.031277156473445444e+01
7.515000000185426643e+02 1.040376295579265964e+01
7.520000000185747240e+02 1.020722776837003742e+01
7.525000000186067837e+02 1.033483027187179104e+01
7.530000000186387297e+02 9.992045056627475219e+00
7.535000000186707894e+02 1.058963873325840055e+01
7.540000000187028490e+02 9.792100592062364939e+00
7.545000000187349087e+02 1.061626007537469185e+01
7.550000000187668547e+02 1.000061390680502527e+01
7.555000000187989144e+02 1.026557059778728664e+01
7.560000000188309741e+02 1.046289436578739185e+01
7.565000000188630338e+02 9.639442803082555855e+00
7.570000000188949798e+02 1.077933704099879897e+01
7.575000000189270395e+02 1.008838375110101815e+01
7.580000000189590992e+02 1.038347250694092949e+01
7.585000000189911589e+02 1.050310198950774243e+01
7.590000000190231049e+02 9.980886775252661991e+00
7.595000000190551646e+02 1.061050391222727463e+01
7.600000000190872242e+02 1.022865626064093902e+01
7.605000000191192839e+02 1.041696664739122546e+01
7.610000000191512299e+02 1.026167010406719449e+01
7.615000000191832896e+02 1.036707362034031021e+01
7.620000000192153493e+02 1.050595923174076596e+01
7.625000000192474090e+02 1.006319834963991156e+01
7.630000000192794687e+02 1.070660558914106275e+01
7.635000000193114147e+02 1.002799827498292551e+01
7.640000000193434744e+02 1.040789228230305241e+01
7.645000000193755341e+02 1.026915762676831001e+01
7.650000000194075938e+02 1.034894318076263353e+01
7.655000000194395398e+02 1.043850417482452464e+01
7.660000000194715994e+02 9.791371635897746728e+00
7.665000000195036591e+02 1.043991529828692677e+01
7.670000000195357188e+02 1.002312750047702394e+01
7.675000000195676648e+02 1.046695851570550140e+01
7.680000000195997245e+02 1.018696055270212497e+01
7.685000000196317842e+02 1.036473958611800938e+01
7.690000000196638439e+02 9.750849676081541517e+00
7.695000000196957899e+02 1.070885293559433471e+01
7.700000000197278496e+02 9.535214314417878256e+00
7.705000000197599093e+02 1.033210814874325223e+01
7.710000000197919690e+02 9.695828639644387792e+00
7.715000000198240286e+02 1.056321224345342280e+01
7.720000000198559746e+02 9.758178621743716974e+00
7.725000000198880343e+02 1.097481357587672512e+01
7.730000000199200940e+02 9.869078747768156745e+00
7.735000000199521537e+02 1.022919235812612548e+01
7.740000000199840997e+02 9.845749891915644980e+00
7.745000000200161594e+02 1.047976545336424792e+01
7.750000000200482191e+02 1.038170679202920788e+01
7.755000000200802788e+02 1.001229474547280418e+01
7.760000000201122248e+02 9.997165983319717952e+00
7.765000000201442845e+02 1.025845357841211758e+01
7.770000000201763442e+02 1.022136550543278588e+01
7.775000000202084038e+02 1.010752647473736765e+01
7.780000000202403498e+02 1.029730560074891521e+01
7.785000000202724095e+02 9.978299919516517846e+00
7.790000000203044692e+02 1.034416266518439365e+01
7.795000000203365289e+02 1.009731755068921544e+01
7.800000000203685886e+02 1.014938389832312993e+01
7.805000000204005346e+02 1.052506478252245792e+01
7.810000000204325943e+02 1.030007329016619977e+01
7.815000000204646540e+02 1.023235025343470461e+01
7.820000000204967137e+02 1.060363235706686780e+01
7.825000000205286597e+02 9.749341548224894183e+00
7.830000000205607193e+02 1.116324331457180641e+01
7.835000000205927790e+02 9.743415403196081570e+00
7.840000000206248387e+02 1.006956066142444328e+01
7.845000000206567847e+02 1.024181270056561210e+01
7.850000000206888444e+02 1.050853718346756338e+01
7.855000000207209041e+02 9.795729540848871153e+00
7.860000000207529638e+02 1.067044180377279616e+01
7.865000000207849098e+02 1.016497083403771384e+01
7.870000000208169695e+02 1.008651644607505737e+01
7.875000000208490292e+02 1.081010777942392842e+01
7.880000000208810889e+02 9.768900731320025344e+00
7.885000000209131485e+02 1.066516073034406631e+01
7.890000000209450945e+02 9.948150925841005687e+00
7.895000000209771542e+02 1.033152667770562338e+01
7.900000000210092139e+02 1.029214636410239869e+01
7.905000000210412736e+02 1.037307022367141052e+01
7.910000000210732196e+02 9.859514295469512746e+00
7.915000000211052793e+02 1.062869527910212319e+01
7.920000000211373390e+02 1.004540942554293004e+01
7.925000000211693987e+02 1.023951394797280123e+01
7.930000000212013447e+02 1.029562772912234081e+01
7.935000000212334044e+02 1.045019327980914525e+01
7.940000000212654641e+02 1.020972730717149979e+01
7.945000000212975237e+02 9.954654418527221438e+00
7.950000000213294697e+02 1.070528615713368836e+01
7.955000000213615294e+02 1.004849386466139904e+01
7.960000000213935891e+02 1.064251701486269930e+01
7.965000000214256488e+02 1.001174751507186400e+01
7.970000000214577085e+02 1.034738973857913535e+01
7.975000000214896545e+02 1.013193694240976939e+01
7.980000000215217142e+02 1.034961660004892536e+01
7.985000000215537739e+02 1.033198639576049693e+01
7.990000000215858336e+02 1.032417671956791239e+01
7.995000000216177796e+02 1.051841138481968052e+01
8.000000000216498393e+02 1.041586841866196878e+01
8.005000000216818989e+02 1.037485483547083831e+01
8.010000000217139586e+02 1.008571299893608320e+01
8.015000000217459046e+02 1.044265535080081619e+01
8.020000000217779643e+02 1.029856678970348050e+01
8.025000000218100240e+02 1.030418021354675417e+01
8.030000000218420837e+02 1.029066028671328326e+01
8.035000000218740297e+02 1.035453055825413138e+01
8.040000000219060894e+02 1.054396330541247906e+01
8.045000000219381491e+02 1.038692746226659658e+01
8.050000000219702088e+02 9.865788472658366004e+00
8.055000000220021548e+02 1.046180648702279115e+01
8.060000000220342145e+02 1.033337989875017193e+01
8.065000000220662741e+02 9.766509574883878386e+00
8.070000000220983338e+02 1.052224346703982860e+01
8.075000000221303935e+02 1.050064317374078549e+01
8.080000000221623395e+02 1.003584019448030595e+01
8.085000000221943992e+02 1.003462869468243568e+01
8.090000000222264589e+02 1.023473042683377265e+01
8.095000000222585186e+02 9.958360479394061215e+00
8.100000000222904646e+02 1.037316967976770421e+01
8.105000000223225243e+02 1.003733832033979212e+01
8.110000000223545840e+02 1.050113247465322353e+01
8.115000000223866436e+02 1.001315363685779936e+01
8.120000000224185897e+02 1.031519870939549577e+01
8.125000000224506493e+02 1.079727902344068546e+01
8.130000000224827090e+02 1.010807147239002468e+01
8.135000000225147687e+02 1.075539080627800992e+01
8.140000000225467147e+02 9.928901020659052890e+00
8.145000000225787744e+02 1.063428748790076561e+01
8.150000000226108341e+02 1.050490704547242871e+01
8.155000000226428938e+02 9.724203134268245563e+00
8.160000000226749535e+02 1.042168229046099093e+01
8.165000000227068995e+02 1.004545129721608099e+01
8.170000000227389592e+02 1.020546679236130494e+01
8.175000000227710188e+02 1.016588605573047666e+01
8.180000000228030785e+02 1.053518403966752182e+01
8.185000000228350245e+02 1.036672398828739894e+01
8.190000000228670842e+02 1.007222375260147196e+01
8.195000000228991439e+02 1.027010737273506713e+01
8.200000000229312036e+02 1.013690658098610164e+01
8.205000000229631496e+02 1.042296676479860551e+01
8.210000000229952093e+02 1.055012157144913409e+01
8.215000000230272690e+02 9.945614118085250865e+00
8.220000000230593287e+02 1.036837242798195646e+01
8.225000000230912747e+02 1.000747220656039715e+01
8.230000000231233344e+02 1.044760373852193069e+01
8.235000000231553940e+02 1.002385168418012817e+01
8.240000000231874537e+02 1.029242768709968026e+01
8.245000000232195134e+02 1.053461694603002208e+01
8.250000000232514594e+02 9.891982714413417810e+00
8.255000000232835191e+02 1.029045285433973156e+01
8.260000000233155788e+02 1.002950388144755500e+01
8.265000000233476385e+02 1.003086516235856607e+01
8.270000000233795845e+02 1.038487097722214081e+01
8.275000000234116442e+02 1.006492626369007226e+01
8.280000000234437039e+02 1.069286508744941955e+01
8.285000000234757636e+02 1.026170214975762640e+01
8.290000000235077096e+02 1.034310132816918149e+01
8.295000000235397692e+02 1.052436444439667440e+01
8.300000000235718289e+02 1.053340885383679293e+01
8.305000000236038886e+02 1.043788346308403270e+01
8.310000000236358346e+02 9.953785790290249125e+00
8.315000000236678943e+02 1.037947162542455182e+01
8.320000000236999540e+02 9.910976111110231912e+00
8.325000000237320137e+02 1.027208124731345862e+01
8.330000000237640734e+02 1.052225945116828498e+01
8.335000000237960194e+02 1.017633033669100051e+01
8.340000000238280791e+02 1.038062936276587500e+01
8.345000000238601388e+02 1.023780244477431189e+01
8.350000000238921984e+02 1.017726483956863781e+01
8.355000000239241444e+02 1.057759584788198204e+01
8.360000000239562041e+02 1.026978365468461085e+01
8.365000000239882638e+02 1.090328162572585846e+01
8.370000000240203235e+02 9.939637340702676127e+00
8.375000000240522695e+02 1.063378224135946759e+01
8.380000000240843292e+02 1.006344590450338927e+01
8.385000000241163889e+02 1.025179585293003548e+01
8.390000000241484486e+02 1.043361167835351111e+01
8.395000000241803946e+02 1.001190969541320364e+01
8.400000000242124543e+02 1.078316388337772480e+01
8.405000000242445140e+02 1.004404769598114910e+01
8.410000000242765736e+02 1.028662522212028563e+01
8.415000000243086333e+02 1.053611630937892940e+01
8.420000000243405793e+02 9.954021213470968021e+00
8.425000000243726390e+02 1.041226864224246462e+01
8.430000000244046987e+02 9.916412586393528628e+00
8.435000000244367584e+02 1.011159703191283299e+01
8.440000000244687044e+02 1.031010745875744838e+01
8.445000000245007641e+02 9.749061930317239444e+00
8.450000000245328238e+02 1.055585787603386549e+01
8.455000000245648835e+02 1.014967341189942474e+01
8.460000000245968295e+02 1.054099323330682125e+01
8.465000000246288892e+02 1.039676180186835630e+01
8.470000000246609488e+02 1.016868204644400997e+01
8.475000000246930085e+02 1.064934210994744745e+01
8.480000000247249545e+02 1.039276064719228287e+01
8.485000000247570142e+02 9.843392324275106020e+00
8.490000000247890739e+02 1.002596809543938683e+01
8.495000000248211336e+02 1.016713019555727371e+01
8.500000000248530796e+02 1.040562481147238216e+01
8.505000000248851393e+02 1.034668502949397961e+01
8.510000000249171990e+02 1.009807274960233059e+01
8.515000000249492587e+02 1.048595155842727777e+01
8.520000000249813183e+02 9.975508863958820527e+00
8.525000000250132643e+02 1.032653879078711334e+01
8.530000000250453240e+02 1.046003264887083262e+01
8.535000000250773837e+02 1.020328699928542626e+01
8.540000000251094434e+02 1.047195704427429774e+01
8.545000000251413894e+02 1.048999257775990301e+01
8.550000000251734491e+02 1.020596517785765833e+01
8.555000000252055088e+02 1.049360126876434940e+01
8.560000000252375685e+02 1.021497483365767067e+01
8.565000000252695145e+02 1.046571856737742401e+01
8.570000000253015742e+02 1.037799918678422983e+01
8.575000000253336339e+02 1.025620916291005535e+01
8.580000000253656935e+02 9.978437334854548979e+00
8.585000000253976395e+02 1.027594795552447060e+01
8.590000000254296992e+02 1.039160078252798591e+01
8.595000000254617589e+02 1.006463132553813189e+01
8.600000000254938186e+02 1.056983862396360863e+01
8.605000000255258783e+02 1.048884601983356113e+01
8.610000000255578243e+02 1.015203183758650241e+01
8.615000000255898840e+02 1.023019552706477242e+01
8.620000000256219437e+02 1.005617241038836518e+01
8.625000000256540034e+02 1.060019147980156795e+01
8.630000000256859494e+02 9.972280971204604327e+00
8.635000000257180091e+02 1.050048720980304573e+01
8.640000000257500687e+02 1.024248415048655758e+01
8.645000000257821284e+02 1.003621576223140899e+01
8.650000000258140744e+02 1.025902382188376727e+01
8.655000000258461341e+02 1.056698620483597217e+01
8.660000000258781938e+02 9.770629869872944795e+00
8.665000000259102535e+02 1.055117314193247147e+01
8.670000000259421995e+02 1.007493511042845924e+01
8.675000000259742592e+02 1.045311098176641451e+01
8.680000000260063189e+02 1.014194525636047750e+01
8.685000000260383786e+02 1.042302365816246734e+01
8.690000000260704383e+02 1.001874106296914668e+01
8.695000000261023843e+02 1.047074896133440980e+01
8.700000000261344439e+02 1.033285627958132480e+01
8.705000000261665036e+02 1.004387017451984043e+01
8.710000000261985633e+02 1.042111652185361415e+01
8.715000000262305093e+02 1.037128562843517088e+01
8.720000000262625690e+02 1.025619419525821563e+01
8.725000000262946287e+02 1.037563658250879328e+01
8.730000000263266884e+02 1.041278878142270159e+01
8.735000000263586344e+02 1.042670248487651463e+01
8.740000000263906941e+02 1.024688637335563435e+01
8.745000000264227538e+02 1.053234646965683474e+01
8.750000000264548135e+02 1.055956376780930839e+01
8.755000000264867595e+02 1.039222338710979265e+01
8.760000000265188191e+02 1.035703018121974139e+01
8.765000000265508788e+02 1.042236099971409580e+01
8.770000000265829385e+02 1.056048383433295790e+01
8.775000000266149982e+02 1.018346627058069132e+01
8.780000000266469442e+02 1.036837390636255130e+01
8.785000000266790039e+02 1.002724999805706751e+01
8.790000000267110636e+02 1.028706519880762826e+01
8.795000000267431233e+02 1.025900091876567011e+01
8.800000000267750693e+02 1.071872865477381964e+01
8.805000000268071290e+02 1.028471820387478886e+01
8.810000000268391886e+02 1.049869168677447817e+01
8.815000000268712483e+02 1.001147847748038622e+01
8.820000000269031943e+02 9.464649169043557464e+00
8.825000000269352540e+02 1.071943876145709496e+01
8.830000000269673137e+02 9.881863792359686371e+00
8.835000000269993734e+02 1.049931858261295936e+01
8.840000000270313194e+02 1.024418157904378113e+01
8.845000000270633791e+02 1.007724682604154509e+01
8.850000000270954388e+02 1.025484397283339000e+01
8.855000000271274985e+02 9.921873224138215264e+00
8.860000000271595582e+02 1.032044451197655199e+01
8.865000000271915042e+02 1.024355853544538952e+01
8.870000000272235638e+02 1.013307794678289930e+01
8.875000000272556235e+02 1.021991462310521470e+01
8.880000000272876832e+02 1.008454443159785363e+01
8.885000000273196292e+02 9.957178290816994348e+00
8.890000000273516889e+02 1.049244449367395760e+01
8.895000000273837486e+02 1.030385014462755500e+01
8.900000000274158083e+02 1.071706755427053714e+01
8.905000000274477543e+02 1.019572935010369363e+01
8.910000000274798140e+02 1.058326555112739875e+01
8.915000000275118737e+02 1.027964197320839901e+01
8.920000000275439334e+02 1.042819191083862052e+01
8.925000000275758794e+02 1.019021651727891609e+01
8.930000000276079390e+02 1.023412541957160116e+01
8.935000000276399987e+02 1.016348681464610415e+01
8.940000000276720584e+02 1.070235161588912653e+01
8.945000000277040044e+02 1.013069213764486243e+01
8.950000000277360641e+02 1.034184032568666112e+01
8.955000000277681238e+02 1.034594368667674402e+01
8.960000000278001835e+02 1.023656860555462167e+01
8.965000000278322432e+02 1.019765742148943133e+01
8.970000000278641892e+02 1.052028916326884023e+01
8.975000000278962489e+02 1.040530267375647711e+01
8.980000000279283086e+02 1.063326312507482641e+01
8.985000000279603682e+02 1.023622398115519339e+01
8.990000000279923142e+02 1.030354435229331678e+01
8.995000000280243739e+02 1.021055129637126413e+01
9.000000000280564336e+02 1.030150605582655210e+01
9.005000000280884933e+02 1.011366053543699728e+01
9.010000000281204393e+02 1.051422724842173118e+01
9.015000000281524990e+02 9.998024589679076257e+00
9.020000000281845587e+02 9.938365197443520316e+00
9.025000000282166184e+02 1.027063733953742108e+01
9.030000000282485644e+02 1.044732080124832407e+01
9.035000000282806241e+02 1.053576210323883977e+01
9.040000000283126838e+02 1.011835262159343607e+01
9.045000000283447434e+02 1.028575566318470713e+01
9.050000000283768031e+02 1.045892422616898898e+01
9.055000000284087491e+02 1.015942000496460906e+01
9.060000000284408088e+02 1.030064981629665688e+01
9.065000000284728685e+02 1.038871185455806767e+01
9.070000000285049282e+02 1.039230683349162376e+01
9.075000000285368742e+02 1.009553597479461118e+01
9.080000000285689339e+02 1.017307508393263937e+01
9.085000000286009936e+02 1.031979945313587343e+01
9.090000000286330533e+02 1.056507320882663414e+01
9.095000000286649993e+02 1.052997217049089329e+01
9.100000000286970590e+02 9.705938446986502655e+00
9.105000000287291186e+02 1.049152683989442636e+01
9.110000000287611783e+02 1.032217011164079601e+01
9.115000000287931243e+02 1.064837948904817289e+01
9.120000000288251840e+02 1.020643862333685448e+01
9.125000000288572437e+02 1.043906055771916108e+01
9.130000000288893034e+02 1.021007235673653035e+01
9.135000000289213631e+02 1.060314172039816327e+01
9.140000000289533091e+02 1.032479650117844017e+01
9.145000000289853688e+02 1.056983105054733585e+01
9.150000000290174285e+02 1.006412633985087091e+01
9.155000000290494881e+02 1.083276677283337008e+01
9.160000000290814341e+02 9.873440549807561695e+00
9.165000000291134938e+02 1.081037131297518528e+01
9.170000000291455535e+02 1.013453436604842572e+01
9.175000000291776132e+02 9.876990059086349305e+00
9.180000000292095592e+02 1.028767317577088392e+01
9.185000000292416189e+02 9.586310546804702071e+00
9.190000000292736786e+02 1.030179859856028557e+01
9.195000000293057383e+02 1.053155209191903552e+01
9.200000000293376843e+02 1.037498501488401814e+01
9.205000000293697440e+02 1.048882532487216324e+01
9.210000000294018037e+02 1.036649047046808114e+01
9.215000000294338633e+02 1.007172584814654570e+01
9.220000000294659230e+02 9.919470672754304275e+00
9.225000000294978690e+02 1.008978607478008804e+01
9.230000000295299287e+02 1.047932388892365374e+01
9.235000000295619884e+02 1.021818268532147123e+01
9.240000000295940481e+02 1.043014769525708552e+01
9.245000000296259941e+02 1.013765011368277413e+01
9.250000000296580538e+02 1.026773280683015876e+01
9.255000000296901135e+02 1.049023407430534149e+01
9.260000000297221732e+02 1.015693533487962874e+01
9.265000000297541192e+02 1.050310873444913540e+01
9.270000000297861789e+02 9.858987543938491527e+00
9.275000000298182385e+02 1.069926727975122738e+01
9.280000000298502982e+02 1.004899718461907909e+01
9.285000000298822442e+02 1.052127206238352919e+01
9.290000000299143039e+02 1.020621883741576852e+01
9.295000000299463636e+02 1.069289717961615516e+01
9.300000000299784233e+02 1.009874498733652004e+01
9.305000000300104830e+02 1.056384459352399396e+01
9.310000000300424290e+02 1.008651619732074778e+01
9.315000000300744887e+02 1.056441849068155037e+01
9.320000000301065484e+02 1.002242502961734338e+01
9.325000000301386081e+02 1.046455879988331183e+01
9.330000000301705541e+02 9.970953649209295833e+00
9.335000000302026137e+02 1.019851825145540580e+01
9.340000000302346734e+02 1.009394237835929431e+01
9.345000000302667331e+02 1.070157788777705754e+01
9.350000000302986791e+02 1.023460065327019741e+01
9.355000000303307388e+02 9.881399735403872953e+00
9.360000000303627985e+02 1.025915682420781394e+01
9.365000000303948582e+02 1.014968744568550107e+01
9.370000000304268042e+02 1.038907128262682278e+01
9.375000000304588639e+02 1.011850148676582251e+01
9.380000000304909236e+02 1.068083834940473764e+01
9.385000000305229833e+02 1.020463064003087794e+01
9.390000000305549293e+02 1.041910374201096090e+01
9.395000000305869889e+02 1.052293982616712675e+01
9.400000000306190486e+02 1.008008234844803219e+01
9.405000000306511083e+02 1.031876286753414895e+01
9.410000000306831680e+02 1.034761898451154138e+01
9.415000000307151140e+02 1.000965509712909629e+01
9.420000000307471737e+02 1.045690593382968636e+01
9.425000000307792334e+02 1.004534283895261915e+01
9.430000000308112931e+02 1.002780494858035176e+01
9.435000000308432391e+02 1.018301179288788738e+01
9.440000000308752988e+02 1.045384946555550343e+01
9.445000000309073585e+02 1.072007898556539551e+01
9.450000000309394181e+02 1.022112644785329927e+01
9.455000000309713641e+02 1.039299927408382729e+01
9.460000000310034238e+02 1.020268157329828540e+01
9.465000000310354835e+02 1.040858309377327906e+01
9.470000000310675432e+02 1.050508381506000966e+01
9.475000000310994892e+02 9.909495617164512993e+00
9.480000000311315489e+02 1.065319078539218367e+01
9.485000000311636086e+02 1.004155505147733152e+01
9.490000000311956683e+02 1.034517903470958800e+01
9.495000000312277280e+02 1.019714046908030802e+01
9.500000000312596740e+02 1.045406000862394258e+01
9.505000000312917336e+02 9.953057068169410826e+00
9.510000000313237933e+02 1.052351347459123687e+01
9.515000000313558530e+02 1.049836829526578263e+01
9.520000000313877990e+02 9.935870137519634326e+00
9.525000000314198587e+02 1.057187510912216766e+01
9.530000000314519184e+02 9.915217983402648372e+00
9.535000000314839781e+02 1.019913161786517719e+01
9.540000000315159241e+02 1.009429018390499522e+01
9.545000000315479838e+02 1.052519958044594262e+01
9.550000000315800435e+02 1.011658862792363323e+01
9.555000000316121032e+02 1.068841328630114162e+01
9.560000000316440492e+02 1.009413369693878515e+01
9.565000000316761088e+02 1.039757706271409532e+01
9.570000000317081685e+02 1.017936531711119308e+01
9.575000000317402282e+02 9.758398683787639527e+00
9.580000000317722879e+02 1.082248325656821919e+01
9.585000000318042339e+02 1.007454800373321113e+01
9.590000000318362936e+02 1.056765786871245183e+01
9.595000000318683533e+02 1.017710592051385277e+01
9.600000000319004130e+02 1.034609436845129160e+01
9.605000000319323590e+02 1.013716236416400562e+01
9.610000000319644187e+02 1.016428749837653811e+01
9.615000000319964784e+02 1.035764764863529130e+01
9.620000000320285380e+02 1.027694891498603624e+01
9.625000000320604840e+02 1.058874207629830266e+01
9.630000000320925437e+02 1.010072409148305539e+01
9.635000000321246034e+02 1.078868253544829869e+01
9.640000000321566631e+02 9.886479863055834372e+00
9.645000000321886091e+02 1.045903211219280671e+01
9.650000000322206688e+02 1.016897368665497225e+01
9.655000000322527285e+02 1.007750936959001109e+01
9.660000000322847882e+02 1.016318593940944481e+01
9.665000000323168479e+02 1.046971158809213343e+01
9.670000000323487939e+02 1.006705928421242469e+01
9.675000000323808536e+02 1.057455080118962876e+01
9.680000000324129132e+02 1.030912790386242150e+01
9.685000000324449729e+02 1.057547139854148988e+01
9.690000000324769189e+02 1.045832539671956773e+01
9.695000000325089786e+02 1.016884951534946602e+01
9.700000000325410383e+02 1.064278202568967657e+01
9.705000000325730980e+02 1.008725730854307834e+01
9.710000000326050440e+02 1.078919397261298130e+01
9.715000000326371037e+02 9.826660340233777546e+00
9.720000000326691634e+02 1.038228115029016685e+01
9.725000000327012231e+02 1.036570988573144980e+01
9.730000000327331691e+02 1.013256140467034250e+01
9.735000000327652288e+02 1.005184557936539314e+01
9.740000000327972884e+02 1.043956650005857689e+01
9.745000000328293481e+02 1.001532892967798816e+01
9.750000000328614078e+02 1.051756803244540883e+01
9.755000000328933538e+02 1.008334200704752170e+01
9.760000000329254135e+02 1.033333017895956552e+01
9.765000000329574732e+02 1.008670417444446166e+01
9.770000000329895329e+02 1.006764146278385041e+01
9.775000000330214789e+02 1.030913684456751334e+01
9.780000000330535386e+02 1.010237757601184327e+01
9.785000000330855983e+02 1.027711450593285392e+01
9.790000000331176579e+02 1.016172382813724795e+01
9.795000000331496040e+02 1.081223760708233250e+01
9.800000000331816636e+02 1.031439297508423536e+01
9.805000000332137233e+02 1.052452009843359093e+01
9.810000000332457830e+02 1.019442439396163280e+01
9.815000000332777290e+02 1.052699182336084505e+01
9.820000000333097887e+02 9.946579983643820455e+00
9.825000000333418484e+02 1.015767915061645787e+01
9.830000000333739081e+02 1.042338575622574126e+01
9.835000000334058541e+02 1.011281668931480127e+01
9.840000000334379138e+02 1.021892187969150179e+01
9.845000000334699735e+02 1.031949834698849777e+01
9.850000000335020331e+02 1.038713562750173480e+01
9.855000000335340928e+02 1.044504277735381415e+01
9.860000000335660388e+02 1.036760042190519471e+01
9.865000000335980985e+02 1.023859728829996030e+01
9.870000000336301582e+02 1.053205619091220768e+01
9.875000000336622179e+02 1.044430835659552770e+01
9.880000000336941639e+02 1.057001559731266482e+01
9.885000000337262236e+02 1.029562961881885741e+01
9.890000000337582833e+02 1.000569880145735269e+01
9.895000000337903430e+02 1.036564490191245369e+01
9.900000000338222890e+02 1.014452600397236104e+01
9.905000000338543487e+02 9.902501196239601455e+00
9.910000000338864083e+02 1.071566413349053093e+01
9.915000000339184680e+02 9.883373863220880295e+00
9.920000000339504140e+02 1.042442607125521015e+01
9.925000000339824737e+02 1.029175453212298663e+01
9.930000000340145334e+02 1.039145113293516332e+01
9.935000000340465931e+02 1.053506397732064492e+01
9.940000000340786528e+02 1.065991482395161150e+01
9.945000000341105988e+02 9.915185452704074365e+00
9.950000000341426585e+02 1.045237868015653149e+01
9.955000000341747182e+02 9.994412390044791650e+00
9.960000000342067779e+02 1.017016385849762550e+01
9.965000000342387239e+02 1.068642641145680550e+01
9.970000000342707835e+02 9.952825592171882008e+00
9.975000000343028432e+02 1.095328694601210096e+01
9.980000000343349029e+02 1.010378916546310180e+01
9.985000000343668489e+02 1.030140847429963813e+01
9.990000000343989086e+02 1.034658870726576652e+01
9.995000000344309683e+02 1.000631895434158380e+01
1.000000000034463028e+03 1.004252669440382384e+01
