# Time (ps)	CV (angstrom)
9.999999999975766229e+01 2.347020545452147111e+00
1.004999999997559001e+02 2.282871386390745272e+00
1.009999999997541380e+02 2.212608643435309386e+00
1.014999999997533990e+02 1.952047372256073166e+00
1.019999999997629061e+02 2.218657013274544898e+00
1.024999999997724132e+02 2.192207243846322484e+00
1.029999999997819060e+02 2.178475952859842746e+00
1.034999999997914131e+02 2.164954855071146156e+00
1.039999999998009201e+02 2.066738178477130372e+00
1.044999999998104272e+02 2.156649696032915564e+00
1.049999999998199343e+02 2.335340728640387109e+00
1.054999999998294413e+02 2.365165783702595892e+00
1.059999999998389484e+02 2.397802062831962733e+00
1.064999999998484554e+02 2.208315836811436839e+00
1.069999999998579483e+02 2.325139427680979587e+00
1.074999999998674554e+02 2.357991710804818730e+00
1.079999999998769624e+02 2.246023794729877565e+00
1.084999999998864695e+02 2.204666844017533656e+00
1.089999999998959765e+02 2.431460016197926066e+00
1.094999999999054836e+02 2.297074620765369612e+00
1.099999999999149907e+02 2.281638173110318579e+00
1.104999999999244977e+02 2.076937435706085910e+00
1.109999999999339906e+02 2.186856130668540565e+00
1.114999999999434976e+02 2.111144319425614313e+00
1.119999999999530047e+02 2.165871305464153185e+00
1.124999999999625118e+02 2.303416168360690186e+00
1.129999999999720188e+02 2.134717074307728613e+00
1.134999999999815259e+02 2.358049966064265757e+00
1.139999999999910330e+02 2.085528923941296409e+00
1.145000000000005400e+02 2.275629564875540467e+00
1.150000000000100329e+02 2.140367316126702502e+00
1.155000000000195399e+02 2.169649584091442485e+00
1.160000000000290470e+02 2.167112064636624424e+00
1.165000000000385540e+02 2.199250243219636580e+00
1.170000000000480611e+02 2.329146387087054570e+00
1.175000000000575682e+02 2.254853672395214392e+00
1.180000000000670752e+02 2.195562892848315073e+00
1.185000000000765823e+02 2.336708534601504628e+00
1.190000000000860751e+02 2.273892464302274874e+00
1.195000000000955822e+02 2.159479641076134548e+00
1.200000000001050893e+02 2.171207676428793309e+00
1.205000000001145963e+02 2.242788516628673623e+00
1.210000000001241034e+02 2.284224388224084024e+00
1.215000000001336105e+02 2.315027692821817418e+00
1.220000000001431175e+02 2.250561974727539383e+00
1.225000000001526246e+02 2.471836244810869943e+00
1.230000000001621174e+02 2.239723253059047625e+00
1.235000000001716245e+02 2.280584934714087630e+00
1.240000000001811316e+02 2.137751334512549395e+00
1.245000000001906386e+02 2.406022448232526312e+00
1.250000000002001457e+02 2.141700625441320671e+00
1.255000000002096527e+02 2.332494421994763201e+00
1.260000000002191598e+02 2.119823913766896162e+00
1.265000000002286527e+02 2.283910004615303802e+00
1.270000000002381597e+02 2.359570834200000800e+00
1.275000000002476668e+02 2.349475178774561801e+00
1.280000000002571880e+02 2.394392634404518549e+00
1.285000000002666809e+02 2.282881441849388793e+00
1.290000000002761738e+02 2.136952295299733517e+00
1.295000000002856950e+02 2.300884688107939002e+00
1.300000000002951879e+02 2.095555258933253118e+00
1.305000000003047091e+02 2.263477223871090960e+00
1.310000000003142020e+02 2.384022017566820750e+00
1.315000000003237233e+02 2.334798361051094506e+00
1.320000000003332161e+02 1.995368341395332257e+00
1.325000000003427090e+02 2.299909227213697172e+00
1.330000000003522302e+02 2.550646427244979808e+00
1.335000000003617231e+02 2.244081447675389640e+00
1.340000000003712444e+02 2.269773858331364913e+00
1.345000000003807372e+02 2.374802591045149125e+00
1.350000000003902585e+02 2.202820133056298868e+00
1.355000000003997513e+02 2.123557886088523805e+00
1.360000000004092726e+02 2.368060186047960869e+00
1.365000000004187655e+02 2.301287053827422380e+00
1.370000000004282583e+02 2.433802977602761874e+00
1.375000000004377796e+02 2.374127081884457535e+00
1.380000000004472724e+02 2.533805599742804837e+00
1.385000000004567937e+02 2.649262641457820866e+00
1.390000000004662866e+02 2.689156188513349033e+00
1.395000000004758078e+02 2.261169393837251906e+00
1.400000000004853007e+02 2.243806009329616824e+00
1.405000000004947935e+02 2.301898519545607424e+00
1.410000000005043148e+02 2.356939319544271605e+00
1.415000000005138077e+02 2.209223150770486921e+00
1.420000000005233289e+02 2.089167002290869046e+00
1.425000000005328218e+02 2.157311855871764550e+00
1.430000000005423431e+02 2.099533805722621160e+00
1.435000000005518359e+02 2.270000048657058844e+00
1.440000000005613572e+02 2.212246879728036575e+00
1.445000000005708500e+02 2.183942727781005289e+00
1.450000000005803429e+02 2.158976788238677447e+00
1.455000000005898642e+02 2.192754348541788190e+00
1.460000000005993570e+02 2.368881182422937659e+00
1.465000000006088783e+02 2.280662322796634722e+00
1.470000000006183711e+02 2.190460544360687933e+00
1.475000000006278924e+02 2.386570542128212846e+00
1.480000000006373853e+02 2.076021868133132831e+00
1.485000000006468781e+02 2.047217741356025300e+00
1.490000000006563994e+02 2.310959371394812667e+00
1.495000000006658922e+02 2.193481227894761521e+00
1.500000000006754135e+02 2.171542132867173791e+00
1.505000000006849064e+02 2.117548632362073135e+00
1.510000000006944276e+02 2.236307887003913031e+00
1.515000000007039205e+02 2.132819395783399852e+00
1.520000000007134133e+02 2.255522984053056845e+00
1.525000000007229346e+02 2.067021442773441020e+00
1.530000000007324275e+02 2.126927268464775089e+00
1.535000000007419487e+02 2.344817273526623058e+00
1.540000000007514416e+02 2.342660135731659654e+00
1.545000000007609628e+02 2.092294740391209995e+00
1.550000000007704557e+02 1.820085682027046126e+00
1.555000000007799770e+02 2.389943949820316327e+00
1.560000000007894698e+02 2.240816841760521427e+00
1.565000000007989627e+02 2.288451955353003164e+00
1.570000000008084839e+02 2.281023150086145979e+00
1.575000000008179768e+02 2.392313328336022504e+00
1.580000000008274981e+02 2.343519639416476785e+00
1.585000000008369909e+02 2.201918830188992260e+00
1.590000000008465122e+02 2.051916180150199054e+00
1.595000000008560050e+02 2.171511025497340430e+00
1.600000000008654979e+02 2.444832468756926502e+00
1.605000000008750192e+02 2.478572505376730906e+00
1.610000000008845120e+02 2.453846700821584736e+00
1.615000000008940333e+02 2.547244110609212076e+00
1.620000000009035261e+02 2.432078226289752898e+00
1.625000000009130474e+02 2.245200921288095230e+00
1.630000000009225403e+02 2.386133741744576930e+00
1.635000000009320615e+02 2.275397925962526546e+00
1.640000000009415544e+02 2.095189579474348029e+00
1.645000000009510472e+02 2.231823071929670999e+00
1.650000000009605685e+02 2.293245890234652862e+00
1.655000000009700614e+02 2.190079406987110566e+00
1.660000000009795826e+02 2.379467098367673561e+00
1.665000000009890755e+02 2.173616792215900873e+00
1.670000000009985968e+02 2.491523563977406486e+00
1.675000000010080896e+02 2.495552810792226683e+00
1.680000000010175825e+02 2.442843355531253202e+00
1.685000000010271037e+02 2.546088789315253287e+00
1.690000000010365966e+02 2.598776880268993228e+00
1.695000000010461179e+02 2.415560635580144666e+00
1.700000000010556107e+02 2.422467475807043247e+00
1.705000000010651320e+02 2.346882703073593479e+00
1.710000000010746248e+02 2.196460792220577218e+00
1.715000000010841177e+02 2.291055853632641970e+00
1.720000000010936390e+02 2.112176909664770452e+00
1.725000000011031318e+02 2.217479700892127426e+00
1.730000000011126531e+02 2.195197394615469921e+00
1.735000000011221459e+02 2.213923519369016546e+00
1.740000000011316672e+02 2.277827046615841677e+00
1.745000000011411601e+02 2.554529700937191894e+00
1.750000000011506813e+02 2.166061373536595447e+00
1.755000000011601742e+02 2.048536228768221612e+00
1.760000000011696670e+02 1.914487267287923400e+00
1.765000000011791883e+02 2.014013669948961471e+00
1.770000000011886812e+02 2.173556729684895217e+00
1.775000000011982024e+02 2.297567257333937629e+00
1.780000000012076953e+02 2.239650742664911487e+00
1.785000000012172165e+02 2.285674742843678775e+00
1.790000000012267094e+02 2.120824828843804521e+00
1.795000000012362023e+02 2.398219634322503069e+00
1.800000000012457235e+02 2.347243232000273405e+00
1.805000000012552164e+02 2.462684660406422754e+00
1.810000000012647376e+02 2.188411829533095876e+00
1.815000000012742305e+02 2.093073511575872736e+00
1.820000000012837518e+02 2.284148888700959112e+00
1.825000000012932446e+02 2.303410445921314054e+00
1.830000000013027659e+02 2.306356180248953613e+00
1.835000000013122587e+02 2.215601755601445788e+00
1.840000000013217516e+02 2.106978678604628286e+00
1.845000000013312729e+02 1.945949196391585589e+00
1.850000000013407657e+02 2.135524700495964989e+00
1.855000000013502870e+02 2.075397667555734404e+00
1.860000000013597798e+02 2.256731305362134510e+00
1.865000000013693011e+02 2.216578749128353287e+00
1.870000000013787940e+02 2.396198775467004882e+00
1.875000000013882868e+02 2.539003125273961992e+00
1.880000000013978081e+02 2.211762032686488855e+00
1.885000000014073009e+02 2.102932559967141124e+00
1.890000000014168222e+02 2.101144334334499764e+00
1.895000000014263151e+02 2.203557622855862874e+00
1.900000000014358363e+02 2.034386575757421767e+00
1.905000000014453292e+02 2.274376797376079118e+00
1.910000000014548220e+02 2.250813829919830589e+00
1.915000000014643433e+02 1.951820381889345812e+00
1.920000000014738362e+02 2.252360229920331580e+00
1.925000000014833574e+02 2.252022301322645692e+00
1.930000000014928503e+02 2.320764425655955865e+00
1.935000000015023716e+02 2.400267706345669438e+00
1.940000000015118644e+02 2.399269447666311894e+00
1.945000000015213857e+02 2.268945597807962677e+00
1.950000000015308785e+02 2.389244770417258135e+00
1.955000000015403714e+02 2.275781786022617492e+00
1.960000000015498927e+02 2.130233866778462826e+00
1.965000000015593855e+02 2.266185354213130498e+00
1.970000000015689068e+02 2.174943803451269808e+00
1.975000000015783996e+02 2.431370241534658305e+00
1.980000000015879209e+02 2.333897838132888314e+00
1.985000000015974138e+02 2.365067713363752766e+00
1.990000000016069066e+02 2.534119291274016472e+00
1.995000000016164279e+02 2.497505369350736970e+00
2.000000000016259207e+02 2.549137434774737976e+00
2.005000000016354420e+02 2.413406794422700674e+00
2.010000000016449349e+02 2.651607963082744046e+00
2.015000000016544561e+02 2.337618390961856196e+00
2.020000000016639490e+02 2.269756315368657962e+00
2.025000000016734703e+02 2.308070293814035168e+00
2.030000000016789556e+02 2.330212317606265682e+00
2.035000000016659385e+02 2.262248770617588445e+00
2.040000000016529214e+02 2.158106227822104817e+00
2.045000000016398758e+02 2.300261048211563963e+00
2.050000000016268586e+02 2.209852453644822301e+00
2.055000000016138415e+02 2.020402836187100704e+00
2.060000000016008244e+02 2.436557683137972496e+00
2.065000000015878072e+02 2.307629155254810716e+00
2.070000000015747617e+02 2.349226183721995653e+00
2.075000000015617445e+02 2.056758460754996243e+00
2.080000000015487274e+02 2.184916115347879995e+00
2.085000000015357102e+02 2.388275153917565063e+00
2.090000000015226931e+02 2.550766258938745423e+00
2.095000000015096475e+02 2.312100363953371485e+00
2.100000000014966304e+02 2.198643006262471999e+00
2.105000000014836132e+02 2.176458573055009005e+00
2.110000000014705961e+02 2.205826794465984619e+00
2.115000000014575789e+02 2.423457799402640944e+00
2.120000000014445618e+02 2.178127182942126261e+00
2.125000000014315162e+02 2.372295020964364731e+00
2.130000000014184991e+02 2.339706200894908772e+00
2.135000000014054820e+02 2.117014676617479552e+00
2.140000000013924648e+02 2.282302826876572155e+00
2.145000000013794477e+02 2.422720974053412135e+00
2.150000000013664021e+02 2.549102992932497092e+00
2.155000000013533850e+02 2.422571098147984880e+00
2.160000000013403678e+02 2.200678016464694853e+00
2.165000000013273507e+02 2.467584347829655744e+00
2.170000000013143335e+02 2.268410105451515335e+00
2.175000000013013164e+02 2.402361876154845532e+00
2.180000000012882708e+02 2.484099583945278855e+00
2.185000000012752537e+02 2.282588702282080551e+00
2.190000000012622365e+02 2.138054040143229084e+00
2.195000000012492194e+02 2.295257738329367747e+00
2.200000000012362023e+02 2.325980539613226483e+00
2.205000000012231567e+02 2.332336341304479088e+00
2.210000000012101395e+02 2.124965939464955156e+00
2.215000000011971224e+02 2.339873655731638635e+00
2.220000000011841053e+02 2.319814565804888762e+00
2.225000000011710881e+02 2.228140210724612214e+00
2.230000000011580710e+02 2.184747499577266883e+00
2.235000000011450254e+02 2.307370312361858300e+00
2.240000000011320083e+02 2.294667936104381578e+00
2.245000000011189911e+02 2.151145500462264160e+00
2.250000000011059740e+02 2.077020549379324343e+00
2.255000000010929568e+02 2.256696921584549376e+00
2.260000000010799113e+02 2.205578026059351604e+00
2.265000000010668941e+02 2.324692681389885163e+00
2.270000000010538770e+02 2.077203145644006099e+00
2.275000000010408598e+02 2.302096224545644887e+00
2.280000000010278427e+02 2.014100066480300821e+00
2.285000000010148256e+02 2.553366818048954379e+00
2.290000000010017800e+02 2.238331711911789590e+00
2.295000000009887628e+02 2.180847831357739075e+00
2.300000000009757457e+02 2.074052180209518426e+00
2.305000000009627286e+02 2.413715490909158490e+00
2.310000000009497114e+02 2.267844083942527345e+00
2.315000000009366659e+02 2.322241677733174470e+00
2.320000000009236487e+02 2.488000072653109296e+00
2.325000000009106316e+02 2.192020503284322075e+00
2.330000000008976144e+02 2.338069803770069566e+00
2.335000000008845973e+02 2.348841842155305670e+00
2.340000000008715517e+02 2.324657528426699926e+00
2.345000000008585346e+02 2.364262153337630235e+00
2.350000000008455174e+02 2.194787399954447604e+00
2.355000000008325003e+02 2.521668804668818709e+00
2.360000000008194831e+02 2.224482704403577760e+00
2.365000000008064660e+02 2.300409424065633424e+00
2.370000000007934204e+02 2.212366869094744004e+00
2.375000000007804033e+02 2.227104528797854588e+00
2.380000000007673862e+02 2.346207180325079467e+00
2.385000000007543690e+02 2.376270667995502350e+00
2.390000000007413519e+02 2.372955597824321750e+00
2.395000000007283063e+02 2.186897196461808690e+00
2.400000000007152892e+02 2.268750389353276553e+00
2.405000000007022720e+02 2.234597623788574960e+00
2.410000000006892549e+02 2.348235359423542779e+00
2.415000000006762377e+02 2.164479748516034086e+00
2.420000000006632206e+02 2.090779989478757983e+00
2.425000000006501750e+02 2.328003642042556276e+00
2.430000000006371579e+02 2.254238449323999305e+00
2.435000000006241407e+02 2.299317642133153594e+00
2.440000000006111236e+02 2.332993170237749325e+00
2.445000000005981065e+02 2.391252827669016590e+00
2.450000000005850609e+02 2.363143079174768957e+00
2.455000000005720437e+02 2.413373528320781780e+00
2.460000000005590266e+02 2.210686229748896281e+00
2.465000000005460095e+02 2.270604445178531439e+00
2.470000000005329923e+02 2.277239840809485827e+00
2.475000000005199752e+02 2.149176755431716046e+00
2.480000000005069296e+02 2.260593568362819106e+00
2.485000000004939125e+02 2.434616389031271311e+00
2.490000000004808953e+02 2.273816301749521873e+00
2.495000000004678782e+02 2.259241499496458250e+00
2.500000000004548610e+02 2.001173714746022014e+00
2.505000000004418155e+02 2.088595466695650327e+00
2.510000000004287983e+02 1.868266263492948998e+00
2.515000000004157812e+02 2.052934814867886093e+00
2.520000000004027640e+02 2.292220570527607304e+00
2.525000000003897469e+02 2.300869728940947656e+00
2.530000000003767013e+02 2.236509138130971852e+00
2.535000000003636842e+02 2.345420467409462084e+00
2.540000000003506671e+02 2.519515769659544713e+00
2.545000000003376499e+02 2.249578790881630486e+00
2.550000000003246328e+02 2.271733788598508053e+00
2.555000000003116156e+02 2.202099343046747038e+00
2.560000000002985985e+02 2.166339319655516071e+00
2.565000000002855813e+02 2.361505456775040646e+00
2.570000000002725642e+02 2.440845246272089764e+00
2.575000000002594902e+02 2.482119455074938141e+00
2.580000000002464731e+02 2.209409088132800125e+00
2.585000000002334559e+02 2.245052345811951344e+00
2.590000000002204388e+02 2.185157665708568953e+00
2.595000000002074216e+02 2.125539401237638515e+00
2.600000000001944045e+02 2.395633156154510779e+00
2.605000000001813873e+02 2.364349910393447995e+00
2.610000000001683702e+02 2.473614981145089153e+00
2.615000000001553531e+02 2.167721716066763005e+00
2.620000000001423359e+02 2.203484704110569847e+00
2.625000000001292619e+02 2.108869224558755029e+00
2.630000000001162448e+02 2.242098183158288016e+00
2.635000000001032276e+02 2.192854811368621260e+00
2.640000000000902105e+02 2.448723888210618593e+00
2.645000000000771934e+02 2.195980393443179857e+00
2.650000000000641762e+02 2.274337098756032294e+00
2.655000000000511591e+02 2.088356443646137262e+00
2.660000000000381419e+02 2.014808272439462922e+00
2.665000000000251248e+02 2.479104014520135291e+00
2.670000000000121076e+02 2.109993761641274279e+00
2.674999999999990905e+02 2.152992247028089334e+00
2.679999999999860165e+02 2.389136070541450163e+00
2.684999999999729994e+02 2.293604050204818723e+00
2.689999999999599822e+02 2.320705698199157396e+00
2.694999999999469651e+02 2.348897471012398430e+00
2.699999999999339479e+02 2.336749698990904900e+00
2.704999999999209308e+02 2.285262939607968669e+00
2.709999999999079137e+02 2.147213687748290134e+00
2.714999999998948965e+02 2.378520349363576702e+00
2.719999999998818794e+02 2.272404461569758727e+00
2.724999999998688622e+02 2.183422541787512383e+00
2.729999999998558451e+02 2.336329621407575274e+00
2.734999999998427711e+02 2.256301502020572336e+00
2.739999999998297540e+02 2.387739627880559379e+00
2.744999999998167368e+02 2.174181166100046525e+00
2.749999999998037197e+02 2.370071017519287615e+00
2.754999999997907025e+02 2.406469689136073953e+00
2.759999999997776854e+02 2.398539852869533195e+00
2.764999999997646682e+02 2.297682979110522439e+00
2.769999999997516511e+02 2.296513099611602993e+00
2.774999999997386340e+02 2.457651195148975454e+00
2.779999999997256168e+02 2.517698209143905075e+00
2.784999999997125997e+02 2.329699247499847470e+00
2.789999999996995257e+02 2.192070594655808780e+00
2.794999999996865085e+02 2.131360532384457773e+00
2.799999999996734914e+02 2.227730981212791672e+00
2.804999999996604743e+02 2.238940436558256142e+00
2.809999999996474571e+02 2.341901516893217572e+00
2.814999999996344400e+02 2.495931635304239560e+00
2.819999999996214228e+02 2.307287557896847474e+00
2.824999999996084057e+02 2.092079370848092257e+00
2.829999999995953885e+02 2.133809541412766020e+00
2.834999999995823714e+02 2.229764138131434148e+00
2.839999999995693543e+02 2.277374988488569674e+00
2.844999999995562803e+02 2.462328772401650046e+00
2.849999999995432631e+02 2.448457631032245008e+00
2.854999999995302460e+02 2.541973295212261785e+00
2.859999999995172288e+02 2.209335990024807739e+00
2.864999999995042117e+02 2.048582761657639306e+00
2.869999999994911946e+02 2.214750178741214715e+00
2.874999999994781774e+02 2.286555435366167011e+00
2.879999999994651603e+02 2.288490241473167153e+00
2.884999999994521431e+02 2.295200104346624137e+00
2.889999999994391260e+02 2.378218408701416209e+00
2.894999999994261088e+02 2.471547209375311915e+00
2.899999999994130349e+02 2.454529542631886052e+00
2.904999999994000177e+02 2.425950708614859064e+00
2.909999999993870006e+02 2.365420076272591654e+00
2.914999999993739834e+02 2.257709843705536734e+00
2.919999999993609663e+02 2.267970060401987453e+00
2.924999999993479491e+02 2.309341426704067057e+00
2.929999999993349320e+02 2.158525369159463470e+00
2.934999999993219149e+02 2.299367907167795266e+00
2.939999999993088977e+02 2.429848078161311431e+00
2.944999999992958806e+02 2.400431726010553657e+00
2.949999999992828634e+02 2.573034974510327366e+00
2.954999999992697894e+02 2.424269828698133900e+00
2.959999999992567723e+02 2.330733990482775297e+00
2.964999999992437552e+02 2.347656904121298460e+00
2.969999999992307380e+02 2.333079684601376602e+00
2.974999999992177209e+02 2.348592285469123020e+00
2.979999999992047037e+02 2.230421164271013001e+00
2.984999999991916866e+02 2.234248814180437748e+00
2.989999999991786694e+02 2.364252096583364438e+00
2.994999999991656523e+02 2.363510057272489640e+00
2.999999999991526352e+02 2.266594446713316113e+00
3.004999999991396180e+02 2.282484817623322559e+00
3.009999999991265440e+02 2.421322778013492716e+00
3.014999999991135269e+02 2.186441901467916615e+00
3.019999999991005097e+02 2.209018985152655823e+00
3.024999999990874926e+02 2.269679061082544802e+00
3.029999999990744755e+02 2.238714245615815557e+00
3.034999999990614583e+02 2.401563854265037268e+00
3.039999999990484412e+02 2.276328705702749033e+00
3.044999999990354240e+02 2.315094353781670833e+00
3.049999999990224069e+02 2.356882459123246232e+00
3.054999999990093897e+02 2.369976941527708547e+00
3.059999999989963158e+02 2.453062699594920737e+00
3.064999999989832986e+02 2.408317201056898060e+00
3.069999999989702815e+02 2.266626856367987219e+00
3.074999999989572643e+02 2.161971052725121467e+00
3.079999999989442472e+02 2.219765989160999542e+00
3.084999999989312300e+02 2.421526108282078926e+00
3.089999999989182129e+02 2.250392388834216995e+00
3.094999999989051958e+02 2.345359113404434925e+00
3.099999999988921786e+02 2.490420997043406359e+00
3.104999999988791615e+02 2.531140457202397887e+00
3.109999999988661443e+02 2.136228531047017043e+00
3.114999999988530703e+02 2.109456849514350196e+00
3.119999999988400532e+02 2.047731587327310976e+00
3.124999999988270361e+02 2.267714639366419149e+00
3.129999999988140189e+02 2.306601312676768600e+00
3.134999999988010018e+02 2.257070512573639665e+00
3.139999999987879846e+02 1.910154862873763459e+00
3.144999999987749675e+02 2.193275963995695577e+00
3.149999999987619503e+02 2.139156090779320785e+00
3.154999999987489332e+02 2.176900772622857971e+00
3.159999999987359161e+02 1.982772855054619754e+00
3.164999999987228989e+02 2.189287703785101513e+00
3.169999999987098249e+02 2.592921790910698743e+00
3.174999999986968078e+02 2.271081388503278564e+00
3.179999999986837906e+02 2.325220908857502877e+00
3.184999999986707735e+02 2.338478148100615162e+00
3.189999999986577564e+02 2.434354976815639393e+00
3.194999999986447392e+02 2.259073397217061796e+00
3.199999999986317221e+02 2.310218436718650459e+00
3.204999999986187049e+02 2.364685384513134370e+00
3.209999999986056878e+02 2.543363196900470857e+00
3.214999999985926706e+02 2.384998896110213096e+00
3.219999999985796535e+02 2.299447370187957862e+00
3.224999999985665795e+02 2.301224028217147666e+00
3.229999999985535624e+02 2.513932341419080174e+00
3.234999999985405452e+02 2.224092829545526673e+00
3.239999999985275281e+02 2.350440315992855300e+00
3.244999999985145109e+02 2.369387175294189074e+00
3.249999999985014938e+02 2.329198537496435684e+00
3.254999999984884766e+02 2.438166760199812266e+00
3.259999999984754595e+02 2.267146993728970994e+00
3.264999999984624424e+02 2.424242745650395658e+00
3.269999999984494252e+02 2.348912452794690964e+00
3.274999999984364081e+02 2.323245679446578116e+00
3.279999999984233341e+02 2.394991711425734415e+00
3.284999999984103169e+02 2.272177463737826919e+00
3.289999999983972998e+02 2.211463353587237890e+00
3.294999999983842827e+02 2.241355473734048864e+00
3.299999999983712655e+02 2.322297953218850797e+00
3.304999999983582484e+02 2.462362964745621330e+00
3.309999999983452312e+02 2.300055723129895924e+00
3.314999999983322141e+02 2.326367057306137465e+00
3.319999999983191969e+02 2.423458091026450489e+00
3.324999999983061798e+02 2.095966912368619539e+00
3.329999999982931627e+02 2.257560813232992736e+00
3.334999999982800887e+02 2.330932213647545215e+00
3.339999999982670715e+02 2.409283862642904062e+00
3.344999999982540544e+02 2.220367806170083114e+00
3.349999999982410372e+02 2.140531030679531987e+00
3.354999999982280201e+02 2.257443267592007530e+00
3.359999999982150030e+02 2.159215442727286938e+00
3.364999999982019858e+02 2.221715956489010768e+00
3.369999999981889687e+02 2.343363420268906427e+00
3.374999999981759515e+02 2.138882604990212322e+00
3.379999999981629344e+02 2.470366368865992257e+00
3.384999999981499172e+02 2.304659893314480623e+00
3.389999999981368433e+02 2.169162890797785348e+00
3.394999999981238261e+02 2.305946700804403449e+00
3.399999999981108090e+02 2.316715341243986259e+00
3.404999999980977918e+02 2.119516414996075238e+00
3.409999999980847747e+02 2.087442241686859212e+00
3.414999999980717575e+02 2.306822938553175550e+00
3.419999999980587404e+02 2.393040586368156308e+00
3.424999999980457233e+02 2.341720514327438440e+00
3.429999999980327061e+02 2.273067922772773475e+00
3.434999999980196890e+02 2.139423218581639752e+00
3.439999999980066718e+02 2.204793126878858089e+00
3.444999999979935978e+02 2.210503197364360517e+00
3.449999999979805807e+02 2.381078027169725608e+00
3.454999999979675636e+02 2.479506930304921752e+00
3.459999999979545464e+02 2.298226715984299506e+00
3.464999999979415293e+02 2.334578651621709078e+00
3.469999999979285121e+02 2.274255248207670554e+00
3.474999999979154950e+02 2.166742300112911135e+00
3.479999999979024778e+02 2.435852855260084215e+00
3.484999999978894607e+02 2.431977738352115281e+00
3.489999999978764436e+02 2.427449282517965212e+00
3.494999999978633696e+02 2.197633022596093166e+00
3.499999999978503524e+02 2.397705410479778809e+00
3.504999999978373353e+02 2.144352019901297091e+00
3.509999999978243181e+02 2.173916030775838504e+00
3.514999999978113010e+02 2.270209487762373524e+00
3.519999999977982839e+02 2.299823212125945648e+00
3.524999999977852667e+02 2.330964696526403923e+00
3.529999999977722496e+02 2.448077576927000898e+00
3.534999999977592324e+02 2.222208794016474531e+00
3.539999999977462153e+02 2.350578110179055713e+00
3.544999999977331981e+02 2.074947100915796483e+00
3.549999999977201242e+02 2.148589992981400965e+00
3.554999999977071070e+02 2.198046413104998376e+00
3.559999999976940899e+02 2.209347081973100035e+00
3.564999999976810727e+02 2.473053309228179231e+00
3.569999999976680556e+02 2.251791512291315911e+00
3.574999999976550384e+02 2.221041023210266196e+00
3.579999999976420213e+02 2.171004711090017913e+00
3.584999999976290042e+02 2.221499895315793616e+00
3.589999999976159870e+02 2.199520218016670192e+00
3.594999999976029699e+02 2.072074448707407868e+00
3.599999999975899527e+02 2.153908937387932543e+00
3.604999999975768787e+02 2.219943576768861782e+00
3.609999999975638616e+02 2.354367945323609046e+00
3.614999999975508445e+02 2.335966960730859743e+00
3.619999999975378273e+02 2.326297196906138343e+00
3.624999999975248102e+02 2.220558767422017521e+00
3.629999999975117930e+02 2.345473299225706576e+00
3.634999999974987759e+02 2.278690451240236392e+00
3.639999999974857587e+02 2.055373281274498254e+00
3.644999999974727416e+02 2.153864700936738430e+00
3.649999999974597245e+02 2.248119484201701379e+00
3.654999999974467073e+02 2.224782726724393367e+00
3.659999999974336333e+02 2.213082874603713890e+00
3.664999999974206162e+02 2.111115467071417395e+00
3.669999999974075990e+02 2.244433108269439536e+00
3.674999999973945819e+02 2.185595522490956011e+00
3.679999999973815648e+02 2.254703173122036386e+00
3.684999999973685476e+02 2.256809932462430446e+00
3.689999999973555305e+02 2.116439396128499961e+00
3.694999999973425133e+02 2.122961465077336296e+00
3.699999999973294962e+02 2.216829928847364517e+00
3.704999999973164790e+02 2.218181313385364284e+00
3.709999999973034619e+02 2.103984366711328935e+00
3.714999999972903879e+02 2.317383135158949337e+00
3.719999999972773708e+02 2.348012764101423677e+00
3.724999999972643536e+02 2.100876641959814606e+00
3.729999999972513365e+02 2.117513254238001963e+00
3.734999999972383193e+02 2.120476059750509013e+00
3.739999999972253022e+02 2.297722555714214465e+00
3.744999999972122851e+02 2.373027998542637906e+00
3.749999999971992679e+02 2.303325681755271415e+00
3.754999999971862508e+02 2.387286797580945308e+00
3.759999999971732336e+02 2.278592793971333741e+00
3.764999999971602165e+02 2.036582225422451931e+00
3.769999999971471425e+02 2.093269839154269452e+00
3.774999999971341254e+02 2.424349509708977557e+00
3.779999999971211082e+02 2.187091823223449083e+00
3.784999999971080911e+02 2.309032185320308184e+00
3.789999999970950739e+02 2.409767480100127202e+00
3.794999999970820568e+02 2.304027008849224512e+00
3.799999999970690396e+02 2.216641969631174991e+00
3.804999999970560225e+02 2.322873903304782939e+00
3.809999999970430054e+02 2.351092890635505306e+00
3.814999999970299882e+02 2.021908065024363044e+00
3.819999999970169711e+02 2.215179868833613064e+00
3.824999999970038971e+02 2.051219770257207475e+00
3.829999999969908799e+02 2.127245840480446848e+00
3.834999999969778628e+02 2.333775941425136224e+00
3.839999999969648456e+02 2.229487603554644704e+00
3.844999999969518285e+02 2.433075760300289936e+00
3.849999999969388114e+02 2.176051017789002451e+00
3.854999999969257942e+02 2.320984687467842367e+00
3.859999999969127771e+02 2.532136373201608226e+00
3.864999999968997599e+02 2.602856212353193754e+00
3.869999999968867428e+02 2.305650335388562233e+00
3.874999999968737256e+02 2.381755019877301205e+00
3.879999999968606517e+02 2.270348876565631002e+00
3.884999999968476345e+02 2.142981829721584575e+00
3.889999999968346174e+02 2.108492934592733459e+00
3.894999999968216002e+02 2.216355753728778577e+00
3.899999999968085831e+02 2.318044663669709848e+00
3.904999999967955659e+02 2.405326210396119269e+00
3.909999999967825488e+02 2.389901226828226477e+00
3.914999999967695317e+02 2.168186875900220745e+00
3.919999999967565145e+02 2.207995416977947212e+00
3.924999999967434974e+02 2.127252829162613157e+00
3.929999999967304234e+02 2.186162060754375691e+00
3.934999999967174062e+02 2.450738836043667934e+00
3.939999999967043891e+02 2.242433889896911836e+00
3.944999999966913720e+02 2.231491405392326488e+00
3.949999999966783548e+02 2.243255847360367650e+00
3.954999999966653377e+02 2.183570869643185475e+00
3.959999999966523205e+02 2.187410708273964222e+00
3.964999999966393034e+02 2.257665726743077528e+00
3.969999999966262862e+02 2.254514960744783192e+00
3.974999999966132691e+02 2.572714925195123126e+00
3.979999999966002520e+02 2.498799024670358637e+00
3.984999999965871780e+02 2.506150051149286018e+00
3.989999999965741608e+02 2.478890563025721416e+00
3.994999999965611437e+02 2.323542641131591591e+00
3.999999999965481265e+02 2.175754856553261618e+00
4.004999999965351094e+02 2.290280769201860078e+00
4.009999999965220923e+02 2.232384573072881295e+00
4.014999999965090751e+02 2.229537826526493127e+00
4.019999999964960580e+02 2.391387589067365482e+00
4.024999999964830408e+02 2.223892073130651070e+00
4.029999999964700237e+02 2.051820871890063458e+00
4.034999999964570065e+02 2.257472803130151195e+00
4.039999999964439326e+02 2.231803069407319651e+00
4.044999999964309154e+02 2.373199263712942653e+00
4.049999999964178983e+02 2.391716206717928284e+00
4.054999999964048811e+02 2.301285527797052310e+00
4.059999999964079507e+02 2.401738918623534502e+00
4.064999999964400104e+02 2.282737354855114642e+00
4.069999999964720132e+02 2.292267354209166275e+00
4.074999999965040729e+02 2.481892113556990243e+00
4.079999999965360757e+02 2.315211846918529659e+00
4.084999999965681354e+02 2.304673952958636196e+00
4.089999999966001383e+02 2.417041491572361700e+00
4.094999999966321980e+02 2.126885759368626339e+00
4.099999999966642008e+02 2.453278568910671087e+00
4.104999999966962605e+02 2.237694996909316281e+00
4.109999999967282633e+02 2.127870755013254289e+00
4.114999999967603230e+02 2.274582078126859752e+00
4.119999999967923259e+02 2.133887711222524075e+00
4.124999999968243856e+02 2.157302869857554928e+00
4.129999999968563884e+02 2.274385543877272209e+00
4.134999999968884481e+02 2.284304192904912600e+00
4.139999999969205078e+02 2.203798769046279915e+00
4.144999999969525106e+02 2.111271010514251589e+00
4.149999999969845703e+02 2.141695648976114974e+00
4.154999999970165732e+02 2.166379682895144487e+00
4.159999999970486328e+02 2.328062597648442811e+00
4.164999999970806357e+02 2.260287944244551372e+00
4.169999999971126954e+02 2.291726569191535834e+00
4.174999999971446982e+02 2.477027298635157582e+00
4.179999999971767579e+02 2.505615684354486117e+00
4.184999999972087608e+02 2.356420174521501654e+00
4.189999999972408204e+02 2.359888804579780341e+00
4.194999999972728233e+02 2.210715986701738522e+00
4.199999999973048830e+02 2.255581270018128137e+00
4.204999999973368858e+02 2.384886789277905983e+00
4.209999999973689455e+02 2.482724533505367148e+00
4.214999999974009484e+02 2.194120163435865134e+00
4.219999999974330080e+02 2.018814534151156970e+00
4.224999999974650109e+02 2.187857112778680335e+00
4.229999999974970706e+02 2.332776820994828082e+00
4.234999999975291303e+02 2.062243881871003826e+00
4.239999999975611331e+02 2.220181612541321403e+00
4.244999999975931928e+02 2.118847063985379808e+00
4.249999999976251956e+02 2.050289897822463292e+00
4.254999999976572553e+02 2.229858429675615206e+00
4.259999999976892582e+02 2.449197304924462415e+00
4.264999999977213179e+02 2.203047578342618440e+00
4.269999999977533207e+02 2.170964954411583658e+00
4.274999999977853804e+02 2.145153612405092058e+00
4.279999999978173832e+02 2.414266930372764186e+00
4.284999999978494429e+02 2.275970306290983292e+00
4.289999999978814458e+02 2.304897081827876448e+00
4.294999999979135055e+02 2.395399104127434953e+00
4.299999999979455083e+02 2.360684262186388604e+00
4.304999999979775680e+02 2.335536441249622452e+00
4.309999999980095708e+02 2.328048188725524881e+00
4.314999999980416305e+02 2.108158371041629842e+00
4.319999999980736902e+02 2.335049070336280952e+00
4.324999999981056931e+02 2.324398906481512483e+00
4.329999999981377528e+02 2.247494033312487538e+00
4.334999999981697556e+02 2.081586770366645300e+00
4.339999999982018153e+02 2.027894078749675089e+00
4.344999999982338181e+02 2.037769592091501103e+00
4.349999999982658778e+02 2.292894976216805603e+00
4.354999999982978807e+02 2.306083891627187299e+00
4.359999999983299404e+02 2.257043820587331773e+00
4.364999999983619432e+02 2.279607337549593993e+00
4.369999999983940029e+02 2.429549385395401107e+00
4.374999999984260057e+02 2.397436857277767341e+00
4.379999999984580654e+02 2.391317788242281139e+00
4.384999999984900683e+02 2.298336799582780365e+00
4.389999999985221280e+02 2.087433982310685110e+00
4.394999999985541308e+02 2.331996904920599079e+00
4.399999999985861905e+02 2.201949607659492880e+00
4.404999999986182502e+02 2.219092543026793596e+00
4.409999999986502530e+02 2.232200442075606528e+00
4.414999999986823127e+02 2.175953985758926290e+00
4.419999999987143156e+02 2.248136573098955093e+00
4.424999999987463752e+02 2.194830150266252833e+00
4.429999999987783781e+02 2.011586276656794237e+00
4.434999999988104378e+02 1.967518341423288630e+00
4.439999999988424406e+02 1.949582431230523660e+00
4.444999999988745003e+02 1.863786652073740946e+00
4.449999999989065032e+02 2.214618582079508791e+00
4.454999999989385628e+02 2.149560970995673337e+00
4.459999999989705657e+02 2.305671734152630936e+00
4.464999999990026254e+02 2.251113409079898986e+00
4.469999999990346282e+02 2.377424546284936380e+00
4.474999999990666879e+02 2.359501519778033796e+00
4.479999999990986908e+02 2.165678535407018490e+00
4.484999999991307504e+02 2.339381984694619998e+00
4.489999999991627533e+02 2.411785428730054193e+00
4.494999999991948130e+02 2.204769990408957270e+00
4.499999999992268727e+02 2.193701950122558308e+00
4.504999999992588755e+02 2.364803965321922163e+00
4.509999999992909352e+02 2.392373564714649792e+00
4.514999999993229380e+02 2.230838156952559270e+00
4.519999999993549977e+02 1.969779461531321996e+00
4.524999999993870006e+02 2.180813663058823071e+00
4.529999999994190603e+02 2.102574910746118242e+00
4.534999999994510631e+02 2.113247566361177388e+00
4.539999999994831228e+02 2.260977816418651809e+00
4.544999999995151256e+02 2.053151873076431322e+00
4.549999999995471853e+02 2.335376562964558644e+00
4.554999999995791882e+02 2.355474615802034322e+00
4.559999999996112479e+02 2.554068486221237499e+00
4.564999999996432507e+02 2.387446397282923183e+00
4.569999999996753104e+02 2.220577453803178170e+00
4.574999999997073132e+02 2.026985529256291496e+00
4.579999999997393729e+02 2.160578124601105099e+00
4.584999999997714326e+02 2.115457120705618532e+00
4.589999999998034355e+02 2.257264950498742095e+00
4.594999999998354951e+02 2.086672004589944507e+00
4.599999999998674980e+02 2.102984023084659704e+00
4.604999999998995577e+02 2.324695742012641286e+00
4.609999999999315605e+02 2.221627988813981158e+00
4.614999999999636202e+02 2.162101351484104761e+00
4.619999999999956231e+02 2.248708866179108590e+00
4.625000000000276827e+02 2.403302750685534672e+00
4.630000000000596856e+02 2.265131726803046863e+00
4.635000000000917453e+02 2.248148894701593736e+00
4.640000000001237481e+02 2.458748865286571217e+00
4.645000000001558078e+02 2.330390234057099441e+00
4.650000000001878107e+02 2.453593173669392336e+00
4.655000000002198703e+02 2.434102991200304267e+00
4.660000000002518732e+02 2.273879864839142506e+00
4.665000000002839329e+02 2.285649578834244355e+00
4.670000000003159357e+02 2.218229517691279185e+00
4.675000000003479954e+02 1.912007921615071160e+00
4.680000000003800551e+02 2.026297904950096207e+00
4.685000000004120579e+02 2.025401313582313012e+00
4.690000000004441176e+02 2.126355213064484051e+00
4.695000000004761205e+02 2.219576556612320228e+00
4.700000000005081802e+02 2.368414792771285526e+00
4.705000000005401830e+02 2.268932113833848963e+00
4.710000000005722427e+02 2.243190280315749519e+00
4.715000000006042455e+02 2.203452005435301952e+00
4.720000000006363052e+02 2.143142364882531847e+00
4.725000000006683081e+02 2.269826450573381393e+00
4.730000000007003678e+02 2.286092849695840368e+00
4.735000000007323706e+02 2.426097458421472286e+00
4.740000000007644303e+02 2.310337213479179752e+00
4.745000000007964331e+02 2.301709394937259567e+00
4.750000000008284928e+02 2.325727655407797023e+00
4.755000000008604957e+02 2.241195519665589053e+00
4.760000000008925554e+02 2.278020031820044533e+00
4.765000000009246151e+02 2.411470756720150099e+00
4.770000000009566179e+02 1.989757700602654777e+00
4.775000000009886776e+02 2.190495256243681688e+00
4.780000000010206804e+02 2.227189116322692897e+00
4.785000000010527401e+02 1.981073306164791159e+00
4.790000000010847430e+02 2.015470197112147144e+00
4.795000000011168027e+02 2.033219542433114313e+00
4.800000000011488055e+02 2.362425147231199229e+00
4.805000000011808652e+02 2.277736396507320293e+00
4.810000000012128680e+02 2.166727790635963213e+00
4.815000000012449277e+02 2.270654059416215453e+00
4.820000000012769306e+02 2.128767151743247155e+00
4.825000000013089902e+02 2.184370466699665503e+00
4.830000000013409931e+02 2.201132678684687871e+00
4.835000000013730528e+02 2.027329188166071994e+00
4.840000000014050556e+02 2.000703219952540746e+00
4.845000000014371153e+02 2.328597640169643324e+00
4.850000000014691750e+02 2.323038596200013739e+00
4.855000000015011778e+02 2.357919773346829118e+00
4.860000000015332375e+02 2.264101077390121119e+00
4.865000000015652404e+02 2.287512809188642304e+00
4.870000000015973001e+02 2.274968570412324809e+00
4.875000000016293029e+02 2.333674840096628955e+00
4.880000000016613626e+02 2.170327809628358473e+00
4.885000000016933654e+02 2.382012597372950236e+00
4.890000000017254251e+02 1.874767988869499247e+00
4.895000000017574280e+02 1.961049959718617286e+00
4.900000000017894877e+02 2.097999777866554449e+00
4.905000000018214905e+02 2.306948087074641940e+00
4.910000000018535502e+02 2.519330965410168766e+00
4.915000000018855530e+02 2.424274394481715778e+00
4.920000000019176127e+02 2.203570999978831324e+00
4.925000000019496156e+02 2.319728395683680944e+00
4.930000000019816753e+02 2.500592711275250846e+00
4.935000000020136781e+02 2.347751967398498341e+00
4.940000000020457378e+02 2.207069406264265510e+00
4.945000000020777975e+02 2.318396406943243004e+00
4.950000000021098003e+02 2.323686259092810236e+00
4.955000000021418600e+02 2.240532426192079374e+00
4.960000000021738629e+02 2.228469523597772728e+00
4.965000000022059226e+02 2.392861687895857958e+00
4.970000000022379254e+02 2.467781136645096129e+00
4.975000000022699851e+02 2.430559460041095132e+00
4.980000000023019879e+02 2.413530730275754266e+00
4.985000000023340476e+02 2.252778187193291259e+00
4.990000000023660505e+02 2.059146709073791381e+00
4.995000000023981102e+02 2.216346114460676642e+00
5.000000000024301130e+02 2.225002003365753378e+00
5.005000000024621727e+02 2.235088072283667682e+00
5.010000000024941755e+02 2.234577288606063750e+00
5.015000000025262352e+02 2.392514710818841817e+00
5.020000000025582381e+02 2.299748797757617869e+00
5.025000000025902978e+02 2.419958853456261494e+00
5.030000000026223574e+02 2.547691127848301651e+00
5.035000000026543603e+02 2.391830958633474502e+00
5.040000000026864200e+02 2.615476688854383891e+00
5.045000000027184228e+02 2.297866525300839236e+00
5.050000000027504825e+02 2.234322158940170500e+00
5.055000000027824854e+02 2.444097462869976312e+00
5.060000000028145450e+02 2.160762300760720400e+00
5.065000000028465479e+02 2.034113053970044493e+00
5.070000000028786076e+02 2.283099553769453394e+00
5.075000000029106104e+02 2.348460418234065816e+00
5.080000000029426701e+02 2.194475587483844858e+00
5.085000000029746730e+02 2.207589545268558773e+00
5.090000000030067326e+02 2.255084012816382710e+00
5.095000000030387355e+02 2.331737055863936092e+00
5.100000000030707952e+02 2.359092410908916637e+00
5.105000000031027980e+02 2.348551263772905795e+00
5.110000000031348577e+02 2.387469733436707653e+00
5.115000000031668606e+02 2.317450576595111666e+00
5.120000000031989202e+02 2.333864151745384419e+00
5.125000000032309799e+02 2.125467833105411763e+00
5.130000000032630396e+02 2.427122118370622417e+00
5.135000000032949856e+02 2.444013388268646114e+00
5.140000000033270453e+02 2.091435714017334302e+00
5.145000000033591050e+02 2.122952622734964212e+00
5.150000000033911647e+02 2.136720695200352349e+00
5.155000000034231107e+02 2.243098483509883945e+00
5.160000000034551704e+02 2.159257486621398048e+00
5.165000000034872301e+02 2.121911346072793858e+00
5.170000000035192897e+02 2.140120414598347676e+00
5.175000000035512357e+02 2.128549407329666909e+00
5.180000000035832954e+02 2.356766233578761138e+00
5.185000000036153551e+02 2.299204796594988665e+00
5.190000000036474148e+02 2.198167381698521439e+00
5.195000000036793608e+02 2.171482254589483851e+00
5.200000000037114205e+02 2.449522380378107655e+00
5.205000000037434802e+02 2.379983215630760540e+00
5.210000000037755399e+02 2.001352785827998915e+00
5.215000000038075996e+02 1.995558783445761764e+00
5.220000000038395456e+02 2.105134101631305654e+00
5.225000000038716053e+02 2.310639456313055007e+00
5.230000000039036649e+02 2.310737940129609314e+00
5.235000000039357246e+02 2.343900235001415755e+00
5.240000000039676706e+02 2.465519796836923572e+00
5.245000000039997303e+02 2.253167358108319362e+00
5.250000000040317900e+02 2.207402564168098547e+00
5.255000000040638497e+02 2.233476298357732315e+00
5.260000000040957957e+02 2.131157582357798397e+00
5.265000000041278554e+02 2.177755531671212275e+00
5.270000000041599151e+02 2.232736489083447573e+00
5.275000000041919748e+02 2.225593670033906513e+00
5.280000000042239208e+02 2.114331414294102540e+00
5.285000000042559805e+02 2.129699354504219322e+00
5.290000000042880401e+02 2.194552689085528030e+00
5.295000000043200998e+02 2.223657756071374614e+00
5.300000000043521595e+02 2.226031647867680263e+00
5.305000000043841055e+02 2.252046362264942481e+00
5.310000000044161652e+02 2.169012534663061764e+00
5.315000000044482249e+02 2.217274593833455487e+00
5.320000000044802846e+02 2.262642124477050043e+00
5.325000000045122306e+02 2.364954653198622747e+00
5.330000000045442903e+02 2.564112051703231199e+00
5.335000000045763500e+02 2.360266491677286638e+00
5.340000000046084097e+02 2.085749006902475333e+00
5.345000000046403557e+02 2.191884158646437708e+00
5.350000000046724153e+02 2.163855000675413809e+00
5.355000000047044750e+02 2.014592532702651706e+00
5.360000000047365347e+02 2.177572730668218437e+00
5.365000000047684807e+02 2.199705066123053054e+00
5.370000000048005404e+02 2.297604656879018492e+00
5.375000000048326001e+02 2.318686407261818516e+00
5.380000000048646598e+02 2.234648581364594211e+00
5.385000000048967195e+02 2.232144030184719519e+00
5.390000000049286655e+02 2.153384725243753905e+00
5.395000000049607252e+02 2.336936456237542536e+00
5.400000000049927849e+02 2.274337920675657543e+00
5.405000000050248445e+02 2.221514474057123323e+00
5.410000000050567905e+02 2.295604470391952923e+00
5.415000000050888502e+02 2.194714229609160405e+00
5.420000000051209099e+02 2.312050072591268712e+00
5.425000000051529696e+02 2.260234164129690360e+00
5.430000000051849156e+02 2.117802747718064982e+00
5.435000000052169753e+02 2.243494617420678683e+00
5.440000000052490350e+02 2.165667264186597940e+00
5.445000000052810947e+02 2.390832827751891099e+00
5.450000000053130407e+02 2.220436590788645859e+00
5.455000000053451004e+02 2.389984019937379411e+00
5.460000000053771601e+02 2.466054711908078456e+00
5.465000000054092197e+02 2.156155625985974655e+00
5.470000000054411657e+02 2.258075291726010292e+00
5.475000000054732254e+02 2.505241879861333398e+00
5.480000000055052851e+02 2.154131335032715810e+00
5.485000000055373448e+02 2.159832973980291726e+00
5.490000000055694045e+02 2.341554789698578887e+00
5.495000000056013505e+02 2.601402525452370273e+00
5.500000000056334102e+02 2.250264063541416615e+00
5.505000000056654699e+02 2.332261013168765995e+00
5.510000000056975296e+02 2.168685150919070548e+00
5.515000000057294756e+02 2.212953417903314790e+00
5.520000000057615352e+02 2.270547335254349708e+00
5.525000000057935949e+02 2.128869748976465193e+00
5.530000000058256546e+02 2.306786257934110740e+00
5.535000000058576006e+02 2.369786420901845325e+00
5.540000000058896603e+02 2.583234042457393187e+00
5.545000000059217200e+02 2.510008597927501750e+00
5.550000000059537797e+02 2.180024163080501953e+00
5.555000000059857257e+02 2.385571491107888242e+00
5.560000000060177854e+02 2.247395626503988275e+00
5.565000000060498451e+02 2.282994983891588614e+00
5.570000000060819048e+02 2.107248623268616505e+00
5.575000000061139644e+02 2.260211754268250495e+00
5.580000000061459104e+02 2.285203980469864504e+00
5.585000000061779701e+02 2.472272982494830629e+00
5.590000000062100298e+02 2.173097832137922847e+00
5.595000000062420895e+02 2.173496528408895401e+00
5.600000000062740355e+02 2.168029609865223861e+00
5.605000000063060952e+02 2.102275780722603127e+00
5.610000000063381549e+02 2.337121287854285079e+00
5.615000000063702146e+02 2.464500616979590220e+00
5.620000000064021606e+02 2.541761254718857277e+00
5.625000000064342203e+02 2.327964037418809529e+00
5.630000000064662800e+02 2.233143933565300276e+00
5.635000000064983396e+02 2.302417076203753687e+00
5.640000000065302856e+02 2.620834132973458352e+00
5.645000000065623453e+02 2.073470343681763861e+00
5.650000000065944050e+02 2.234652421018326507e+00
5.655000000066264647e+02 2.534544987199767618e+00
5.660000000066585244e+02 2.316619125558971426e+00
5.665000000066904704e+02 2.283332226743874926e+00
5.670000000067225301e+02 2.204910051632780643e+00
5.675000000067545898e+02 2.348717625214044702e+00
5.680000000067866495e+02 2.486455167391536936e+00
5.685000000068185955e+02 2.258979989523780763e+00
5.690000000068506552e+02 2.114500999677360493e+00
5.695000000068827148e+02 2.164199106901568026e+00
5.700000000069147745e+02 2.162137875498103323e+00
5.705000000069467205e+02 2.135548278386113719e+00
5.710000000069787802e+02 2.045744557663710772e+00
5.715000000070108399e+02 2.359672593770437476e+00
5.720000000070428996e+02 2.438937750717326214e+00
5.725000000070748456e+02 2.238760367147136776e+00
5.730000000071069053e+02 2.141286436876782773e+00
5.735000000071389650e+02 2.300813552454968214e+00
5.740000000071710247e+02 2.281428927517999306e+00
5.745000000072030844e+02 2.249894806899396471e+00
5.750000000072350304e+02 2.152935335155401475e+00
5.755000000072670900e+02 2.027204140920304987e+00
5.760000000072991497e+02 2.066213497945137867e+00
5.765000000073312094e+02 2.163442030252571424e+00
5.770000000073631554e+02 2.287091879877619416e+00
5.775000000073952151e+02 2.323926019872262660e+00
5.780000000074272748e+02 2.172155072261355624e+00
5.785000000074593345e+02 2.180138674303400137e+00
5.790000000074912805e+02 2.174641717276263542e+00
5.795000000075233402e+02 2.239968855623089450e+00
5.800000000075553999e+02 2.329015828838378432e+00
5.805000000075874595e+02 2.533253661826775360e+00
5.810000000076194056e+02 2.278358088435394890e+00
5.815000000076514652e+02 2.238081207183953758e+00
5.820000000076835249e+02 2.278696617635245225e+00
5.825000000077155846e+02 2.282946692870472916e+00
5.830000000077476443e+02 2.200163151090301028e+00
5.835000000077795903e+02 2.188100972452742266e+00
5.840000000078116500e+02 2.309703340215714551e+00
5.845000000078437097e+02 2.412194906189818688e+00
5.850000000078757694e+02 2.529466558784532193e+00
5.855000000079077154e+02 2.458360153672876081e+00
5.860000000079397751e+02 2.326973890400556577e+00
5.865000000079718347e+02 2.156148021218340372e+00
5.870000000080038944e+02 2.205503827935967998e+00
5.875000000080358404e+02 2.241511363195916040e+00
5.880000000080679001e+02 2.166506919997144731e+00
5.885000000080999598e+02 2.253953219954758946e+00
5.890000000081320195e+02 2.106897686775454748e+00
5.895000000081639655e+02 2.633021983515183351e+00
5.900000000081960252e+02 2.543093629702556591e+00
5.905000000082280849e+02 2.749528456862518677e+00
5.910000000082601446e+02 2.519707476343353569e+00
5.915000000082920906e+02 2.097420206839967882e+00
5.920000000083241503e+02 2.041614784703922325e+00
5.925000000083562099e+02 2.102871974776713060e+00
5.930000000083882696e+02 2.185720115123830798e+00
5.935000000084203293e+02 2.226589088510024794e+00
5.940000000084522753e+02 2.169709429594591121e+00
5.945000000084843350e+02 2.310607348576600550e+00
5.950000000085163947e+02 2.170627932409025185e+00
5.955000000085484544e+02 2.243913722097741203e+00
5.960000000085804004e+02 2.271352866813103777e+00
5.965000000086124601e+02 2.441060127666398571e+00
5.970000000086445198e+02 2.288545561392361538e+00
5.975000000086765795e+02 2.266308359202338085e+00
5.980000000087085255e+02 2.235579282745673968e+00
5.985000000087405851e+02 2.228888954536174971e+00
5.990000000087726448e+02 2.264034481208005545e+00
5.995000000088047045e+02 2.379919295657018985e+00
6.000000000088366505e+02 2.255915685373188762e+00
6.005000000088687102e+02 2.087310337152470829e+00
6.010000000089007699e+02 2.146569016360829973e+00
6.015000000089328296e+02 2.190391247360573335e+00
6.020000000089648893e+02 2.238130336119370511e+00
6.025000000089968353e+02 2.158364292889109581e+00
6.030000000090288950e+02 1.832675966205777440e+00
6.035000000090609547e+02 2.368983082710090837e+00
6.040000000090930143e+02 2.421074429140506190e+00
6.045000000091249603e+02 2.418359397055924287e+00
6.050000000091570200e+02 2.235278279325391360e+00
6.055000000091890797e+02 2.436427800078369899e+00
6.060000000092211394e+02 2.496465243550576751e+00
6.065000000092530854e+02 2.192278187278469126e+00
6.070000000092851451e+02 2.295004636076578564e+00
6.075000000093172048e+02 2.394343146363121733e+00
6.080000000093492645e+02 2.511011842838771546e+00
6.085000000093812105e+02 2.349413945954918592e+00
6.090000000094132702e+02 2.318992475713910650e+00
6.095000000094453299e+02 2.351086366042308029e+00
6.100000000094773895e+02 2.477509242544498669e+00
6.105000000095094492e+02 2.343003211525463758e+00
6.110000000095413952e+02 2.314710756274795500e+00
6.115000000095734549e+02 2.201621911976422652e+00
6.120000000096055146e+02 2.316591522090523547e+00
6.125000000096375743e+02 2.033147498600096359e+00
6.130000000096695203e+02 1.998490298747791272e+00
6.135000000097015800e+02 2.202553430551622338e+00
6.140000000097336397e+02 2.157674053070270048e+00
6.145000000097656994e+02 2.474039486243440056e+00
6.150000000097976454e+02 2.203166366996471393e+00
6.155000000098297050e+02 2.190298361584520848e+00
6.160000000098617647e+02 2.368029565520331392e+00
6.165000000098938244e+02 2.205900020635120473e+00
6.170000000099257704e+02 2.276966455899572583e+00
6.175000000099578301e+02 2.495838807320237773e+00
6.180000000099898898e+02 2.401571918334913569e+00
6.185000000100219495e+02 2.194136591283863957e+00
6.190000000100540092e+02 2.306496918897174009e+00
6.195000000100859552e+02 2.215448310846753976e+00
6.200000000101180149e+02 2.190103274063699423e+00
6.205000000101500746e+02 2.332015085110826114e+00
6.210000000101821342e+02 2.199853560039924716e+00
6.215000000102140802e+02 2.303273437660601441e+00
6.220000000102461399e+02 2.334433979338717879e+00
6.225000000102781996e+02 2.167225160937352957e+00
6.230000000103102593e+02 1.997102124006162160e+00
6.235000000103422053e+02 2.126909175159538812e+00
6.240000000103742650e+02 2.420042353063049934e+00
6.245000000104063247e+02 2.465830723747743036e+00
6.250000000104383844e+02 2.514521654458368172e+00
6.255000000104703304e+02 2.354924549839102266e+00
6.260000000105023901e+02 2.452777804943468087e+00
6.265000000105344498e+02 2.406975888145026943e+00
6.270000000105665094e+02 2.416248151587282678e+00
6.275000000105985691e+02 2.239687856495980345e+00
6.280000000106305151e+02 2.137989377207084818e+00
6.285000000106625748e+02 2.359561402390668139e+00
6.290000000106946345e+02 2.331887297158170558e+00
6.295000000107266942e+02 2.325398307445409873e+00
6.300000000107586402e+02 2.377085570026950645e+00
6.305000000107906999e+02 2.555839900231146711e+00
6.310000000108227596e+02 2.380804307972375966e+00
6.315000000108548193e+02 2.351835032537413550e+00
6.320000000108867653e+02 2.502185051315400255e+00
6.325000000109188250e+02 2.485107037597443558e+00
6.330000000109508846e+02 2.321121169052002831e+00
6.335000000109829443e+02 2.297097029012509228e+00
6.340000000110148903e+02 2.243007272439418109e+00
6.345000000110469500e+02 2.117553574509431158e+00
6.350000000110790097e+02 2.227548349308507980e+00
6.355000000111110694e+02 2.114355710155221058e+00
6.360000000111430154e+02 2.073316734614911283e+00
6.365000000111750751e+02 2.247324661926364264e+00
6.370000000112071348e+02 2.241207165467844487e+00
6.375000000112391945e+02 2.346583554687717399e+00
6.380000000112712542e+02 2.173323211511689834e+00
6.385000000113032002e+02 2.307240213043425747e+00
6.390000000113352598e+02 2.160121843713512124e+00
6.395000000113673195e+02 2.147270210430836546e+00
6.400000000113993792e+02 2.117498050787373742e+00
6.405000000114313252e+02 2.267604281053596793e+00
6.410000000114633849e+02 2.046137421077796503e+00
6.415000000114954446e+02 2.152051198829651568e+00
6.420000000115275043e+02 2.249595523422579735e+00
6.425000000115594503e+02 2.295890453473825588e+00
6.430000000115915100e+02 2.216334203311033146e+00
6.435000000116235697e+02 2.360531113774042566e+00
6.440000000116556294e+02 2.283508660698285730e+00
6.445000000116875754e+02 2.227976691596976089e+00
6.450000000117196350e+02 2.195516895806598257e+00
6.455000000117516947e+02 2.186503617335062266e+00
6.460000000117837544e+02 2.083195302608316091e+00
6.465000000118158141e+02 2.077488956010338228e+00
6.470000000118477601e+02 1.985837376429831380e+00
6.475000000118798198e+02 2.351492436286543253e+00
6.480000000119118795e+02 2.553039596910977593e+00
6.485000000119439392e+02 2.369141884235340445e+00
6.490000000119758852e+02 2.389082074215584051e+00
6.495000000120079449e+02 2.402970179446329624e+00
6.500000000120400045e+02 2.253334215074423774e+00
6.505000000120720642e+02 2.287455356201041123e+00
6.510000000121040102e+02 2.306537245292313631e+00
6.515000000121360699e+02 2.365148977344160297e+00
6.520000000121681296e+02 2.273674099196643095e+00
6.525000000122001893e+02 2.246517703495433338e+00
6.530000000122321353e+02 2.336312884126831246e+00
6.535000000122641950e+02 2.138684770299180471e+00
6.540000000122962547e+02 2.269164837682972724e+00
6.545000000123283144e+02 2.390320589045625610e+00
6.550000000123603741e+02 2.331619352176260485e+00
6.555000000123923201e+02 2.322263557090546993e+00
6.560000000124243797e+02 2.180477923093282921e+00
6.565000000124564394e+02 2.330462944317459151e+00
6.570000000124884991e+02 2.216742687579051907e+00
6.575000000125204451e+02 2.191856662401078903e+00
6.580000000125525048e+02 2.284780507210581124e+00
6.585000000125845645e+02 2.258576771611551681e+00
6.590000000126166242e+02 2.203106418490984098e+00
6.595000000126485702e+02 2.054069122011343396e+00
6.600000000126806299e+02 2.056586618928764487e+00
6.605000000127126896e+02 2.178266330047482047e+00
6.610000000127447493e+02 2.360363545845324929e+00
6.615000000127766953e+02 2.294208687396973811e+00
6.620000000128087549e+02 2.234624697482361810e+00
6.625000000128408146e+02 2.137622083131839545e+00
6.630000000128728743e+02 2.251473227597979854e+00
6.635000000129049340e+02 2.367272195489786402e+00
6.640000000129368800e+02 2.022689463746054184e+00
6.645000000129689397e+02 2.223187935552766170e+00
6.650000000130009994e+02 2.307049169386258924e+00
6.655000000130330591e+02 2.206036099573184028e+00
6.660000000130650051e+02 2.289652460072882256e+00
6.665000000130970648e+02 2.423386628735829440e+00
6.670000000131291245e+02 2.254629167342307117e+00
6.675000000131611841e+02 2.275817528656574940e+00
6.680000000131931301e+02 2.233645712382600124e+00
6.685000000132251898e+02 2.307871781596765093e+00
6.690000000132572495e+02 2.366938642032460738e+00
6.695000000132893092e+02 2.394767638720610936e+00
6.700000000133212552e+02 1.915187946423929422e+00
6.705000000133533149e+02 2.106163818069504590e+00
6.710000000133853746e+02 2.094782591488053125e+00
6.715000000134174343e+02 2.058874969813172306e+00
6.720000000134494940e+02 2.089349922451099406e+00
6.725000000134814400e+02 2.393744662397150780e+00
6.730000000135134997e+02 2.210092163403668319e+00
6.735000000135455593e+02 2.109071286275038926e+00
6.740000000135776190e+02 2.222153167127827178e+00
6.745000000136095650e+02 2.094215295870280880e+00
6.750000000136416247e+02 2.185989147483106798e+00
6.755000000136736844e+02 2.361688974540717911e+00
6.760000000137057441e+02 2.157411921212513572e+00
6.765000000137376901e+02 2.138926992928866788e+00
6.770000000137697498e+02 2.044590994390977468e+00
6.775000000138018095e+02 2.341124038244207561e+00
6.780000000138338692e+02 2.309881241575106436e+00
6.785000000138658152e+02 2.036357368256422440e+00
6.790000000138978749e+02 2.235958121371634189e+00
6.795000000139299345e+02 2.222648607505957052e+00
6.800000000139619942e+02 2.328109231471995777e+00
6.805000000139939402e+02 2.203320821431685506e+00
6.810000000140259999e+02 2.305725985981458948e+00
6.815000000140580596e+02 2.427835424992997648e+00
6.820000000140901193e+02 2.225104845962033728e+00
6.825000000141221790e+02 2.078224280860096140e+00
6.830000000141541250e+02 2.171688610895314397e+00
6.835000000141861847e+02 2.238661789121756396e+00
6.840000000142182444e+02 2.424133209434767622e+00
6.845000000142503040e+02 2.346591122112470451e+00
6.850000000142822500e+02 2.233976640978956762e+00
6.855000000143143097e+02 2.213505951498036861e+00
6.860000000143463694e+02 2.138519535243462499e+00
6.865000000143784291e+02 2.531282967517818783e+00
6.870000000144103751e+02 2.243324909557208091e+00
6.875000000144424348e+02 2.199361910177012991e+00
6.880000000144744945e+02 2.319649810515674648e+00
6.885000000145065542e+02 2.360004644944583951e+00
6.890000000145385002e+02 2.460892275352247527e+00
6.895000000145705599e+02 2.355197885705437422e+00
6.900000000146026196e+02 2.362406284046286054e+00
6.905000000146346792e+02 2.246831355810056330e+00
6.910000000146667389e+02 2.287947685170674816e+00
6.915000000146986849e+02 2.451366679868376863e+00
6.920000000147307446e+02 2.185585641075239227e+00
6.925000000147628043e+02 2.118128127774265845e+00
6.930000000147948640e+02 2.205036979332397618e+00
6.935000000148268100e+02 2.230364128532611900e+00
6.940000000148588697e+02 2.419445980074442559e+00
6.945000000148909294e+02 2.167962802542277245e+00
6.950000000149229891e+02 2.219997127977868523e+00
6.955000000149549351e+02 2.382691556188382798e+00
6.960000000149869948e+02 2.185368736292193415e+00
6.965000000150190544e+02 2.252684317314111340e+00
6.970000000150511141e+02 2.106608268595140387e+00
6.975000000150830601e+02 2.401029469487365287e+00
6.980000000151151198e+02 2.260566731984282374e+00
6.985000000151471795e+02 2.419259561235850953e+00
6.990000000151792392e+02 2.126436944229274317e+00
6.995000000152112989e+02 2.246055291184967828e+00
7.000000000152432449e+02 2.020752314129267813e+00
7.005000000152753046e+02 2.185892010784318717e+00
7.010000000153073643e+02 2.233858741749864318e+00
7.015000000153394240e+02 2.174875479829958103e+00
7.020000000153713700e+02 2.317461699039317313e+00
7.025000000154034296e+02 2.415293892359220873e+00
7.030000000154354893e+02 2.317149232096266331e+00
7.035000000154675490e+02 2.135408257289719280e+00
7.040000000154994950e+02 2.149163439499410355e+00
7.045000000155315547e+02 1.880659120508070048e+00
7.050000000155636144e+02 2.394237868251065215e+00
7.055000000155956741e+02 2.140855832994295493e+00
7.060000000156276201e+02 2.300745984256177490e+00
7.065000000156596798e+02 2.200278959233503695e+00
7.070000000156917395e+02 2.311966696821021738e+00
7.075000000157237992e+02 2.376897884949352058e+00
7.080000000157558588e+02 2.185695429373477161e+00
7.085000000157878048e+02 2.186109793806597423e+00
7.090000000158198645e+02 2.331816249818930764e+00
7.095000000158519242e+02 2.370931798310537797e+00
7.100000000158839839e+02 2.066990652423415398e+00
7.105000000159159299e+02 2.329789372265180791e+00
7.110000000159479896e+02 2.335405150444979760e+00
7.115000000159800493e+02 2.270545632389500135e+00
7.120000000160121090e+02 2.072466785643272136e+00
7.125000000160440550e+02 2.030523488859321546e+00
7.130000000160761147e+02 2.344563168176911905e+00
7.135000000161081743e+02 2.516480041737115592e+00
7.140000000161402340e+02 2.218749877062450082e+00
7.145000000161721800e+02 2.233053101106529326e+00
7.150000000162042397e+02 2.279523981060043614e+00
7.155000000162362994e+02 2.268939701252970398e+00
7.160000000162683591e+02 2.266761523973277903e+00
7.165000000163003051e+02 2.169939153425720413e+00
7.170000000163323648e+02 2.318647336152114935e+00
7.175000000163644245e+02 2.286248808133977573e+00
7.180000000163964842e+02 2.277787746661365631e+00
7.185000000164285439e+02 2.270941383489452736e+00
7.190000000164604899e+02 2.173904666192276292e+00
7.195000000164925495e+02 2.119984443868332846e+00
7.200000000165246092e+02 2.473384308271684873e+00
7.205000000165566689e+02 2.181458954572519371e+00
7.210000000165886149e+02 2.056776968763926128e+00
7.215000000166206746e+02 2.340113753050024226e+00
7.220000000166527343e+02 2.565057328466584963e+00
7.225000000166847940e+02 2.394344002100365021e+00
7.230000000167167400e+02 2.392296166356879361e+00
7.235000000167487997e+02 2.229684740097062967e+00
7.240000000167808594e+02 2.287666203419585376e+00
7.245000000168129191e+02 2.245344754058815617e+00
7.250000000168448651e+02 2.250393575544682889e+00
7.255000000168769247e+02 2.571035751843595563e+00
7.260000000169089844e+02 2.186581302083355105e+00
7.265000000169410441e+02 2.397713601384564797e+00
7.270000000169731038e+02 2.347149594140485185e+00
7.275000000170050498e+02 2.422326895460191754e+00
7.280000000170371095e+02 2.454686001725041145e+00
7.285000000170691692e+02 2.368737695350175532e+00
7.290000000171012289e+02 2.268920978856959092e+00
7.295000000171331749e+02 2.277802456128868780e+00
7.300000000171652346e+02 2.211760687941557002e+00
7.305000000171972943e+02 2.164556118062622936e+00
7.310000000172293539e+02 2.234803166245072692e+00
7.315000000172612999e+02 2.278331863037586835e+00
7.320000000172933596e+02 2.292013440124821777e+00
7.325000000173254193e+02 2.294021990023527025e+00
7.330000000173574790e+02 2.390246759131101406e+00
7.335000000173894250e+02 2.303157832132002980e+00
7.340000000174214847e+02 2.320319087134766534e+00
7.345000000174535444e+02 2.432038328442012176e+00
7.350000000174856041e+02 2.070807626796495882e+00
7.355000000175176638e+02 2.259784996408764624e+00
7.360000000175496098e+02 2.175433403468113536e+00
7.365000000175816695e+02 2.175168718071658791e+00
7.370000000176137291e+02 2.159855799113904684e+00
7.375000000176457888e+02 2.330832735546039203e+00
7.380000000176777348e+02 2.212347806022370911e+00
7.385000000177097945e+02 2.106906089644626334e+00
7.390000000177418542e+02 2.328449327369337851e+00
7.395000000177739139e+02 2.210327330855800021e+00
7.400000000178058599e+02 2.487087221883439891e+00
7.405000000178379196e+02 2.296512286223770349e+00
7.410000000178699793e+02 2.313553938012568256e+00
7.415000000179020390e+02 2.353793766779940011e+00
7.420000000179339850e+02 2.313209378250815185e+00
7.425000000179660447e+02 2.356304855026527534e+00
7.430000000179981043e+02 2.264637031398601508e+00
7.435000000180301640e+02 2.270064568150110151e+00
7.440000000180622237e+02 2.188407673814743770e+00
7.445000000180941697e+02 2.136472969515840870e+00
7.450000000181262294e+02 2.190713128434265133e+00
7.455000000181582891e+02 2.131955631449076183e+00
7.460000000181903488e+02 2.500337982917316459e+00
7.465000000182222948e+02 2.305505146592019106e+00
7.470000000182543545e+02 2.269519648176020254e+00
7.475000000182864142e+02 2.455234604080835048e+00
7.480000000183184738e+02 2.064291502882658946e+00
7.485000000183504199e+02 2.109207054646577983e+00
7.490000000183824795e+02 2.340025424834588197e+00
7.495000000184145392e+02 2.305796618767476769e+00
7.500000000184465989e+02 2.476673533924149240e+00
7.505000000184785449e+02 2.353549564594338506e+00
7.510000000185106046e+02 2.423597596998865455e+00
7.515000000185426643e+02 2.255120759421697318e+00
7.520000000185747240e+02 2.188809826573585138e+00
7.525000000186067837e+02 2.331161934863869689e+00
7.530000000186387297e+02 2.340018507549990190e+00
7.535000000186707894e+02 2.306796613524784600e+00
7.540000000187028490e+02 2.306972331116167840e+00
7.545000000187349087e+02 2.279611367489652984e+00
7.550000000187668547e+02 2.311768629120925400e+00
7.555000000187989144e+02 2.247915786728098997e+00
7.560000000188309741e+02 2.073915966665710542e+00
7.565000000188630338e+02 2.245895937095933714e+00
7.570000000188949798e+02 2.202686584092886424e+00
7.575000000189270395e+02 2.069370651125635341e+00
7.580000000189590992e+02 2.085085792946515415e+00
7.585000000189911589e+02 2.238878682067572345e+00
7.590000000190231049e+02 2.074186361695977698e+00
7.595000000190551646e+02 2.198077505489095973e+00
7.600000000190872242e+02 2.200492305595990850e+00
7.605000000191192839e+02 2.152591492743136214e+00
7.610000000191512299e+02 2.244559360852560470e+00
7.615000000191832896e+02 2.165459360278749745e+00
7.620000000192153493e+02 2.293137471270447314e+00
7.625000000192474090e+02 2.358575229984592792e+00
7.630000000192794687e+02 2.269552977615209688e+00
7.635000000193114147e+02 2.447990375475543434e+00
7.640000000193434744e+02 2.320811991480827619e+00
7.645000000193755341e+02 2.383195755288388895e+00
7.650000000194075938e+02 2.427488748531762663e+00
7.655000000194395398e+02 2.407213037143259182e+00
7.660000000194715994e+02 2.338878108466945882e+00
7.665000000195036591e+02 2.359261761881265684e+00
7.670000000195357188e+02 2.280728143926583851e+00
7.675000000195676648e+02 2.282165634757601591e+00
7.680000000195997245e+02 2.141698373132943090e+00
7.685000000196317842e+02 2.349668898989147436e+00
7.690000000196638439e+02 2.127665024788322423e+00
7.695000000196957899e+02 2.327176616155992583e+00
7.700000000197278496e+02 2.291957900752469524e+00
7.705000000197599093e+02 2.368821394094184019e+00
7.710000000197919690e+02 2.534210412913131538e+00
7.715000000198240286e+02 2.375574194970480502e+00
7.720000000198559746e+02 2.410871027697369051e+00
7.725000000198880343e+02 2.160285038951378134e+00
7.730000000199200940e+02 2.053458880710179457e+00
7.735000000199521537e+02 2.352950694190427683e+00
7.740000000199840997e+02 2.163600261225864241e+00
7.745000000200161594e+02 2.199050344181119332e+00
7.750000000200482191e+02 2.361931028920561282e+00
7.755000000200802788e+02 2.378237096729304056e+00
7.760000000201122248e+02 2.226857224710106387e+00
7.765000000201442845e+02 2.305956712875416592e+00
7.770000000201763442e+02 2.192052408756488990e+00
7.775000000202084038e+02 2.257114288890581300e+00
7.780000000202403498e+02 2.132870624210023269e+00
7.785000000202724095e+02 2.153682044210807778e+00
7.790000000203044692e+02 2.245592204026677585e+00
7.795000000203365289e+02 2.241166176662982235e+00
7.800000000203685886e+02 2.427946848338190300e+00
7.805000000204005346e+02 2.537587595359291903e+00
7.810000000204325943e+02 2.216275689536561178e+00
7.815000000204646540e+02 2.297725600915368371e+00
7.820000000204967137e+02 2.381847794887822278e+00
7.825000000205286597e+02 2.388333005307785140e+00
7.830000000205607193e+02 2.386197243294669867e+00
7.835000000205927790e+02 2.321860030891219839e+00
7.840000000206248387e+02 2.477982691970593621e+00
7.845000000206567847e+02 2.198191566882074621e+00
7.850000000206888444e+02 2.120116822758418618e+00
7.855000000207209041e+02 2.376569075054298708e+00
7.860000000207529638e+02 2.344906793089070796e+00
7.865000000207849098e+02 2.399295856602315702e+00
7.870000000208169695e+02 2.255973466852736475e+00
7.875000000208490292e+02 2.002441475235342327e+00
7.880000000208810889e+02 2.282835511575605825e+00
7.885000000209131485e+02 2.412748467424948196e+00
7.890000000209450945e+02 2.522779391396074988e+00
7.895000000209771542e+02 2.357237577694322184e+00
7.900000000210092139e+02 2.341519518886540752e+00
7.905000000210412736e+02 2.309998640311606177e+00
7.910000000210732196e+02 2.155453272305543511e+00
7.915000000211052793e+02 2.086092159785522426e+00
7.920000000211373390e+02 2.143441310583137582e+00
7.925000000211693987e+02 2.169873302443879659e+00
7.930000000212013447e+02 2.219929600066824271e+00
7.935000000212334044e+02 2.458341534829359798e+00
7.940000000212654641e+02 2.224276215803096424e+00
7.945000000212975237e+02 2.356620186907238956e+00
7.950000000213294697e+02 2.340390513342916368e+00
7.955000000213615294e+02 2.194228496122422545e+00
7.960000000213935891e+02 2.267151950692792184e+00
7.965000000214256488e+02 2.196510781166624238e+00
7.970000000214577085e+02 2.383190521258226280e+00
7.975000000214896545e+02 2.304078642105922281e+00
7.980000000215217142e+02 2.039935359225741429e+00
7.985000000215537739e+02 2.229270581250517136e+00
7.990000000215858336e+02 2.386755148905744583e+00
7.995000000216177796e+02 2.312708923326992849e+00
8.000000000216498393e+02 2.559395613667377667e+00
8.005000000216818989e+02 2.345758482970298431e+00
8.010000000217139586e+02 1.950309350872099223e+00
8.015000000217459046e+02 2.132425358618883493e+00
8.020000000217779643e+02 2.004275917332424939e+00
8.025000000218100240e+02 2.193467375816526399e+00
8.030000000218420837e+02 2.214086183596390089e+00
8.035000000218740297e+02 2.218277219815825152e+00
8.040000000219060894e+02 2.132557749921786705e+00
8.045000000219381491e+02 2.182286536527841214e+00
8.050000000219702088e+02 2.274627223272643217e+00
8.055000000220021548e+02 2.405417044565926421e+00
8.060000000220342145e+02 2.369171948559060326e+00
8.065000000220662741e+02 2.307610633314208126e+00
8.070000000220983338e+02 2.166014226358584427e+00
8.075000000221303935e+02 2.076074650101122021e+00
8.080000000221623395e+02 2.226386440492473362e+00
8.085000000221943992e+02 2.330264538469624114e+00
8.090000000222264589e+02 2.424447061401157288e+00
8.095000000222585186e+02 2.462345134114168221e+00
8.100000000222904646e+02 2.276461216072618310e+00
8.105000000223225243e+02 2.137434748379844596e+00
8.110000000223545840e+02 2.062060300754769315e+00
8.115000000223866436e+02 2.152783018593019460e+00
8.120000000224185897e+02 1.965352683321568206e+00
8.125000000224506493e+02 2.018988485674922728e+00
8.130000000224827090e+02 2.085914217551987360e+00
8.135000000225147687e+02 2.296624131081595355e+00
8.140000000225467147e+02 2.217457398020007187e+00
8.145000000225787744e+02 2.520753396469565644e+00
8.150000000226108341e+02 2.253465308510354870e+00
8.155000000226428938e+02 2.320979031536591908e+00
8.160000000226749535e+02 2.079861758353902079e+00
8.165000000227068995e+02 1.930584941219410489e+00
8.170000000227389592e+02 2.060677116245369422e+00
8.175000000227710188e+02 2.200602173884747881e+00
8.180000000228030785e+02 2.164003288630683475e+00
8.185000000228350245e+02 2.243637146356146861e+00
8.190000000228670842e+02 2.136515760414185561e+00
8.195000000228991439e+02 2.213041673829156064e+00
8.200000000229312036e+02 2.272216391846821892e+00
8.205000000229631496e+02 2.180475879861560440e+00
8.210000000229952093e+02 2.396303093202534207e+00
8.215000000230272690e+02 2.105017143956064984e+00
8.220000000230593287e+02 2.156202279798110411e+00
8.225000000230912747e+02 2.416823679450714302e+00
8.230000000231233344e+02 2.400449163189220858e+00
8.235000000231553940e+02 2.216593489131933215e+00
8.240000000231874537e+02 2.261274595959843481e+00
8.245000000232195134e+02 2.418085817251627301e+00
8.250000000232514594e+02 2.200461036958893946e+00
8.255000000232835191e+02 2.285061202593559937e+00
8.260000000233155788e+02 2.151472468430072116e+00
8.265000000233476385e+02 2.304815631096807760e+00
8.270000000233795845e+02 2.388947649388005967e+00
8.275000000234116442e+02 2.172622336028084966e+00
8.280000000234437039e+02 2.071153061625885528e+00
8.285000000234757636e+02 2.309693448916421588e+00
8.290000000235077096e+02 2.450929056051627697e+00
8.295000000235397692e+02 2.468144091132113527e+00
8.300000000235718289e+02 2.239890117443410933e+00
8.305000000236038886e+02 2.510165427952740558e+00
8.310000000236358346e+02 2.448450011034716933e+00
8.315000000236678943e+02 2.376589428541443283e+00
8.320000000236999540e+02 2.337527322777901428e+00
8.325000000237320137e+02 2.228191711181827017e+00
8.330000000237640734e+02 2.202573236616115260e+00
8.335000000237960194e+02 2.293857970695768245e+00
8.340000000238280791e+02 2.394314040569522017e+00
8.345000000238601388e+02 2.273713450257977886e+00
8.350000000238921984e+02 2.275902920798584361e+00
8.355000000239241444e+02 2.344938866384785658e+00
8.360000000239562041e+02 2.255634280097142508e+00
8.365000000239882638e+02 2.413718938736191699e+00
8.370000000240203235e+02 2.312645521428157824e+00
8.375000000240522695e+02 2.490063831785842563e+00
8.380000000240843292e+02 2.202938038619192795e+00
8.385000000241163889e+02 2.330857288348056056e+00
8.390000000241484486e+02 2.387772325085739666e+00
8.395000000241803946e+02 2.075027410978365072e+00
8.400000000242124543e+02 2.404844359045266611e+00
8.405000000242445140e+02 2.218411645129939824e+00
8.410000000242765736e+02 2.324627820895621255e+00
8.415000000243086333e+02 2.261077144243107462e+00
8.420000000243405793e+02 2.154251924038820931e+00
8.425000000243726390e+02 2.302318909986728723e+00
8.430000000244046987e+02 2.456812644710786753e+00
8.435000000244367584e+02 2.465296264954395244e+00
8.440000000244687044e+02 2.322738580641650508e+00
8.445000000245007641e+02 2.301457473772844153e+00
8.450000000245328238e+02 2.372079934682552960e+00
8.455000000245648835e+02 2.244398684384494302e+00
8.460000000245968295e+02 2.199091455928657179e+00
8.465000000246288892e+02 2.076881010178909026e+00
8.470000000246609488e+02 2.344627000147164964e+00
8.475000000246930085e+02 2.194358361865355267e+00
8.480000000247249545e+02 2.422256896145539962e+00
8.485000000247570142e+02 2.258715637848041968e+00
8.490000000247890739e+02 2.316455750653513057e+00
8.495000000248211336e+02 2.433931610412821023e+00
8.500000000248530796e+02 2.419209756919357357e+00
8.505000000248851393e+02 2.330183381271899279e+00
8.510000000249171990e+02 2.196712875305224077e+00
8.515000000249492587e+02 2.218563988202338244e+00
8.520000000249813183e+02 2.333448574914663176e+00
8.525000000250132643e+02 2.174364362374342718e+00
8.530000000250453240e+02 2.346008262923496623e+00
8.535000000250773837e+02 2.439525078813613579e+00
8.540000000251094434e+02 2.412515255246206358e+00
8.545000000251413894e+02 2.311667024229620893e+00
8.550000000251734491e+02 2.406886523542111966e+00
8.555000000252055088e+02 2.177071415085437778e+00
8.560000000252375685e+02 2.109885348531431060e+00
8.565000000252695145e+02 2.339693402923158416e+00
8.570000000253015742e+02 2.333810904238037942e+00
8.575000000253336339e+02 2.398325085860403494e+00
8.580000000253656935e+02 2.402494659801678978e+00
8.585000000253976395e+02 2.347071800812539522e+00
8.590000000254296992e+02 2.259389660130904698e+00
8.595000000254617589e+02 2.189903140539937620e+00
8.600000000254938186e+02 2.263851696434075134e+00
8.605000000255258783e+02 2.567931011267911234e+00
8.610000000255578243e+02 2.547854168239861661e+00
8.615000000255898840e+02 2.234981454826890701e+00
8.620000000256219437e+02 2.289972193343234874e+00
8.625000000256540034e+02 2.224207480933838355e+00
8.630000000256859494e+02 2.207928309137117573e+00
8.635000000257180091e+02 2.172161984500511345e+00
8.640000000257500687e+02 2.381242326053169212e+00
8.645000000257821284e+02 2.057099434359666024e+00
8.650000000258140744e+02 2.375156277854260978e+00
8.655000000258461341e+02 2.548821614822530890e+00
8.660000000258781938e+02 2.519047029345238720e+00
8.665000000259102535e+02 2.312026296167176920e+00
8.670000000259421995e+02 2.301387296548693673e+00
8.675000000259742592e+02 1.922090556342580303e+00
8.680000000260063189e+02 2.274908060455770986e+00
8.685000000260383786e+02 2.490587425142900990e+00
8.690000000260704383e+02 2.312227835978581503e+00
8.695000000261023843e+02 2.329181123685572619e+00
8.700000000261344439e+02 2.355832683796998950e+00
8.705000000261665036e+02 2.168271026890278286e+00
8.710000000261985633e+02 2.294797919697324495e+00
8.715000000262305093e+02 2.199578991301690767e+00
8.720000000262625690e+02 2.151899630779404937e+00
8.725000000262946287e+02 2.354444970129152992e+00
8.730000000263266884e+02 2.356757942151117113e+00
8.735000000263586344e+02 2.334849013482859892e+00
8.740000000263906941e+02 2.354228749459142289e+00
8.745000000264227538e+02 2.164900363375058312e+00
8.750000000264548135e+02 2.234039002084660552e+00
8.755000000264867595e+02 2.369244147423339886e+00
8.760000000265188191e+02 2.284172526831801164e+00
8.765000000265508788e+02 2.458939374545929812e+00
8.770000000265829385e+02 2.189063119789814049e+00
8.775000000266149982e+02 2.224216905899123908e+00
8.780000000266469442e+02 2.134412668481273201e+00
8.785000000266790039e+02 2.140089594828887165e+00
8.790000000267110636e+02 2.124686542452515425e+00
8.795000000267431233e+02 2.317651544586415646e+00
8.800000000267750693e+02 2.251290036902425129e+00
8.805000000268071290e+02 2.265952247525344188e+00
8.810000000268391886e+02 2.327049196479257009e+00
8.815000000268712483e+02 2.286162037363498545e+00
8.820000000269031943e+02 2.295241845628961386e+00
8.825000000269352540e+02 2.257812705383429819e+00
8.830000000269673137e+02 2.189699757045301620e+00
8.835000000269993734e+02 2.232626552511515872e+00
8.840000000270313194e+02 2.092332923133404243e+00
8.845000000270633791e+02 2.434122659509662778e+00
8.850000000270954388e+02 2.233630826367941413e+00
8.855000000271274985e+02 2.181717113010019471e+00
8.860000000271595582e+02 2.054799555247486254e+00
8.865000000271915042e+02 2.247038730102057347e+00
8.870000000272235638e+02 2.289014479877485631e+00
8.875000000272556235e+02 2.147705250444631453e+00
8.880000000272876832e+02 2.279595919772691826e+00
8.885000000273196292e+02 2.249116727729043141e+00
8.890000000273516889e+02 2.309745439230223241e+00
8.895000000273837486e+02 2.035781560710408389e+00
8.900000000274158083e+02 2.330196046900401718e+00
8.905000000274477543e+02 2.345588755432996386e+00
8.910000000274798140e+02 2.312744994913007446e+00
8.915000000275118737e+02 2.397519137500415454e+00
8.920000000275439334e+02 2.632760208315271910e+00
8.925000000275758794e+02 2.313558394813111985e+00
8.930000000276079390e+02 2.332801796718133591e+00
8.935000000276399987e+02 2.191030035038657786e+00
8.940000000276720584e+02 2.170026486566881019e+00
8.945000000277040044e+02 2.244339806464398457e+00
8.950000000277360641e+02 2.369907597562531443e+00
8.955000000277681238e+02 2.225792019355496087e+00
8.960000000278001835e+02 1.975371150729166692e+00
8.965000000278322432e+02 2.282097977055657090e+00
8.970000000278641892e+02 2.048402598705590716e+00
8.975000000278962489e+02 2.442561085474090454e+00
8.980000000279283086e+02 2.187250417248563839e+00
8.985000000279603682e+02 2.315365011500058134e+00
8.990000000279923142e+02 2.113885151891490732e+00
8.995000000280243739e+02 2.121970365993338437e+00
9.000000000280564336e+02 2.234981952337258271e+00
9.005000000280884933e+02 2.205128801061810417e+00
9.010000000281204393e+02 2.140213013902761752e+00
9.015000000281524990e+02 2.231412274846146904e+00
9.020000000281845587e+02 2.251702306005206378e+00
9.025000000282166184e+02 2.337237090200133149e+00
9.030000000282485644e+02 2.452366639735906073e+00
9.035000000282806241e+02 2.394848821088875201e+00
9.040000000283126838e+02 2.329020289077043504e+00
9.045000000283447434e+02 2.329100125486192052e+00
9.050000000283768031e+02 2.234020455290982365e+00
9.055000000284087491e+02 2.328860121393967031e+00
9.060000000284408088e+02 2.300297373826925451e+00
9.065000000284728685e+02 2.281861840951228348e+00
9.070000000285049282e+02 2.182405300996996811e+00
9.075000000285368742e+02 2.143744601123044546e+00
9.080000000285689339e+02 2.242164585046250824e+00
9.085000000286009936e+02 2.324258113663685954e+00
9.090000000286330533e+02 2.278337719315797205e+00
9.095000000286649993e+02 2.437920791755979533e+00
9.100000000286970590e+02 2.449465509108983419e+00
9.105000000287291186e+02 2.450801214955868446e+00
9.110000000287611783e+02 2.159281189874237672e+00
9.115000000287931243e+02 2.284916638274919087e+00
9.120000000288251840e+02 2.377924372832433075e+00
9.125000000288572437e+02 2.272328775586626826e+00
9.130000000288893034e+02 2.305861103033391313e+00
9.135000000289213631e+02 2.543544523459555950e+00
9.140000000289533091e+02 2.264483730835314290e+00
9.145000000289853688e+02 2.321753001356742008e+00
9.150000000290174285e+02 2.036110115894012473e+00
9.155000000290494881e+02 2.149907601911562605e+00
9.160000000290814341e+02 2.106230334162087825e+00
9.165000000291134938e+02 1.960789929723872893e+00
9.170000000291455535e+02 1.976491776468266126e+00
9.175000000291776132e+02 2.186059933759743945e+00
9.180000000292095592e+02 2.345761249769326540e+00
9.185000000292416189e+02 2.421841577717606775e+00
9.190000000292736786e+02 2.323481103714406526e+00
9.195000000293057383e+02 2.270548603347940730e+00
9.200000000293376843e+02 2.243412301934175623e+00
9.205000000293697440e+02 2.143021203642927031e+00
9.210000000294018037e+02 2.230530944293314111e+00
9.215000000294338633e+02 2.052505223972452164e+00
9.220000000294659230e+02 2.077516230950075204e+00
9.225000000294978690e+02 2.193356681109162487e+00
9.230000000295299287e+02 2.357729498511667909e+00
9.235000000295619884e+02 2.317039554758618003e+00
9.240000000295940481e+02 2.129293802289261794e+00
9.245000000296259941e+02 2.127559353639785655e+00
9.250000000296580538e+02 2.180087036946260159e+00
9.255000000296901135e+02 2.131353750112221945e+00
9.260000000297221732e+02 2.080008266537092698e+00
9.265000000297541192e+02 1.775681657821854609e+00
9.270000000297861789e+02 2.079289673951716821e+00
9.275000000298182385e+02 2.202300453553231563e+00
9.280000000298502982e+02 2.205609138565288507e+00
9.285000000298822442e+02 2.298061359801544690e+00
9.290000000299143039e+02 2.089832743594817188e+00
9.295000000299463636e+02 2.186719636891873098e+00
9.300000000299784233e+02 2.356557975134927041e+00
9.305000000300104830e+02 2.044053268592517458e+00
9.310000000300424290e+02 2.472011657590120315e+00
9.315000000300744887e+02 2.223594943845501160e+00
9.320000000301065484e+02 2.137018757731224294e+00
9.325000000301386081e+02 2.193686510948906765e+00
9.330000000301705541e+02 2.126157845763745780e+00
9.335000000302026137e+02 2.129397786342014154e+00
9.340000000302346734e+02 2.255658191935607793e+00
9.345000000302667331e+02 2.152989331425954500e+00
9.350000000302986791e+02 2.106426882478875218e+00
9.355000000303307388e+02 2.149924372531178296e+00
9.360000000303627985e+02 2.217506538432826080e+00
9.365000000303948582e+02 2.134431017124744034e+00
9.370000000304268042e+02 2.310218752501876249e+00
9.375000000304588639e+02 2.186602727778396371e+00
9.380000000304909236e+02 2.307517431681163522e+00
9.385000000305229833e+02 2.506817655587052940e+00
9.390000000305549293e+02 2.446204627882325955e+00
9.395000000305869889e+02 2.338676956824123465e+00
9.400000000306190486e+02 2.204090576010111935e+00
9.405000000306511083e+02 2.454659678240474818e+00
9.410000000306831680e+02 2.131537683097964209e+00
9.415000000307151140e+02 2.044559574255714995e+00
9.420000000307471737e+02 2.265860745852285252e+00
9.425000000307792334e+02 2.297715889571041004e+00
9.430000000308112931e+02 2.354430836548615069e+00
9.435000000308432391e+02 2.060423657688008614e+00
9.440000000308752988e+02 2.121950289823759661e+00
9.445000000309073585e+02 2.275884236247265768e+00
9.450000000309394181e+02 2.150978907919985250e+00
9.455000000309713641e+02 2.331239362880164201e+00
9.460000000310034238e+02 2.286127534937633765e+00
9.465000000310354835e+02 2.226467473741865266e+00
9.470000000310675432e+02 2.195177470543535847e+00
9.475000000310994892e+02 2.077167786671608507e+00
9.480000000311315489e+02 2.064519829521019645e+00
9.485000000311636086e+02 1.829008362943322696e+00
9.490000000311956683e+02 2.329329017186340778e+00
9.495000000312277280e+02 2.234423950203276110e+00
9.500000000312596740e+02 2.221989665835814698e+00
9.505000000312917336e+02 2.161209455534504720e+00
9.510000000313237933e+02 2.245244908526261796e+00
9.515000000313558530e+02 2.291386759297078690e+00
9.520000000313877990e+02 2.489092316497774959e+00
9.525000000314198587e+02 2.354812048843830219e+00
9.530000000314519184e+02 2.434558793017465472e+00
9.535000000314839781e+02 2.477055956038411111e+00
9.540000000315159241e+02 2.342717404004499571e+00
9.545000000315479838e+02 1.991244090228316610e+00
9.550000000315800435e+02 2.157930371833275185e+00
9.555000000316121032e+02 2.340562721148692127e+00
9.560000000316440492e+02 2.228775098432792756e+00
9.565000000316761088e+02 2.414269292094076924e+00
9.570000000317081685e+02 2.378024296172905228e+00
9.575000000317402282e+02 2.476630631398661020e+00
9.580000000317722879e+02 2.169161913617616566e+00
9.585000000318042339e+02 2.208216751343928141e+00
9.590000000318362936e+02 2.317596285557899982e+00
9.595000000318683533e+02 2.273816189931698872e+00
9.600000000319004130e+02 2.236481576067844035e+00
9.605000000319323590e+02 2.232698300422960358e+00
9.610000000319644187e+02 2.301339533378369051e+00
9.615000000319964784e+02 2.165753096148722801e+00
9.620000000320285380e+02 2.204408424698909741e+00
9.625000000320604840e+02 1.932852176835176516e+00
9.630000000320925437e+02 2.235322338419890364e+00
9.635000000321246034e+02 2.408334876588441809e+00
9.640000000321566631e+02 2.275891568298674894e+00
9.645000000321886091e+02 2.361103707766194493e+00
9.650000000322206688e+02 2.465591478650191348e+00
9.655000000322527285e+02 2.340508793688317546e+00
9.660000000322847882e+02 2.338617303739520370e+00
9.665000000323168479e+02 2.349755598995898254e+00
9.670000000323487939e+02 2.247696879870863640e+00
9.675000000323808536e+02 2.337182485682102406e+00
9.680000000324129132e+02 2.315324587069124362e+00
9.685000000324449729e+02 2.085293542001942502e+00
9.690000000324769189e+02 2.204559777664434339e+00
9.695000000325089786e+02 2.027902564206165881e+00
9.700000000325410383e+02 2.196246140845124817e+00
9.705000000325730980e+02 2.197145079530383960e+00
9.710000000326050440e+02 2.193419021619874343e+00
9.715000000326371037e+02 2.278694097001544350e+00
9.720000000326691634e+02 2.205527468096830646e+00
9.725000000327012231e+02 2.265748379933596901e+00
9.730000000327331691e+02 2.375373501632070727e+00
9.735000000327652288e+02 2.285527241577388402e+00
9.740000000327972884e+02 2.233543622607499834e+00
9.745000000328293481e+02 2.265211092351993916e+00
9.750000000328614078e+02 2.064601022281517206e+00
9.755000000328933538e+02 2.134867219325139676e+00
9.760000000329254135e+02 2.332356374060161830e+00
9.765000000329574732e+02 2.162833582024678236e+00
9.770000000329895329e+02 2.256114402893691473e+00
9.775000000330214789e+02 2.310155443967864652e+00
9.780000000330535386e+02 2.440808012139144889e+00
9.785000000330855983e+02 2.429655384022821885e+00
9.790000000331176579e+02 2.267271282666762922e+00
9.795000000331496040e+02 2.261028874028027769e+00
9.800000000331816636e+02 2.498741290675878357e+00
9.805000000332137233e+02 2.404105063023423750e+00
9.810000000332457830e+02 2.368496752603038047e+00
9.815000000332777290e+02 2.273052835324155030e+00
9.820000000333097887e+02 2.147683433138693143e+00
9.825000000333418484e+02 2.036715422294083755e+00
9.830000000333739081e+02 2.029657674355379804e+00
9.835000000334058541e+02 2.259706716278960581e+00
9.840000000334379138e+02 2.154284987741992285e+00
9.845000000334699735e+02 2.258319945960086006e+00
9.850000000335020331e+02 2.253926662838541706e+00
9.855000000335340928e+02 2.086815363557632974e+00
9.860000000335660388e+02 2.171231423800848770e+00
9.865000000335980985e+02 2.070566994156487262e+00
9.870000000336301582e+02 2.174450478562298894e+00
9.875000000336622179e+02 2.479848804284142449e+00
9.880000000336941639e+02 2.316351513816743868e+00
9.885000000337262236e+02 2.157298602450282932e+00
9.890000000337582833e+02 2.177455465091326481e+00
9.895000000337903430e+02 2.085969312763422678e+00
9.900000000338222890e+02 2.169334164822978472e+00
9.905000000338543487e+02 2.378142203851933978e+00
9.910000000338864083e+02 2.307400402187575139e+00
9.915000000339184680e+02 2.114157663054157865e+00
9.920000000339504140e+02 2.300250167559897641e+00
9.925000000339824737e+02 2.286403856045067684e+00
9.930000000340145334e+02 2.169480605125207351e+00
9.935000000340465931e+02 2.128306660316217069e+00
9.940000000340786528e+02 2.073812840416798586e+00
9.945000000341105988e+02 2.408700727170069555e+00
9.950000000341426585e+02 2.435372602663877561e+00
9.955000000341747182e+02 2.422171115534659247e+00
9.960000000342067779e+02 2.341567050977940045e+00
9.965000000342387239e+02 2.265624482535957274e+00
9.970000000342707835e+02 1.986321446860224604e+00
9.975000000343028432e+02 2.111128531909905792e+00
9.980000000343349029e+02 2.342002524314267919e+00
9.985000000343668489e+02 2.431783803767427976e+00
9.990000000343989086e+02 2.567847762550016455e+00
9.995000000344309683e+02 2.188535902185656301e+00
1.000000000034463028e+03 2.170711126571744032e+00
