# Time (ps)	CV (angstrom)
9.999999999975766229e+01 3.461799914929363009e+00
1.004999999997559001e+02 3.117107958742064255e+00
1.009999999997541380e+02 3.216558097327799626e+00
1.014999999997533990e+02 3.351651014185322186e+00
1.019999999997629061e+02 3.245533438646551527e+00
1.024999999997724132e+02 3.458391010270994048e+00
1.029999999997819060e+02 3.284572834143213438e+00
1.034999999997914131e+02 3.316667999194320426e+00
1.039999999998009201e+02 3.456386397028158530e+00
1.044999999998104272e+02 3.455076796287643415e+00
1.049999999998199343e+02 3.251938243535422934e+00
1.054999999998294413e+02 3.344960130775481044e+00
1.059999999998389484e+02 3.566752597909690792e+00
1.064999999998484554e+02 3.612901374962665724e+00
1.069999999998579483e+02 2.837709407335109013e+00
1.074999999998674554e+02 3.311621872199797423e+00
1.079999999998769624e+02 3.658275236514572537e+00
1.084999999998864695e+02 3.133470944175262840e+00
1.089999999998959765e+02 3.604882719510640765e+00
1.094999999999054836e+02 3.392402845321259797e+00
1.099999999999149907e+02 3.062463478253846016e+00
1.104999999999244977e+02 3.555959642152059175e+00
1.109999999999339906e+02 3.461910247468191759e+00
1.114999999999434976e+02 3.206272040673834312e+00
1.119999999999530047e+02 3.321506102689566919e+00
1.124999999999625118e+02 3.199747068972090158e+00
1.129999999999720188e+02 3.226913243570217915e+00
1.134999999999815259e+02 3.483365318965908397e+00
1.139999999999910330e+02 3.129552602091937530e+00
1.145000000000005400e+02 3.219398241231026692e+00
1.150000000000100329e+02 3.128125841885248004e+00
1.155000000000195399e+02 3.311620727596717106e+00
1.160000000000290470e+02 3.617598590151421600e+00
1.165000000000385540e+02 3.142905205095949839e+00
1.170000000000480611e+02 3.295635922472482715e+00
1.175000000000575682e+02 3.157865867272460658e+00
1.180000000000670752e+02 3.554665210308258327e+00
1.185000000000765823e+02 3.408788423101971166e+00
1.190000000000860751e+02 3.075769943573235299e+00
1.195000000000955822e+02 3.051397371202191788e+00
1.200000000001050893e+02 3.173205166148451273e+00
1.205000000001145963e+02 3.473452302288015048e+00
1.210000000001241034e+02 2.885432398354438988e+00
1.215000000001336105e+02 3.339461925817745591e+00
1.220000000001431175e+02 3.557457533104949388e+00
1.225000000001526246e+02 3.086822014980620477e+00
1.230000000001621174e+02 3.326517805634054525e+00
1.235000000001716245e+02 3.408739860208807482e+00
1.240000000001811316e+02 3.070871582135035638e+00
1.245000000001906386e+02 3.223365611436209033e+00
1.250000000002001457e+02 3.409685727976679459e+00
1.255000000002096527e+02 3.083035243349654841e+00
1.260000000002191598e+02 3.165328064868841107e+00
1.265000000002286527e+02 3.544147949575807033e+00
1.270000000002381597e+02 3.167194362315840284e+00
1.275000000002476668e+02 3.181193141622906673e+00
1.280000000002571880e+02 3.479125384527409270e+00
1.285000000002666809e+02 3.626176837971488709e+00
1.290000000002761738e+02 3.417871929685519117e+00
1.295000000002856950e+02 3.240057255303154360e+00
1.300000000002951879e+02 3.191041780465031508e+00
1.305000000003047091e+02 3.427983725494215594e+00
1.310000000003142020e+02 3.045660355978795586e+00
1.315000000003237233e+02 3.569015450116898691e+00
1.320000000003332161e+02 3.350748541825690374e+00
1.325000000003427090e+02 3.362693989285827190e+00
1.330000000003522302e+02 3.305882351714286127e+00
1.335000000003617231e+02 3.573807945198213432e+00
1.340000000003712444e+02 3.213788550289576662e+00
1.345000000003807372e+02 3.249438536306954006e+00
1.350000000003902585e+02 3.615898576377186036e+00
1.355000000003997513e+02 3.209717008510665881e+00
1.360000000004092726e+02 3.338162329980657095e+00
1.365000000004187655e+02 3.175522131008990279e+00
1.370000000004282583e+02 3.675756003286989593e+00
1.375000000004377796e+02 3.304576812548929876e+00
1.380000000004472724e+02 3.273487576475409000e+00
1.385000000004567937e+02 3.038522711055931413e+00
1.390000000004662866e+02 3.333586694599912637e+00
1.395000000004758078e+02 3.361262216971964811e+00
1.400000000004853007e+02 3.200116885811809198e+00
1.405000000004947935e+02 3.190301683279761935e+00
1.410000000005043148e+02 3.183764957893992165e+00
1.415000000005138077e+02 3.598738186144178286e+00
1.420000000005233289e+02 3.324425183771091863e+00
1.425000000005328218e+02 3.061975573845482579e+00
1.430000000005423431e+02 3.305008872298478284e+00
1.435000000005518359e+02 3.212386806159311714e+00
1.440000000005613572e+02 3.350549422208973560e+00
1.445000000005708500e+02 3.170017411488094350e+00
1.450000000005803429e+02 3.301884637428999625e+00
1.455000000005898642e+02 3.258618169139361420e+00
1.460000000005993570e+02 3.540901169962705985e+00
1.465000000006088783e+02 3.360675821866913715e+00
1.470000000006183711e+02 3.061488451305988345e+00
1.475000000006278924e+02 3.096688070098265744e+00
1.480000000006373853e+02 3.307034712201255111e+00
1.485000000006468781e+02 3.038016003897097139e+00
1.490000000006563994e+02 3.269665313818971075e+00
1.495000000006658922e+02 3.048296853475047641e+00
1.500000000006754135e+02 3.502911471863405346e+00
1.505000000006849064e+02 3.301547997306779170e+00
1.510000000006944276e+02 3.234004392537489281e+00
1.515000000007039205e+02 3.177548629522507273e+00
1.520000000007134133e+02 3.410210826142936913e+00
1.525000000007229346e+02 3.269219891051728055e+00
1.530000000007324275e+02 3.008460296903003428e+00
1.535000000007419487e+02 3.599602751179128202e+00
1.540000000007514416e+02 3.424785112072689763e+00
1.545000000007609628e+02 3.066479908024005496e+00
1.550000000007704557e+02 3.286456169531154270e+00
1.555000000007799770e+02 3.278251122344873814e+00
1.560000000007894698e+02 3.461731656605563590e+00
1.565000000007989627e+02 3.375090367187903340e+00
1.570000000008084839e+02 3.181680408116394965e+00
1.575000000008179768e+02 3.593450151120456848e+00
1.580000000008274981e+02 3.272426790097710647e+00
1.585000000008369909e+02 2.956120632821394256e+00
1.590000000008465122e+02 3.441668778142804364e+00
1.595000000008560050e+02 3.235335317027145940e+00
1.600000000008654979e+02 3.296621675600065693e+00
1.605000000008750192e+02 3.341487160263086675e+00
1.610000000008845120e+02 3.256585544991176029e+00
1.615000000008940333e+02 3.301979769122680874e+00
1.620000000009035261e+02 3.222690597038397886e+00
1.625000000009130474e+02 3.116668446334164067e+00
1.630000000009225403e+02 3.111864158280702952e+00
1.635000000009320615e+02 3.347422434511749145e+00
1.640000000009415544e+02 3.235746272138623869e+00
1.645000000009510472e+02 3.288253405126396078e+00
1.650000000009605685e+02 3.522030929508547015e+00
1.655000000009700614e+02 3.477197554811508606e+00
1.660000000009795826e+02 3.365295453078744448e+00
1.665000000009890755e+02 3.109077739429120690e+00
1.670000000009985968e+02 3.178381649450439550e+00
1.675000000010080896e+02 3.551738958671188051e+00
1.680000000010175825e+02 3.170982493232663568e+00
1.685000000010271037e+02 3.704733207743358125e+00
1.690000000010365966e+02 3.144134316455958533e+00
1.695000000010461179e+02 3.122692469474084742e+00
1.700000000010556107e+02 3.221104739452111065e+00
1.705000000010651320e+02 3.292149797115038190e+00
1.710000000010746248e+02 3.222958687289397162e+00
1.715000000010841177e+02 3.383682011820384528e+00
1.720000000010936390e+02 3.392208725562758431e+00
1.725000000011031318e+02 2.968677106515475561e+00
1.730000000011126531e+02 3.221734155553161116e+00
1.735000000011221459e+02 3.398465153118500837e+00
1.740000000011316672e+02 3.212769794848436611e+00
1.745000000011411601e+02 2.932379201077147890e+00
1.750000000011506813e+02 3.521435948517675829e+00
1.755000000011601742e+02 3.533391824889988264e+00
1.760000000011696670e+02 3.228983999758138435e+00
1.765000000011791883e+02 2.944218352933996030e+00
1.770000000011886812e+02 3.417054003821989205e+00
1.775000000011982024e+02 3.678189330247905175e+00
1.780000000012076953e+02 3.124158363509311087e+00
1.785000000012172165e+02 3.311995951936170801e+00
1.790000000012267094e+02 3.013102964591697130e+00
1.795000000012362023e+02 3.133214638383324147e+00
1.800000000012457235e+02 3.090197438332145108e+00
1.805000000012552164e+02 3.251422939503185727e+00
1.810000000012647376e+02 3.373654385984984572e+00
1.815000000012742305e+02 3.082299067897339651e+00
1.820000000012837518e+02 3.185883577788870991e+00
1.825000000012932446e+02 3.288249076789000469e+00
1.830000000013027659e+02 3.254263982632688013e+00
1.835000000013122587e+02 3.418518494967162091e+00
1.840000000013217516e+02 3.391151564010304487e+00
1.845000000013312729e+02 3.241018079471626123e+00
1.850000000013407657e+02 3.284621197993806252e+00
1.855000000013502870e+02 3.461078527837596841e+00
1.860000000013597798e+02 3.317138791428806854e+00
1.865000000013693011e+02 3.283969613600361992e+00
1.870000000013787940e+02 3.573868236163271650e+00
1.875000000013882868e+02 3.377735652619641371e+00
1.880000000013978081e+02 3.301550900249821119e+00
1.885000000014073009e+02 3.295902328260110981e+00
1.890000000014168222e+02 2.968471457530260871e+00
1.895000000014263151e+02 3.563414132796983047e+00
1.900000000014358363e+02 3.532145298955549961e+00
1.905000000014453292e+02 3.088866624586245724e+00
1.910000000014548220e+02 3.345410263619992275e+00
1.915000000014643433e+02 2.944417682934566738e+00
1.920000000014738362e+02 3.313583365850875762e+00
1.925000000014833574e+02 3.679358808428627725e+00
1.930000000014928503e+02 3.414905144973025664e+00
1.935000000015023716e+02 3.058380256427203125e+00
1.940000000015118644e+02 3.118593721743121883e+00
1.945000000015213857e+02 3.619721913684855519e+00
1.950000000015308785e+02 3.309282161200950423e+00
1.955000000015403714e+02 3.227628765003946132e+00
1.960000000015498927e+02 3.705832625377789569e+00
1.965000000015593855e+02 2.976675924216219737e+00
1.970000000015689068e+02 3.230050456258589442e+00
1.975000000015783996e+02 3.316326998462896913e+00
1.980000000015879209e+02 3.233554588422822285e+00
1.985000000015974138e+02 3.078405808607261651e+00
1.990000000016069066e+02 3.288569605449321198e+00
1.995000000016164279e+02 3.385304903602368576e+00
2.000000000016259207e+02 3.094656614936160288e+00
2.005000000016354420e+02 3.409725322988111706e+00
2.010000000016449349e+02 3.220171922465801639e+00
2.015000000016544561e+02 3.119080118952154201e+00
2.020000000016639490e+02 3.320235660618930051e+00
2.025000000016734703e+02 3.202076467044433272e+00
2.030000000016789556e+02 3.238188989558077768e+00
2.035000000016659385e+02 3.197702796304407791e+00
2.040000000016529214e+02 3.156529117587044020e+00
2.045000000016398758e+02 3.145424308428626414e+00
2.050000000016268586e+02 3.345143767973031590e+00
2.055000000016138415e+02 3.272838952393616108e+00
2.060000000016008244e+02 3.438807341077211088e+00
2.065000000015878072e+02 3.144746079711998821e+00
2.070000000015747617e+02 3.255966184871415869e+00
2.075000000015617445e+02 3.293352348560526277e+00
2.080000000015487274e+02 3.252659277082371236e+00
2.085000000015357102e+02 3.260514558093636328e+00
2.090000000015226931e+02 3.314591504537911959e+00
2.095000000015096475e+02 3.525584803656396371e+00
2.100000000014966304e+02 3.033090722529945715e+00
2.105000000014836132e+02 3.179045392706057793e+00
2.110000000014705961e+02 3.312062079467535725e+00
2.115000000014575789e+02 3.423911239300872378e+00
2.120000000014445618e+02 3.019374697656338480e+00
2.125000000014315162e+02 3.155425382897313114e+00
2.130000000014184991e+02 3.311072354796953832e+00
2.135000000014054820e+02 3.177956230680917482e+00
2.140000000013924648e+02 3.184188894533796610e+00
2.145000000013794477e+02 3.195885381895387845e+00
2.150000000013664021e+02 3.266909704075925625e+00
2.155000000013533850e+02 3.126630967951835149e+00
2.160000000013403678e+02 3.601138032301537617e+00
2.165000000013273507e+02 3.349880867794083894e+00
2.170000000013143335e+02 3.416077526066737757e+00
2.175000000013013164e+02 3.217695340603160314e+00
2.180000000012882708e+02 3.360868974219509475e+00
2.185000000012752537e+02 3.153326481997801967e+00
2.190000000012622365e+02 3.670897494819198581e+00
2.195000000012492194e+02 3.396267616759316876e+00
2.200000000012362023e+02 2.797380469763349531e+00
2.205000000012231567e+02 3.492551989965963166e+00
2.210000000012101395e+02 3.512846326143798770e+00
2.215000000011971224e+02 2.868432089140640517e+00
2.220000000011841053e+02 3.382275718531773556e+00
2.225000000011710881e+02 3.490762134899799030e+00
2.230000000011580710e+02 3.193734594531635995e+00
2.235000000011450254e+02 3.110661169728982323e+00
2.240000000011320083e+02 3.385300850630768021e+00
2.245000000011189911e+02 3.032889380010185931e+00
2.250000000011059740e+02 3.295635059689827173e+00
2.255000000010929568e+02 3.144080947507016610e+00
2.260000000010799113e+02 3.275459846042280354e+00
2.265000000010668941e+02 3.383286872647012000e+00
2.270000000010538770e+02 2.953865058887851447e+00
2.275000000010408598e+02 3.267527974594061302e+00
2.280000000010278427e+02 3.318270112200326860e+00
2.285000000010148256e+02 3.060260445230595483e+00
2.290000000010017800e+02 3.458654893669718344e+00
2.295000000009887628e+02 3.181698577648763404e+00
2.300000000009757457e+02 3.103614507350713758e+00
2.305000000009627286e+02 3.440710933695750651e+00
2.310000000009497114e+02 3.581039469506658079e+00
2.315000000009366659e+02 3.211077230700808638e+00
2.320000000009236487e+02 3.333261264401605306e+00
2.325000000009106316e+02 3.076163079228905861e+00
2.330000000008976144e+02 3.349736721803154182e+00
2.335000000008845973e+02 3.363041535555722383e+00
2.340000000008715517e+02 3.195029706881916898e+00
2.345000000008585346e+02 3.443094185650534378e+00
2.350000000008455174e+02 3.249626812871819759e+00
2.355000000008325003e+02 3.195944872874855403e+00
2.360000000008194831e+02 3.133223367575334706e+00
2.365000000008064660e+02 3.351699511948874388e+00
2.370000000007934204e+02 3.349632447358454890e+00
2.375000000007804033e+02 3.018753041926930170e+00
2.380000000007673862e+02 3.327778737700417544e+00
2.385000000007543690e+02 3.355284792808732597e+00
2.390000000007413519e+02 3.352149550476691164e+00
2.395000000007283063e+02 3.305072094101959568e+00
2.400000000007152892e+02 3.231090067356450657e+00
2.405000000007022720e+02 3.323112583253362118e+00
2.410000000006892549e+02 3.698783141649850670e+00
2.415000000006762377e+02 3.055644831152339869e+00
2.420000000006632206e+02 3.175807904384904123e+00
2.425000000006501750e+02 3.468970289818406716e+00
2.430000000006371579e+02 3.467054907062282254e+00
2.435000000006241407e+02 3.303291365306507910e+00
2.440000000006111236e+02 3.410128157527362536e+00
2.445000000005981065e+02 3.437423420018018927e+00
2.450000000005850609e+02 3.298795851267485535e+00
2.455000000005720437e+02 3.193960359595691134e+00
2.460000000005590266e+02 3.264680826374099620e+00
2.465000000005460095e+02 3.495444820279095755e+00
2.470000000005329923e+02 3.233987164754743127e+00
2.475000000005199752e+02 3.285440451060780198e+00
2.480000000005069296e+02 3.033859525035776716e+00
2.485000000004939125e+02 3.733030360408354120e+00
2.490000000004808953e+02 3.282467875569664351e+00
2.495000000004678782e+02 3.234400563902222636e+00
2.500000000004548610e+02 3.205685285415065700e+00
2.505000000004418155e+02 3.192117992852647301e+00
2.510000000004287983e+02 3.420106316630726617e+00
2.515000000004157812e+02 3.389285101068022055e+00
2.520000000004027640e+02 3.269255263162444969e+00
2.525000000003897469e+02 3.335416092187850623e+00
2.530000000003767013e+02 3.304366106535490566e+00
2.535000000003636842e+02 3.073415445721754402e+00
2.540000000003506671e+02 3.316939278592310192e+00
2.545000000003376499e+02 3.333343004754355743e+00
2.550000000003246328e+02 3.120648713016465070e+00
2.555000000003116156e+02 3.574891797745265887e+00
2.560000000002985985e+02 3.321224937551295664e+00
2.565000000002855813e+02 3.342135367153049152e+00
2.570000000002725642e+02 3.341668406141807157e+00
2.575000000002594902e+02 3.458507348917456259e+00
2.580000000002464731e+02 3.182268676049946787e+00
2.585000000002334559e+02 3.015537815963118540e+00
2.590000000002204388e+02 3.484800764058911149e+00
2.595000000002074216e+02 3.549652953851972548e+00
2.600000000001944045e+02 3.417936076258786038e+00
2.605000000001813873e+02 3.040824077099384404e+00
2.610000000001683702e+02 3.383885356617136075e+00
2.615000000001553531e+02 3.148096735118100842e+00
2.620000000001423359e+02 3.314569352677942060e+00
2.625000000001292619e+02 3.415339240931215326e+00
2.630000000001162448e+02 3.294169401271117792e+00
2.635000000001032276e+02 3.273413040641148797e+00
2.640000000000902105e+02 3.135322817513294780e+00
2.645000000000771934e+02 3.120594589734580815e+00
2.650000000000641762e+02 3.380503888014249725e+00
2.655000000000511591e+02 3.342003352895619006e+00
2.660000000000381419e+02 3.215550198305862306e+00
2.665000000000251248e+02 3.587159993872711006e+00
2.670000000000121076e+02 3.256158517532616870e+00
2.674999999999990905e+02 3.243250692947010183e+00
2.679999999999860165e+02 3.429466548217520394e+00
2.684999999999729994e+02 3.295389811694074300e+00
2.689999999999599822e+02 3.220580040188562698e+00
2.694999999999469651e+02 3.420415972744614841e+00
2.699999999999339479e+02 3.283093585352998556e+00
2.704999999999209308e+02 3.328013340290500999e+00
2.709999999999079137e+02 3.095933233254032579e+00
2.714999999998948965e+02 3.533043400038561543e+00
2.719999999998818794e+02 3.107991032596788994e+00
2.724999999998688622e+02 3.193050289893607729e+00
2.729999999998558451e+02 3.330040351643226426e+00
2.734999999998427711e+02 2.950194610222566460e+00
2.739999999998297540e+02 3.368524348051916917e+00
2.744999999998167368e+02 3.578835278590172919e+00
2.749999999998037197e+02 3.277637088347883587e+00
2.754999999997907025e+02 3.540458174626743393e+00
2.759999999997776854e+02 3.373661450662736261e+00
2.764999999997646682e+02 3.406700311926351254e+00
2.769999999997516511e+02 3.117478244869686499e+00
2.774999999997386340e+02 3.398675230085604682e+00
2.779999999997256168e+02 3.477483028554277045e+00
2.784999999997125997e+02 3.174164442266351305e+00
2.789999999996995257e+02 3.356701043331921319e+00
2.794999999996865085e+02 3.411258947389316010e+00
2.799999999996734914e+02 3.209438603377431587e+00
2.804999999996604743e+02 3.206059760377336421e+00
2.809999999996474571e+02 3.035736906931285173e+00
2.814999999996344400e+02 3.200678460419851934e+00
2.819999999996214228e+02 3.531194028242964134e+00
2.824999999996084057e+02 2.950242163669121176e+00
2.829999999995953885e+02 3.084087370258186134e+00
2.834999999995823714e+02 3.195624854736955456e+00
2.839999999995693543e+02 3.151834053891753307e+00
2.844999999995562803e+02 3.231019927636752609e+00
2.849999999995432631e+02 3.219250043712303722e+00
2.854999999995302460e+02 3.266134570776535906e+00
2.859999999995172288e+02 3.134478416202339801e+00
2.864999999995042117e+02 3.510240981540321048e+00
2.869999999994911946e+02 3.123487981629263111e+00
2.874999999994781774e+02 3.203003612451205573e+00
2.879999999994651603e+02 3.294627370426509660e+00
2.884999999994521431e+02 3.262748839110739763e+00
2.889999999994391260e+02 3.153865210420191190e+00
2.894999999994261088e+02 3.469170264169031181e+00
2.899999999994130349e+02 3.109620504871855040e+00
2.904999999994000177e+02 3.750389887497441954e+00
2.909999999993870006e+02 3.132973288490505492e+00
2.914999999993739834e+02 3.311734427569143158e+00
2.919999999993609663e+02 3.523932141178630850e+00
2.924999999993479491e+02 3.519217283692903653e+00
2.929999999993349320e+02 3.133992340213214600e+00
2.934999999993219149e+02 3.035240859006619996e+00
2.939999999993088977e+02 3.253270927467241336e+00
2.944999999992958806e+02 3.294074927218585191e+00
2.949999999992828634e+02 3.365988931996695577e+00
2.954999999992697894e+02 3.042690381894014529e+00
2.959999999992567723e+02 3.257694347191256057e+00
2.964999999992437552e+02 3.481846419866565068e+00
2.969999999992307380e+02 3.302778401316371237e+00
2.974999999992177209e+02 3.233852723754300218e+00
2.979999999992047037e+02 3.507143460437816884e+00
2.984999999991916866e+02 3.061151058602666453e+00
2.989999999991786694e+02 3.319314686210030896e+00
2.994999999991656523e+02 3.474767483370071908e+00
2.999999999991526352e+02 3.190242592239440622e+00
3.004999999991396180e+02 3.328388114868340519e+00
3.009999999991265440e+02 3.604257745053323969e+00
3.014999999991135269e+02 3.155411857270909781e+00
3.019999999991005097e+02 2.983472930988013250e+00
3.024999999990874926e+02 3.493247293192732084e+00
3.029999999990744755e+02 3.193300963662365710e+00
3.034999999990614583e+02 2.937780010040152767e+00
3.039999999990484412e+02 3.563481921719743095e+00
3.044999999990354240e+02 3.280196326313216559e+00
3.049999999990224069e+02 3.106391696409066316e+00
3.054999999990093897e+02 3.019125966034136521e+00
3.059999999989963158e+02 3.472150094183133806e+00
3.064999999989832986e+02 3.070149241919070793e+00
3.069999999989702815e+02 2.968611567007159113e+00
3.074999999989572643e+02 3.628940912724425871e+00
3.079999999989442472e+02 3.272555855319827511e+00
3.084999999989312300e+02 3.118477785848249972e+00
3.089999999989182129e+02 3.196219472349815849e+00
3.094999999989051958e+02 3.520709659316216378e+00
3.099999999988921786e+02 3.229375566839234324e+00
3.104999999988791615e+02 3.290913471654741240e+00
3.109999999988661443e+02 3.250598049320107208e+00
3.114999999988530703e+02 3.117633084263661480e+00
3.119999999988400532e+02 3.459137630722699974e+00
3.124999999988270361e+02 3.569512673409476644e+00
3.129999999988140189e+02 3.219891793602331909e+00
3.134999999988010018e+02 3.075031618470201344e+00
3.139999999987879846e+02 3.115972105747621512e+00
3.144999999987749675e+02 3.280056765967246157e+00
3.149999999987619503e+02 3.243504498728713603e+00
3.154999999987489332e+02 3.129054454105398619e+00
3.159999999987359161e+02 3.653462112116745875e+00
3.164999999987228989e+02 3.397483069595974126e+00
3.169999999987098249e+02 3.242332036508615900e+00
3.174999999986968078e+02 3.368605721146578080e+00
3.179999999986837906e+02 3.564988955190535158e+00
3.184999999986707735e+02 2.789300993405543050e+00
3.189999999986577564e+02 2.983417125425977368e+00
3.194999999986447392e+02 3.574579877721336452e+00
3.199999999986317221e+02 3.136192770607764135e+00
3.204999999986187049e+02 3.052912344910574394e+00
3.209999999986056878e+02 3.446515963709838815e+00
3.214999999985926706e+02 3.503887902414863031e+00
3.219999999985796535e+02 2.944233031565042680e+00
3.224999999985665795e+02 3.150715464762755769e+00
3.229999999985535624e+02 3.455593898561608590e+00
3.234999999985405452e+02 3.307973841066363274e+00
3.239999999985275281e+02 3.242929008871847429e+00
3.244999999985145109e+02 3.265614362660663073e+00
3.249999999985014938e+02 3.149600668741977305e+00
3.254999999984884766e+02 3.350191814662472289e+00
3.259999999984754595e+02 3.350681264398044146e+00
3.264999999984624424e+02 3.152780615611331161e+00
3.269999999984494252e+02 2.854044486185865370e+00
3.274999999984364081e+02 3.658159210534503991e+00
3.279999999984233341e+02 3.134052473641964376e+00
3.284999999984103169e+02 3.148197849783234137e+00
3.289999999983972998e+02 3.704875296033705911e+00
3.294999999983842827e+02 3.194758330664206447e+00
3.299999999983712655e+02 3.225024133739662346e+00
3.304999999983582484e+02 3.636359237074233253e+00
3.309999999983452312e+02 3.170181021206092353e+00
3.314999999983322141e+02 3.030549850074821805e+00
3.319999999983191969e+02 3.204917857077764776e+00
3.324999999983061798e+02 3.615460385087593931e+00
3.329999999982931627e+02 3.362370388387766695e+00
3.334999999982800887e+02 2.927467020880770487e+00
3.339999999982670715e+02 3.065443564365647688e+00
3.344999999982540544e+02 3.462341429212038690e+00
3.349999999982410372e+02 3.273791885112941724e+00
3.354999999982280201e+02 3.053307804898571121e+00
3.359999999982150030e+02 3.508529477977837541e+00
3.364999999982019858e+02 3.280897694324470315e+00
3.369999999981889687e+02 3.085979637122060470e+00
3.374999999981759515e+02 3.187915724072152290e+00
3.379999999981629344e+02 3.320662975021805075e+00
3.384999999981499172e+02 3.267715404042994098e+00
3.389999999981368433e+02 3.370497515523992682e+00
3.394999999981238261e+02 3.125954367213749752e+00
3.399999999981108090e+02 3.262629277296171360e+00
3.404999999980977918e+02 3.357740097202672747e+00
3.409999999980847747e+02 3.479120027977019802e+00
3.414999999980717575e+02 3.277171985160357348e+00
3.419999999980587404e+02 3.005229437104203871e+00
3.424999999980457233e+02 3.291987717910281663e+00
3.429999999980327061e+02 3.284722276523698081e+00
3.434999999980196890e+02 3.365839111618857515e+00
3.439999999980066718e+02 3.399874858156878510e+00
3.444999999979935978e+02 3.087651759019509612e+00
3.449999999979805807e+02 2.977662315268989612e+00
3.454999999979675636e+02 3.559307839617421809e+00
3.459999999979545464e+02 3.318978643327993971e+00
3.464999999979415293e+02 3.302202346083748630e+00
3.469999999979285121e+02 3.548928005796075702e+00
3.474999999979154950e+02 2.983229824433394572e+00
3.479999999979024778e+02 3.140217560237363870e+00
3.484999999978894607e+02 3.114182822728955191e+00
3.489999999978764436e+02 3.232808099760930975e+00
3.494999999978633696e+02 3.444761917055654266e+00
3.499999999978503524e+02 3.254742338980935568e+00
3.504999999978373353e+02 3.250284874711312000e+00
3.509999999978243181e+02 3.539371051326413387e+00
3.514999999978113010e+02 3.110610623022789678e+00
3.519999999977982839e+02 3.237288066927517249e+00
3.524999999977852667e+02 3.470289663834564831e+00
3.529999999977722496e+02 3.256841107786665912e+00
3.534999999977592324e+02 2.923477680439701576e+00
3.539999999977462153e+02 3.444367657258506465e+00
3.544999999977331981e+02 3.153511821468878651e+00
3.549999999977201242e+02 3.096083166326296432e+00
3.554999999977071070e+02 3.455859619721344700e+00
3.559999999976940899e+02 2.918327308269089482e+00
3.564999999976810727e+02 2.933678494303581630e+00
3.569999999976680556e+02 3.787004090490627028e+00
3.574999999976550384e+02 3.114153960307760816e+00
3.579999999976420213e+02 3.264747277825959859e+00
3.584999999976290042e+02 3.593014102051498071e+00
3.589999999976159870e+02 3.294173770082005070e+00
3.594999999976029699e+02 3.060176640823788929e+00
3.599999999975899527e+02 3.502542883525467499e+00
3.604999999975768787e+02 3.293030892680837596e+00
3.609999999975638616e+02 3.244209822596802351e+00
3.614999999975508445e+02 3.233812955503546416e+00
3.619999999975378273e+02 3.462971037041336242e+00
3.624999999975248102e+02 3.357995016698339885e+00
3.629999999975117930e+02 3.160069503355081189e+00
3.634999999974987759e+02 3.164985258915843591e+00
3.639999999974857587e+02 3.151242738646344854e+00
3.644999999974727416e+02 3.398215095882437531e+00
3.649999999974597245e+02 3.333741549558347117e+00
3.654999999974467073e+02 3.250077176620305597e+00
3.659999999974336333e+02 3.628648487302938097e+00
3.664999999974206162e+02 3.300287787058732381e+00
3.669999999974075990e+02 3.077843209397963520e+00
3.674999999973945819e+02 3.247984211763057072e+00
3.679999999973815648e+02 3.255448446299262777e+00
3.684999999973685476e+02 3.371665718591439376e+00
3.689999999973555305e+02 3.414580479407662850e+00
3.694999999973425133e+02 3.200780081400293575e+00
3.699999999973294962e+02 3.401887289035071760e+00
3.704999999973164790e+02 3.383014595620468246e+00
3.709999999973034619e+02 3.169550141623655559e+00
3.714999999972903879e+02 3.550128891667399422e+00
3.719999999972773708e+02 3.584572720221056219e+00
3.724999999972643536e+02 3.238529721590386767e+00
3.729999999972513365e+02 3.262701824624877123e+00
3.734999999972383193e+02 3.333880371997946845e+00
3.739999999972253022e+02 3.478770411605883073e+00
3.744999999972122851e+02 3.154438760152711740e+00
3.749999999971992679e+02 3.152141817374200627e+00
3.754999999971862508e+02 3.320237710948269250e+00
3.759999999971732336e+02 3.296018133668336070e+00
3.764999999971602165e+02 2.793779354239348756e+00
3.769999999971471425e+02 3.465316030788653467e+00
3.774999999971341254e+02 3.324108137502969740e+00
3.779999999971211082e+02 3.356809140044978879e+00
3.784999999971080911e+02 3.521418709986183337e+00
3.789999999970950739e+02 3.308604865007922502e+00
3.794999999970820568e+02 3.193602298358461322e+00
3.799999999970690396e+02 3.163285591734840363e+00
3.804999999970560225e+02 3.233507387365073704e+00
3.809999999970430054e+02 3.433507291573397957e+00
3.814999999970299882e+02 3.147834519791586239e+00
3.819999999970169711e+02 3.302578308140645458e+00
3.824999999970038971e+02 3.301660455178635711e+00
3.829999999969908799e+02 3.168611297506222613e+00
3.834999999969778628e+02 3.375467870460164388e+00
3.839999999969648456e+02 3.119802279433573577e+00
3.844999999969518285e+02 3.038133526101848947e+00
3.849999999969388114e+02 3.360195703147998536e+00
3.854999999969257942e+02 3.299521396805352058e+00
3.859999999969127771e+02 3.585840564471330705e+00
3.864999999968997599e+02 3.300046015360980078e+00
3.869999999968867428e+02 3.179337747944755321e+00
3.874999999968737256e+02 3.214561156090738780e+00
3.879999999968606517e+02 3.084739506136423337e+00
3.884999999968476345e+02 3.423098207420074424e+00
3.889999999968346174e+02 3.275197582506212068e+00
3.894999999968216002e+02 3.461360029844392283e+00
3.899999999968085831e+02 3.085571684115024471e+00
3.904999999967955659e+02 3.125290145247434204e+00
3.909999999967825488e+02 3.239003448615417557e+00
3.914999999967695317e+02 3.171655714383705416e+00
3.919999999967565145e+02 3.410770947960442445e+00
3.924999999967434974e+02 3.380855601147747524e+00
3.929999999967304234e+02 3.186120082083400362e+00
3.934999999967174062e+02 3.343692183290895681e+00
3.939999999967043891e+02 3.099617120343631793e+00
3.944999999966913720e+02 3.612950898239740916e+00
3.949999999966783548e+02 3.360413869605230364e+00
3.954999999966653377e+02 3.191623586275199820e+00
3.959999999966523205e+02 3.251349774166493400e+00
3.964999999966393034e+02 2.998448785070994660e+00
3.969999999966262862e+02 3.165018085262171432e+00
3.974999999966132691e+02 3.388968944469383349e+00
3.979999999966002520e+02 3.292747719874447476e+00
3.984999999965871780e+02 2.984048804134083355e+00
3.989999999965741608e+02 3.228324012192435255e+00
3.994999999965611437e+02 3.286049761640487343e+00
3.999999999965481265e+02 3.184680572708447954e+00
4.004999999965351094e+02 3.673261810123583437e+00
4.009999999965220923e+02 3.268683103822009439e+00
4.014999999965090751e+02 3.295013020148521488e+00
4.019999999964960580e+02 3.018257114734527846e+00
4.024999999964830408e+02 3.271796685657829773e+00
4.029999999964700237e+02 3.645661340041144616e+00
4.034999999964570065e+02 3.080752447217904866e+00
4.039999999964439326e+02 3.045721839057860425e+00
4.044999999964309154e+02 3.047680857101748853e+00
4.049999999964178983e+02 3.422150400861307951e+00
4.054999999964048811e+02 3.266054351953959323e+00
4.059999999964079507e+02 3.077619841491932018e+00
4.064999999964400104e+02 3.311563990164361204e+00
4.069999999964720132e+02 3.005625103376392104e+00
4.074999999965040729e+02 3.026016890050640118e+00
4.079999999965360757e+02 3.457198325563559660e+00
4.084999999965681354e+02 3.117213106619125984e+00
4.089999999966001383e+02 3.566118984474018205e+00
4.094999999966321980e+02 3.290180568127040850e+00
4.099999999966642008e+02 3.386343104345137078e+00
4.104999999966962605e+02 3.383875695718452370e+00
4.109999999967282633e+02 3.124701382881201805e+00
4.114999999967603230e+02 3.524374698382857218e+00
4.119999999967923259e+02 3.418166108727989094e+00
4.124999999968243856e+02 3.362461129729187981e+00
4.129999999968563884e+02 3.299325860738221206e+00
4.134999999968884481e+02 3.378077176481352417e+00
4.139999999969205078e+02 3.394710147373848130e+00
4.144999999969525106e+02 3.181442676505695122e+00
4.149999999969845703e+02 3.121978650126316257e+00
4.154999999970165732e+02 3.323070271373694595e+00
4.159999999970486328e+02 3.535525978253582835e+00
4.164999999970806357e+02 3.476014528045530128e+00
4.169999999971126954e+02 3.483326444926746923e+00
4.174999999971446982e+02 3.499301902329928549e+00
4.179999999971767579e+02 3.391640659463812657e+00
4.184999999972087608e+02 3.156410270201242874e+00
4.189999999972408204e+02 3.819059435211457298e+00
4.194999999972728233e+02 3.291405359587700197e+00
4.199999999973048830e+02 3.372691665033642483e+00
4.204999999973368858e+02 3.432377253733933209e+00
4.209999999973689455e+02 3.229771952705227100e+00
4.214999999974009484e+02 3.551010884258759326e+00
4.219999999974330080e+02 3.174323637194638170e+00
4.224999999974650109e+02 3.427359921745877003e+00
4.229999999974970706e+02 3.109012816773205401e+00
4.234999999975291303e+02 2.968522731729295927e+00
4.239999999975611331e+02 3.353410370533139950e+00
4.244999999975931928e+02 3.672555672539325577e+00
4.249999999976251956e+02 3.278308508116894782e+00
4.254999999976572553e+02 3.031414619749686068e+00
4.259999999976892582e+02 3.343733628083361609e+00
4.264999999977213179e+02 3.327835998753954527e+00
4.269999999977533207e+02 3.285438713317527348e+00
4.274999999977853804e+02 2.945020025700018085e+00
4.279999999978173832e+02 3.670365118063219079e+00
4.284999999978494429e+02 3.217374122504002010e+00
4.289999999978814458e+02 3.204582113968993173e+00
4.294999999979135055e+02 3.452771198183619550e+00
4.299999999979455083e+02 3.179737953240779902e+00
4.304999999979775680e+02 3.233442382677576887e+00
4.309999999980095708e+02 3.473216626825912368e+00
4.314999999980416305e+02 3.303164100442295581e+00
4.319999999980736902e+02 3.443947334810023353e+00
4.324999999981056931e+02 3.030470609984916575e+00
4.329999999981377528e+02 3.157835542167414911e+00
4.334999999981697556e+02 3.259059159943422213e+00
4.339999999982018153e+02 3.429356229393345057e+00
4.344999999982338181e+02 3.335312004662553953e+00
4.349999999982658778e+02 3.203564571036633613e+00
4.354999999982978807e+02 3.242803614009208246e+00
4.359999999983299404e+02 3.195452684416939970e+00
4.364999999983619432e+02 3.044842455716608054e+00
4.369999999983940029e+02 3.217200895772491354e+00
4.374999999984260057e+02 3.333344623438276866e+00
4.379999999984580654e+02 3.122736764099508733e+00
4.384999999984900683e+02 3.361869561894174741e+00
4.389999999985221280e+02 3.373770870684341894e+00
4.394999999985541308e+02 3.888149527233557556e+00
4.399999999985861905e+02 3.131769003289278430e+00
4.404999999986182502e+02 3.140884641459413817e+00
4.409999999986502530e+02 3.258875611684903806e+00
4.414999999986823127e+02 3.208297985032884991e+00
4.419999999987143156e+02 3.185606579571803376e+00
4.424999999987463752e+02 3.276522346639834549e+00
4.429999999987783781e+02 3.376133936708162864e+00
4.434999999988104378e+02 3.340923298151332599e+00
4.439999999988424406e+02 3.161332397180633080e+00
4.444999999988745003e+02 3.503659810943120068e+00
4.449999999989065032e+02 2.824410121082513214e+00
4.454999999989385628e+02 3.215759616025006373e+00
4.459999999989705657e+02 3.260255143466115335e+00
4.464999999990026254e+02 3.340305925532184084e+00
4.469999999990346282e+02 3.040361375014507317e+00
4.474999999990666879e+02 3.135685735961285747e+00
4.479999999990986908e+02 3.217389576510290450e+00
4.484999999991307504e+02 3.567580990937254004e+00
4.489999999991627533e+02 3.252964217356521637e+00
4.494999999991948130e+02 3.154081798045390794e+00
4.499999999992268727e+02 3.415313113407773660e+00
4.504999999992588755e+02 3.332925767742358492e+00
4.509999999992909352e+02 3.260476169030183335e+00
4.514999999993229380e+02 3.152646123453769267e+00
4.519999999993549977e+02 3.703614919553688711e+00
4.524999999993870006e+02 3.146140397792012600e+00
4.529999999994190603e+02 3.064523967044126884e+00
4.534999999994510631e+02 3.333514865563692808e+00
4.539999999994831228e+02 3.286067504033079345e+00
4.544999999995151256e+02 3.322744285964627675e+00
4.549999999995471853e+02 3.140310890870955607e+00
4.554999999995791882e+02 3.321743880516741854e+00
4.559999999996112479e+02 3.027261472319825675e+00
4.564999999996432507e+02 3.286474487628106012e+00
4.569999999996753104e+02 3.250439157402468027e+00
4.574999999997073132e+02 3.254847957216516985e+00
4.579999999997393729e+02 3.162840816437991975e+00
4.584999999997714326e+02 3.375712742165690727e+00
4.589999999998034355e+02 3.425268410481109971e+00
4.594999999998354951e+02 3.257869378786074410e+00
4.599999999998674980e+02 3.449246003310641573e+00
4.604999999998995577e+02 3.414369109518898604e+00
4.609999999999315605e+02 3.136992203809836788e+00
4.614999999999636202e+02 3.166420203100745123e+00
4.619999999999956231e+02 3.159740815008187820e+00
4.625000000000276827e+02 3.241793673309532497e+00
4.630000000000596856e+02 3.186477108389413893e+00
4.635000000000917453e+02 3.608513528647721902e+00
4.640000000001237481e+02 2.982089262263649232e+00
4.645000000001558078e+02 3.150035483141979231e+00
4.650000000001878107e+02 3.581846954382362114e+00
4.655000000002198703e+02 3.138928004849654396e+00
4.660000000002518732e+02 3.181686393488636799e+00
4.665000000002839329e+02 3.046806832163973855e+00
4.670000000003159357e+02 3.423982023229323435e+00
4.675000000003479954e+02 3.152956448901882425e+00
4.680000000003800551e+02 3.382207037083554191e+00
4.685000000004120579e+02 3.219038659610239161e+00
4.690000000004441176e+02 3.195157525846421986e+00
4.695000000004761205e+02 3.527966546167253359e+00
4.700000000005081802e+02 3.496531266530838788e+00
4.705000000005401830e+02 3.167137575367819924e+00
4.710000000005722427e+02 3.205764285050062501e+00
4.715000000006042455e+02 3.413473895643415190e+00
4.720000000006363052e+02 3.290923085912289991e+00
4.725000000006683081e+02 3.203684466036576417e+00
4.730000000007003678e+02 3.195105108115643855e+00
4.735000000007323706e+02 3.215619085861157078e+00
4.740000000007644303e+02 3.755456826975475337e+00
4.745000000007964331e+02 3.363787767003499241e+00
4.750000000008284928e+02 3.356765270613129903e+00
4.755000000008604957e+02 3.296803673781589339e+00
4.760000000008925554e+02 2.852447582966328721e+00
4.765000000009246151e+02 3.369156747914354710e+00
4.770000000009566179e+02 3.379269718410222723e+00
4.775000000009886776e+02 3.132362052966083610e+00
4.780000000010206804e+02 3.194628510476017258e+00
4.785000000010527401e+02 3.502798259059675789e+00
4.790000000010847430e+02 3.351403745883053453e+00
4.795000000011168027e+02 3.378535506923691312e+00
4.800000000011488055e+02 3.338132225411780674e+00
4.805000000011808652e+02 3.246853943549326882e+00
4.810000000012128680e+02 2.989409090646345746e+00
4.815000000012449277e+02 3.328759141739169092e+00
4.820000000012769306e+02 3.282482471889167197e+00
4.825000000013089902e+02 3.072057518448211955e+00
4.830000000013409931e+02 3.206832601061746946e+00
4.835000000013730528e+02 3.425355820516456706e+00
4.840000000014050556e+02 3.093735973446133158e+00
4.845000000014371153e+02 3.262187249892927188e+00
4.850000000014691750e+02 3.379712082878177259e+00
4.855000000015011778e+02 3.233649584661148602e+00
4.860000000015332375e+02 3.383932896070763530e+00
4.865000000015652404e+02 3.067370170688387354e+00
4.870000000015973001e+02 3.068585473061159252e+00
4.875000000016293029e+02 3.457314429384651611e+00
4.880000000016613626e+02 3.288054647108320960e+00
4.885000000016933654e+02 3.174949685124682119e+00
4.890000000017254251e+02 3.480254428898863051e+00
4.895000000017574280e+02 3.141835254245231912e+00
4.900000000017894877e+02 3.581561695020159863e+00
4.905000000018214905e+02 3.513472149203540784e+00
4.910000000018535502e+02 3.197971427750271545e+00
4.915000000018855530e+02 3.298813079421701211e+00
4.920000000019176127e+02 3.453542750604392086e+00
4.925000000019496156e+02 3.129151458170379208e+00
4.930000000019816753e+02 3.164339249197007931e+00
4.935000000020136781e+02 3.133087363391785285e+00
4.940000000020457378e+02 3.523548419034867152e+00
4.945000000020777975e+02 3.336411629179870442e+00
4.950000000021098003e+02 3.140909268755293748e+00
4.955000000021418600e+02 3.259142766460866092e+00
4.960000000021738629e+02 3.145550013644069054e+00
4.965000000022059226e+02 3.330347317712814892e+00
4.970000000022379254e+02 3.497873130761328664e+00
4.975000000022699851e+02 3.050592371364862387e+00
4.980000000023019879e+02 3.158852649745454766e+00
4.985000000023340476e+02 3.266501559568076640e+00
4.990000000023660505e+02 3.375593790422466434e+00
4.995000000023981102e+02 3.017993737914268948e+00
5.000000000024301130e+02 3.323686525594328867e+00
5.005000000024621727e+02 3.203455390127275315e+00
5.010000000024941755e+02 3.131092942690345549e+00
5.015000000025262352e+02 3.288774631816679062e+00
5.020000000025582381e+02 3.309783897943487041e+00
5.025000000025902978e+02 3.319408064708289974e+00
5.030000000026223574e+02 3.224040953337852233e+00
5.035000000026543603e+02 3.136028106996389120e+00
5.040000000026864200e+02 3.055847411334382091e+00
5.045000000027184228e+02 3.271204055262293409e+00
5.050000000027504825e+02 3.358883849809724431e+00
5.055000000027824854e+02 3.216834518250082819e+00
5.060000000028145450e+02 3.329689972173764279e+00
5.065000000028465479e+02 3.397442488184187592e+00
5.070000000028786076e+02 3.392962585630332484e+00
5.075000000029106104e+02 3.081404659701524995e+00
5.080000000029426701e+02 3.339016639840471257e+00
5.085000000029746730e+02 3.317668132193342778e+00
5.090000000030067326e+02 3.140884011070287141e+00
5.095000000030387355e+02 3.389471322596351310e+00
5.100000000030707952e+02 3.443254846529740121e+00
5.105000000031027980e+02 3.196177025336861988e+00
5.110000000031348577e+02 3.237182347104855307e+00
5.115000000031668606e+02 3.492245944550943726e+00
5.120000000031989202e+02 3.251449342556951727e+00
5.125000000032309799e+02 3.003402386224658827e+00
5.130000000032630396e+02 3.547714326385045691e+00
5.135000000032949856e+02 3.515843868807314365e+00
5.140000000033270453e+02 3.226653993960439060e+00
5.145000000033591050e+02 3.268379216942239207e+00
5.150000000033911647e+02 3.499187052111207397e+00
5.155000000034231107e+02 3.545258886537330234e+00
5.160000000034551704e+02 3.411726583260378476e+00
5.165000000034872301e+02 3.115655496602786734e+00
5.170000000035192897e+02 3.575278848773146834e+00
5.175000000035512357e+02 3.467576582478242297e+00
5.180000000035832954e+02 3.085326369083840170e+00
5.185000000036153551e+02 3.276961512317337455e+00
5.190000000036474148e+02 3.402094753734637322e+00
5.195000000036793608e+02 3.219157541235634135e+00
5.200000000037114205e+02 3.200802997009695172e+00
5.205000000037434802e+02 3.408652714964164776e+00
5.210000000037755399e+02 3.335202656190718429e+00
5.215000000038075996e+02 3.193257162276323502e+00
5.220000000038395456e+02 3.301929225333918971e+00
5.225000000038716053e+02 3.085659374219228646e+00
5.230000000039036649e+02 3.566449187476609328e+00
5.235000000039357246e+02 3.238726134881531049e+00
5.240000000039676706e+02 3.579563088567845774e+00
5.245000000039997303e+02 3.315148245481976286e+00
5.250000000040317900e+02 3.409738733126767674e+00
5.255000000040638497e+02 3.324233040574959386e+00
5.260000000040957957e+02 3.370636305517321851e+00
5.265000000041278554e+02 3.274297904836283024e+00
5.270000000041599151e+02 3.219359976016386682e+00
5.275000000041919748e+02 3.178639521019563929e+00
5.280000000042239208e+02 3.477329062154991490e+00
5.285000000042559805e+02 3.133755166711820639e+00
5.290000000042880401e+02 3.360495995124803681e+00
5.295000000043200998e+02 3.240807090790994049e+00
5.300000000043521595e+02 3.113678877586886884e+00
5.305000000043841055e+02 3.284943007632180834e+00
5.310000000044161652e+02 3.194929809340777194e+00
5.315000000044482249e+02 3.277863354598049117e+00
5.320000000044802846e+02 3.445654923657137214e+00
5.325000000045122306e+02 3.440717470634693242e+00
5.330000000045442903e+02 3.103484772136624326e+00
5.335000000045763500e+02 3.131789531610366772e+00
5.340000000046084097e+02 3.137537284512679214e+00
5.345000000046403557e+02 3.391226765189720105e+00
5.350000000046724153e+02 3.262333274327121835e+00
5.355000000047044750e+02 3.429965646939784119e+00
5.360000000047365347e+02 3.253336097858583020e+00
5.365000000047684807e+02 3.177694641735231862e+00
5.370000000048005404e+02 3.251745578961272365e+00
5.375000000048326001e+02 3.504727410840958957e+00
5.380000000048646598e+02 3.349129520911660940e+00
5.385000000048967195e+02 3.054242155884331122e+00
5.390000000049286655e+02 3.433477163125176812e+00
5.395000000049607252e+02 3.243190590454542388e+00
5.400000000049927849e+02 3.485626344382933617e+00
5.405000000050248445e+02 3.365228483138524851e+00
5.410000000050567905e+02 3.276381409601750505e+00
5.415000000050888502e+02 3.553283113368278734e+00
5.420000000051209099e+02 3.161281422772665994e+00
5.425000000051529696e+02 3.148782565981561810e+00
5.430000000051849156e+02 3.366600604120571827e+00
5.435000000052169753e+02 2.908795128612256864e+00
5.440000000052490350e+02 3.466383359176597345e+00
5.445000000052810947e+02 3.405856874089062902e+00
5.450000000053130407e+02 3.392829485737815176e+00
5.455000000053451004e+02 2.864208379910370805e+00
5.460000000053771601e+02 3.534848884322583373e+00
5.465000000054092197e+02 3.733686507369656127e+00
5.470000000054411657e+02 2.905294525074656242e+00
5.475000000054732254e+02 3.582808089127371698e+00
5.480000000055052851e+02 3.215646068968439408e+00
5.485000000055373448e+02 3.065546073003062588e+00
5.490000000055694045e+02 3.542974428704239731e+00
5.495000000056013505e+02 3.294953599937054722e+00
5.500000000056334102e+02 3.167301680716277712e+00
5.505000000056654699e+02 3.102671969988573863e+00
5.510000000056975296e+02 3.459380557165085968e+00
5.515000000057294756e+02 3.332618791140115277e+00
5.520000000057615352e+02 3.270358131955088066e+00
5.525000000057935949e+02 3.437840297224031172e+00
5.530000000058256546e+02 3.303157754545659408e+00
5.535000000058576006e+02 3.220051362209567003e+00
5.540000000058896603e+02 3.204297681120449326e+00
5.545000000059217200e+02 3.528115620207667558e+00
5.550000000059537797e+02 3.584654937221122939e+00
5.555000000059857257e+02 3.188301617251869668e+00
5.560000000060177854e+02 3.222251536673089944e+00
5.565000000060498451e+02 3.328677744808218986e+00
5.570000000060819048e+02 3.331758005715136584e+00
5.575000000061139644e+02 3.309398153564703016e+00
5.580000000061459104e+02 3.446103531850169155e+00
5.585000000061779701e+02 3.383522357930739410e+00
5.590000000062100298e+02 3.403659686371357740e+00
5.595000000062420895e+02 3.491374663843531678e+00
5.600000000062740355e+02 3.047056741195197649e+00
5.605000000063060952e+02 3.057423415810684553e+00
5.610000000063381549e+02 3.864322401484608704e+00
5.615000000063702146e+02 3.016929250043663302e+00
5.620000000064021606e+02 3.310657559156322982e+00
5.625000000064342203e+02 3.203068828521351552e+00
5.630000000064662800e+02 3.342598453182641816e+00
5.635000000064983396e+02 3.341280716054560784e+00
5.640000000065302856e+02 3.069480854349833532e+00
5.645000000065623453e+02 3.537287741547199271e+00
5.650000000065944050e+02 3.286116426134050084e+00
5.655000000066264647e+02 3.045332878175059932e+00
5.660000000066585244e+02 3.359273788638102776e+00
5.665000000066904704e+02 3.388659009734550143e+00
5.670000000067225301e+02 3.316745794557770743e+00
5.675000000067545898e+02 3.329850890940617703e+00
5.680000000067866495e+02 3.119327669267852432e+00
5.685000000068185955e+02 3.238312256751462836e+00
5.690000000068506552e+02 3.152545999359397388e+00
5.695000000068827148e+02 3.411964597241646135e+00
5.700000000069147745e+02 3.105025505154287213e+00
5.705000000069467205e+02 3.293342040334621856e+00
5.710000000069787802e+02 3.466146114844962156e+00
5.715000000070108399e+02 3.314293760317265747e+00
5.720000000070428996e+02 3.364962749983940071e+00
5.725000000070748456e+02 3.163776484438360459e+00
5.730000000071069053e+02 3.170891569761424833e+00
5.735000000071389650e+02 3.357558496833607631e+00
5.740000000071710247e+02 3.343754102751325785e+00
5.745000000072030844e+02 3.211869936714473628e+00
5.750000000072350304e+02 3.208441909546919657e+00
5.755000000072670900e+02 3.168254157179116959e+00
5.760000000072991497e+02 3.389172479341671096e+00
5.765000000073312094e+02 3.249229569543088392e+00
5.770000000073631554e+02 3.726135020167828937e+00
5.775000000073952151e+02 3.167513028774327388e+00
5.780000000074272748e+02 3.524385050206660264e+00
5.785000000074593345e+02 3.340946822738925182e+00
5.790000000074912805e+02 3.177948030007935465e+00
5.795000000075233402e+02 3.047298728902196441e+00
5.800000000075553999e+02 3.344881844592238807e+00
5.805000000075874595e+02 3.303021177328466784e+00
5.810000000076194056e+02 3.158490893873704408e+00
5.815000000076514652e+02 3.426782645681853978e+00
5.820000000076835249e+02 3.438774214535974316e+00
5.825000000077155846e+02 3.303626278490471968e+00
5.830000000077476443e+02 3.382445431041747330e+00
5.835000000077795903e+02 3.144372935999855123e+00
5.840000000078116500e+02 3.273959802438302980e+00
5.845000000078437097e+02 3.392560024586242839e+00
5.850000000078757694e+02 2.855109560920262357e+00
5.855000000079077154e+02 3.407905239553007615e+00
5.860000000079397751e+02 3.451541764349829400e+00
5.865000000079718347e+02 3.205111577355363117e+00
5.870000000080038944e+02 3.203463813529263682e+00
5.875000000080358404e+02 3.294927817282785831e+00
5.880000000080679001e+02 3.433711638644940667e+00
5.885000000080999598e+02 3.308149216148947858e+00
5.890000000081320195e+02 3.232220306575560365e+00
5.895000000081639655e+02 3.328799338359503590e+00
5.900000000081960252e+02 3.265819237176653900e+00
5.905000000082280849e+02 3.163869408868796640e+00
5.910000000082601446e+02 3.321691719768411488e+00
5.915000000082920906e+02 3.144370688153058424e+00
5.920000000083241503e+02 3.571785621203915628e+00
5.925000000083562099e+02 3.314160887205162442e+00
5.930000000083882696e+02 3.193807478555126700e+00
5.935000000084203293e+02 3.225478939345199692e+00
5.940000000084522753e+02 3.599872038436300326e+00
5.945000000084843350e+02 3.339381891864778407e+00
5.950000000085163947e+02 3.050707450051124869e+00
5.955000000085484544e+02 3.104870689337923650e+00
5.960000000085804004e+02 3.438543524514662941e+00
5.965000000086124601e+02 3.288951817462096194e+00
5.970000000086445198e+02 3.125432637247881118e+00
5.975000000086765795e+02 3.407251257802496713e+00
5.980000000087085255e+02 2.874376237776078646e+00
5.985000000087405851e+02 3.588196570067343494e+00
5.990000000087726448e+02 3.049749895213269113e+00
5.995000000088047045e+02 3.012720524730509553e+00
6.000000000088366505e+02 3.443693936388470878e+00
6.005000000088687102e+02 3.318750949257379457e+00
6.010000000089007699e+02 3.382274859282155877e+00
6.015000000089328296e+02 3.283887189401684559e+00
6.020000000089648893e+02 3.006595273057572015e+00
6.025000000089968353e+02 3.308070121873273983e+00
6.030000000090288950e+02 3.247250336269158044e+00
6.035000000090609547e+02 3.614097650614219948e+00
6.040000000090930143e+02 3.233924609524498006e+00
6.045000000091249603e+02 3.116109923156687778e+00
6.050000000091570200e+02 3.498480249311099133e+00
6.055000000091890797e+02 3.290509077513746217e+00
6.060000000092211394e+02 3.062253245236331356e+00
6.065000000092530854e+02 3.537288560356278477e+00
6.070000000092851451e+02 3.542854704048188363e+00
6.075000000093172048e+02 3.169664901574615445e+00
6.080000000093492645e+02 3.358347827757373061e+00
6.085000000093812105e+02 3.498812309407330901e+00
6.090000000094132702e+02 3.308601393653817446e+00
6.095000000094453299e+02 3.345759376558200326e+00
6.100000000094773895e+02 3.509860273115147589e+00
6.105000000095094492e+02 3.305944599761925229e+00
6.110000000095413952e+02 3.263673057179526715e+00
6.115000000095734549e+02 3.027202865645464147e+00
6.120000000096055146e+02 3.484807546351407215e+00
6.125000000096375743e+02 3.499313100989783987e+00
6.130000000096695203e+02 3.117234720067970866e+00
6.135000000097015800e+02 3.737819250207814026e+00
6.140000000097336397e+02 3.306430943049703863e+00
6.145000000097656994e+02 2.727555103873732900e+00
6.150000000097976454e+02 3.348987962084227554e+00
6.155000000098297050e+02 3.673208065327750571e+00
6.160000000098617647e+02 2.985109902943577254e+00
6.165000000098938244e+02 3.030024013465450583e+00
6.170000000099257704e+02 3.320585705879184779e+00
6.175000000099578301e+02 3.208034511193570193e+00
6.180000000099898898e+02 3.179292509856564752e+00
6.185000000100219495e+02 3.289808578311192111e+00
6.190000000100540092e+02 3.320086156720619464e+00
6.195000000100859552e+02 3.222228431218076672e+00
6.200000000101180149e+02 3.341394232844418166e+00
6.205000000101500746e+02 2.952413551666653202e+00
6.210000000101821342e+02 3.458961703181068881e+00
6.215000000102140802e+02 3.117052639832959660e+00
6.220000000102461399e+02 3.166823652438536474e+00
6.225000000102781996e+02 3.402663879502585420e+00
6.230000000103102593e+02 3.291524911770841832e+00
6.235000000103422053e+02 3.561072194140461278e+00
6.240000000103742650e+02 3.224045908365780200e+00
6.245000000104063247e+02 3.296077415243507502e+00
6.250000000104383844e+02 3.513630428158401653e+00
6.255000000104703304e+02 3.085335222229893759e+00
6.260000000105023901e+02 3.186581029843682966e+00
6.265000000105344498e+02 3.576917259970063601e+00
6.270000000105665094e+02 3.197194333445829706e+00
6.275000000105985691e+02 3.267590342015072480e+00
6.280000000106305151e+02 3.387934400969339066e+00
6.285000000106625748e+02 3.008204202537740457e+00
6.290000000106946345e+02 3.255127375376007048e+00
6.295000000107266942e+02 3.267552951193653854e+00
6.300000000107586402e+02 3.093346521001322902e+00
6.305000000107906999e+02 3.285459633524591361e+00
6.310000000108227596e+02 3.343395703175506384e+00
6.315000000108548193e+02 3.282840430779486063e+00
6.320000000108867653e+02 3.281991887634181815e+00
6.325000000109188250e+02 3.317974200357246328e+00
6.330000000109508846e+02 2.878268776242374205e+00
6.335000000109829443e+02 3.282864757048097548e+00
6.340000000110148903e+02 3.342706600854959742e+00
6.345000000110469500e+02 3.244390601283268172e+00
6.350000000110790097e+02 3.267995350115361575e+00
6.355000000111110694e+02 3.251597411147530536e+00
6.360000000111430154e+02 3.378064725426131787e+00
6.365000000111750751e+02 3.157177028620291370e+00
6.370000000112071348e+02 3.131146133083490657e+00
6.375000000112391945e+02 3.374462731423502948e+00
6.380000000112712542e+02 3.273656034131460224e+00
6.385000000113032002e+02 3.120097810749082878e+00
6.390000000113352598e+02 3.162860754963964016e+00
6.395000000113673195e+02 2.972106651030215652e+00
6.400000000113993792e+02 3.406733761961272755e+00
6.405000000114313252e+02 3.453985053307053299e+00
6.410000000114633849e+02 2.860816909575961020e+00
6.415000000114954446e+02 3.129731998588555442e+00
6.420000000115275043e+02 3.560932643784399776e+00
6.425000000115594503e+02 3.269233373870750636e+00
6.430000000115915100e+02 3.315399036228933394e+00
6.435000000116235697e+02 3.442600517735261878e+00
6.440000000116556294e+02 3.262342018699745605e+00
6.445000000116875754e+02 3.354799712658250055e+00
6.450000000117196350e+02 3.371418837563031179e+00
6.455000000117516947e+02 3.441687594190937727e+00
6.460000000117837544e+02 3.338371017410233232e+00
6.465000000118158141e+02 3.107610810638405496e+00
6.470000000118477601e+02 3.418785642544682091e+00
6.475000000118798198e+02 3.319651857032471565e+00
6.480000000119118795e+02 3.419195104512359418e+00
6.485000000119439392e+02 3.338099487953746003e+00
6.490000000119758852e+02 3.483626023763973123e+00
6.495000000120079449e+02 3.082640649581752879e+00
6.500000000120400045e+02 3.404539392754438953e+00
6.505000000120720642e+02 3.243171390340434446e+00
6.510000000121040102e+02 2.952284122336872318e+00
6.515000000121360699e+02 3.520855893276995108e+00
6.520000000121681296e+02 3.389038785605754889e+00
6.525000000122001893e+02 3.013287504532500716e+00
6.530000000122321353e+02 3.347666985474627932e+00
6.535000000122641950e+02 3.422490275010626970e+00
6.540000000122962547e+02 2.941604979878254866e+00
6.545000000123283144e+02 3.278619951646053465e+00
6.550000000123603741e+02 3.237623643701087239e+00
6.555000000123923201e+02 3.424080310678084604e+00
6.560000000124243797e+02 3.357462357333730552e+00
6.565000000124564394e+02 3.419643652912152554e+00
6.570000000124884991e+02 3.200155410187206950e+00
6.575000000125204451e+02 3.015689051732562298e+00
6.580000000125525048e+02 3.465802365392329332e+00
6.585000000125845645e+02 3.404958228713254265e+00
6.590000000126166242e+02 3.268479971710354093e+00
6.595000000126485702e+02 3.285939393514951679e+00
6.600000000126806299e+02 3.445421110999455472e+00
6.605000000127126896e+02 3.163660312593493451e+00
6.610000000127447493e+02 2.960419221014176649e+00
6.615000000127766953e+02 3.299246729226397168e+00
6.620000000128087549e+02 3.105865914365987468e+00
6.625000000128408146e+02 3.418021950768170836e+00
6.630000000128728743e+02 3.185528530139237535e+00
6.635000000129049340e+02 3.120410202805129707e+00
6.640000000129368800e+02 3.304332893908055180e+00
6.645000000129689397e+02 3.168395007554198894e+00
6.650000000130009994e+02 3.551969306355529987e+00
6.655000000130330591e+02 3.218395950008234863e+00
6.660000000130650051e+02 3.231809323836565273e+00
6.665000000130970648e+02 3.388289976892466804e+00
6.670000000131291245e+02 3.303720012686213625e+00
6.675000000131611841e+02 3.170062899555510683e+00
6.680000000131931301e+02 3.199649500611069897e+00
6.685000000132251898e+02 3.172437589206117625e+00
6.690000000132572495e+02 3.291641043440930670e+00
6.695000000132893092e+02 3.263941935215721735e+00
6.700000000133212552e+02 3.299078128592717984e+00
6.705000000133533149e+02 3.245716788637346362e+00
6.710000000133853746e+02 3.313933073613285263e+00
6.715000000134174343e+02 3.180800808862069395e+00
6.720000000134494940e+02 3.204577118435536054e+00
6.725000000134814400e+02 3.112816645739292287e+00
6.730000000135134997e+02 3.100135584302422309e+00
6.735000000135455593e+02 3.272561565653699045e+00
6.740000000135776190e+02 3.540129596550401381e+00
6.745000000136095650e+02 3.432121053926391774e+00
6.750000000136416247e+02 3.177821603353675695e+00
6.755000000136736844e+02 3.265368329341338693e+00
6.760000000137057441e+02 3.016459421673446162e+00
6.765000000137376901e+02 3.559705010955459770e+00
6.770000000137697498e+02 3.499737990676964561e+00
6.775000000138018095e+02 3.049757269127996384e+00
6.780000000138338692e+02 3.215901157422885959e+00
6.785000000138658152e+02 3.542873884432115705e+00
6.790000000138978749e+02 3.076059553182764805e+00
6.795000000139299345e+02 3.210721966169471031e+00
6.800000000139619942e+02 3.270016194206764037e+00
6.805000000139939402e+02 3.329065069836619983e+00
6.810000000140259999e+02 3.285071902135601629e+00
6.815000000140580596e+02 3.207132673377649734e+00
6.820000000140901193e+02 3.228370586933756670e+00
6.825000000141221790e+02 3.153804827125576971e+00
6.830000000141541250e+02 3.075941678253555800e+00
6.835000000141861847e+02 3.319134336805352081e+00
6.840000000142182444e+02 3.349871923972527199e+00
6.845000000142503040e+02 2.965211158366766409e+00
6.850000000142822500e+02 3.245489347234709054e+00
6.855000000143143097e+02 3.554173825833343070e+00
6.860000000143463694e+02 3.185546385568427841e+00
6.865000000143784291e+02 3.560136623746124052e+00
6.870000000144103751e+02 3.559562890318990647e+00
6.875000000144424348e+02 3.254323261501194331e+00
6.880000000144744945e+02 3.331742157595702025e+00
6.885000000145065542e+02 3.600602517674906800e+00
6.890000000145385002e+02 3.533477916202860669e+00
6.895000000145705599e+02 3.458661247352466273e+00
6.900000000146026196e+02 3.424375587166684998e+00
6.905000000146346792e+02 3.515471646578011811e+00
6.910000000146667389e+02 3.346950867418484687e+00
6.915000000146986849e+02 3.066146567041146298e+00
6.920000000147307446e+02 3.293993917213007272e+00
6.925000000147628043e+02 3.205592117727640744e+00
6.930000000147948640e+02 3.413753352804585806e+00
6.935000000148268100e+02 3.297915731941544859e+00
6.940000000148588697e+02 3.244652184072244872e+00
6.945000000148909294e+02 3.297834175004814572e+00
6.950000000149229891e+02 3.233463321166397009e+00
6.955000000149549351e+02 3.129301991777119873e+00
6.960000000149869948e+02 3.458045516771570682e+00
6.965000000150190544e+02 3.362431648058457956e+00
6.970000000150511141e+02 3.185225625196159260e+00
6.975000000150830601e+02 3.341425612395930944e+00
6.980000000151151198e+02 3.357302005299692915e+00
6.985000000151471795e+02 3.329634812548680323e+00
6.990000000151792392e+02 2.970072547792189877e+00
6.995000000152112989e+02 3.228724532639225764e+00
7.000000000152432449e+02 3.273287697671121155e+00
7.005000000152753046e+02 3.240258714974389331e+00
7.010000000153073643e+02 3.376386076652076351e+00
7.015000000153394240e+02 3.555967945837772870e+00
7.020000000153713700e+02 3.400437287515243767e+00
7.025000000154034296e+02 3.485609181496363895e+00
7.030000000154354893e+02 3.006841187917259184e+00
7.035000000154675490e+02 3.498508605908826841e+00
7.040000000154994950e+02 3.630747891518770309e+00
7.045000000155315547e+02 3.353296747468009542e+00
7.050000000155636144e+02 3.277902382969624107e+00
7.055000000155956741e+02 3.597596341351108062e+00
7.060000000156276201e+02 3.204699162301367199e+00
7.065000000156596798e+02 3.094712221363323579e+00
7.070000000156917395e+02 3.284169001471433535e+00
7.075000000157237992e+02 3.567238766340798062e+00
7.080000000157558588e+02 3.158331490761743687e+00
7.085000000157878048e+02 3.402010494186682443e+00
7.090000000158198645e+02 3.168862906818818992e+00
7.095000000158519242e+02 3.325983224436361407e+00
7.100000000158839839e+02 3.594571575611910763e+00
7.105000000159159299e+02 3.466588094649884599e+00
7.110000000159479896e+02 3.306549332963028220e+00
7.115000000159800493e+02 3.389602799981875858e+00
7.120000000160121090e+02 3.019045424328133276e+00
7.125000000160440550e+02 3.220319728694248429e+00
7.130000000160761147e+02 3.242336510670054572e+00
7.135000000161081743e+02 3.306483443194423444e+00
7.140000000161402340e+02 3.222477696995420082e+00
7.145000000161721800e+02 3.146608328669995291e+00
7.150000000162042397e+02 3.309785964060527608e+00
7.155000000162362994e+02 3.237071104267660093e+00
7.160000000162683591e+02 3.421933588820264216e+00
7.165000000163003051e+02 2.996875673099035353e+00
7.170000000163323648e+02 3.581321144876868701e+00
7.175000000163644245e+02 3.305002077696554519e+00
7.180000000163964842e+02 3.236594064013130989e+00
7.185000000164285439e+02 3.308404835029519209e+00
7.190000000164604899e+02 3.395594421345016212e+00
7.195000000164925495e+02 3.169290637252408782e+00
7.200000000165246092e+02 3.188590741278472862e+00
7.205000000165566689e+02 3.258048690107284262e+00
7.210000000165886149e+02 3.320085372655315226e+00
7.215000000166206746e+02 3.392678275092551932e+00
7.220000000166527343e+02 3.331717248018815969e+00
7.225000000166847940e+02 3.131653842891207962e+00
7.230000000167167400e+02 3.284177404296053648e+00
7.235000000167487997e+02 3.361993759725608211e+00
7.240000000167808594e+02 3.065138312406696652e+00
7.245000000168129191e+02 3.178514784267560067e+00
7.250000000168448651e+02 3.470532322858447927e+00
7.255000000168769247e+02 3.154648295386357937e+00
7.260000000169089844e+02 3.220509314297856029e+00
7.265000000169410441e+02 3.353925890364807483e+00
7.270000000169731038e+02 3.484175339311952779e+00
7.275000000170050498e+02 3.301941155968154629e+00
7.280000000170371095e+02 3.148371682507127289e+00
7.285000000170691692e+02 3.564216012820646817e+00
7.290000000171012289e+02 3.152047815931678709e+00
7.295000000171331749e+02 3.260766366959428453e+00
7.300000000171652346e+02 3.355354947920239805e+00
7.305000000171972943e+02 3.334349215856655224e+00
7.310000000172293539e+02 3.293081783986065769e+00
7.315000000172612999e+02 3.249004021169668022e+00
7.320000000172933596e+02 3.381674408456087022e+00
7.325000000173254193e+02 3.299053645510216626e+00
7.330000000173574790e+02 3.381828006699801215e+00
7.335000000173894250e+02 3.193213782319088700e+00
7.340000000174214847e+02 3.227516116924430190e+00
7.345000000174535444e+02 3.170851863572077711e+00
7.350000000174856041e+02 3.362548738265015658e+00
7.355000000175176638e+02 3.130581748521446439e+00
7.360000000175496098e+02 3.273106762528069424e+00
7.365000000175816695e+02 3.233904353022730493e+00
7.370000000176137291e+02 3.235631094956570308e+00
7.375000000176457888e+02 3.222518027270763419e+00
7.380000000176777348e+02 3.581198038619356705e+00
7.385000000177097945e+02 3.190748910803939520e+00
7.390000000177418542e+02 3.180292481345262434e+00
7.395000000177739139e+02 3.311702645208628226e+00
7.400000000178058599e+02 2.869507589751713272e+00
7.405000000178379196e+02 3.538399575639709305e+00
7.410000000178699793e+02 3.352123124442250912e+00
7.415000000179020390e+02 3.204475027582813329e+00
7.420000000179339850e+02 3.144593792610993255e+00
7.425000000179660447e+02 3.402741232592228382e+00
7.430000000179981043e+02 3.463260081176918970e+00
7.435000000180301640e+02 3.178527002129130530e+00
7.440000000180622237e+02 3.265781617650029833e+00
7.445000000180941697e+02 3.326195261216907451e+00
7.450000000181262294e+02 3.466913499742987792e+00
7.455000000181582891e+02 3.376098497178694924e+00
7.460000000181903488e+02 3.313552069080562212e+00
7.465000000182222948e+02 3.361510876550391380e+00
7.470000000182543545e+02 3.392124637116789465e+00
7.475000000182864142e+02 2.979112216334687258e+00
7.480000000183184738e+02 2.997313600430090208e+00
7.485000000183504199e+02 3.396398632408580198e+00
7.490000000183824795e+02 3.102371328035574471e+00
7.495000000184145392e+02 3.116512991357330620e+00
7.500000000184465989e+02 3.647856357844422970e+00
7.505000000184785449e+02 2.864517996502452313e+00
7.510000000185106046e+02 3.261297722507440877e+00
7.515000000185426643e+02 3.115598940151640850e+00
7.520000000185747240e+02 3.310982574342209439e+00
7.525000000186067837e+02 3.406958191160069482e+00
7.530000000186387297e+02 3.323903594596403277e+00
7.535000000186707894e+02 3.241182050707548612e+00
7.540000000187028490e+02 3.588202875497671585e+00
7.545000000187349087e+02 3.349147471703841639e+00
7.550000000187668547e+02 3.094923754276014627e+00
7.555000000187989144e+02 3.252274498813176873e+00
7.560000000188309741e+02 3.465865239072670079e+00
7.565000000188630338e+02 3.252013635129478608e+00
7.570000000188949798e+02 3.264542873087262542e+00
7.575000000189270395e+02 3.351779345010101885e+00
7.580000000189590992e+02 3.291405729729264262e+00
7.585000000189911589e+02 3.149123492312246864e+00
7.590000000190231049e+02 3.246985160103134760e+00
7.595000000190551646e+02 3.240317344415358125e+00
7.600000000190872242e+02 3.461509565862888049e+00
7.605000000191192839e+02 3.121811810400914933e+00
7.610000000191512299e+02 3.120654169089684959e+00
7.615000000191832896e+02 3.242403264216742631e+00
7.620000000192153493e+02 3.558609221252430288e+00
7.625000000192474090e+02 3.085473618173283139e+00
7.630000000192794687e+02 3.576388057785318431e+00
7.635000000193114147e+02 3.321948955604945297e+00
7.640000000193434744e+02 3.051048423195738657e+00
7.645000000193755341e+02 3.341481761107988113e+00
7.650000000194075938e+02 3.309453687854929438e+00
7.655000000194395398e+02 3.105127363125130824e+00
7.660000000194715994e+02 3.146462884116548064e+00
7.665000000195036591e+02 3.126655773219458645e+00
7.670000000195357188e+02 3.408495487263904167e+00
7.675000000195676648e+02 3.135363926404556523e+00
7.680000000195997245e+02 3.254757240001004082e+00
7.685000000196317842e+02 3.372483547976592888e+00
7.690000000196638439e+02 3.153184971960584448e+00
7.695000000196957899e+02 3.386484557861747735e+00
7.700000000197278496e+02 3.134000866341070335e+00
7.705000000197599093e+02 3.507386079890564723e+00
7.710000000197919690e+02 3.662712198042892719e+00
7.715000000198240286e+02 3.207284435271220868e+00
7.720000000198559746e+02 3.108271432897086406e+00
7.725000000198880343e+02 3.393026857367444027e+00
7.730000000199200940e+02 3.295877710689798956e+00
7.735000000199521537e+02 3.255554633244528429e+00
7.740000000199840997e+02 3.586057062761823566e+00
7.745000000200161594e+02 3.208970429110407085e+00
7.750000000200482191e+02 3.163108298434172738e+00
7.755000000200802788e+02 3.203495907265506037e+00
7.760000000201122248e+02 3.304512645964779782e+00
7.765000000201442845e+02 3.657366070341444786e+00
7.770000000201763442e+02 3.151321823726171534e+00
7.775000000202084038e+02 3.187137881090710945e+00
7.780000000202403498e+02 3.184856961784729101e+00
7.785000000202724095e+02 3.410568660849268241e+00
7.790000000203044692e+02 3.312634459696086608e+00
7.795000000203365289e+02 2.989271425930324799e+00
7.800000000203685886e+02 3.189984734688005030e+00
7.805000000204005346e+02 3.169271385489011550e+00
7.810000000204325943e+02 3.284867810088428541e+00
7.815000000204646540e+02 3.112814467142026142e+00
7.820000000204967137e+02 3.638850262203736197e+00
7.825000000205286597e+02 3.473344734769033160e+00
7.830000000205607193e+02 3.078025455510975394e+00
7.835000000205927790e+02 3.789456667757840069e+00
7.840000000206248387e+02 3.271883253875031983e+00
7.845000000206567847e+02 2.904534523819347847e+00
7.850000000206888444e+02 3.397912243383537145e+00
7.855000000207209041e+02 3.538655100237712681e+00
7.860000000207529638e+02 3.228575798896727189e+00
7.865000000207849098e+02 3.274126282595156479e+00
7.870000000208169695e+02 3.645739654565326227e+00
7.875000000208490292e+02 2.941324024992743702e+00
7.880000000208810889e+02 3.070083027703376821e+00
7.885000000209131485e+02 3.629914032971248705e+00
7.890000000209450945e+02 3.094387503399053774e+00
7.895000000209771542e+02 3.079707924482311121e+00
7.900000000210092139e+02 3.327704450225507760e+00
7.905000000210412736e+02 3.325992533564261056e+00
7.910000000210732196e+02 3.073230655928979260e+00
7.915000000211052793e+02 3.477581076032438823e+00
7.920000000211373390e+02 3.580998051119318237e+00
7.925000000211693987e+02 3.267995901013561966e+00
7.930000000212013447e+02 3.251065043542955113e+00
7.935000000212334044e+02 3.421721315388761564e+00
7.940000000212654641e+02 3.290481991607014933e+00
7.945000000212975237e+02 3.163446567901850859e+00
7.950000000213294697e+02 3.552832161544413392e+00
7.955000000213615294e+02 3.618987581316237989e+00
7.960000000213935891e+02 3.165693150757773466e+00
7.965000000214256488e+02 3.227815908519036103e+00
7.970000000214577085e+02 3.458334521958197350e+00
7.975000000214896545e+02 3.135529892696805820e+00
7.980000000215217142e+02 3.427822768578280943e+00
7.985000000215537739e+02 3.429080287506485636e+00
7.990000000215858336e+02 3.505921233754967670e+00
7.995000000216177796e+02 3.234164857671201432e+00
8.000000000216498393e+02 3.179689802277462007e+00
8.005000000216818989e+02 3.169506409640348021e+00
8.010000000217139586e+02 3.076960150202944888e+00
8.015000000217459046e+02 3.244138778396879808e+00
8.020000000217779643e+02 3.231282314831974922e+00
8.025000000218100240e+02 3.317655530060799052e+00
8.030000000218420837e+02 3.357135921620108210e+00
8.035000000218740297e+02 3.177503418799211055e+00
8.040000000219060894e+02 3.404688469647330074e+00
8.045000000219381491e+02 3.484028016648249348e+00
8.050000000219702088e+02 3.170447821888019213e+00
8.055000000220021548e+02 3.136925492600246113e+00
8.060000000220342145e+02 3.154945503541813245e+00
8.065000000220662741e+02 3.094207847858226224e+00
8.070000000220983338e+02 3.370676177532210716e+00
8.075000000221303935e+02 3.251679402492632320e+00
8.080000000221623395e+02 2.949639218357297032e+00
8.085000000221943992e+02 3.369829606156330648e+00
8.090000000222264589e+02 3.338384425863941463e+00
8.095000000222585186e+02 3.366975641407612851e+00
8.100000000222904646e+02 2.900027239808256496e+00
8.105000000223225243e+02 3.475113278551647866e+00
8.110000000223545840e+02 3.645455710907242519e+00
8.115000000223866436e+02 2.763796096921989243e+00
8.120000000224185897e+02 3.261735577462715252e+00
8.125000000224506493e+02 3.625250419044202310e+00
8.130000000224827090e+02 3.090395715380799935e+00
8.135000000225147687e+02 3.184518739216450456e+00
8.140000000225467147e+02 3.498457695673885759e+00
8.145000000225787744e+02 3.575413901820468698e+00
8.150000000226108341e+02 3.595471268807442389e+00
8.155000000226428938e+02 2.986485051623646747e+00
8.160000000226749535e+02 3.307945532837604841e+00
8.165000000227068995e+02 3.560720525946490689e+00
8.170000000227389592e+02 3.268353961686245590e+00
8.175000000227710188e+02 3.327730581742086802e+00
8.180000000228030785e+02 3.571446520557318483e+00
8.185000000228350245e+02 3.401002146845029994e+00
8.190000000228670842e+02 3.374612267297802948e+00
8.195000000228991439e+02 3.339079675647203871e+00
8.200000000229312036e+02 3.316881429704321427e+00
8.205000000229631496e+02 3.203892659950854149e+00
8.210000000229952093e+02 3.382020364638973042e+00
8.215000000230272690e+02 3.282873367972289458e+00
8.220000000230593287e+02 3.195672480344264432e+00
8.225000000230912747e+02 3.375343245789803159e+00
8.230000000231233344e+02 3.623162427332367930e+00
8.235000000231553940e+02 3.119398910545959858e+00
8.240000000231874537e+02 3.506922015417798022e+00
8.245000000232195134e+02 3.706482238990877143e+00
8.250000000232514594e+02 3.285413137754936486e+00
8.255000000232835191e+02 3.159437742625422096e+00
8.260000000233155788e+02 3.363886745467479678e+00
8.265000000233476385e+02 3.378257621450911241e+00
8.270000000233795845e+02 3.267388654106530232e+00
8.275000000234116442e+02 2.880772771727819315e+00
8.280000000234437039e+02 3.367374288544440208e+00
8.285000000234757636e+02 3.637775086200134123e+00
8.290000000235077096e+02 3.225974127123179436e+00
8.295000000235397692e+02 3.136765835179104567e+00
8.300000000235718289e+02 3.191433840567353020e+00
8.305000000236038886e+02 3.364615279433170070e+00
8.310000000236358346e+02 3.295689121315523273e+00
8.315000000236678943e+02 3.325551799224393701e+00
8.320000000236999540e+02 3.162843574320209239e+00
8.325000000237320137e+02 3.621294237221703849e+00
8.330000000237640734e+02 3.396091156800242761e+00
8.335000000237960194e+02 3.227228979487175131e+00
8.340000000238280791e+02 3.347737368230075283e+00
8.345000000238601388e+02 3.525950700570871899e+00
8.350000000238921984e+02 3.088441411193301622e+00
8.355000000239241444e+02 3.331771419304524695e+00
8.360000000239562041e+02 3.404012060082914015e+00
8.365000000239882638e+02 3.347308314288569342e+00
8.370000000240203235e+02 3.489931319616424776e+00
8.375000000240522695e+02 3.315107343564473563e+00
8.380000000240843292e+02 3.046593073529975104e+00
8.385000000241163889e+02 3.574355177650809345e+00
8.390000000241484486e+02 3.151109235800910291e+00
8.395000000241803946e+02 3.735596851840596422e+00
8.400000000242124543e+02 3.450252790714443130e+00
8.405000000242445140e+02 3.014976320080222649e+00
8.410000000242765736e+02 3.234216328118996842e+00
8.415000000243086333e+02 3.327020517653535681e+00
8.420000000243405793e+02 3.355121271057482257e+00
8.425000000243726390e+02 3.455869577924263414e+00
8.430000000244046987e+02 3.313708431809079702e+00
8.435000000244367584e+02 3.098045075621374433e+00
8.440000000244687044e+02 3.426265340996972775e+00
8.445000000245007641e+02 3.465845717429686168e+00
8.450000000245328238e+02 3.583535574919859634e+00
8.455000000245648835e+02 3.394778944666372311e+00
8.460000000245968295e+02 3.329283394039303179e+00
8.465000000246288892e+02 3.667374049697735838e+00
8.470000000246609488e+02 3.013166476551168316e+00
8.475000000246930085e+02 3.021393890408412108e+00
8.480000000247249545e+02 3.859489272586908548e+00
8.485000000247570142e+02 3.208534862015735456e+00
8.490000000247890739e+02 3.148669155848270673e+00
8.495000000248211336e+02 3.290849432559540322e+00
8.500000000248530796e+02 3.603344550866517171e+00
8.505000000248851393e+02 3.076376117402277455e+00
8.510000000249171990e+02 3.448149313171785746e+00
8.515000000249492587e+02 3.449996298482119528e+00
8.520000000249813183e+02 2.976805268581451003e+00
8.525000000250132643e+02 3.405517435094127521e+00
8.530000000250453240e+02 3.316793123508808172e+00
8.535000000250773837e+02 3.030735450715265955e+00
8.540000000251094434e+02 3.032789056691702179e+00
8.545000000251413894e+02 3.253039965143099455e+00
8.550000000251734491e+02 3.701819174786880939e+00
8.555000000252055088e+02 3.109129132710532151e+00
8.560000000252375685e+02 3.255337330041386590e+00
8.565000000252695145e+02 3.675695446138746991e+00
8.570000000253015742e+02 3.279274522662886771e+00
8.575000000253336339e+02 3.131499557702503544e+00
8.580000000253656935e+02 3.456321481988722688e+00
8.585000000253976395e+02 3.244361856946448519e+00
8.590000000254296992e+02 3.243379997530452030e+00
8.595000000254617589e+02 3.066272248173650627e+00
8.600000000254938186e+02 3.235480025793701309e+00
8.605000000255258783e+02 3.415841996271926639e+00
8.610000000255578243e+02 3.247571848127105643e+00
8.615000000255898840e+02 3.393650841675798002e+00
8.620000000256219437e+02 3.068412049138284914e+00
8.625000000256540034e+02 3.340390891246369787e+00
8.630000000256859494e+02 3.294902246834468862e+00
8.635000000257180091e+02 3.337832723828061177e+00
8.640000000257500687e+02 3.064772800800779518e+00
8.645000000257821284e+02 3.437668451593307584e+00
8.650000000258140744e+02 3.570048316985122039e+00
8.655000000258461341e+02 3.020295921145307538e+00
8.660000000258781938e+02 3.423660665246624824e+00
8.665000000259102535e+02 3.053355964268269940e+00
8.670000000259421995e+02 3.371210397574350814e+00
8.675000000259742592e+02 3.372756715743430611e+00
8.680000000260063189e+02 3.145474954678962209e+00
8.685000000260383786e+02 3.177456837829635727e+00
8.690000000260704383e+02 3.408735171879848203e+00
8.695000000261023843e+02 3.361806021981006865e+00
8.700000000261344439e+02 3.197544460098395547e+00
8.705000000261665036e+02 3.465908240064031975e+00
8.710000000261985633e+02 3.063204103238473142e+00
8.715000000262305093e+02 3.255754570622658939e+00
8.720000000262625690e+02 3.265580884980208598e+00
8.725000000262946287e+02 3.337744317927493931e+00
8.730000000263266884e+02 3.165518246623508780e+00
8.735000000263586344e+02 3.174354557058553628e+00
8.740000000263906941e+02 3.241198291770045703e+00
8.745000000264227538e+02 3.335504858477511991e+00
8.750000000264548135e+02 3.304126588895604844e+00
8.755000000264867595e+02 3.277113587841320008e+00
8.760000000265188191e+02 3.058818816760600967e+00
8.765000000265508788e+02 3.324002392754300761e+00
8.770000000265829385e+02 3.134395353402362971e+00
8.775000000266149982e+02 3.398330146918475236e+00
8.780000000266469442e+02 3.396820649220751775e+00
8.785000000266790039e+02 3.261424743092769418e+00
8.790000000267110636e+02 3.228175647460604036e+00
8.795000000267431233e+02 3.326425448185699185e+00
8.800000000267750693e+02 3.317911189590887489e+00
8.805000000268071290e+02 2.949220703450245118e+00
8.810000000268391886e+02 3.033249044856709986e+00
8.815000000268712483e+02 3.142285131129249454e+00
8.820000000269031943e+02 3.324668131698605755e+00
8.825000000269352540e+02 3.675105028514908945e+00
8.830000000269673137e+02 3.268508856313750766e+00
8.835000000269993734e+02 3.528139227725631599e+00
8.840000000270313194e+02 3.098282635810677199e+00
8.845000000270633791e+02 3.364934607035756198e+00
8.850000000270954388e+02 3.112910262923232807e+00
8.855000000271274985e+02 3.382454007760448356e+00
8.860000000271595582e+02 3.587846158146137387e+00
8.865000000271915042e+02 3.593490542121210218e+00
8.870000000272235638e+02 2.920399822506054566e+00
8.875000000272556235e+02 3.132548391893335893e+00
8.880000000272876832e+02 3.104233592056992563e+00
8.885000000273196292e+02 3.319365092978527887e+00
8.890000000273516889e+02 3.535244440719240711e+00
8.895000000273837486e+02 3.118792672870287053e+00
8.900000000274158083e+02 3.324471048237526816e+00
8.905000000274477543e+02 3.355471898054177338e+00
8.910000000274798140e+02 2.964915608368798416e+00
8.915000000275118737e+02 3.163444631059381340e+00
8.920000000275439334e+02 3.314457565295653385e+00
8.925000000275758794e+02 3.152457688615179610e+00
8.930000000276079390e+02 3.279378332243237715e+00
8.935000000276399987e+02 3.241097318032185814e+00
8.940000000276720584e+02 3.170382200490613922e+00
8.945000000277040044e+02 3.424591017814666571e+00
8.950000000277360641e+02 3.391440892031983623e+00
8.955000000277681238e+02 3.329106493725011884e+00
8.960000000278001835e+02 3.360083168748178029e+00
8.965000000278322432e+02 3.197956782824006972e+00
8.970000000278641892e+02 3.100510009699452674e+00
8.975000000278962489e+02 3.595892904383027222e+00
8.980000000279283086e+02 3.133495315138761672e+00
8.985000000279603682e+02 3.224423198379995359e+00
8.990000000279923142e+02 3.039069218300182840e+00
8.995000000280243739e+02 3.411571590328572157e+00
9.000000000280564336e+02 3.221392057928123442e+00
9.005000000280884933e+02 3.222497984611200739e+00
9.010000000281204393e+02 3.078287592732579458e+00
9.015000000281524990e+02 3.259087603203179029e+00
9.020000000281845587e+02 3.277661758842878470e+00
9.025000000282166184e+02 3.334762795972702420e+00
9.030000000282485644e+02 3.156610550703013995e+00
9.035000000282806241e+02 3.330200434876803506e+00
9.040000000283126838e+02 3.251169746201407307e+00
9.045000000283447434e+02 3.415767104222688477e+00
9.050000000283768031e+02 3.190101696752199789e+00
9.055000000284087491e+02 3.107597324449653975e+00
9.060000000284408088e+02 3.659415908652587923e+00
9.065000000284728685e+02 3.194241374248707910e+00
9.070000000285049282e+02 3.547270406803228582e+00
9.075000000285368742e+02 3.181148585549499863e+00
9.080000000285689339e+02 3.179866472651990073e+00
9.085000000286009936e+02 3.459555566649016090e+00
9.090000000286330533e+02 3.099295803429958696e+00
9.095000000286649993e+02 3.280207724846575079e+00
9.100000000286970590e+02 3.093155085914047309e+00
9.105000000287291186e+02 2.929209683242903317e+00
9.110000000287611783e+02 3.385023402358091182e+00
9.115000000287931243e+02 3.399203135470783899e+00
9.120000000288251840e+02 3.227398238873932623e+00
9.125000000288572437e+02 3.479136393599020938e+00
9.130000000288893034e+02 3.284687715506090289e+00
9.135000000289213631e+02 3.183875027874128349e+00
9.140000000289533091e+02 3.461227130132647378e+00
9.145000000289853688e+02 3.448578180209883381e+00
9.150000000290174285e+02 3.357048926677709044e+00
9.155000000290494881e+02 3.296613298512554913e+00
9.160000000290814341e+02 3.532934495623468507e+00
9.165000000291134938e+02 2.987311402971251528e+00
9.170000000291455535e+02 3.416779220378725057e+00
9.175000000291776132e+02 3.414985195806294449e+00
9.180000000292095592e+02 3.305155766809353857e+00
9.185000000292416189e+02 3.213740963375905757e+00
9.190000000292736786e+02 3.183064459228516441e+00
9.195000000293057383e+02 3.299997823770030703e+00
9.200000000293376843e+02 3.495720336115598403e+00
9.205000000293697440e+02 3.517930674062832885e+00
9.210000000294018037e+02 3.133386855811918004e+00
9.215000000294338633e+02 3.152433649989206721e+00
9.220000000294659230e+02 3.368934194033322171e+00
9.225000000294978690e+02 2.961268812082791690e+00
9.230000000295299287e+02 3.094410969280471324e+00
9.235000000295619884e+02 3.396194193505574610e+00
9.240000000295940481e+02 3.529774995871557852e+00
9.245000000296259941e+02 3.088131935746818435e+00
9.250000000296580538e+02 3.459503610208056745e+00
9.255000000296901135e+02 3.038886552293081245e+00
9.260000000297221732e+02 3.199374373631377111e+00
9.265000000297541192e+02 3.203521566574250024e+00
9.270000000297861789e+02 3.200818247408127259e+00
9.275000000298182385e+02 3.528724403648131336e+00
9.280000000298502982e+02 3.191407057087029209e+00
9.285000000298822442e+02 3.295471022696837338e+00
9.290000000299143039e+02 2.932133542129960357e+00
9.295000000299463636e+02 3.383879647496922161e+00
9.300000000299784233e+02 3.301027582792469328e+00
9.305000000300104830e+02 3.292967879430122924e+00
9.310000000300424290e+02 3.311219018099499145e+00
9.315000000300744887e+02 3.413409010384408138e+00
9.320000000301065484e+02 3.003547215058065323e+00
9.325000000301386081e+02 3.478973951691174626e+00
9.330000000301705541e+02 3.520276767576796306e+00
9.335000000302026137e+02 3.191943383100362741e+00
9.340000000302346734e+02 3.083501386645341569e+00
9.345000000302667331e+02 3.080950425973641771e+00
9.350000000302986791e+02 3.396698510821382300e+00
9.355000000303307388e+02 3.325605114114555949e+00
9.360000000303627985e+02 2.954561792596672287e+00
9.365000000303948582e+02 3.463222892268347675e+00
9.370000000304268042e+02 3.556082600572444630e+00
9.375000000304588639e+02 3.230008591202201629e+00
9.380000000304909236e+02 3.442429572960957529e+00
9.385000000305229833e+02 3.326829916083096972e+00
9.390000000305549293e+02 3.429357078232599054e+00
9.395000000305869889e+02 3.157991894902559160e+00
9.400000000306190486e+02 3.484454297240942910e+00
9.405000000306511083e+02 3.056750754269320858e+00
9.410000000306831680e+02 3.149076786593088428e+00
9.415000000307151140e+02 3.391726638426944884e+00
9.420000000307471737e+02 3.292442046524650667e+00
9.425000000307792334e+02 3.226297016857959221e+00
9.430000000308112931e+02 3.505352859973487778e+00
9.435000000308432391e+02 3.160376254433522547e+00
9.440000000308752988e+02 3.543615403110399686e+00
9.445000000309073585e+02 3.162019025200561995e+00
9.450000000309394181e+02 3.117767468461354774e+00
9.455000000309713641e+02 3.464334011170636884e+00
9.460000000310034238e+02 3.109730932994061892e+00
9.465000000310354835e+02 2.929311658259211359e+00
9.470000000310675432e+02 3.426179052773279388e+00
9.475000000310994892e+02 3.373316153225118352e+00
9.480000000311315489e+02 3.020077785501669165e+00
9.485000000311636086e+02 3.705868716222787906e+00
9.490000000311956683e+02 3.536835090704571360e+00
9.495000000312277280e+02 3.057027982580025505e+00
9.500000000312596740e+02 2.977908939838724400e+00
9.505000000312917336e+02 3.586743885844353219e+00
9.510000000313237933e+02 3.482384019105854378e+00
9.515000000313558530e+02 3.166486406642814444e+00
9.520000000313877990e+02 3.103679229334476819e+00
9.525000000314198587e+02 3.352504644138703860e+00
9.530000000314519184e+02 3.288736210719376274e+00
9.535000000314839781e+02 3.351618294419524968e+00
9.540000000315159241e+02 3.488410917820376600e+00
9.545000000315479838e+02 3.286751458799683334e+00
9.550000000315800435e+02 3.065645375405463557e+00
9.555000000316121032e+02 3.021459865011440371e+00
9.560000000316440492e+02 3.634162579340606491e+00
9.565000000316761088e+02 3.239439337011791764e+00
9.570000000317081685e+02 3.098900192527431763e+00
9.575000000317402282e+02 3.362728287566388641e+00
9.580000000317722879e+02 3.411865727683849325e+00
9.585000000318042339e+02 3.077869993046916886e+00
9.590000000318362936e+02 3.583309724160095744e+00
9.595000000318683533e+02 3.205849747907759006e+00
9.600000000319004130e+02 3.012530326733783959e+00
9.605000000319323590e+02 3.284494724273898658e+00
9.610000000319644187e+02 3.326686534746597257e+00
9.615000000319964784e+02 3.239541435813480419e+00
9.620000000320285380e+02 3.279630898244054737e+00
9.625000000320604840e+02 3.123406627729372165e+00
9.630000000320925437e+02 3.562699059623521958e+00
9.635000000321246034e+02 3.221887306884673841e+00
9.640000000321566631e+02 3.371490222389258662e+00
9.645000000321886091e+02 3.521450186849739872e+00
9.650000000322206688e+02 3.316580018583234146e+00
9.655000000322527285e+02 3.217716928064171977e+00
9.660000000322847882e+02 3.246686782060036247e+00
9.665000000323168479e+02 3.328274729496703888e+00
9.670000000323487939e+02 3.274750242094561781e+00
9.675000000323808536e+02 3.461354656968387289e+00
9.680000000324129132e+02 2.848107833461082539e+00
9.685000000324449729e+02 3.462081208159310197e+00
9.690000000324769189e+02 3.419771202275327493e+00
9.695000000325089786e+02 3.097653635930161631e+00
9.700000000325410383e+02 3.161725635059125405e+00
9.705000000325730980e+02 3.340822504778063529e+00
9.710000000326050440e+02 3.147713022744068390e+00
9.715000000326371037e+02 3.366576078823925844e+00
9.720000000326691634e+02 3.457617659164954116e+00
9.725000000327012231e+02 3.305061629713748506e+00
9.730000000327331691e+02 3.284468148839305712e+00
9.735000000327652288e+02 3.246927237582216463e+00
9.740000000327972884e+02 3.408295530202957391e+00
9.745000000328293481e+02 3.227759178659701078e+00
9.750000000328614078e+02 3.187099582382230345e+00
9.755000000328933538e+02 3.320570493397072553e+00
9.760000000329254135e+02 3.653671125038785661e+00
9.765000000329574732e+02 3.329050600206314936e+00
9.770000000329895329e+02 2.950959135905747210e+00
9.775000000330214789e+02 3.483599596882280380e+00
9.780000000330535386e+02 3.638027975410245585e+00
9.785000000330855983e+02 3.212469573556309577e+00
9.790000000331176579e+02 3.296335564811098795e+00
9.795000000331496040e+02 3.455418132243066154e+00
9.800000000331816636e+02 3.051688888257336973e+00
9.805000000332137233e+02 2.973528874638708075e+00
9.810000000332457830e+02 3.584768301962347969e+00
9.815000000332777290e+02 3.326783394844283759e+00
9.820000000333097887e+02 2.884373584464068774e+00
9.825000000333418484e+02 3.188128302489642962e+00
9.830000000333739081e+02 3.769449245491948375e+00
9.835000000334058541e+02 3.077087102861727708e+00
9.840000000334379138e+02 3.012281220089346956e+00
9.845000000334699735e+02 3.893914064841405231e+00
9.850000000335020331e+02 3.312712012906540604e+00
9.855000000335340928e+02 3.142612277942724130e+00
9.860000000335660388e+02 3.687341227965826196e+00
9.865000000335980985e+02 3.397078725642675767e+00
9.870000000336301582e+02 2.991060952975074461e+00
9.875000000336622179e+02 3.587966552233137207e+00
9.880000000336941639e+02 3.303717712445072952e+00
9.885000000337262236e+02 3.215523535593002524e+00
9.890000000337582833e+02 3.198065654316300854e+00
9.895000000337903430e+02 3.001148725582500010e+00
9.900000000338222890e+02 3.443368090793459846e+00
9.905000000338543487e+02 3.441282847319619087e+00
9.910000000338864083e+02 3.233514550297237999e+00
9.915000000339184680e+02 3.210784009055214661e+00
9.920000000339504140e+02 3.389887387267426888e+00
9.925000000339824737e+02 3.176804052510817211e+00
9.930000000340145334e+02 3.146965599158253912e+00
9.935000000340465931e+02 3.269690331374305536e+00
9.940000000340786528e+02 3.403979213098982104e+00
9.945000000341105988e+02 3.377106422737900182e+00
9.950000000341426585e+02 3.245262485631629445e+00
9.955000000341747182e+02 3.275529467783540927e+00
9.960000000342067779e+02 3.345507009188858571e+00
9.965000000342387239e+02 3.520097451863647642e+00
9.970000000342707835e+02 3.140015112611193704e+00
9.975000000343028432e+02 3.300331167503670393e+00
9.980000000343349029e+02 3.220581038331643775e+00
9.985000000343668489e+02 3.174722881866877344e+00
9.990000000343989086e+02 3.084770041790240835e+00
9.995000000344309683e+02 3.375346839003880550e+00
1.000000000034463028e+03 3.780467700624741134e+00
