# Time (ps)	CV (angstrom)
9.999999999975766229e+01 3.449410702868232370e+00
1.004999999997559001e+02 3.773529754045941598e+00
1.009999999997541380e+02 3.690767075853782053e+00
1.014999999997533990e+02 3.706704938407276106e+00
1.019999999997629061e+02 3.909493290075719774e+00
1.024999999997724132e+02 3.643187049566358748e+00
1.029999999997819060e+02 3.145963912888513292e+00
1.034999999997914131e+02 3.998393085408284531e+00
1.039999999998009201e+02 3.316833816360511555e+00
1.044999999998104272e+02 3.602662058597782657e+00
1.049999999998199343e+02 3.710052389538183615e+00
1.054999999998294413e+02 3.579465435267580542e+00
1.059999999998389484e+02 3.430022265294662809e+00
1.064999999998484554e+02 3.597686213645752584e+00
1.069999999998579483e+02 3.706312919100963832e+00
1.074999999998674554e+02 3.493962428249909102e+00
1.079999999998769624e+02 3.315969184618370758e+00
1.084999999998864695e+02 4.033586862994543054e+00
1.089999999998959765e+02 3.139983908349868624e+00
1.094999999999054836e+02 3.893778871745865455e+00
1.099999999999149907e+02 3.356671807617409353e+00
1.104999999999244977e+02 3.589604345363662574e+00
1.109999999999339906e+02 3.430126385018258617e+00
1.114999999999434976e+02 3.086966990213253048e+00
1.119999999999530047e+02 3.593104207048312571e+00
1.124999999999625118e+02 3.696881449023633248e+00
1.129999999999720188e+02 3.503299302960522610e+00
1.134999999999815259e+02 3.699688435087789440e+00
1.139999999999910330e+02 3.290228815651107031e+00
1.145000000000005400e+02 3.708549743789157915e+00
1.150000000000100329e+02 3.814597352451712720e+00
1.155000000000195399e+02 3.759172806355794094e+00
1.160000000000290470e+02 3.827505883417600341e+00
1.165000000000385540e+02 3.371723434574502853e+00
1.170000000000480611e+02 3.444670087259211755e+00
1.175000000000575682e+02 3.564791649211024538e+00
1.180000000000670752e+02 3.550987427954447551e+00
1.185000000000765823e+02 3.372955640581931203e+00
1.190000000000860751e+02 3.770927034199759387e+00
1.195000000000955822e+02 3.209988138507668065e+00
1.200000000001050893e+02 3.483593969372463128e+00
1.205000000001145963e+02 3.234671247595097832e+00
1.210000000001241034e+02 3.408465858156213724e+00
1.215000000001336105e+02 3.662001889025818802e+00
1.220000000001431175e+02 3.146824834882900213e+00
1.225000000001526246e+02 3.447526875174075744e+00
1.230000000001621174e+02 3.217461303092328695e+00
1.235000000001716245e+02 3.546460784972692792e+00
1.240000000001811316e+02 3.439619066723621277e+00
1.245000000001906386e+02 3.502565452262151435e+00
1.250000000002001457e+02 3.224395219285003833e+00
1.255000000002096527e+02 3.781111863684798458e+00
1.260000000002191598e+02 2.986597471507976387e+00
1.265000000002286527e+02 3.676292718126885628e+00
1.270000000002381597e+02 3.302225224959987493e+00
1.275000000002476668e+02 3.656460502994169470e+00
1.280000000002571880e+02 3.666381360174434612e+00
1.285000000002666809e+02 3.384423359534773024e+00
1.290000000002761738e+02 3.538101492430664852e+00
1.295000000002856950e+02 3.416210249152445311e+00
1.300000000002951879e+02 4.142764337953192211e+00
1.305000000003047091e+02 3.023541380221603347e+00
1.310000000003142020e+02 3.760473705647974008e+00
1.315000000003237233e+02 3.212410324497818159e+00
1.320000000003332161e+02 3.574777365216630365e+00
1.325000000003427090e+02 3.490163170169043205e+00
1.330000000003522302e+02 3.472558199793359002e+00
1.335000000003617231e+02 3.180943119289055154e+00
1.340000000003712444e+02 3.657046596945932926e+00
1.345000000003807372e+02 3.084856157846199931e+00
1.350000000003902585e+02 3.895928887594821255e+00
1.355000000003997513e+02 3.251260907601446259e+00
1.360000000004092726e+02 3.671558635390459902e+00
1.365000000004187655e+02 3.261933021038477598e+00
1.370000000004282583e+02 3.354884639893604525e+00
1.375000000004377796e+02 3.632587058097944688e+00
1.380000000004472724e+02 3.508912270249119114e+00
1.385000000004567937e+02 3.932501533581331810e+00
1.390000000004662866e+02 3.304562528262107168e+00
1.395000000004758078e+02 3.994705577282930964e+00
1.400000000004853007e+02 3.435139192038503264e+00
1.405000000004947935e+02 3.612899515657557625e+00
1.410000000005043148e+02 3.418045645752576966e+00
1.415000000005138077e+02 4.037395539030192104e+00
1.420000000005233289e+02 3.316843583535013185e+00
1.425000000005328218e+02 3.693532226311646127e+00
1.430000000005423431e+02 3.431760607135107666e+00
1.435000000005518359e+02 3.372028706167708112e+00
1.440000000005613572e+02 3.425365964879602210e+00
1.445000000005708500e+02 3.685866373489867787e+00
1.450000000005803429e+02 3.732503190326784015e+00
1.455000000005898642e+02 3.524910985528648677e+00
1.460000000005993570e+02 3.397918179425897023e+00
1.465000000006088783e+02 3.700209793694033245e+00
1.470000000006183711e+02 3.286346118458029153e+00
1.475000000006278924e+02 3.552094967475949883e+00
1.480000000006373853e+02 3.483869077327299557e+00
1.485000000006468781e+02 3.825132969146085138e+00
1.490000000006563994e+02 3.436760170524550073e+00
1.495000000006658922e+02 3.843513994979187665e+00
1.500000000006754135e+02 3.528462844684682853e+00
1.505000000006849064e+02 3.726200248536208459e+00
1.510000000006944276e+02 3.333881512998220664e+00
1.515000000007039205e+02 3.768521981689214595e+00
1.520000000007134133e+02 3.766430312133456582e+00
1.525000000007229346e+02 3.708708469282802511e+00
1.530000000007324275e+02 3.753756174919387067e+00
1.535000000007419487e+02 4.049669276846408650e+00
1.540000000007514416e+02 3.174106333620743126e+00
1.545000000007609628e+02 3.884223242447205404e+00
1.550000000007704557e+02 3.484098609973054650e+00
1.555000000007799770e+02 3.893623811376329069e+00
1.560000000007894698e+02 3.696137668925204789e+00
1.565000000007989627e+02 3.548790206917562084e+00
1.570000000008084839e+02 3.703738164702699898e+00
1.575000000008179768e+02 3.630876381235158767e+00
1.580000000008274981e+02 3.399304299471091806e+00
1.585000000008369909e+02 3.714772167047301732e+00
1.590000000008465122e+02 3.797056645645361161e+00
1.595000000008560050e+02 3.353468003264319375e+00
1.600000000008654979e+02 3.561554540453701900e+00
1.605000000008750192e+02 3.646133090588045800e+00
1.610000000008845120e+02 3.613068482478300147e+00
1.615000000008940333e+02 3.820922948949131648e+00
1.620000000009035261e+02 3.806829364574873864e+00
1.625000000009130474e+02 3.393137701863042643e+00
1.630000000009225403e+02 3.437340616186070896e+00
1.635000000009320615e+02 3.561157417931188007e+00
1.640000000009415544e+02 3.389550708196374273e+00
1.645000000009510472e+02 3.954222882859887989e+00
1.650000000009605685e+02 3.699518108579775699e+00
1.655000000009700614e+02 3.505501644644097414e+00
1.660000000009795826e+02 3.583953357807813767e+00
1.665000000009890755e+02 3.518459084118680025e+00
1.670000000009985968e+02 3.821061769956886511e+00
1.675000000010080896e+02 3.364296730776255906e+00
1.680000000010175825e+02 3.996981659124043684e+00
1.685000000010271037e+02 4.081871973215991822e+00
1.690000000010365966e+02 3.421389993454732714e+00
1.695000000010461179e+02 3.446071033509911175e+00
1.700000000010556107e+02 3.689605085245203142e+00
1.705000000010651320e+02 3.728332456180750931e+00
1.710000000010746248e+02 3.431148210052930025e+00
1.715000000010841177e+02 3.550212386970004630e+00
1.720000000010936390e+02 3.430191745401714343e+00
1.725000000011031318e+02 3.438928483368342448e+00
1.730000000011126531e+02 3.330704109334734930e+00
1.735000000011221459e+02 3.558933369855851403e+00
1.740000000011316672e+02 3.510292994552047130e+00
1.745000000011411601e+02 3.403083082010694760e+00
1.750000000011506813e+02 3.563929223268963220e+00
1.755000000011601742e+02 3.609632574672411831e+00
1.760000000011696670e+02 3.626861386370040297e+00
1.765000000011791883e+02 3.579524740544588912e+00
1.770000000011886812e+02 3.295359839093496834e+00
1.775000000011982024e+02 3.749900010388888649e+00
1.780000000012076953e+02 3.193256886890080359e+00
1.785000000012172165e+02 3.669832231093601571e+00
1.790000000012267094e+02 3.451542944233748855e+00
1.795000000012362023e+02 3.749944889104185997e+00
1.800000000012457235e+02 3.508722103242161161e+00
1.805000000012552164e+02 3.657908106509110358e+00
1.810000000012647376e+02 3.386443397988672999e+00
1.815000000012742305e+02 3.501955873755388637e+00
1.820000000012837518e+02 3.427058534630228692e+00
1.825000000012932446e+02 3.472920776666234666e+00
1.830000000013027659e+02 3.363962876981689831e+00
1.835000000013122587e+02 3.795813589569362101e+00
1.840000000013217516e+02 3.255927200072172401e+00
1.845000000013312729e+02 3.916648892653587843e+00
1.850000000013407657e+02 3.488585868312704008e+00
1.855000000013502870e+02 3.558967026074873807e+00
1.860000000013597798e+02 3.243945276599407013e+00
1.865000000013693011e+02 3.854243047465862659e+00
1.870000000013787940e+02 3.421484382799772739e+00
1.875000000013882868e+02 3.636205140401760794e+00
1.880000000013978081e+02 3.230308873963013916e+00
1.885000000014073009e+02 3.724502766113597652e+00
1.890000000014168222e+02 3.387886958636568302e+00
1.895000000014263151e+02 3.555419695437929573e+00
1.900000000014358363e+02 3.279702808242048295e+00
1.905000000014453292e+02 3.390963950761124668e+00
1.910000000014548220e+02 4.070715336843326426e+00
1.915000000014643433e+02 3.223740637357558558e+00
1.920000000014738362e+02 4.045796504527338300e+00
1.925000000014833574e+02 3.217389287781725393e+00
1.930000000014928503e+02 4.047332471902995721e+00
1.935000000015023716e+02 3.477724555556306996e+00
1.940000000015118644e+02 3.549982295742636129e+00
1.945000000015213857e+02 3.500054694162641589e+00
1.950000000015308785e+02 3.515553698261449256e+00
1.955000000015403714e+02 3.561750447824611587e+00
1.960000000015498927e+02 3.983296497848372919e+00
1.965000000015593855e+02 3.163722439964152588e+00
1.970000000015689068e+02 3.619212103561222804e+00
1.975000000015783996e+02 3.582106187268858655e+00
1.980000000015879209e+02 3.905466101151192415e+00
1.985000000015974138e+02 3.318201576656503171e+00
1.990000000016069066e+02 3.705091699588154874e+00
1.995000000016164279e+02 3.741118746233073278e+00
2.000000000016259207e+02 3.595699161403822064e+00
2.005000000016354420e+02 3.735789407946398022e+00
2.010000000016449349e+02 3.398932197675474498e+00
2.015000000016544561e+02 3.649194954225205123e+00
2.020000000016639490e+02 3.471478001905983657e+00
2.025000000016734703e+02 3.614901629915151737e+00
2.030000000016789556e+02 3.702731295845988591e+00
2.035000000016659385e+02 3.890553843447914328e+00
2.040000000016529214e+02 3.370875597582694283e+00
2.045000000016398758e+02 4.023389295174958136e+00
2.050000000016268586e+02 3.175755797656528934e+00
2.055000000016138415e+02 3.989529475963700555e+00
2.060000000016008244e+02 3.566684914583740262e+00
2.065000000015878072e+02 3.574627332578297789e+00
2.070000000015747617e+02 3.631901700742111050e+00
2.075000000015617445e+02 3.511340070870453633e+00
2.080000000015487274e+02 3.529222375467611972e+00
2.085000000015357102e+02 3.539735204869506546e+00
2.090000000015226931e+02 3.426820803119931647e+00
2.095000000015096475e+02 3.557273963753290413e+00
2.100000000014966304e+02 3.752929246884063819e+00
2.105000000014836132e+02 3.490723960609038112e+00
2.110000000014705961e+02 3.819873832216009291e+00
2.115000000014575789e+02 3.455509617373414777e+00
2.120000000014445618e+02 3.669971754502169059e+00
2.125000000014315162e+02 3.484926982814476659e+00
2.130000000014184991e+02 3.629804464107843298e+00
2.135000000014054820e+02 3.593806337907007098e+00
2.140000000013924648e+02 3.369265836162872230e+00
2.145000000013794477e+02 3.499143931363207116e+00
2.150000000013664021e+02 3.650127031682459222e+00
2.155000000013533850e+02 3.498599055829053839e+00
2.160000000013403678e+02 3.466597900987316905e+00
2.165000000013273507e+02 3.786760501901433429e+00
2.170000000013143335e+02 3.103042548543592627e+00
2.175000000013013164e+02 3.871618771811913273e+00
2.180000000012882708e+02 3.303928067349906517e+00
2.185000000012752537e+02 3.307616961458676119e+00
2.190000000012622365e+02 3.458415789064818835e+00
2.195000000012492194e+02 3.631411358563093827e+00
2.200000000012362023e+02 3.666680800013271124e+00
2.205000000012231567e+02 3.831403068798175049e+00
2.210000000012101395e+02 3.469395945556106753e+00
2.215000000011971224e+02 4.203606861638525594e+00
2.220000000011841053e+02 3.417486313522151153e+00
2.225000000011710881e+02 3.411348365788463344e+00
2.230000000011580710e+02 3.953726142662591592e+00
2.235000000011450254e+02 4.041401541999262825e+00
2.240000000011320083e+02 3.448011567083315132e+00
2.245000000011189911e+02 3.275035927103361111e+00
2.250000000011059740e+02 3.864438051691216014e+00
2.255000000010929568e+02 3.243850979481620378e+00
2.260000000010799113e+02 3.650236160888897796e+00
2.265000000010668941e+02 3.519805899636362145e+00
2.270000000010538770e+02 3.646050643978242078e+00
2.275000000010408598e+02 3.233715078005056753e+00
2.280000000010278427e+02 3.691540880027941007e+00
2.285000000010148256e+02 3.329420146331745656e+00
2.290000000010017800e+02 3.879983010201696114e+00
2.295000000009887628e+02 3.141757746105089399e+00
2.300000000009757457e+02 4.157209817008673980e+00
2.305000000009627286e+02 3.621083935886036720e+00
2.310000000009497114e+02 3.317165937314934698e+00
2.315000000009366659e+02 3.737265839843734394e+00
2.320000000009236487e+02 3.580384169331207733e+00
2.325000000009106316e+02 3.989033508609105994e+00
2.330000000008976144e+02 3.127591454018134431e+00
2.335000000008845973e+02 3.785373109681158699e+00
2.340000000008715517e+02 3.340986850068053737e+00
2.345000000008585346e+02 3.650817415669794119e+00
2.350000000008455174e+02 3.444455938426261632e+00
2.355000000008325003e+02 3.656511159499372443e+00
2.360000000008194831e+02 3.542423177695591452e+00
2.365000000008064660e+02 3.363657779150917904e+00
2.370000000007934204e+02 3.303260322641643043e+00
2.375000000007804033e+02 3.655161668443008161e+00
2.380000000007673862e+02 3.209198775890762079e+00
2.385000000007543690e+02 3.883332616352975553e+00
2.390000000007413519e+02 3.127755427349416806e+00
2.395000000007283063e+02 4.072031823791602889e+00
2.400000000007152892e+02 3.075772897890586943e+00
2.405000000007022720e+02 4.046803299269855714e+00
2.410000000006892549e+02 3.500434263109937660e+00
2.415000000006762377e+02 3.691216910088610526e+00
2.420000000006632206e+02 3.709486981659364968e+00
2.425000000006501750e+02 3.726057948996003510e+00
2.430000000006371579e+02 3.663159836167390715e+00
2.435000000006241407e+02 3.585574484014893315e+00
2.440000000006111236e+02 3.649770815731918194e+00
2.445000000005981065e+02 3.620141996704945075e+00
2.450000000005850609e+02 3.247112353571055543e+00
2.455000000005720437e+02 3.698652378922879791e+00
2.460000000005590266e+02 3.449584582127909638e+00
2.465000000005460095e+02 3.414562058956741364e+00
2.470000000005329923e+02 3.601304404757860844e+00
2.475000000005199752e+02 3.505447167625104665e+00
2.480000000005069296e+02 3.630777422247154718e+00
2.485000000004939125e+02 3.565629044485692845e+00
2.490000000004808953e+02 3.845588865914799204e+00
2.495000000004678782e+02 2.906595626667674903e+00
2.500000000004548610e+02 4.200244719053144671e+00
2.505000000004418155e+02 3.519096899186149763e+00
2.510000000004287983e+02 3.961498759711060469e+00
2.515000000004157812e+02 3.052679672962747226e+00
2.520000000004027640e+02 3.838221048254549572e+00
2.525000000003897469e+02 3.837166265500117746e+00
2.530000000003767013e+02 3.506992190494738981e+00
2.535000000003636842e+02 3.389605863742073399e+00
2.540000000003506671e+02 3.749844948871675410e+00
2.545000000003376499e+02 3.614570531679527132e+00
2.550000000003246328e+02 3.849175988124949210e+00
2.555000000003116156e+02 3.831552470338983607e+00
2.560000000002985985e+02 3.856067275360747892e+00
2.565000000002855813e+02 3.938753068023096215e+00
2.570000000002725642e+02 3.360902738567160153e+00
2.575000000002594902e+02 3.974749471109721100e+00
2.580000000002464731e+02 3.406430171540125063e+00
2.585000000002334559e+02 3.832996789296325257e+00
2.590000000002204388e+02 3.433372161810986256e+00
2.595000000002074216e+02 3.644590616969090036e+00
2.600000000001944045e+02 3.883372111866920218e+00
2.605000000001813873e+02 3.333543858858816655e+00
2.610000000001683702e+02 3.648950978804106793e+00
2.615000000001553531e+02 3.427418522072640528e+00
2.620000000001423359e+02 3.442980511637984797e+00
2.625000000001292619e+02 3.780442409225491129e+00
2.630000000001162448e+02 3.174571220189603249e+00
2.635000000001032276e+02 3.966036742715844721e+00
2.640000000000902105e+02 3.436064207801652337e+00
2.645000000000771934e+02 3.905239287564638673e+00
2.650000000000641762e+02 3.465282622835959003e+00
2.655000000000511591e+02 3.673689073209849720e+00
2.660000000000381419e+02 3.492583736032972119e+00
2.665000000000251248e+02 3.651505812155127817e+00
2.670000000000121076e+02 3.509651733227137527e+00
2.674999999999990905e+02 3.683253278801516206e+00
2.679999999999860165e+02 3.661203229293999772e+00
2.684999999999729994e+02 3.239877014646237008e+00
2.689999999999599822e+02 3.868344542960878041e+00
2.694999999999469651e+02 3.473373377195870138e+00
2.699999999999339479e+02 3.532413713257061882e+00
2.704999999999209308e+02 3.515369628697296189e+00
2.709999999999079137e+02 3.656850887601892808e+00
2.714999999998948965e+02 3.500180830386824038e+00
2.719999999998818794e+02 3.769379508471442985e+00
2.724999999998688622e+02 3.403702038214082126e+00
2.729999999998558451e+02 3.384591004273978854e+00
2.734999999998427711e+02 3.443664620709300017e+00
2.739999999998297540e+02 3.531571649215011544e+00
2.744999999998167368e+02 3.557305227193392483e+00
2.749999999998037197e+02 3.354850714443531778e+00
2.754999999997907025e+02 3.603122330964589892e+00
2.759999999997776854e+02 3.671190235562656223e+00
2.764999999997646682e+02 3.246046824019065191e+00
2.769999999997516511e+02 3.727420488825849088e+00
2.774999999997386340e+02 3.415649596314379810e+00
2.779999999997256168e+02 3.686941819155336919e+00
2.784999999997125997e+02 3.760379204002012532e+00
2.789999999996995257e+02 3.150482208982803289e+00
2.794999999996865085e+02 3.746936225485576699e+00
2.799999999996734914e+02 3.370506525627519512e+00
2.804999999996604743e+02 3.679937644848767953e+00
2.809999999996474571e+02 3.536701715133447887e+00
2.814999999996344400e+02 3.572341488302734902e+00
2.819999999996214228e+02 3.525435622996745622e+00
2.824999999996084057e+02 3.709066482964213485e+00
2.829999999995953885e+02 3.661731670071894040e+00
2.834999999995823714e+02 3.634264994975201724e+00
2.839999999995693543e+02 3.516248726107281453e+00
2.844999999995562803e+02 3.271274088783525880e+00
2.849999999995432631e+02 3.469801437915654319e+00
2.854999999995302460e+02 3.627797631319909843e+00
2.859999999995172288e+02 3.553146618682959890e+00
2.864999999995042117e+02 3.555367528676694366e+00
2.869999999994911946e+02 3.737103590035403489e+00
2.874999999994781774e+02 3.445361469074742278e+00
2.879999999994651603e+02 3.895932312319080104e+00
2.884999999994521431e+02 3.110628179009352845e+00
2.889999999994391260e+02 3.503153065191065174e+00
2.894999999994261088e+02 3.595669200215275474e+00
2.899999999994130349e+02 3.424586767723614589e+00
2.904999999994000177e+02 3.562687588427208230e+00
2.909999999993870006e+02 3.607576119796284786e+00
2.914999999993739834e+02 3.628709681908047990e+00
2.919999999993609663e+02 3.776159442061595595e+00
2.924999999993479491e+02 3.509628920795401896e+00
2.929999999993349320e+02 3.517906754535335079e+00
2.934999999993219149e+02 3.287179607704684869e+00
2.939999999993088977e+02 3.745356761433913828e+00
2.944999999992958806e+02 3.164708620615873436e+00
2.949999999992828634e+02 3.865593015068376381e+00
2.954999999992697894e+02 3.362859918227258049e+00
2.959999999992567723e+02 3.693434464353671842e+00
2.964999999992437552e+02 3.486632934669573025e+00
2.969999999992307380e+02 3.714687645283016426e+00
2.974999999992177209e+02 3.253462024996980784e+00
2.979999999992047037e+02 3.306738319293170303e+00
2.984999999991916866e+02 3.578137857469477989e+00
2.989999999991786694e+02 3.686166820130270416e+00
2.994999999991656523e+02 3.561705725942430956e+00
2.999999999991526352e+02 3.416134979119997972e+00
3.004999999991396180e+02 3.757822104243506267e+00
3.009999999991265440e+02 3.753677341428311554e+00
3.014999999991135269e+02 3.301726423725545700e+00
3.019999999991005097e+02 3.683607756431269920e+00
3.024999999990874926e+02 3.829607055788371905e+00
3.029999999990744755e+02 3.521504814674937034e+00
3.034999999990614583e+02 3.589344138699174902e+00
3.039999999990484412e+02 3.395362479835145830e+00
3.044999999990354240e+02 3.617192950811660257e+00
3.049999999990224069e+02 3.514607116133404041e+00
3.054999999990093897e+02 3.888440246234929010e+00
3.059999999989963158e+02 3.078069821235104087e+00
3.064999999989832986e+02 3.883000456476811024e+00
3.069999999989702815e+02 3.550258091101092806e+00
3.074999999989572643e+02 3.756844842799210049e+00
3.079999999989442472e+02 3.441629598726221317e+00
3.084999999989312300e+02 3.551084759171081018e+00
3.089999999989182129e+02 3.566258909396599730e+00
3.094999999989051958e+02 3.358954639933068975e+00
3.099999999988921786e+02 3.374968558190836632e+00
3.104999999988791615e+02 3.706118986927405601e+00
3.109999999988661443e+02 3.403608177904775545e+00
3.114999999988530703e+02 3.738335160729098217e+00
3.119999999988400532e+02 3.407008388904678498e+00
3.124999999988270361e+02 3.807424406849725163e+00
3.129999999988140189e+02 3.326852652392953580e+00
3.134999999988010018e+02 3.722826617902900370e+00
3.139999999987879846e+02 3.372933897704804895e+00
3.144999999987749675e+02 3.982600848738921062e+00
3.149999999987619503e+02 3.242475356287519705e+00
3.154999999987489332e+02 3.741601951679550897e+00
3.159999999987359161e+02 3.289558877236039347e+00
3.164999999987228989e+02 3.696315496688226787e+00
3.169999999987098249e+02 3.407303197774124826e+00
3.174999999986968078e+02 3.369050337447772492e+00
3.179999999986837906e+02 3.876075673350217521e+00
3.184999999986707735e+02 3.515180025113123552e+00
3.189999999986577564e+02 3.668254913998163946e+00
3.194999999986447392e+02 3.576824840125008453e+00
3.199999999986317221e+02 3.464052703542500389e+00
3.204999999986187049e+02 3.772314305190088479e+00
3.209999999986056878e+02 3.417864968479812582e+00
3.214999999985926706e+02 4.025954824451368985e+00
3.219999999985796535e+02 3.371685445116606950e+00
3.224999999985665795e+02 3.573540162930839870e+00
3.229999999985535624e+02 3.593519794897988007e+00
3.234999999985405452e+02 3.051691393905039629e+00
3.239999999985275281e+02 3.875159189496635737e+00
3.244999999985145109e+02 3.536965824966079364e+00
3.249999999985014938e+02 3.819235411114639156e+00
3.254999999984884766e+02 3.712109203719262229e+00
3.259999999984754595e+02 3.464007186927449133e+00
3.264999999984624424e+02 3.566211288019296877e+00
3.269999999984494252e+02 3.652837028665314900e+00
3.274999999984364081e+02 3.475491277566197912e+00
3.279999999984233341e+02 3.754630380524727418e+00
3.284999999984103169e+02 3.271606554722730209e+00
3.289999999983972998e+02 3.909889545224276119e+00
3.294999999983842827e+02 3.698658723705772200e+00
3.299999999983712655e+02 3.453452275710685804e+00
3.304999999983582484e+02 3.737270215542227270e+00
3.309999999983452312e+02 3.249440244769281616e+00
3.314999999983322141e+02 3.723787636097543707e+00
3.319999999983191969e+02 3.579134430497551644e+00
3.324999999983061798e+02 3.742185868891497513e+00
3.329999999982931627e+02 3.683523862018927009e+00
3.334999999982800887e+02 3.630556847036510160e+00
3.339999999982670715e+02 3.950487254844509355e+00
3.344999999982540544e+02 3.286945160141623745e+00
3.349999999982410372e+02 3.691748280731797838e+00
3.354999999982280201e+02 3.249308498141346035e+00
3.359999999982150030e+02 4.022836294293128390e+00
3.364999999982019858e+02 3.606939272826888310e+00
3.369999999981889687e+02 3.647585064563208856e+00
3.374999999981759515e+02 3.341288747791711256e+00
3.379999999981629344e+02 3.877759585869543724e+00
3.384999999981499172e+02 3.259721052868683522e+00
3.389999999981368433e+02 3.807092511176226601e+00
3.394999999981238261e+02 3.318954480962070352e+00
3.399999999981108090e+02 3.571880175794656775e+00
3.404999999980977918e+02 3.453830983074088312e+00
3.409999999980847747e+02 3.666795710082350723e+00
3.414999999980717575e+02 3.573310725906665652e+00
3.419999999980587404e+02 3.535582391810538461e+00
3.424999999980457233e+02 3.409447757194878914e+00
3.429999999980327061e+02 3.767294957638597452e+00
3.434999999980196890e+02 3.405579737055006717e+00
3.439999999980066718e+02 3.505503937944313808e+00
3.444999999979935978e+02 3.736050547162222291e+00
3.449999999979805807e+02 3.177290587757283014e+00
3.454999999979675636e+02 4.186616581610312693e+00
3.459999999979545464e+02 2.926676211519215087e+00
3.464999999979415293e+02 3.966116621198325198e+00
3.469999999979285121e+02 3.176114897870552234e+00
3.474999999979154950e+02 3.871738563499821595e+00
3.479999999979024778e+02 3.318522497979549346e+00
3.484999999978894607e+02 3.862195443951513152e+00
3.489999999978764436e+02 3.172556234066747471e+00
3.494999999978633696e+02 3.554896635818431960e+00
3.499999999978503524e+02 3.389940789426732604e+00
3.504999999978373353e+02 3.508887296330573502e+00
3.509999999978243181e+02 3.437300166752100594e+00
3.514999999978113010e+02 3.611738283791030124e+00
3.519999999977982839e+02 3.686036070621206751e+00
3.524999999977852667e+02 3.061539300515762729e+00
3.529999999977722496e+02 4.095647707596315357e+00
3.534999999977592324e+02 3.577987274590666456e+00
3.539999999977462153e+02 3.549915922435536331e+00
3.544999999977331981e+02 3.542692093816731003e+00
3.549999999977201242e+02 3.474596410305111238e+00
3.554999999977071070e+02 3.617879951110257508e+00
3.559999999976940899e+02 3.546093548302601040e+00
3.564999999976810727e+02 3.994613845921680895e+00
3.569999999976680556e+02 3.518150197084212838e+00
3.574999999976550384e+02 3.951825588736380013e+00
3.579999999976420213e+02 3.333896896338825133e+00
3.584999999976290042e+02 3.523399725068175670e+00
3.589999999976159870e+02 3.241131418780550888e+00
3.594999999976029699e+02 3.850614800482392130e+00
3.599999999975899527e+02 3.619994735858044876e+00
3.604999999975768787e+02 3.597012445566897476e+00
3.609999999975638616e+02 3.517755338797658116e+00
3.614999999975508445e+02 3.663986839653843752e+00
3.619999999975378273e+02 3.331605196475379227e+00
3.624999999975248102e+02 3.567810184014899910e+00
3.629999999975117930e+02 3.496147432481349959e+00
3.634999999974987759e+02 3.631895113957075427e+00
3.639999999974857587e+02 3.310810476116989864e+00
3.644999999974727416e+02 3.771274907687291122e+00
3.649999999974597245e+02 3.453762577845892690e+00
3.654999999974467073e+02 3.614389210196927493e+00
3.659999999974336333e+02 3.893802065088090902e+00
3.664999999974206162e+02 3.611118934311651874e+00
3.669999999974075990e+02 3.359511756012422357e+00
3.674999999973945819e+02 3.802171282372350358e+00
3.679999999973815648e+02 3.075238618773278532e+00
3.684999999973685476e+02 3.862323291916868850e+00
3.689999999973555305e+02 3.139823042239763939e+00
3.694999999973425133e+02 3.532138275071401878e+00
3.699999999973294962e+02 3.501922390742731483e+00
3.704999999973164790e+02 3.396737100828699507e+00
3.709999999973034619e+02 3.669827761352799200e+00
3.714999999972903879e+02 3.720417524158724287e+00
3.719999999972773708e+02 3.128485256111956492e+00
3.724999999972643536e+02 3.841355686444514639e+00
3.729999999972513365e+02 3.139084895883300419e+00
3.734999999972383193e+02 3.554353421866800922e+00
3.739999999972253022e+02 3.813305195528873703e+00
3.744999999972122851e+02 3.262314273542089360e+00
3.749999999971992679e+02 3.858959135500419357e+00
3.754999999971862508e+02 3.527508694482250462e+00
3.759999999971732336e+02 3.651213759209584353e+00
3.764999999971602165e+02 3.381633515344874663e+00
3.769999999971471425e+02 3.959691593251313702e+00
3.774999999971341254e+02 3.414530963738545033e+00
3.779999999971211082e+02 3.535372531952867714e+00
3.784999999971080911e+02 3.482560743676452741e+00
3.789999999970950739e+02 3.506330197106094726e+00
3.794999999970820568e+02 3.833643772721675891e+00
3.799999999970690396e+02 3.526070589601922656e+00
3.804999999970560225e+02 3.908090252561320810e+00
3.809999999970430054e+02 3.065368906819602834e+00
3.814999999970299882e+02 3.674304837208915764e+00
3.819999999970169711e+02 3.588902877266550107e+00
3.824999999970038971e+02 3.827676795868557580e+00
3.829999999969908799e+02 3.765190735250198095e+00
3.834999999969778628e+02 3.661953706112263784e+00
3.839999999969648456e+02 3.475679180737326401e+00
3.844999999969518285e+02 3.467342286215764346e+00
3.849999999969388114e+02 3.489908713183001776e+00
3.854999999969257942e+02 3.512525930925776585e+00
3.859999999969127771e+02 3.545417410772889522e+00
3.864999999968997599e+02 3.638040772629467678e+00
3.869999999968867428e+02 3.902087468474734422e+00
3.874999999968737256e+02 3.195370600518975035e+00
3.879999999968606517e+02 4.071953135973143567e+00
3.884999999968476345e+02 3.288331696980116181e+00
3.889999999968346174e+02 3.967405579136478178e+00
3.894999999968216002e+02 3.755611927178965193e+00
3.899999999968085831e+02 4.257789522681898475e+00
3.904999999967955659e+02 3.142877261581300097e+00
3.909999999967825488e+02 3.846027092673106829e+00
3.914999999967695317e+02 3.820189969431972976e+00
3.919999999967565145e+02 3.413337758417500201e+00
3.924999999967434974e+02 3.544999707659544974e+00
3.929999999967304234e+02 3.506202283900516026e+00
3.934999999967174062e+02 3.598840083658827460e+00
3.939999999967043891e+02 3.650008186598491022e+00
3.944999999966913720e+02 3.684325144908740857e+00
3.949999999966783548e+02 3.517130016971821149e+00
3.954999999966653377e+02 3.387121931838837252e+00
3.959999999966523205e+02 4.035825152589684883e+00
3.964999999966393034e+02 3.101724360251135959e+00
3.969999999966262862e+02 3.770401919272482694e+00
3.974999999966132691e+02 3.309679407546655128e+00
3.979999999966002520e+02 3.466931777664930880e+00
3.984999999965871780e+02 3.511228506566513641e+00
3.989999999965741608e+02 3.747857917154703955e+00
3.994999999965611437e+02 3.418599389778532949e+00
3.999999999965481265e+02 3.448462708384096409e+00
4.004999999965351094e+02 3.356843159857216818e+00
4.009999999965220923e+02 3.431573464378875116e+00
4.014999999965090751e+02 3.488906155289585254e+00
4.019999999964960580e+02 3.524536951018480746e+00
4.024999999964830408e+02 3.482661234418299223e+00
4.029999999964700237e+02 3.786153027049067532e+00
4.034999999964570065e+02 3.558061459077669575e+00
4.039999999964439326e+02 3.387888353376695694e+00
4.044999999964309154e+02 3.914816412466577411e+00
4.049999999964178983e+02 3.387182530952765891e+00
4.054999999964048811e+02 3.413781462243707043e+00
4.059999999964079507e+02 3.314849980702193832e+00
4.064999999964400104e+02 3.464116882590231317e+00
4.069999999964720132e+02 3.473088693247461389e+00
4.074999999965040729e+02 3.464387040145803454e+00
4.079999999965360757e+02 3.471711210952005633e+00
4.084999999965681354e+02 3.390082647162988128e+00
4.089999999966001383e+02 3.806507330161570390e+00
4.094999999966321980e+02 3.445345111001865579e+00
4.099999999966642008e+02 3.428947416556251682e+00
4.104999999966962605e+02 3.862293949585329234e+00
4.109999999967282633e+02 3.311194757004232159e+00
4.114999999967603230e+02 3.832632408040713479e+00
4.119999999967923259e+02 3.097575488994059878e+00
4.124999999968243856e+02 3.766764385041360352e+00
4.129999999968563884e+02 3.379636115152582665e+00
4.134999999968884481e+02 3.567951744517341872e+00
4.139999999969205078e+02 3.242283908712380480e+00
4.144999999969525106e+02 3.715789967671441207e+00
4.149999999969845703e+02 3.230585040299526867e+00
4.154999999970165732e+02 3.963415173396298563e+00
4.159999999970486328e+02 3.354103810931530649e+00
4.164999999970806357e+02 3.899931891903620329e+00
4.169999999971126954e+02 3.277648397285147563e+00
4.174999999971446982e+02 3.742850238602511315e+00
4.179999999971767579e+02 3.397068686516063085e+00
4.184999999972087608e+02 4.038254404424062471e+00
4.189999999972408204e+02 3.629101388347927060e+00
4.194999999972728233e+02 3.775411896605652906e+00
4.199999999973048830e+02 3.301339595552854611e+00
4.204999999973368858e+02 3.750624639658831416e+00
4.209999999973689455e+02 3.627447369795957055e+00
4.214999999974009484e+02 3.825582206655109285e+00
4.219999999974330080e+02 3.300291935550141886e+00
4.224999999974650109e+02 3.787570948968332463e+00
4.229999999974970706e+02 3.385033462679517324e+00
4.234999999975291303e+02 3.676992005970277422e+00
4.239999999975611331e+02 3.250652170581528111e+00
4.244999999975931928e+02 3.669611219405975788e+00
4.249999999976251956e+02 3.759292456741043953e+00
4.254999999976572553e+02 3.413502513708003949e+00
4.259999999976892582e+02 3.450968142785387105e+00
4.264999999977213179e+02 3.385403066125031390e+00
4.269999999977533207e+02 3.602062530660552486e+00
4.274999999977853804e+02 3.558324634976476553e+00
4.279999999978173832e+02 3.375027746740612677e+00
4.284999999978494429e+02 3.515869506095107511e+00
4.289999999978814458e+02 3.002056789883675414e+00
4.294999999979135055e+02 3.802886778269633616e+00
4.299999999979455083e+02 3.581241806556179519e+00
4.304999999979775680e+02 3.471533668797823768e+00
4.309999999980095708e+02 3.676729262517437480e+00
4.314999999980416305e+02 3.454922071943339557e+00
4.319999999980736902e+02 3.555341797809022708e+00
4.324999999981056931e+02 3.536792650266535443e+00
4.329999999981377528e+02 3.551999116348648400e+00
4.334999999981697556e+02 3.562359273888750621e+00
4.339999999982018153e+02 3.670279430061462733e+00
4.344999999982338181e+02 3.814690184952856278e+00
4.349999999982658778e+02 3.567603840646490720e+00
4.354999999982978807e+02 3.585409222796339890e+00
4.359999999983299404e+02 3.492166824390319224e+00
4.364999999983619432e+02 3.564796453971660117e+00
4.369999999983940029e+02 3.579976871064960431e+00
4.374999999984260057e+02 3.356305159068323274e+00
4.379999999984580654e+02 3.801732112393908292e+00
4.384999999984900683e+02 3.312287590502998924e+00
4.389999999985221280e+02 3.461025604207511375e+00
4.394999999985541308e+02 3.690664673186529132e+00
4.399999999985861905e+02 3.013826915650881677e+00
4.404999999986182502e+02 3.849857239106391216e+00
4.409999999986502530e+02 3.420268660305046282e+00
4.414999999986823127e+02 3.314440938567010164e+00
4.419999999987143156e+02 3.392384765158210413e+00
4.424999999987463752e+02 3.398750735887690944e+00
4.429999999987783781e+02 3.606528544207569187e+00
4.434999999988104378e+02 3.667907725322233414e+00
4.439999999988424406e+02 3.496268313827498808e+00
4.444999999988745003e+02 3.648442020264047070e+00
4.449999999989065032e+02 3.553637291680538102e+00
4.454999999989385628e+02 3.129902003825095314e+00
4.459999999989705657e+02 3.759072337529709262e+00
4.464999999990026254e+02 3.442902624713050308e+00
4.469999999990346282e+02 3.607694607567160983e+00
4.474999999990666879e+02 3.505923017407322373e+00
4.479999999990986908e+02 3.724165998974136471e+00
4.484999999991307504e+02 3.519742645289982708e+00
4.489999999991627533e+02 3.674341317235016113e+00
4.494999999991948130e+02 3.713932495196762940e+00
4.499999999992268727e+02 3.443999849344047792e+00
4.504999999992588755e+02 3.492272208018790458e+00
4.509999999992909352e+02 3.578914222445537696e+00
4.514999999993229380e+02 3.278952672598194784e+00
4.519999999993549977e+02 3.429746978659110379e+00
4.524999999993870006e+02 3.452842717382108351e+00
4.529999999994190603e+02 3.867381319729248368e+00
4.534999999994510631e+02 3.447760041494735361e+00
4.539999999994831228e+02 3.442060200477490284e+00
4.544999999995151256e+02 3.506301443341451662e+00
4.549999999995471853e+02 3.504712005902811622e+00
4.554999999995791882e+02 3.368210073130921245e+00
4.559999999996112479e+02 3.744591495711344642e+00
4.564999999996432507e+02 3.623961472322624999e+00
4.569999999996753104e+02 3.547178768253291370e+00
4.574999999997073132e+02 3.927816911828340363e+00
4.579999999997393729e+02 3.304251671789273370e+00
4.584999999997714326e+02 3.638428808986747587e+00
4.589999999998034355e+02 3.158844880645240494e+00
4.594999999998354951e+02 4.072231185886635352e+00
4.599999999998674980e+02 3.095618633472104086e+00
4.604999999998995577e+02 3.787813103709833484e+00
4.609999999999315605e+02 3.096903547060035677e+00
4.614999999999636202e+02 3.694056295932837575e+00
4.619999999999956231e+02 3.199912586470476494e+00
4.625000000000276827e+02 3.902414235625343508e+00
4.630000000000596856e+02 3.273680240456212420e+00
4.635000000000917453e+02 3.810354036596458993e+00
4.640000000001237481e+02 2.966113794926828806e+00
4.645000000001558078e+02 3.993694277730308606e+00
4.650000000001878107e+02 3.404826485968860617e+00
4.655000000002198703e+02 3.408109844419111134e+00
4.660000000002518732e+02 4.132830597980207799e+00
4.665000000002839329e+02 3.459290053806526100e+00
4.670000000003159357e+02 3.737503106776650430e+00
4.675000000003479954e+02 3.734940320553145732e+00
4.680000000003800551e+02 3.520822012528473266e+00
4.685000000004120579e+02 3.342068053910099756e+00
4.690000000004441176e+02 3.540719693548806113e+00
4.695000000004761205e+02 3.597239376517644249e+00
4.700000000005081802e+02 3.367399919414344911e+00
4.705000000005401830e+02 3.631872675731655065e+00
4.710000000005722427e+02 3.475511910845461738e+00
4.715000000006042455e+02 3.391624737649106880e+00
4.720000000006363052e+02 3.406101597314913132e+00
4.725000000006683081e+02 3.466347443401601947e+00
4.730000000007003678e+02 3.805835162119729276e+00
4.735000000007323706e+02 3.407718676753677567e+00
4.740000000007644303e+02 4.038192649796967792e+00
4.745000000007964331e+02 3.492199226006489798e+00
4.750000000008284928e+02 3.618466948754359702e+00
4.755000000008604957e+02 3.569978073425477572e+00
4.760000000008925554e+02 3.777975672006331997e+00
4.765000000009246151e+02 3.835872482370497938e+00
4.770000000009566179e+02 3.412832022772780416e+00
4.775000000009886776e+02 3.451791177493206852e+00
4.780000000010206804e+02 3.586375605631400454e+00
4.785000000010527401e+02 3.617791372267075367e+00
4.790000000010847430e+02 3.660004313989167812e+00
4.795000000011168027e+02 3.410657817437978689e+00
4.800000000011488055e+02 3.692395153063803726e+00
4.805000000011808652e+02 3.525155319701299916e+00
4.810000000012128680e+02 3.681019493055933456e+00
4.815000000012449277e+02 3.898887378616727073e+00
4.820000000012769306e+02 3.624175944725232856e+00
4.825000000013089902e+02 4.013014062034619300e+00
4.830000000013409931e+02 3.631975202094244626e+00
4.835000000013730528e+02 3.691983742269068447e+00
4.840000000014050556e+02 3.471227389311962952e+00
4.845000000014371153e+02 3.789946779166153856e+00
4.850000000014691750e+02 3.577917620961640122e+00
4.855000000015011778e+02 3.609881714205088521e+00
4.860000000015332375e+02 4.158516822755507825e+00
4.865000000015652404e+02 3.112841798139279081e+00
4.870000000015973001e+02 3.892022330685869669e+00
4.875000000016293029e+02 3.495600736167947975e+00
4.880000000016613626e+02 4.381257322878066240e+00
4.885000000016933654e+02 3.061749396236596699e+00
4.890000000017254251e+02 3.794897413997451174e+00
4.895000000017574280e+02 3.559157516564640744e+00
4.900000000017894877e+02 3.544460377434404563e+00
4.905000000018214905e+02 3.381202204682037582e+00
4.910000000018535502e+02 3.811688344689289742e+00
4.915000000018855530e+02 3.424927944641086963e+00
4.920000000019176127e+02 3.558456975534470601e+00
4.925000000019496156e+02 3.758313373427443871e+00
4.930000000019816753e+02 3.507461361893412732e+00
4.935000000020136781e+02 3.364187913114250250e+00
4.940000000020457378e+02 3.896075864765005559e+00
4.945000000020777975e+02 3.623091951847460024e+00
4.950000000021098003e+02 3.499454671898233116e+00
4.955000000021418600e+02 3.633648167425146180e+00
4.960000000021738629e+02 3.653533165441184227e+00
4.965000000022059226e+02 3.313453057003040936e+00
4.970000000022379254e+02 3.551022653572258658e+00
4.975000000022699851e+02 3.339331845151355616e+00
4.980000000023019879e+02 3.407911591035524435e+00
4.985000000023340476e+02 3.398915477467668200e+00
4.990000000023660505e+02 3.394118270768714751e+00
4.995000000023981102e+02 3.560096522600774360e+00
5.000000000024301130e+02 3.568046359605350215e+00
5.005000000024621727e+02 3.410252704787614775e+00
5.010000000024941755e+02 3.591766306245457230e+00
5.015000000025262352e+02 3.122824627372602357e+00
5.020000000025582381e+02 4.011958860712525166e+00
5.025000000025902978e+02 3.219674416827240648e+00
5.030000000026223574e+02 3.740110316785590250e+00
5.035000000026543603e+02 3.646396762366293842e+00
5.040000000026864200e+02 3.813230154628611146e+00
5.045000000027184228e+02 3.542411590005086985e+00
5.050000000027504825e+02 3.439956843587649082e+00
5.055000000027824854e+02 3.601310838391406310e+00
5.060000000028145450e+02 3.829464581015074476e+00
5.065000000028465479e+02 3.238260016568326183e+00
5.070000000028786076e+02 3.748817786918390293e+00
5.075000000029106104e+02 3.544041191363926036e+00
5.080000000029426701e+02 3.551601312490074491e+00
5.085000000029746730e+02 3.494483863186761852e+00
5.090000000030067326e+02 3.609622994283940400e+00
5.095000000030387355e+02 3.619686756065770616e+00
5.100000000030707952e+02 3.739857778211670425e+00
5.105000000031027980e+02 4.129761201959847305e+00
5.110000000031348577e+02 3.806342523751965690e+00
5.115000000031668606e+02 3.651921167030032667e+00
5.120000000031989202e+02 3.863812182570476761e+00
5.125000000032309799e+02 3.076920780713812142e+00
5.130000000032630396e+02 3.746840561325650132e+00
5.135000000032949856e+02 3.364435587795742588e+00
5.140000000033270453e+02 3.875800362990516668e+00
5.145000000033591050e+02 3.492332140435082444e+00
5.150000000033911647e+02 3.709120833363632741e+00
5.155000000034231107e+02 3.403408422519887733e+00
5.160000000034551704e+02 3.321261660033887342e+00
5.165000000034872301e+02 3.588495251687738641e+00
5.170000000035192897e+02 3.628020764108616181e+00
5.175000000035512357e+02 3.519894986358835798e+00
5.180000000035832954e+02 3.978486924771844180e+00
5.185000000036153551e+02 3.667253475297431287e+00
5.190000000036474148e+02 3.653176572062589500e+00
5.195000000036793608e+02 3.460015336134703912e+00
5.200000000037114205e+02 3.188243291997479467e+00
5.205000000037434802e+02 3.685951022876147398e+00
5.210000000037755399e+02 3.472969374798568598e+00
5.215000000038075996e+02 3.444804396131268209e+00
5.220000000038395456e+02 3.451625773745254921e+00
5.225000000038716053e+02 3.319394153685764071e+00
5.230000000039036649e+02 3.387616221921942117e+00
5.235000000039357246e+02 3.472269064062843746e+00
5.240000000039676706e+02 3.214417884884033683e+00
5.245000000039997303e+02 3.688252145355529699e+00
5.250000000040317900e+02 3.263609901081416798e+00
5.255000000040638497e+02 3.553599028185934650e+00
5.260000000040957957e+02 3.536661954525379681e+00
5.265000000041278554e+02 3.504995026503483047e+00
5.270000000041599151e+02 3.571649051525034313e+00
5.275000000041919748e+02 3.632045909095052760e+00
5.280000000042239208e+02 3.558079107565010446e+00
5.285000000042559805e+02 3.565575788868372342e+00
5.290000000042880401e+02 3.393144435973885820e+00
5.295000000043200998e+02 3.404299762765785609e+00
5.300000000043521595e+02 3.465422401522350704e+00
5.305000000043841055e+02 3.660846912609995840e+00
5.310000000044161652e+02 3.478951134597310979e+00
5.315000000044482249e+02 3.583336727185452375e+00
5.320000000044802846e+02 3.340417872792572851e+00
5.325000000045122306e+02 3.426972275676924085e+00
5.330000000045442903e+02 3.471351952719366363e+00
5.335000000045763500e+02 3.387391102088455064e+00
5.340000000046084097e+02 3.599108669023593166e+00
5.345000000046403557e+02 3.272790045884144572e+00
5.350000000046724153e+02 3.813193742832254873e+00
5.355000000047044750e+02 3.494879756684038163e+00
5.360000000047365347e+02 3.743634409258091544e+00
5.365000000047684807e+02 3.622621124253899705e+00
5.370000000048005404e+02 3.296544129584947580e+00
5.375000000048326001e+02 3.657619546687735035e+00
5.380000000048646598e+02 3.738854574665655850e+00
5.385000000048967195e+02 3.571024644042132934e+00
5.390000000049286655e+02 3.484260608022876848e+00
5.395000000049607252e+02 3.603636311673723114e+00
5.400000000049927849e+02 3.506667492201603675e+00
5.405000000050248445e+02 3.524517499416473854e+00
5.410000000050567905e+02 3.587793521595000090e+00
5.415000000050888502e+02 3.521919703751091646e+00
5.420000000051209099e+02 3.476386903891671043e+00
5.425000000051529696e+02 3.404729219734783818e+00
5.430000000051849156e+02 3.451201415642097814e+00
5.435000000052169753e+02 3.798613926923628981e+00
5.440000000052490350e+02 3.427569849681745495e+00
5.445000000052810947e+02 3.613609299122915619e+00
5.450000000053130407e+02 3.537952328583110262e+00
5.455000000053451004e+02 3.499764497691809861e+00
5.460000000053771601e+02 3.534806463169155144e+00
5.465000000054092197e+02 3.447306495322418396e+00
5.470000000054411657e+02 3.849396773450986853e+00
5.475000000054732254e+02 3.328733863208817922e+00
5.480000000055052851e+02 3.732870095876332339e+00
5.485000000055373448e+02 3.472170577131597380e+00
5.490000000055694045e+02 4.010915851543998656e+00
5.495000000056013505e+02 3.458633314408399162e+00
5.500000000056334102e+02 3.669781061619650675e+00
5.505000000056654699e+02 3.349283579471733496e+00
5.510000000056975296e+02 3.680730058429416029e+00
5.515000000057294756e+02 3.389396519059637569e+00
5.520000000057615352e+02 3.745985931470689145e+00
5.525000000057935949e+02 3.364165311409604175e+00
5.530000000058256546e+02 4.139036943992548068e+00
5.535000000058576006e+02 3.327308915683657720e+00
5.540000000058896603e+02 3.885412675430369056e+00
5.545000000059217200e+02 3.620383586041775903e+00
5.550000000059537797e+02 3.394406405664406101e+00
5.555000000059857257e+02 3.505609638143536433e+00
5.560000000060177854e+02 3.335877917989596320e+00
5.565000000060498451e+02 3.757317654995516065e+00
5.570000000060819048e+02 3.681048691503782333e+00
5.575000000061139644e+02 3.680568238740793863e+00
5.580000000061459104e+02 3.005259830622282191e+00
5.585000000061779701e+02 4.163235607597812304e+00
5.590000000062100298e+02 3.595488948179444311e+00
5.595000000062420895e+02 3.262869260914016856e+00
5.600000000062740355e+02 3.730335344436456868e+00
5.605000000063060952e+02 3.867829388413302816e+00
5.610000000063381549e+02 4.041213550023297962e+00
5.615000000063702146e+02 3.256545950868516393e+00
5.620000000064021606e+02 3.888466501158246658e+00
5.625000000064342203e+02 3.398074435722390430e+00
5.630000000064662800e+02 3.393222754982772038e+00
5.635000000064983396e+02 3.666441928671712258e+00
5.640000000065302856e+02 3.543620470678526146e+00
5.645000000065623453e+02 3.571897568681806412e+00
5.650000000065944050e+02 3.723702671197313574e+00
5.655000000066264647e+02 3.714897094735476468e+00
5.660000000066585244e+02 3.578920395454611825e+00
5.665000000066904704e+02 3.675685048709056435e+00
5.670000000067225301e+02 3.433029304933066683e+00
5.675000000067545898e+02 3.654505813641014900e+00
5.680000000067866495e+02 3.428133894358782907e+00
5.685000000068185955e+02 3.454665671768140989e+00
5.690000000068506552e+02 3.812827207487081704e+00
5.695000000068827148e+02 3.078997209236438160e+00
5.700000000069147745e+02 3.596822334609004468e+00
5.705000000069467205e+02 3.363671527921115789e+00
5.710000000069787802e+02 3.626035218312905872e+00
5.715000000070108399e+02 3.594522591481775109e+00
5.720000000070428996e+02 3.615039515487386890e+00
5.725000000070748456e+02 3.562852695406220516e+00
5.730000000071069053e+02 3.385501541574272633e+00
5.735000000071389650e+02 3.723126714143898841e+00
5.740000000071710247e+02 3.654270841712243811e+00
5.745000000072030844e+02 4.137538592801387693e+00
5.750000000072350304e+02 3.217682362769647142e+00
5.755000000072670900e+02 3.764170807929815066e+00
5.760000000072991497e+02 3.233963389486063988e+00
5.765000000073312094e+02 3.496711635948307251e+00
5.770000000073631554e+02 3.813006285078829549e+00
5.775000000073952151e+02 3.611172617259611251e+00
5.780000000074272748e+02 3.408400032617964204e+00
5.785000000074593345e+02 3.503004637885350103e+00
5.790000000074912805e+02 4.078777265504004212e+00
5.795000000075233402e+02 3.505586658433794245e+00
5.800000000075553999e+02 3.613392621469230903e+00
5.805000000075874595e+02 4.005859087735812452e+00
5.810000000076194056e+02 3.517878816387431939e+00
5.815000000076514652e+02 4.231379440456378482e+00
5.820000000076835249e+02 3.400737969967319696e+00
5.825000000077155846e+02 3.922289299366803927e+00
5.830000000077476443e+02 3.786008938880962127e+00
5.835000000077795903e+02 3.434973866459635428e+00
5.840000000078116500e+02 3.684221739281266395e+00
5.845000000078437097e+02 3.735942798039780577e+00
5.850000000078757694e+02 3.616204003346069396e+00
5.855000000079077154e+02 3.385307213980401908e+00
5.860000000079397751e+02 3.924199221583293262e+00
5.865000000079718347e+02 3.281392361299572347e+00
5.870000000080038944e+02 3.661954717143565130e+00
5.875000000080358404e+02 3.433528029331282649e+00
5.880000000080679001e+02 3.515673721611143332e+00
5.885000000080999598e+02 3.537976157355152917e+00
5.890000000081320195e+02 3.581773512027184303e+00
5.895000000081639655e+02 3.676933381839496473e+00
5.900000000081960252e+02 3.440525134167547350e+00
5.905000000082280849e+02 3.624249918857386010e+00
5.910000000082601446e+02 3.768991264184978540e+00
5.915000000082920906e+02 3.597592954765628903e+00
5.920000000083241503e+02 3.634786451280994424e+00
5.925000000083562099e+02 3.534680042031554503e+00
5.930000000083882696e+02 3.694559730038273759e+00
5.935000000084203293e+02 3.633798674354173919e+00
5.940000000084522753e+02 3.638322658397416198e+00
5.945000000084843350e+02 3.783472305919846956e+00
5.950000000085163947e+02 3.423188470600578626e+00
5.955000000085484544e+02 3.642089430615055967e+00
5.960000000085804004e+02 3.462331764016804314e+00
5.965000000086124601e+02 3.641274204926391089e+00
5.970000000086445198e+02 3.175759863476440348e+00
5.975000000086765795e+02 3.641080538428898006e+00
5.980000000087085255e+02 3.584696728965909962e+00
5.985000000087405851e+02 3.314385419459321636e+00
5.990000000087726448e+02 3.872370236995721804e+00
5.995000000088047045e+02 3.169816154692563615e+00
6.000000000088366505e+02 3.812975692255949234e+00
6.005000000088687102e+02 3.213415872911273397e+00
6.010000000089007699e+02 3.767573887814751554e+00
6.015000000089328296e+02 3.340927094939359243e+00
6.020000000089648893e+02 3.336806820991156108e+00
6.025000000089968353e+02 3.583716394775051661e+00
6.030000000090288950e+02 3.834821550387010447e+00
6.035000000090609547e+02 3.404869824922120536e+00
6.040000000090930143e+02 3.486749197512768017e+00
6.045000000091249603e+02 3.756994671342499981e+00
6.050000000091570200e+02 3.476151727018049975e+00
6.055000000091890797e+02 3.373379330212398663e+00
6.060000000092211394e+02 3.762624292067943799e+00
6.065000000092530854e+02 3.184552323224242087e+00
6.070000000092851451e+02 3.987003245087832770e+00
6.075000000093172048e+02 3.074186648108194753e+00
6.080000000093492645e+02 3.909762100934272677e+00
6.085000000093812105e+02 3.337368264124636053e+00
6.090000000094132702e+02 3.624063444864933370e+00
6.095000000094453299e+02 3.496869166644791971e+00
6.100000000094773895e+02 3.431448291855228039e+00
6.105000000095094492e+02 3.714454269740148806e+00
6.110000000095413952e+02 3.186434882841555183e+00
6.115000000095734549e+02 3.581350147165519804e+00
6.120000000096055146e+02 3.805999514453728416e+00
6.125000000096375743e+02 3.345983480892650519e+00
6.130000000096695203e+02 3.809318413442332130e+00
6.135000000097015800e+02 3.136475757809895182e+00
6.140000000097336397e+02 3.438000709137899236e+00
6.145000000097656994e+02 3.531121763121261914e+00
6.150000000097976454e+02 3.489714537406706452e+00
6.155000000098297050e+02 3.366033010231054057e+00
6.160000000098617647e+02 3.688246703352036526e+00
6.165000000098938244e+02 3.460508032418441626e+00
6.170000000099257704e+02 3.648760743275677676e+00
6.175000000099578301e+02 3.551030001535012026e+00
6.180000000099898898e+02 3.638230339546235648e+00
6.185000000100219495e+02 3.383112061038277663e+00
6.190000000100540092e+02 3.539592657492412364e+00
6.195000000100859552e+02 3.505508064609669461e+00
6.200000000101180149e+02 3.776637368799065531e+00
6.205000000101500746e+02 3.496719828471869906e+00
6.210000000101821342e+02 4.090776705712557693e+00
6.215000000102140802e+02 3.372034645500963990e+00
6.220000000102461399e+02 3.764863440960891872e+00
6.225000000102781996e+02 3.539279731956147312e+00
6.230000000103102593e+02 3.386327244714006035e+00
6.235000000103422053e+02 3.416374520071514986e+00
6.240000000103742650e+02 3.442779784918040598e+00
6.245000000104063247e+02 3.539980940367034368e+00
6.250000000104383844e+02 3.497202894103286219e+00
6.255000000104703304e+02 3.508050444181770366e+00
6.260000000105023901e+02 3.574790461295780819e+00
6.265000000105344498e+02 3.359719345849259575e+00
6.270000000105665094e+02 3.466217518457219260e+00
6.275000000105985691e+02 3.405320521707678516e+00
6.280000000106305151e+02 3.441157669421158527e+00
6.285000000106625748e+02 3.355305855876126842e+00
6.290000000106946345e+02 3.826236565756376162e+00
6.295000000107266942e+02 3.596621541525486521e+00
6.300000000107586402e+02 3.952260515139903507e+00
6.305000000107906999e+02 3.263522980586630595e+00
6.310000000108227596e+02 3.885070353719473957e+00
6.315000000108548193e+02 3.275166263172756054e+00
6.320000000108867653e+02 3.791840467333365439e+00
6.325000000109188250e+02 3.281981235850681244e+00
6.330000000109508846e+02 3.636521093819863992e+00
6.335000000109829443e+02 3.568113355481227433e+00
6.340000000110148903e+02 3.374185030821886144e+00
6.345000000110469500e+02 3.391301153079940622e+00
6.350000000110790097e+02 3.492602188256072715e+00
6.355000000111110694e+02 3.844267117218480578e+00
6.360000000111430154e+02 3.664907807998628808e+00
6.365000000111750751e+02 3.502127523852262669e+00
6.370000000112071348e+02 3.466850718361599082e+00
6.375000000112391945e+02 3.600263459568355362e+00
6.380000000112712542e+02 3.477399186076465476e+00
6.385000000113032002e+02 3.942255126778680285e+00
6.390000000113352598e+02 3.257477580219841240e+00
6.395000000113673195e+02 3.728517026919663913e+00
6.400000000113993792e+02 3.333955678033669212e+00
6.405000000114313252e+02 3.937448070562146629e+00
6.410000000114633849e+02 3.211353893916408353e+00
6.415000000114954446e+02 3.701939345729749586e+00
6.420000000115275043e+02 3.626609671477586616e+00
6.425000000115594503e+02 3.764659423608465172e+00
6.430000000115915100e+02 3.261442303615525784e+00
6.435000000116235697e+02 3.830337917042830220e+00
6.440000000116556294e+02 3.139486335061384636e+00
6.445000000116875754e+02 4.024480761588296041e+00
6.450000000117196350e+02 3.563820413486991967e+00
6.455000000117516947e+02 3.395874979299200458e+00
6.460000000117837544e+02 3.551873985820455548e+00
6.465000000118158141e+02 3.457891317095396211e+00
6.470000000118477601e+02 3.805610850011990731e+00
6.475000000118798198e+02 3.153973627893179810e+00
6.480000000119118795e+02 3.683785794100654432e+00
6.485000000119439392e+02 3.422136390411710138e+00
6.490000000119758852e+02 3.602395087543835306e+00
6.495000000120079449e+02 3.521108515143813733e+00
6.500000000120400045e+02 3.853617463321882042e+00
6.505000000120720642e+02 3.056539771144802131e+00
6.510000000121040102e+02 3.680622123330769657e+00
6.515000000121360699e+02 3.394910622213012985e+00
6.520000000121681296e+02 3.474777114378931664e+00
6.525000000122001893e+02 3.407263094999983366e+00
6.530000000122321353e+02 3.524094648804046770e+00
6.535000000122641950e+02 3.733902851012313562e+00
6.540000000122962547e+02 3.885909421376455786e+00
6.545000000123283144e+02 3.737297522970511654e+00
6.550000000123603741e+02 3.375993001950656325e+00
6.555000000123923201e+02 3.596735569394244436e+00
6.560000000124243797e+02 3.615201961603218717e+00
6.565000000124564394e+02 3.539270475796740811e+00
6.570000000124884991e+02 3.890571516980269706e+00
6.575000000125204451e+02 3.101585513507088887e+00
6.580000000125525048e+02 3.969710250659264972e+00
6.585000000125845645e+02 3.239618493642417274e+00
6.590000000126166242e+02 4.366109134613437526e+00
6.595000000126485702e+02 3.018472082855832461e+00
6.600000000126806299e+02 3.783910439511629864e+00
6.605000000127126896e+02 3.540263518005724919e+00
6.610000000127447493e+02 3.355859752991392941e+00
6.615000000127766953e+02 3.476424369430004102e+00
6.620000000128087549e+02 3.487913899910875859e+00
6.625000000128408146e+02 3.604735901957859312e+00
6.630000000128728743e+02 3.733447087351721816e+00
6.635000000129049340e+02 3.552041819210983498e+00
6.640000000129368800e+02 3.801152975793138822e+00
6.645000000129689397e+02 3.533177758686301129e+00
6.650000000130009994e+02 3.579209834961705639e+00
6.655000000130330591e+02 3.414487030117181021e+00
6.660000000130650051e+02 3.786233998103087472e+00
6.665000000130970648e+02 3.602252077324787471e+00
6.670000000131291245e+02 3.471243022680805979e+00
6.675000000131611841e+02 3.753102078830814037e+00
6.680000000131931301e+02 3.942322951187335001e+00
6.685000000132251898e+02 3.579553599569429867e+00
6.690000000132572495e+02 3.607978452994144547e+00
6.695000000132893092e+02 3.426605784404598509e+00
6.700000000133212552e+02 3.571497851415252001e+00
6.705000000133533149e+02 3.582252584968713460e+00
6.710000000133853746e+02 3.294151756558934441e+00
6.715000000134174343e+02 3.527761061975273726e+00
6.720000000134494940e+02 3.522658054980708719e+00
6.725000000134814400e+02 3.654462589186525001e+00
6.730000000135134997e+02 3.335843581929388346e+00
6.735000000135455593e+02 3.385312812124313897e+00
6.740000000135776190e+02 3.613797933986421018e+00
6.745000000136095650e+02 3.417829292560578214e+00
6.750000000136416247e+02 3.593809823877945675e+00
6.755000000136736844e+02 3.346202893271924772e+00
6.760000000137057441e+02 3.433051677669693103e+00
6.765000000137376901e+02 3.380383186650910865e+00
6.770000000137697498e+02 3.700648816980045996e+00
6.775000000138018095e+02 3.223648646215442337e+00
6.780000000138338692e+02 3.585844063904021439e+00
6.785000000138658152e+02 3.171102389413665623e+00
6.790000000138978749e+02 3.729926714600339199e+00
6.795000000139299345e+02 3.537464310548469548e+00
6.800000000139619942e+02 3.573138284358460481e+00
6.805000000139939402e+02 3.848088064462289903e+00
6.810000000140259999e+02 3.182857402391400026e+00
6.815000000140580596e+02 3.746342080096621174e+00
6.820000000140901193e+02 3.604178909686945875e+00
6.825000000141221790e+02 3.827336690776460770e+00
6.830000000141541250e+02 3.808465147649796823e+00
6.835000000141861847e+02 3.793232075431807626e+00
6.840000000142182444e+02 3.288889920397275013e+00
6.845000000142503040e+02 3.629273831253365223e+00
6.850000000142822500e+02 3.292623667242761787e+00
6.855000000143143097e+02 3.492020110391787391e+00
6.860000000143463694e+02 3.642682020767722406e+00
6.865000000143784291e+02 3.244983070155100346e+00
6.870000000144103751e+02 3.945869370177209845e+00
6.875000000144424348e+02 3.340493497417202473e+00
6.880000000144744945e+02 3.687588967718993249e+00
6.885000000145065542e+02 3.909020703875158098e+00
6.890000000145385002e+02 3.343837537820964378e+00
6.895000000145705599e+02 3.797389211065073766e+00
6.900000000146026196e+02 3.598118447132071296e+00
6.905000000146346792e+02 3.341317605777776034e+00
6.910000000146667389e+02 3.768398947727927606e+00
6.915000000146986849e+02 3.626207120531211192e+00
6.920000000147307446e+02 3.556657039994918446e+00
6.925000000147628043e+02 3.528290291116567889e+00
6.930000000147948640e+02 3.740527563815581491e+00
6.935000000148268100e+02 3.537393654740552229e+00
6.940000000148588697e+02 3.419623099095988383e+00
6.945000000148909294e+02 3.256184988059298124e+00
6.950000000149229891e+02 3.753835986307485495e+00
6.955000000149549351e+02 3.109788622909007483e+00
6.960000000149869948e+02 3.468908930596504625e+00
6.965000000150190544e+02 3.322608950034122266e+00
6.970000000150511141e+02 3.575094973712598101e+00
6.975000000150830601e+02 3.428191104170052128e+00
6.980000000151151198e+02 3.865634151312868472e+00
6.985000000151471795e+02 3.727795649471900674e+00
6.990000000151792392e+02 3.793876984964774657e+00
6.995000000152112989e+02 3.483416882053365971e+00
7.000000000152432449e+02 3.495324583488270687e+00
7.005000000152753046e+02 3.636520792457698548e+00
7.010000000153073643e+02 3.675975018025383179e+00
7.015000000153394240e+02 3.230706337968733077e+00
7.020000000153713700e+02 3.857783677416533941e+00
7.025000000154034296e+02 3.202956381112531670e+00
7.030000000154354893e+02 4.220792707376927133e+00
7.035000000154675490e+02 3.326726874689950542e+00
7.040000000154994950e+02 3.345717516047316931e+00
7.045000000155315547e+02 3.629820696840667882e+00
7.050000000155636144e+02 3.665096580550172511e+00
7.055000000155956741e+02 3.389801711620463287e+00
7.060000000156276201e+02 3.629251774522904483e+00
7.065000000156596798e+02 3.815655471541125277e+00
7.070000000156917395e+02 3.770411059046309354e+00
7.075000000157237992e+02 3.382966273702896043e+00
7.080000000157558588e+02 3.550884180063320184e+00
7.085000000157878048e+02 3.479061848865503848e+00
7.090000000158198645e+02 3.693886421315375479e+00
7.095000000158519242e+02 3.578871920146776464e+00
7.100000000158839839e+02 3.485829181913845165e+00
7.105000000159159299e+02 3.557764891302736210e+00
7.110000000159479896e+02 3.726292249881654417e+00
7.115000000159800493e+02 3.416682620297565087e+00
7.120000000160121090e+02 3.964775052002020850e+00
7.125000000160440550e+02 3.184848144782953749e+00
7.130000000160761147e+02 3.752982478354095264e+00
7.135000000161081743e+02 3.539398483666055473e+00
7.140000000161402340e+02 3.628407107274433052e+00
7.145000000161721800e+02 3.701368979693356209e+00
7.150000000162042397e+02 3.583688346098013788e+00
7.155000000162362994e+02 3.592320869446297582e+00
7.160000000162683591e+02 3.406162067365342772e+00
7.165000000163003051e+02 3.538481936089016955e+00
7.170000000163323648e+02 3.676345067244210618e+00
7.175000000163644245e+02 3.529023056837172323e+00
7.180000000163964842e+02 3.961875622861153801e+00
7.185000000164285439e+02 3.590078726585395952e+00
7.190000000164604899e+02 3.367143164577578229e+00
7.195000000164925495e+02 3.362838840892394376e+00
7.200000000165246092e+02 3.735030514095961429e+00
7.205000000165566689e+02 3.338683544582123464e+00
7.210000000165886149e+02 3.661649488327053170e+00
7.215000000166206746e+02 3.400928779177316841e+00
7.220000000166527343e+02 3.493208979252283353e+00
7.225000000166847940e+02 3.673342356696059241e+00
7.230000000167167400e+02 3.597689876938418685e+00
7.235000000167487997e+02 3.621635113113402138e+00
7.240000000167808594e+02 3.653162804437766642e+00
7.245000000168129191e+02 3.564921707546769181e+00
7.250000000168448651e+02 3.651637178800590799e+00
7.255000000168769247e+02 3.417018500233420575e+00
7.260000000169089844e+02 3.473219344733697422e+00
7.265000000169410441e+02 3.652472048360720258e+00
7.270000000169731038e+02 3.179594934924734329e+00
7.275000000170050498e+02 3.811724504943502012e+00
7.280000000170371095e+02 3.331252282635804640e+00
7.285000000170691692e+02 3.585144574119249583e+00
7.290000000171012289e+02 3.421751745046733628e+00
7.295000000171331749e+02 3.584242459791545876e+00
7.300000000171652346e+02 3.452754328952988949e+00
7.305000000171972943e+02 3.344723358031819860e+00
7.310000000172293539e+02 3.427936480881888848e+00
7.315000000172612999e+02 3.641060594899810710e+00
7.320000000172933596e+02 3.344942121660163359e+00
7.325000000173254193e+02 3.724228801365167651e+00
7.330000000173574790e+02 3.408789000895084520e+00
7.335000000173894250e+02 3.507735872037366587e+00
7.340000000174214847e+02 3.656554329418699290e+00
7.345000000174535444e+02 3.416640399144203144e+00
7.350000000174856041e+02 3.500836355085688911e+00
7.355000000175176638e+02 3.373995962468987031e+00
7.360000000175496098e+02 3.765282768328727769e+00
7.365000000175816695e+02 3.546798631083018183e+00
7.370000000176137291e+02 3.488024016128122629e+00
7.375000000176457888e+02 3.484609401609391810e+00
7.380000000176777348e+02 3.738269796693015845e+00
7.385000000177097945e+02 3.486467009363132696e+00
7.390000000177418542e+02 3.584775694948799440e+00
7.395000000177739139e+02 3.388997333427914427e+00
7.400000000178058599e+02 3.900817309817529388e+00
7.405000000178379196e+02 3.548377764894196762e+00
7.410000000178699793e+02 3.847448266604467815e+00
7.415000000179020390e+02 3.932413000414600290e+00
7.420000000179339850e+02 3.506769302964388046e+00
7.425000000179660447e+02 3.814832455996526761e+00
7.430000000179981043e+02 3.665248191360182428e+00
7.435000000180301640e+02 3.764990844599999775e+00
7.440000000180622237e+02 3.695869549375119689e+00
7.445000000180941697e+02 3.287634537780106836e+00
7.450000000181262294e+02 4.019836083544780614e+00
7.455000000181582891e+02 3.309074124868625955e+00
7.460000000181903488e+02 3.732885343214123797e+00
7.465000000182222948e+02 3.384122109911783749e+00
7.470000000182543545e+02 3.322503341582872416e+00
7.475000000182864142e+02 3.876363859762282704e+00
7.480000000183184738e+02 3.258442744708263561e+00
7.485000000183504199e+02 3.667113464717069782e+00
7.490000000183824795e+02 3.643122936933880673e+00
7.495000000184145392e+02 3.626745161768522685e+00
7.500000000184465989e+02 3.613900882656325031e+00
7.505000000184785449e+02 3.650194188592500222e+00
7.510000000185106046e+02 3.160694859085385833e+00
7.515000000185426643e+02 3.867705501990652550e+00
7.520000000185747240e+02 3.268321026524713790e+00
7.525000000186067837e+02 3.570140381103175109e+00
7.530000000186387297e+02 3.571785085112550107e+00
7.535000000186707894e+02 3.490899593768806319e+00
7.540000000187028490e+02 3.357999569073839119e+00
7.545000000187349087e+02 3.403816782175600686e+00
7.550000000187668547e+02 3.544079681241526725e+00
7.555000000187989144e+02 3.499662954042433327e+00
7.560000000188309741e+02 3.932686638664780521e+00
7.565000000188630338e+02 3.692519184551327438e+00
7.570000000188949798e+02 3.477003540392483494e+00
7.575000000189270395e+02 3.925342016621519825e+00
7.580000000189590992e+02 3.120284853607388165e+00
7.585000000189911589e+02 3.560188554127040828e+00
7.590000000190231049e+02 3.118088782287344873e+00
7.595000000190551646e+02 3.888326827192032376e+00
7.600000000190872242e+02 3.440571166387645707e+00
7.605000000191192839e+02 3.386790094849908783e+00
7.610000000191512299e+02 3.273523761510592323e+00
7.615000000191832896e+02 3.582238734615446063e+00
7.620000000192153493e+02 3.675810711853650936e+00
7.625000000192474090e+02 3.700586833202567760e+00
7.630000000192794687e+02 3.347966533192752170e+00
7.635000000193114147e+02 3.611669310622652951e+00
7.640000000193434744e+02 3.716383551529972795e+00
7.645000000193755341e+02 3.407872434231554504e+00
7.650000000194075938e+02 3.703856783993078938e+00
7.655000000194395398e+02 3.399881057760658187e+00
7.660000000194715994e+02 3.634542870535458547e+00
7.665000000195036591e+02 3.661869319849398785e+00
7.670000000195357188e+02 3.211792867922067973e+00
7.675000000195676648e+02 3.412482226209543335e+00
7.680000000195997245e+02 3.740635981069388549e+00
7.685000000196317842e+02 3.210348140212590629e+00
7.690000000196638439e+02 3.824504746860415860e+00
7.695000000196957899e+02 3.593637720809716996e+00
7.700000000197278496e+02 3.539157867518303302e+00
7.705000000197599093e+02 3.630855115008010614e+00
7.710000000197919690e+02 3.310068637933180291e+00
7.715000000198240286e+02 3.551524130862158124e+00
7.720000000198559746e+02 3.413984313798363424e+00
7.725000000198880343e+02 3.360146529717721986e+00
7.730000000199200940e+02 3.666265842166686717e+00
7.735000000199521537e+02 3.631528733184542279e+00
7.740000000199840997e+02 3.142692134125473213e+00
7.745000000200161594e+02 3.550464370056307661e+00
7.750000000200482191e+02 3.319003456966254983e+00
7.755000000200802788e+02 3.773444389292925472e+00
7.760000000201122248e+02 3.101175622901427786e+00
7.765000000201442845e+02 3.659739927477783095e+00
7.770000000201763442e+02 3.289621550806788086e+00
7.775000000202084038e+02 3.353628690254273792e+00
7.780000000202403498e+02 3.743336697816173064e+00
7.785000000202724095e+02 2.895561948626432791e+00
7.790000000203044692e+02 3.847214818182851825e+00
7.795000000203365289e+02 3.192934983963560569e+00
7.800000000203685886e+02 3.944538956145482000e+00
7.805000000204005346e+02 3.450927037750997073e+00
7.810000000204325943e+02 3.829733286880920851e+00
7.815000000204646540e+02 3.486414567266844067e+00
7.820000000204967137e+02 3.553176849911781510e+00
7.825000000205286597e+02 3.646220214901961576e+00
7.830000000205607193e+02 3.652709583100350432e+00
7.835000000205927790e+02 3.499715052075893951e+00
7.840000000206248387e+02 3.556642695436231350e+00
7.845000000206567847e+02 3.663653917448369324e+00
7.850000000206888444e+02 3.476286795510596495e+00
7.855000000207209041e+02 3.491359888661016875e+00
7.860000000207529638e+02 3.511674063960313230e+00
7.865000000207849098e+02 3.620709708970370144e+00
7.870000000208169695e+02 3.347711351352410158e+00
7.875000000208490292e+02 3.585917035136672482e+00
7.880000000208810889e+02 3.096393887194242911e+00
7.885000000209131485e+02 3.759403636355168832e+00
7.890000000209450945e+02 3.336516358387285219e+00
7.895000000209771542e+02 3.424397584103128889e+00
7.900000000210092139e+02 3.776886411560194112e+00
7.905000000210412736e+02 3.384906658832699922e+00
7.910000000210732196e+02 3.473747127905279619e+00
7.915000000211052793e+02 3.516839297309044099e+00
7.920000000211373390e+02 3.764321845797506061e+00
7.925000000211693987e+02 3.672044411994269897e+00
7.930000000212013447e+02 3.605171809435846697e+00
7.935000000212334044e+02 3.646555217320817111e+00
7.940000000212654641e+02 3.499962288759541629e+00
7.945000000212975237e+02 3.595601764162336789e+00
7.950000000213294697e+02 3.870204524319523554e+00
7.955000000213615294e+02 3.462963225057471561e+00
7.960000000213935891e+02 4.075275982421205256e+00
7.965000000214256488e+02 3.649748599958414275e+00
7.970000000214577085e+02 3.580175140583110149e+00
7.975000000214896545e+02 3.502875305846135490e+00
7.980000000215217142e+02 3.507182829118296929e+00
7.985000000215537739e+02 3.329154767728025099e+00
7.990000000215858336e+02 3.641040949344444222e+00
7.995000000216177796e+02 3.657732230440292831e+00
8.000000000216498393e+02 3.623896456058274040e+00
8.005000000216818989e+02 3.659478198948842298e+00
8.010000000217139586e+02 3.627710143557514311e+00
8.015000000217459046e+02 3.327540748281433203e+00
8.020000000217779643e+02 3.658266457870061217e+00
8.025000000218100240e+02 3.351927615968419705e+00
8.030000000218420837e+02 3.494841245527894547e+00
8.035000000218740297e+02 3.617458960973835236e+00
8.040000000219060894e+02 3.221475238768506166e+00
8.045000000219381491e+02 3.782260112464915114e+00
8.050000000219702088e+02 3.751115452240141757e+00
8.055000000220021548e+02 3.565008948336555239e+00
8.060000000220342145e+02 3.583084245574001514e+00
8.065000000220662741e+02 3.509630644263482591e+00
8.070000000220983338e+02 3.504362217658435696e+00
8.075000000221303935e+02 3.348708987023019557e+00
8.080000000221623395e+02 3.836062801643257192e+00
8.085000000221943992e+02 3.502747026771763306e+00
8.090000000222264589e+02 3.547047093977194088e+00
8.095000000222585186e+02 3.493164214504218545e+00
8.100000000222904646e+02 3.731075662049756936e+00
8.105000000223225243e+02 3.488645664556494719e+00
8.110000000223545840e+02 3.783719487097646716e+00
8.115000000223866436e+02 3.337361797140068198e+00
8.120000000224185897e+02 3.623816379528288500e+00
8.125000000224506493e+02 3.215858559471404643e+00
8.130000000224827090e+02 4.077366781274225360e+00
8.135000000225147687e+02 3.105524222662852551e+00
8.140000000225467147e+02 3.998302289990427472e+00
8.145000000225787744e+02 3.115915826580390124e+00
8.150000000226108341e+02 3.773591075553816676e+00
8.155000000226428938e+02 3.051867428547180516e+00
8.160000000226749535e+02 4.009043539915733589e+00
8.165000000227068995e+02 3.191901790884644985e+00
8.170000000227389592e+02 4.076848896368890252e+00
8.175000000227710188e+02 3.400697360795323920e+00
8.180000000228030785e+02 3.988851735594324932e+00
8.185000000228350245e+02 3.075005917907717379e+00
8.190000000228670842e+02 4.206938425214016064e+00
8.195000000228991439e+02 3.243234699930348075e+00
8.200000000229312036e+02 3.754145161552052024e+00
8.205000000229631496e+02 3.693384649088840455e+00
8.210000000229952093e+02 3.600765302238615018e+00
8.215000000230272690e+02 4.063370582508719409e+00
8.220000000230593287e+02 3.198945592078338951e+00
8.225000000230912747e+02 3.750729813673788993e+00
8.230000000231233344e+02 2.960677498962217324e+00
8.235000000231553940e+02 4.178444599538083004e+00
8.240000000231874537e+02 3.057556591783004762e+00
8.245000000232195134e+02 3.589489538199023499e+00
8.250000000232514594e+02 3.558905611276085512e+00
8.255000000232835191e+02 3.739046684298806156e+00
8.260000000233155788e+02 3.452429658986460037e+00
8.265000000233476385e+02 3.784170196255831620e+00
8.270000000233795845e+02 3.744653010736930021e+00
8.275000000234116442e+02 3.576600541054979487e+00
8.280000000234437039e+02 3.470696460080894052e+00
8.285000000234757636e+02 3.868095520149170241e+00
8.290000000235077096e+02 3.170443057441102219e+00
8.295000000235397692e+02 3.946728034139495911e+00
8.300000000235718289e+02 3.632952464582515084e+00
8.305000000236038886e+02 3.849749674091444529e+00
8.310000000236358346e+02 3.214138577556058252e+00
8.315000000236678943e+02 3.993134243749600465e+00
8.320000000236999540e+02 3.266962732407212133e+00
8.325000000237320137e+02 4.031009677970034843e+00
8.330000000237640734e+02 3.252204366401414859e+00
8.335000000237960194e+02 3.910293762222329050e+00
8.340000000238280791e+02 3.130844254231738955e+00
8.345000000238601388e+02 3.545644175797499908e+00
8.350000000238921984e+02 3.514357070097355873e+00
8.355000000239241444e+02 3.317736622721667139e+00
8.360000000239562041e+02 3.516329930577695606e+00
8.365000000239882638e+02 3.382873241829772226e+00
8.370000000240203235e+02 3.357011314958907366e+00
8.375000000240522695e+02 3.650798978007054885e+00
8.380000000240843292e+02 3.389348951667346732e+00
8.385000000241163889e+02 3.984251092288702445e+00
8.390000000241484486e+02 3.417012167533417522e+00
8.395000000241803946e+02 3.438744685708245985e+00
8.400000000242124543e+02 3.425935312995366910e+00
8.405000000242445140e+02 3.515523255384397583e+00
8.410000000242765736e+02 3.505415550135297043e+00
8.415000000243086333e+02 3.749876298729381663e+00
8.420000000243405793e+02 3.098651715473485613e+00
8.425000000243726390e+02 3.715205809413946625e+00
8.430000000244046987e+02 3.153409708498868369e+00
8.435000000244367584e+02 3.687355495663128035e+00
8.440000000244687044e+02 3.617038870400298478e+00
8.445000000245007641e+02 3.494860598871792678e+00
8.450000000245328238e+02 3.539792366443258675e+00
8.455000000245648835e+02 3.513511284817540936e+00
8.460000000245968295e+02 3.166102715540095591e+00
8.465000000246288892e+02 3.569530505834765943e+00
8.470000000246609488e+02 3.444111326593092937e+00
8.475000000246930085e+02 3.839086424427866184e+00
8.480000000247249545e+02 3.278832239949303506e+00
8.485000000247570142e+02 3.631986789425435624e+00
8.490000000247890739e+02 3.341253749266579476e+00
8.495000000248211336e+02 3.606542781758613980e+00
8.500000000248530796e+02 3.418350303970568049e+00
8.505000000248851393e+02 3.678557477720015623e+00
8.510000000249171990e+02 3.342388685600435227e+00
8.515000000249492587e+02 3.434275938168608544e+00
8.520000000249813183e+02 3.910422430256983883e+00
8.525000000250132643e+02 3.233956484922257513e+00
8.530000000250453240e+02 3.424004519762313681e+00
8.535000000250773837e+02 3.888494382140545991e+00
8.540000000251094434e+02 3.105128690433613503e+00
8.545000000251413894e+02 3.787571480516247924e+00
8.550000000251734491e+02 3.677574915300981129e+00
8.555000000252055088e+02 3.528515032409827779e+00
8.560000000252375685e+02 3.600054959841308744e+00
8.565000000252695145e+02 3.552288193208091194e+00
8.570000000253015742e+02 3.473215190155916954e+00
8.575000000253336339e+02 3.489777210027456000e+00
8.580000000253656935e+02 3.362186465550618841e+00
8.585000000253976395e+02 3.716336612808767814e+00
8.590000000254296992e+02 3.308000063070818619e+00
8.595000000254617589e+02 3.556796108485372088e+00
8.600000000254938186e+02 3.333461900773700304e+00
8.605000000255258783e+02 3.829549649039602155e+00
8.610000000255578243e+02 3.389021504024609666e+00
8.615000000255898840e+02 3.558404678083932904e+00
8.620000000256219437e+02 3.571898799719742001e+00
8.625000000256540034e+02 3.661308805812609979e+00
8.630000000256859494e+02 3.762183090700624621e+00
8.635000000257180091e+02 3.724894983091280753e+00
8.640000000257500687e+02 3.541317174890610264e+00
8.645000000257821284e+02 3.442988446263989033e+00
8.650000000258140744e+02 3.601403652066398564e+00
8.655000000258461341e+02 3.279115679960229901e+00
8.660000000258781938e+02 3.319578338534487916e+00
8.665000000259102535e+02 3.802916288559480940e+00
8.670000000259421995e+02 3.339867188076000470e+00
8.675000000259742592e+02 3.716548801662038937e+00
8.680000000260063189e+02 3.457139833449553556e+00
8.685000000260383786e+02 3.721075898730505926e+00
8.690000000260704383e+02 3.426888555101858191e+00
8.695000000261023843e+02 3.754553641249931406e+00
8.700000000261344439e+02 3.241611193460280482e+00
8.705000000261665036e+02 3.508308845803753240e+00
8.710000000261985633e+02 3.294364349135610048e+00
8.715000000262305093e+02 3.414186546881445405e+00
8.720000000262625690e+02 3.144968741438443516e+00
8.725000000262946287e+02 3.968405676813795857e+00
8.730000000263266884e+02 3.265753008321040429e+00
8.735000000263586344e+02 3.615188204348392276e+00
8.740000000263906941e+02 3.661208542309010383e+00
8.745000000264227538e+02 3.560852831215356229e+00
8.750000000264548135e+02 3.319994223475153383e+00
8.755000000264867595e+02 3.519488338678847139e+00
8.760000000265188191e+02 3.595144812557352854e+00
8.765000000265508788e+02 3.523514505076207559e+00
8.770000000265829385e+02 3.610591883292787241e+00
8.775000000266149982e+02 3.211747900222615915e+00
8.780000000266469442e+02 4.036434562092193090e+00
8.785000000266790039e+02 3.411698484386890051e+00
8.790000000267110636e+02 3.689147213339492026e+00
8.795000000267431233e+02 3.454138346181109931e+00
8.800000000267750693e+02 3.725514446566696947e+00
8.805000000268071290e+02 3.331522047799106545e+00
8.810000000268391886e+02 3.489909656955651140e+00
8.815000000268712483e+02 3.715391091250678457e+00
8.820000000269031943e+02 3.520696200360301731e+00
8.825000000269352540e+02 3.499600732975460371e+00
8.830000000269673137e+02 3.406876088540111258e+00
8.835000000269993734e+02 3.798718168768141279e+00
8.840000000270313194e+02 3.513260549157485091e+00
8.845000000270633791e+02 3.554274882406857294e+00
8.850000000270954388e+02 3.658121554787805429e+00
8.855000000271274985e+02 3.623092169904359672e+00
8.860000000271595582e+02 3.905844165499406273e+00
8.865000000271915042e+02 3.323257064807295436e+00
8.870000000272235638e+02 3.677044350595597422e+00
8.875000000272556235e+02 3.356184358430311043e+00
8.880000000272876832e+02 3.631301390067637413e+00
8.885000000273196292e+02 3.361948192844324890e+00
8.890000000273516889e+02 3.553241120896288852e+00
8.895000000273837486e+02 3.687136822287786053e+00
8.900000000274158083e+02 3.772594042079186583e+00
8.905000000274477543e+02 3.269702827757947183e+00
8.910000000274798140e+02 3.866652388053252398e+00
8.915000000275118737e+02 3.251615170574194913e+00
8.920000000275439334e+02 3.870320737694873170e+00
8.925000000275758794e+02 3.346320647475572674e+00
8.930000000276079390e+02 3.799562764435067574e+00
8.935000000276399987e+02 3.649640242160804959e+00
8.940000000276720584e+02 3.477176002742977445e+00
8.945000000277040044e+02 3.567797416762549911e+00
8.950000000277360641e+02 3.629936606437580426e+00
8.955000000277681238e+02 3.347233267990013861e+00
8.960000000278001835e+02 3.704535125243156646e+00
8.965000000278322432e+02 3.610275647223814666e+00
8.970000000278641892e+02 3.288939790291238729e+00
8.975000000278962489e+02 3.795958734160916226e+00
8.980000000279283086e+02 3.127654421348324387e+00
8.985000000279603682e+02 3.563579394825876268e+00
8.990000000279923142e+02 3.457973614716030042e+00
8.995000000280243739e+02 3.324662891027084566e+00
9.000000000280564336e+02 3.911604489649537442e+00
9.005000000280884933e+02 3.354996037157060407e+00
9.010000000281204393e+02 3.711686959408638131e+00
9.015000000281524990e+02 3.464020742543363784e+00
9.020000000281845587e+02 3.547528507179347201e+00
9.025000000282166184e+02 3.449873722460381931e+00
9.030000000282485644e+02 3.350925420396073662e+00
9.035000000282806241e+02 3.471022361846030968e+00
9.040000000283126838e+02 3.420621899003685851e+00
9.045000000283447434e+02 3.297202597674387281e+00
9.050000000283768031e+02 3.843454847666947671e+00
9.055000000284087491e+02 3.693604454431854478e+00
9.060000000284408088e+02 3.216124922785836393e+00
9.065000000284728685e+02 3.993853656973824773e+00
9.070000000285049282e+02 2.985498968366593786e+00
9.075000000285368742e+02 3.819393083782009590e+00
9.080000000285689339e+02 3.722913737059362127e+00
9.085000000286009936e+02 3.358959321065612791e+00
9.090000000286330533e+02 3.938185646267638340e+00
9.095000000286649993e+02 3.452496362783452621e+00
9.100000000286970590e+02 3.902837585787840347e+00
9.105000000287291186e+02 3.559843318843862736e+00
9.110000000287611783e+02 3.872446430166634368e+00
9.115000000287931243e+02 3.492865316125553399e+00
9.120000000288251840e+02 3.606958336103727625e+00
9.125000000288572437e+02 3.530484133942880298e+00
9.130000000288893034e+02 3.618085624933967015e+00
9.135000000289213631e+02 3.405512899329874887e+00
9.140000000289533091e+02 3.858792331328607883e+00
9.145000000289853688e+02 3.554026789244091766e+00
9.150000000290174285e+02 3.677140054003113168e+00
9.155000000290494881e+02 3.644619784079379698e+00
9.160000000290814341e+02 3.255551100661007613e+00
9.165000000291134938e+02 3.935998509276709356e+00
9.170000000291455535e+02 3.147904235672409179e+00
9.175000000291776132e+02 3.813651901540497491e+00
9.180000000292095592e+02 3.207889713028311718e+00
9.185000000292416189e+02 4.201192915242295989e+00
9.190000000292736786e+02 3.389588890896070073e+00
9.195000000293057383e+02 3.795934777311914754e+00
9.200000000293376843e+02 3.829900867696262701e+00
9.205000000293697440e+02 3.717875466910673943e+00
9.210000000294018037e+02 3.610835329746015621e+00
9.215000000294338633e+02 3.779604800806211085e+00
9.220000000294659230e+02 3.249322670989860828e+00
9.225000000294978690e+02 3.559633852594262571e+00
9.230000000295299287e+02 3.745180868572445032e+00
9.235000000295619884e+02 3.589105086530695043e+00
9.240000000295940481e+02 3.615992505313375460e+00
9.245000000296259941e+02 4.091779437828149568e+00
9.250000000296580538e+02 3.276972491771821705e+00
9.255000000296901135e+02 3.667203992619094244e+00
9.260000000297221732e+02 3.656084217208295239e+00
9.265000000297541192e+02 3.865653244828141322e+00
9.270000000297861789e+02 3.238999759063645456e+00
9.275000000298182385e+02 3.534495713955098317e+00
9.280000000298502982e+02 3.546783688015596514e+00
9.285000000298822442e+02 3.497404573704152142e+00
9.290000000299143039e+02 3.595466729955148821e+00
9.295000000299463636e+02 3.299870540854745293e+00
9.300000000299784233e+02 4.103588302884060290e+00
9.305000000300104830e+02 3.122936639090321709e+00
9.310000000300424290e+02 3.939047864494126472e+00
9.315000000300744887e+02 3.347769650622294257e+00
9.320000000301065484e+02 3.880902653283080372e+00
9.325000000301386081e+02 3.365173334355024082e+00
9.330000000301705541e+02 3.474694393130557835e+00
9.335000000302026137e+02 3.232258490398224549e+00
9.340000000302346734e+02 3.626584469076759909e+00
9.345000000302667331e+02 3.486090695829484165e+00
9.350000000302986791e+02 3.530418985468338100e+00
9.355000000303307388e+02 3.630524797910265278e+00
9.360000000303627985e+02 3.762674553018710455e+00
9.365000000303948582e+02 3.419291743096528613e+00
9.370000000304268042e+02 3.676744812675995178e+00
9.375000000304588639e+02 3.593893238418956582e+00
9.380000000304909236e+02 3.760657514784485400e+00
9.385000000305229833e+02 3.342869584958501505e+00
9.390000000305549293e+02 3.694735277336856694e+00
9.395000000305869889e+02 3.376524657670862961e+00
9.400000000306190486e+02 3.696212697128614444e+00
9.405000000306511083e+02 3.714657584555914216e+00
9.410000000306831680e+02 3.283473799804863091e+00
9.415000000307151140e+02 3.727543345991686241e+00
9.420000000307471737e+02 3.373458227906088958e+00
9.425000000307792334e+02 3.979997681864082093e+00
9.430000000308112931e+02 3.557870139412934840e+00
9.435000000308432391e+02 3.290208491184658524e+00
9.440000000308752988e+02 3.823049647524982664e+00
9.445000000309073585e+02 3.375140846435884523e+00
9.450000000309394181e+02 3.653333351773738524e+00
9.455000000309713641e+02 3.652325523521659623e+00
9.460000000310034238e+02 3.469724060294870238e+00
9.465000000310354835e+02 3.788084890825321960e+00
9.470000000310675432e+02 3.769219744043766696e+00
9.475000000310994892e+02 3.579715823129452801e+00
9.480000000311315489e+02 3.567486910641021858e+00
9.485000000311636086e+02 3.646841084306602809e+00
9.490000000311956683e+02 3.351459664635115576e+00
9.495000000312277280e+02 3.716639852077399997e+00
9.500000000312596740e+02 3.078984439307738796e+00
9.505000000312917336e+02 3.636943638664549283e+00
9.510000000313237933e+02 3.539823057044674925e+00
9.515000000313558530e+02 3.499521811891878720e+00
9.520000000313877990e+02 3.308093824158668816e+00
9.525000000314198587e+02 3.684255512111985986e+00
9.530000000314519184e+02 3.361964978816629923e+00
9.535000000314839781e+02 3.766155080452652459e+00
9.540000000315159241e+02 3.435039466760140048e+00
9.545000000315479838e+02 3.458917416091171315e+00
9.550000000315800435e+02 3.572893971293699344e+00
9.555000000316121032e+02 3.308975877617009953e+00
9.560000000316440492e+02 3.620019929052516794e+00
9.565000000316761088e+02 3.405509621728766589e+00
9.570000000317081685e+02 3.662401087931771659e+00
9.575000000317402282e+02 3.473735130220972689e+00
9.580000000317722879e+02 3.256157142734933618e+00
9.585000000318042339e+02 3.689768969143333965e+00
9.590000000318362936e+02 3.401127880008242066e+00
9.595000000318683533e+02 4.090317584368356130e+00
9.600000000319004130e+02 3.360638093057737308e+00
9.605000000319323590e+02 3.490032149375566828e+00
9.610000000319644187e+02 3.159571969568479854e+00
9.615000000319964784e+02 4.118450938379095483e+00
9.620000000320285380e+02 2.682879110332168526e+00
9.625000000320604840e+02 3.941775761628896202e+00
9.630000000320925437e+02 3.296478686765559551e+00
9.635000000321246034e+02 3.854761481500823539e+00
9.640000000321566631e+02 3.689016178037481719e+00
9.645000000321886091e+02 3.806668949511875510e+00
9.650000000322206688e+02 3.800739122591836328e+00
9.655000000322527285e+02 3.416636925568177219e+00
9.660000000322847882e+02 3.808510520031231472e+00
9.665000000323168479e+02 3.543923707800796574e+00
9.670000000323487939e+02 3.553529710865830804e+00
9.675000000323808536e+02 3.941258980172049675e+00
9.680000000324129132e+02 4.079476495208467668e+00
9.685000000324449729e+02 3.420860648648219371e+00
9.690000000324769189e+02 3.555833972049351477e+00
9.695000000325089786e+02 3.856064062487007948e+00
9.700000000325410383e+02 3.308161393804569528e+00
9.705000000325730980e+02 3.758856941888803149e+00
9.710000000326050440e+02 3.520871700559204953e+00
9.715000000326371037e+02 3.481620345688457796e+00
9.720000000326691634e+02 4.109563220961529595e+00
9.725000000327012231e+02 3.539682589252810985e+00
9.730000000327331691e+02 4.066403968601415286e+00
9.735000000327652288e+02 3.169184077908606678e+00
9.740000000327972884e+02 3.908108244732540371e+00
9.745000000328293481e+02 3.321099689683846279e+00
9.750000000328614078e+02 3.473927706600541399e+00
9.755000000328933538e+02 3.446838443423925646e+00
9.760000000329254135e+02 3.305314296949947384e+00
9.765000000329574732e+02 3.765194693591811248e+00
9.770000000329895329e+02 3.560205833272767517e+00
9.775000000330214789e+02 3.621523187145855971e+00
9.780000000330535386e+02 3.585681591814269709e+00
9.785000000330855983e+02 3.656173870936170189e+00
9.790000000331176579e+02 3.400607303897285938e+00
9.795000000331496040e+02 3.472939835843137590e+00
9.800000000331816636e+02 3.280684022251747489e+00
9.805000000332137233e+02 3.933445329023644188e+00
9.810000000332457830e+02 3.266759529220592206e+00
9.815000000332777290e+02 3.549047094490496157e+00
9.820000000333097887e+02 3.645040016699505614e+00
9.825000000333418484e+02 3.371580929084996736e+00
9.830000000333739081e+02 4.096179318486894871e+00
9.835000000334058541e+02 3.727479267384965489e+00
9.840000000334379138e+02 3.539335827327568129e+00
9.845000000334699735e+02 3.480594640919802085e+00
9.850000000335020331e+02 3.789761162988729115e+00
9.855000000335340928e+02 3.635226459902676677e+00
9.860000000335660388e+02 3.408719639212114849e+00
9.865000000335980985e+02 3.934761641763494300e+00
9.870000000336301582e+02 3.262708445252807454e+00
9.875000000336622179e+02 3.957336101252012295e+00
9.880000000336941639e+02 3.400973584572480224e+00
9.885000000337262236e+02 3.964132821582388111e+00
9.890000000337582833e+02 3.397956581004538457e+00
9.895000000337903430e+02 3.697372185113713794e+00
9.900000000338222890e+02 3.469338996490871629e+00
9.905000000338543487e+02 3.827120269845753597e+00
9.910000000338864083e+02 3.446463518965884543e+00
9.915000000339184680e+02 3.508705194804833560e+00
9.920000000339504140e+02 3.500795707184339189e+00
9.925000000339824737e+02 3.545106353446011660e+00
9.930000000340145334e+02 3.615060963737379396e+00
9.935000000340465931e+02 3.648301504712488263e+00
9.940000000340786528e+02 3.458043674864222705e+00
9.945000000341105988e+02 3.516949558069040194e+00
9.950000000341426585e+02 3.804851779047307758e+00
9.955000000341747182e+02 4.010617400310975356e+00
9.960000000342067779e+02 3.658573220441654339e+00
9.965000000342387239e+02 3.300805542991021024e+00
9.970000000342707835e+02 3.763423546988768464e+00
9.975000000343028432e+02 3.676981497201135873e+00
9.980000000343349029e+02 3.824394018344896562e+00
9.985000000343668489e+02 3.507960517126809119e+00
9.990000000343989086e+02 3.836004522270112460e+00
9.995000000344309683e+02 3.230571248330901479e+00
1.000000000034463028e+03 3.850988174353531690e+00
