# Time (ps)	CV (angstrom)
9.999999999975766229e+01 -2.094567589630947246e+00
1.004999999997559001e+02 -2.728890491602520729e+00
1.009999999997541380e+02 -2.080053943681908546e+00
1.014999999997533990e+02 -2.498572300645105493e+00
1.019999999997629061e+02 -2.295194631024346510e+00
1.024999999997724132e+02 -2.287751442742603558e+00
1.029999999997819060e+02 -1.751407891701770581e+00
1.034999999997914131e+02 -1.999915718177294854e+00
1.039999999998009201e+02 -2.489208948651053799e+00
1.044999999998104272e+02 -2.397293973513502596e+00
1.049999999998199343e+02 -2.058227035606548405e+00
1.054999999998294413e+02 -1.841817334443255794e+00
1.059999999998389484e+02 -2.180886799680625376e+00
1.064999999998484554e+02 -2.266711670672197698e+00
1.069999999998579483e+02 -1.878424653428756086e+00
1.074999999998674554e+02 -2.463260063032141733e+00
1.079999999998769624e+02 -2.373364521307545161e+00
1.084999999998864695e+02 -2.282193709808371551e+00
1.089999999998959765e+02 -2.228815994573682957e+00
1.094999999999054836e+02 -2.034851005743110175e+00
1.099999999999149907e+02 -2.660160502280957129e+00
1.104999999999244977e+02 -1.998244813638972550e+00
1.109999999999339906e+02 -2.266812159369547608e+00
1.114999999999434976e+02 -2.478770408059659758e+00
1.119999999999530047e+02 -2.383125622301409230e+00
1.124999999999625118e+02 -2.275190899676825751e+00
1.129999999999720188e+02 -2.143144615019866972e+00
1.134999999999815259e+02 -2.259373454644735713e+00
1.139999999999910330e+02 -1.518363660271859761e+00
1.145000000000005400e+02 -1.812940445152843028e+00
1.150000000000100329e+02 -2.728150847554435821e+00
1.155000000000195399e+02 -2.358190259062848959e+00
1.160000000000290470e+02 -2.340225072379438220e+00
1.165000000000385540e+02 -2.786591796765148565e+00
1.170000000000480611e+02 -2.386458343719850550e+00
1.175000000000575682e+02 -1.165165237817257227e+00
1.180000000000670752e+02 -2.694325711594568240e+00
1.185000000000765823e+02 -2.089303941382191887e+00
1.190000000000860751e+02 -2.370981631034726256e+00
1.195000000000955822e+02 -2.056060066821820076e+00
1.200000000001050893e+02 -2.182245175708360296e+00
1.205000000001145963e+02 -2.426277497069911693e+00
1.210000000001241034e+02 -2.535619299740385912e+00
1.215000000001336105e+02 -2.166313715662169681e+00
1.220000000001431175e+02 -2.216578481014661595e+00
1.225000000001526246e+02 -2.458031835430678491e+00
1.230000000001621174e+02 -2.144281225749560704e+00
1.235000000001716245e+02 -2.707284360836678783e+00
1.240000000001811316e+02 -2.390714145029922300e+00
1.245000000001906386e+02 -1.970517440436193146e+00
1.250000000002001457e+02 -2.144481273463023197e+00
1.255000000002096527e+02 -2.389967162604537787e+00
1.260000000002191598e+02 -2.453238869780553610e+00
1.265000000002286527e+02 -2.688177267029240980e+00
1.270000000002381597e+02 -2.069752890322967165e+00
1.275000000002476668e+02 -2.673691468713970565e+00
1.280000000002571880e+02 -2.225189559756800328e+00
1.285000000002666809e+02 -2.099296962413888412e+00
1.290000000002761738e+02 -1.943499020820834478e+00
1.295000000002856950e+02 -2.598780697674388129e+00
1.300000000002951879e+02 -1.812646383292189300e+00
1.305000000003047091e+02 -1.806274539370782861e+00
1.310000000003142020e+02 -2.332153778869919591e+00
1.315000000003237233e+02 -2.416527531397834050e+00
1.320000000003332161e+02 -2.326559022055762593e+00
1.325000000003427090e+02 -2.550307729250743893e+00
1.330000000003522302e+02 -2.141757354993782503e+00
1.335000000003617231e+02 -2.411894047516697004e+00
1.340000000003712444e+02 -2.921745515102757818e+00
1.345000000003807372e+02 -2.236977133999301870e+00
1.350000000003902585e+02 -2.080560715817526773e+00
1.355000000003997513e+02 -2.526977158185911954e+00
1.360000000004092726e+02 -2.185170097118216859e+00
1.365000000004187655e+02 -2.047269539625824031e+00
1.370000000004282583e+02 -1.615018654288722821e+00
1.375000000004377796e+02 -2.181411544742303477e+00
1.380000000004472724e+02 -2.340024464617572075e+00
1.385000000004567937e+02 -2.305284607558657495e+00
1.390000000004662866e+02 -2.021395471395081245e+00
1.395000000004758078e+02 -2.256670382255243190e+00
1.400000000004853007e+02 -2.024846673907739092e+00
1.405000000004947935e+02 -2.512071124698044056e+00
1.410000000005043148e+02 -2.349228145328943640e+00
1.415000000005138077e+02 -1.650304244265833997e+00
1.420000000005233289e+02 -2.223753155040293361e+00
1.425000000005328218e+02 -2.282969416392671036e+00
1.430000000005423431e+02 -2.061557998106657408e+00
1.435000000005518359e+02 -1.940619643755865376e+00
1.440000000005613572e+02 -2.224908923591222720e+00
1.445000000005708500e+02 -2.082268616429232999e+00
1.450000000005803429e+02 -2.086452613551444735e+00
1.455000000005898642e+02 -2.487815415462355961e+00
1.460000000005993570e+02 -2.373157521323993269e+00
1.465000000006088783e+02 -2.344556865959963154e+00
1.470000000006183711e+02 -2.366371674256166013e+00
1.475000000006278924e+02 -2.101891026124554251e+00
1.480000000006373853e+02 -1.891352349389033627e+00
1.485000000006468781e+02 -1.884682060062419229e+00
1.490000000006563994e+02 -2.338770572828078986e+00
1.495000000006658922e+02 -2.660907050821108566e+00
1.500000000006754135e+02 -2.122728782512619095e+00
1.505000000006849064e+02 -1.943454139557884819e+00
1.510000000006944276e+02 -2.388623738587599910e+00
1.515000000007039205e+02 -2.274236941440749060e+00
1.520000000007134133e+02 -2.287798172857327117e+00
1.525000000007229346e+02 -2.030912720183127629e+00
1.530000000007324275e+02 -2.206436232878033366e+00
1.535000000007419487e+02 -2.222461544298157232e+00
1.540000000007514416e+02 -2.444856267780975756e+00
1.545000000007609628e+02 -2.025343066528622948e+00
1.550000000007704557e+02 -2.028283944137804884e+00
1.555000000007799770e+02 -2.659629020808496058e+00
1.560000000007894698e+02 -2.193067891609910447e+00
1.565000000007989627e+02 -1.851112692869318233e+00
1.570000000008084839e+02 -2.239458097932086389e+00
1.575000000008179768e+02 -2.417557889919743630e+00
1.580000000008274981e+02 -2.379329324343665064e+00
1.585000000008369909e+02 -2.095399247241120921e+00
1.590000000008465122e+02 -2.547839693146824569e+00
1.595000000008560050e+02 -2.408934025442374782e+00
1.600000000008654979e+02 -1.807958943505262539e+00
1.605000000008750192e+02 -1.600835091915206121e+00
1.610000000008845120e+02 -2.731401717290147246e+00
1.615000000008940333e+02 -2.195734507006126712e+00
1.620000000009035261e+02 -2.293385214665331961e+00
1.625000000009130474e+02 -2.163481088239525452e+00
1.630000000009225403e+02 -1.810023725302976727e+00
1.635000000009320615e+02 -1.870752703361076907e+00
1.640000000009415544e+02 -2.118098755301929703e+00
1.645000000009510472e+02 -2.526064003863398355e+00
1.650000000009605685e+02 -2.267625562152431495e+00
1.655000000009700614e+02 -2.148630957803738806e+00
1.660000000009795826e+02 -2.179305939809281778e+00
1.665000000009890755e+02 -2.483029782690430842e+00
1.670000000009985968e+02 -1.895132880731086544e+00
1.675000000010080896e+02 -1.823884949924966303e+00
1.680000000010175825e+02 -2.475959161076939807e+00
1.685000000010271037e+02 -2.296595702041744680e+00
1.690000000010365966e+02 -2.337644559895858620e+00
1.695000000010461179e+02 -2.408737824998501864e+00
1.700000000010556107e+02 -2.734870097469297434e+00
1.705000000010651320e+02 -1.804483630782461878e+00
1.710000000010746248e+02 -2.281350948455729721e+00
1.715000000010841177e+02 -2.428352685637959585e+00
1.720000000010936390e+02 -2.054686448136306520e+00
1.725000000011031318e+02 -2.131005056507847328e+00
1.730000000011126531e+02 -2.199780956795564624e+00
1.735000000011221459e+02 -2.161340273830580916e+00
1.740000000011316672e+02 -2.087908606495925135e+00
1.745000000011411601e+02 -2.615582504479055270e+00
1.750000000011506813e+02 -2.236664541141013984e+00
1.755000000011601742e+02 -2.399630045648144083e+00
1.760000000011696670e+02 -2.153372570637363204e+00
1.765000000011791883e+02 -1.837064520902068177e+00
1.770000000011886812e+02 -2.544912200718550288e+00
1.775000000011982024e+02 -2.109807775830996324e+00
1.780000000012076953e+02 -2.476503946562759406e+00
1.785000000012172165e+02 -2.385813431014386587e+00
1.790000000012267094e+02 -1.550055808098928400e+00
1.795000000012362023e+02 -2.444261713066516073e+00
1.800000000012457235e+02 -2.183434636447997512e+00
1.805000000012552164e+02 -2.536455283849968989e+00
1.810000000012647376e+02 -2.084934538263721659e+00
1.815000000012742305e+02 -2.701125410805735871e+00
1.820000000012837518e+02 -1.943976891266004037e+00
1.825000000012932446e+02 -2.161136419329528380e+00
1.830000000013027659e+02 -2.261383883133956996e+00
1.835000000013122587e+02 -2.241267007747894446e+00
1.840000000013217516e+02 -2.236538755350970131e+00
1.845000000013312729e+02 -2.075691332398474032e+00
1.850000000013407657e+02 -1.934664772626463636e+00
1.855000000013502870e+02 -1.914989221609118442e+00
1.860000000013597798e+02 -2.255948619392085241e+00
1.865000000013693011e+02 -2.321272942587140786e+00
1.870000000013787940e+02 -2.353104584190814030e+00
1.875000000013882868e+02 -1.943829400024445375e+00
1.880000000013978081e+02 -2.312127050515548010e+00
1.885000000014073009e+02 -2.396538070768036377e+00
1.890000000014168222e+02 -2.163934765877817412e+00
1.895000000014263151e+02 -1.801213816980598237e+00
1.900000000014358363e+02 -2.219858828031255893e+00
1.905000000014453292e+02 -2.103231645609730638e+00
1.910000000014548220e+02 -1.491057553366333055e+00
1.915000000014643433e+02 -2.179205130910088606e+00
1.920000000014738362e+02 -2.518750301554727677e+00
1.925000000014833574e+02 -2.213887715199155615e+00
1.930000000014928503e+02 -2.169624129390162359e+00
1.935000000015023716e+02 -2.140515132122211561e+00
1.940000000015118644e+02 -2.261295367355556696e+00
1.945000000015213857e+02 -2.200524619197061771e+00
1.950000000015308785e+02 -2.344721150726613690e+00
1.955000000015403714e+02 -2.005958220656356428e+00
1.960000000015498927e+02 -2.354597966738197545e+00
1.965000000015593855e+02 -1.455317115584699783e+00
1.970000000015689068e+02 -1.942230088788257536e+00
1.975000000015783996e+02 -2.683251632505541551e+00
1.980000000015879209e+02 -2.167773571339417060e+00
1.985000000015974138e+02 -2.393806282424714826e+00
1.990000000016069066e+02 -2.375306809516625428e+00
1.995000000016164279e+02 -2.139557736720689274e+00
2.000000000016259207e+02 -2.616579066390589681e+00
2.005000000016354420e+02 -1.875054719419577465e+00
2.010000000016449349e+02 -2.037697419155321654e+00
2.015000000016544561e+02 -2.589388927495221093e+00
2.020000000016639490e+02 -1.731761953645877927e+00
2.025000000016734703e+02 -2.594813842551058958e+00
2.030000000016789556e+02 -2.353057553179016104e+00
2.035000000016659385e+02 -2.216519062787304595e+00
2.040000000016529214e+02 -1.859532177228184091e+00
2.045000000016398758e+02 -2.433246263364583939e+00
2.050000000016268586e+02 -2.604180235264656140e+00
2.055000000016138415e+02 -2.211346335806205765e+00
2.060000000016008244e+02 -2.472807605070742820e+00
2.065000000015878072e+02 -2.393900878463275816e+00
2.070000000015747617e+02 -2.753884472638193248e+00
2.075000000015617445e+02 -1.903617365995121880e+00
2.080000000015487274e+02 -2.544504536376568815e+00
2.085000000015357102e+02 -2.155477512304724730e+00
2.090000000015226931e+02 -2.132037960889284545e+00
2.095000000015096475e+02 -2.595627232706115617e+00
2.100000000014966304e+02 -2.227176384920662500e+00
2.105000000014836132e+02 -2.081981298730016583e+00
2.110000000014705961e+02 -2.055082242117026947e+00
2.115000000014575789e+02 -2.155032859112496535e+00
2.120000000014445618e+02 -2.694916345920418177e+00
2.125000000014315162e+02 -2.146432287728984978e+00
2.130000000014184991e+02 -2.436294013132206615e+00
2.135000000014054820e+02 -2.311965073662844095e+00
2.140000000013924648e+02 -2.115922831441945817e+00
2.145000000013794477e+02 -2.301544464348648233e+00
2.150000000013664021e+02 -2.334307458375086686e+00
2.155000000013533850e+02 -2.659784899461193231e+00
2.160000000013403678e+02 -1.855581573513801041e+00
2.165000000013273507e+02 -2.317843125706179563e+00
2.170000000013143335e+02 -2.025551973243337578e+00
2.175000000013013164e+02 -2.400219306489495885e+00
2.180000000012882708e+02 -2.445806040014857796e+00
2.185000000012752537e+02 -2.650008892717895304e+00
2.190000000012622365e+02 -1.853611715261468618e+00
2.195000000012492194e+02 -2.384656186094614494e+00
2.200000000012362023e+02 -2.376058345350260836e+00
2.205000000012231567e+02 -2.313642282846174680e+00
2.210000000012101395e+02 -2.389109301393923523e+00
2.215000000011971224e+02 -2.112645523169971451e+00
2.220000000011841053e+02 -2.168398311259984279e+00
2.225000000011710881e+02 -2.542179535862703066e+00
2.230000000011580710e+02 -2.309285673212110090e+00
2.235000000011450254e+02 -2.333034263501546857e+00
2.240000000011320083e+02 -2.922843269450203341e+00
2.245000000011189911e+02 -1.795202313268847494e+00
2.250000000011059740e+02 -2.399884542678636823e+00
2.255000000010929568e+02 -2.188372967916635048e+00
2.260000000010799113e+02 -2.301850946171465129e+00
2.265000000010668941e+02 -1.926779133508710551e+00
2.270000000010538770e+02 -2.327879210095893381e+00
2.275000000010408598e+02 -1.609785921733144942e+00
2.280000000010278427e+02 -2.257827379968149639e+00
2.285000000010148256e+02 -2.047175522371237566e+00
2.290000000010017800e+02 -2.489004604905621587e+00
2.295000000009887628e+02 -1.992870407316203796e+00
2.300000000009757457e+02 -1.478845551172827122e+00
2.305000000009627286e+02 -2.771597862100649845e+00
2.310000000009497114e+02 -2.189145764883233536e+00
2.315000000009366659e+02 -2.350541747701364148e+00
2.320000000009236487e+02 -2.531658422507136130e+00
2.325000000009106316e+02 -1.993199766673089401e+00
2.330000000008976144e+02 -2.261781788494535483e+00
2.335000000008845973e+02 -2.026554362094904249e+00
2.340000000008715517e+02 -2.691601333084196135e+00
2.345000000008585346e+02 -1.921909134216091664e+00
2.350000000008455174e+02 -2.539510242746082280e+00
2.355000000008325003e+02 -1.898045084771697200e+00
2.360000000008194831e+02 -2.242202264119377286e+00
2.365000000008064660e+02 -2.740978571606765168e+00
2.370000000007934204e+02 -2.052349444592603156e+00
2.375000000007804033e+02 -1.974648940313050494e+00
2.380000000007673862e+02 -2.154075953828498591e+00
2.385000000007543690e+02 -2.155513544855923946e+00
2.390000000007413519e+02 -2.294493144595606271e+00
2.395000000007283063e+02 -2.295976485786559440e+00
2.400000000007152892e+02 -2.353086956993966972e+00
2.405000000007022720e+02 -1.800430689704746179e+00
2.410000000006892549e+02 -2.098101985681300352e+00
2.415000000006762377e+02 -2.261227360454093560e+00
2.420000000006632206e+02 -2.259266395062323962e+00
2.425000000006501750e+02 -2.073978783569173423e+00
2.430000000006371579e+02 -2.318185826053517751e+00
2.435000000006241407e+02 -1.792792619940476229e+00
2.440000000006111236e+02 -2.317273508004394245e+00
2.445000000005981065e+02 -2.400597960310885792e+00
2.450000000005850609e+02 -1.930133732383699785e+00
2.455000000005720437e+02 -2.206746516521154167e+00
2.460000000005590266e+02 -2.063474133518804265e+00
2.465000000005460095e+02 -2.175568591725383527e+00
2.470000000005329923e+02 -2.312178479710868206e+00
2.475000000005199752e+02 -2.037326759431665746e+00
2.480000000005069296e+02 -2.281454560922053343e+00
2.485000000004939125e+02 -2.284226877608543926e+00
2.490000000004808953e+02 -2.222997962390787396e+00
2.495000000004678782e+02 -2.550703976542380236e+00
2.500000000004548610e+02 -2.204001119733872471e+00
2.505000000004418155e+02 -1.980133807438547944e+00
2.510000000004287983e+02 -2.207847003020916521e+00
2.515000000004157812e+02 -2.149796774426923296e+00
2.520000000004027640e+02 -2.204216635985357886e+00
2.525000000003897469e+02 -2.429953359428706161e+00
2.530000000003767013e+02 -1.940300478929668948e+00
2.535000000003636842e+02 -1.995207830914749847e+00
2.540000000003506671e+02 -2.165760434125374889e+00
2.545000000003376499e+02 -2.362863341711124221e+00
2.550000000003246328e+02 -1.504104949051695117e+00
2.555000000003116156e+02 -2.252887375427266914e+00
2.560000000002985985e+02 -2.225482995752803284e+00
2.565000000002855813e+02 -2.408572429366371725e+00
2.570000000002725642e+02 -2.020308581177140184e+00
2.575000000002594902e+02 -2.268886263899145384e+00
2.580000000002464731e+02 -2.233188337508521304e+00
2.585000000002334559e+02 -2.601795781443045463e+00
2.590000000002204388e+02 -2.296628810789131059e+00
2.595000000002074216e+02 -2.280422883310725624e+00
2.600000000001944045e+02 -2.242235674472822904e+00
2.605000000001813873e+02 -2.198977336451469533e+00
2.610000000001683702e+02 -1.813401875044795553e+00
2.615000000001553531e+02 -2.323133868620788078e+00
2.620000000001423359e+02 -2.211641142487400735e+00
2.625000000001292619e+02 -2.365127468815832135e+00
2.630000000001162448e+02 -2.199579713776450784e+00
2.635000000001032276e+02 -2.442789397384678818e+00
2.640000000000902105e+02 -2.427168286210179993e+00
2.645000000000771934e+02 -1.954016618581764675e+00
2.650000000000641762e+02 -2.395581860187656620e+00
2.655000000000511591e+02 -2.272160875442332362e+00
2.660000000000381419e+02 -2.129576443535433405e+00
2.665000000000251248e+02 -1.592563879242631764e+00
2.670000000000121076e+02 -2.657315626501257189e+00
2.674999999999990905e+02 -2.346684227837438907e+00
2.679999999999860165e+02 -1.980894238660661832e+00
2.684999999999729994e+02 -2.156539385941771858e+00
2.689999999999599822e+02 -2.321449949359040588e+00
2.694999999999469651e+02 -2.214354586279219550e+00
2.699999999999339479e+02 -2.251972747878124625e+00
2.704999999999209308e+02 -2.016858643462706713e+00
2.709999999999079137e+02 -2.316626150555180619e+00
2.714999999998948965e+02 -1.950428893153969501e+00
2.719999999998818794e+02 -2.150717286707744869e+00
2.724999999998688622e+02 -2.042073205553443405e+00
2.729999999998558451e+02 -2.119496593037178300e+00
2.734999999998427711e+02 -2.090492069432770883e+00
2.739999999998297540e+02 -1.802056469538177330e+00
2.744999999998167368e+02 -2.675401390579872363e+00
2.749999999998037197e+02 -1.747712411944679189e+00
2.754999999997907025e+02 -2.460165678501364361e+00
2.759999999997776854e+02 -2.168987276339952697e+00
2.764999999997646682e+02 -2.769420529424186039e+00
2.769999999997516511e+02 -2.489772364432212726e+00
2.774999999997386340e+02 -2.123227073135070864e+00
2.779999999997256168e+02 -2.260415655455739969e+00
2.784999999997125997e+02 -2.253030834308038521e+00
2.789999999996995257e+02 -1.732322803182389181e+00
2.794999999996865085e+02 -2.002541361131325637e+00
2.799999999996734914e+02 -1.749028928466134669e+00
2.804999999996604743e+02 -1.763405731229177542e+00
2.809999999996474571e+02 -1.863845470691014583e+00
2.814999999996344400e+02 -2.630360704494976165e+00
2.819999999996214228e+02 -2.084362826206308306e+00
2.824999999996084057e+02 -2.384325187806556112e+00
2.829999999995953885e+02 -2.218668071371920014e+00
2.834999999995823714e+02 -2.503461139463164287e+00
2.839999999995693543e+02 -2.233534090413120232e+00
2.844999999995562803e+02 -2.452463483287568469e+00
2.849999999995432631e+02 -2.314980258422461024e+00
2.854999999995302460e+02 -1.765111198326339004e+00
2.859999999995172288e+02 -2.258431352801604231e+00
2.864999999995042117e+02 -2.345811744683796718e+00
2.869999999994911946e+02 -2.209664187827637960e+00
2.874999999994781774e+02 -2.478255202202507945e+00
2.879999999994651603e+02 -2.402448302662581803e+00
2.884999999994521431e+02 -2.235786945747066490e+00
2.889999999994391260e+02 -2.586835069895894623e+00
2.894999999994261088e+02 -2.403238605239492731e+00
2.899999999994130349e+02 -2.343141357654584755e+00
2.904999999994000177e+02 -2.385908498433229052e+00
2.909999999993870006e+02 -1.801556963378776244e+00
2.914999999993739834e+02 -1.510431637933265181e+00
2.919999999993609663e+02 -2.207553642864377608e+00
2.924999999993479491e+02 -2.250885335496714657e+00
2.929999999993349320e+02 -2.220530839385958632e+00
2.934999999993219149e+02 -2.805956200427135006e+00
2.939999999993088977e+02 -2.201713233265603087e+00
2.944999999992958806e+02 -2.235112979199529004e+00
2.949999999992828634e+02 -2.248101525048633587e+00
2.954999999992697894e+02 -2.155612415592964570e+00
2.959999999992567723e+02 -2.432429785695851887e+00
2.964999999992437552e+02 -2.192086687102268616e+00
2.969999999992307380e+02 -1.980088031975785423e+00
2.974999999992177209e+02 -2.574033609247667886e+00
2.979999999992047037e+02 -2.263417011469376128e+00
2.984999999991916866e+02 -2.366016189251560764e+00
2.989999999991786694e+02 -2.532745112139811905e+00
2.994999999991656523e+02 -2.179831639699884693e+00
2.999999999991526352e+02 -2.060127535029841805e+00
3.004999999991396180e+02 -2.165627664130812313e+00
3.009999999991265440e+02 -2.263194997783704032e+00
3.014999999991135269e+02 -2.419928868125317933e+00
3.019999999991005097e+02 -2.727459390610348589e+00
3.024999999990874926e+02 -2.386759256556067577e+00
3.029999999990744755e+02 -2.342463431264333540e+00
3.034999999990614583e+02 -2.454240668523842928e+00
3.039999999990484412e+02 -2.257421959329275474e+00
3.044999999990354240e+02 -2.069348114189388799e+00
3.049999999990224069e+02 -1.767895466444199037e+00
3.054999999990093897e+02 -2.559915814168516768e+00
3.059999999989963158e+02 -2.301391763363712428e+00
3.064999999989832986e+02 -2.590091970284672307e+00
3.069999999989702815e+02 -1.659884194747272224e+00
3.074999999989572643e+02 -2.573819786445481927e+00
3.079999999989442472e+02 -1.745108310591128475e+00
3.084999999989312300e+02 -2.755947576652022502e+00
3.089999999989182129e+02 -2.418008004057709659e+00
3.094999999989051958e+02 -2.513119059513278852e+00
3.099999999988921786e+02 -2.223935097321601884e+00
3.104999999988791615e+02 -2.287166954472859004e+00
3.109999999988661443e+02 -2.073147480547366861e+00
3.114999999988530703e+02 -1.945316100252060698e+00
3.119999999988400532e+02 -2.664176708582761677e+00
3.124999999988270361e+02 -1.826244782514774734e+00
3.129999999988140189e+02 -1.989892620718051841e+00
3.134999999988010018e+02 -2.075198473203726746e+00
3.139999999987879846e+02 -1.931264556614317618e+00
3.144999999987749675e+02 -2.186917269422545829e+00
3.149999999987619503e+02 -2.210627554147372553e+00
3.154999999987489332e+02 -1.756685434419282377e+00
3.159999999987359161e+02 -2.201766603072853101e+00
3.164999999987228989e+02 -2.416867433869485993e+00
3.169999999987098249e+02 -2.292606192211794625e+00
3.174999999986968078e+02 -1.545962560358218774e+00
3.179999999986837906e+02 -2.288534243172542393e+00
3.184999999986707735e+02 -2.134115336930612283e+00
3.189999999986577564e+02 -2.194821095324722915e+00
3.194999999986447392e+02 -1.763839946541426285e+00
3.199999999986317221e+02 -2.379650751756410720e+00
3.204999999986187049e+02 -1.953666378164020445e+00
3.209999999986056878e+02 -2.101218214443930421e+00
3.214999999985926706e+02 -2.649954462431727720e+00
3.219999999985796535e+02 -2.060592442927730694e+00
3.224999999985665795e+02 -2.290296331421709741e+00
3.229999999985535624e+02 -2.197168049622241881e+00
3.234999999985405452e+02 -2.148480120696664386e+00
3.239999999985275281e+02 -2.227243802977214582e+00
3.244999999985145109e+02 -2.448299866886633591e+00
3.249999999985014938e+02 -2.460623396364704618e+00
3.254999999984884766e+02 -2.290630587994559431e+00
3.259999999984754595e+02 -2.021717475602835545e+00
3.264999999984624424e+02 -2.226868205355458930e+00
3.269999999984494252e+02 -2.134713006928404155e+00
3.274999999984364081e+02 -2.078623308598804620e+00
3.279999999984233341e+02 -2.567650783564331629e+00
3.284999999984103169e+02 -2.105555757906468095e+00
3.289999999983972998e+02 -2.187538202460549641e+00
3.294999999983842827e+02 -2.327387001439521264e+00
3.299999999983712655e+02 -2.097812396959046310e+00
3.304999999983582484e+02 -2.631203604932547346e+00
3.309999999983452312e+02 -2.200685164074448696e+00
3.314999999983322141e+02 -2.247311676759338628e+00
3.319999999983191969e+02 -2.107688082833591547e+00
3.324999999983061798e+02 -2.374705078132537395e+00
3.329999999982931627e+02 -2.273334764136444974e+00
3.334999999982800887e+02 -2.555690437363688172e+00
3.339999999982670715e+02 -1.870960987990442526e+00
3.344999999982540544e+02 -1.740038172574589481e+00
3.349999999982410372e+02 -2.223725657240990028e+00
3.354999999982280201e+02 -2.494258690432852532e+00
3.359999999982150030e+02 -2.493277181612326920e+00
3.364999999982019858e+02 -2.484025888014998351e+00
3.369999999981889687e+02 -2.247997907098546744e+00
3.374999999981759515e+02 -2.784574054708712332e+00
3.379999999981629344e+02 -2.437956425035845420e+00
3.384999999981499172e+02 -2.510634172694049759e+00
3.389999999981368433e+02 -1.814820748256018357e+00
3.394999999981238261e+02 -2.323197655930874461e+00
3.399999999981108090e+02 -2.076674906480753702e+00
3.404999999980977918e+02 -2.018699969406715589e+00
3.409999999980847747e+02 -2.495111575827356987e+00
3.414999999980717575e+02 -2.169211547175317722e+00
3.419999999980587404e+02 -2.664859999306376626e+00
3.424999999980457233e+02 -2.191828185750094082e+00
3.429999999980327061e+02 -2.110697953450647812e+00
3.434999999980196890e+02 -1.695107438713029380e+00
3.439999999980066718e+02 -2.431955634706550740e+00
3.444999999979935978e+02 -2.181986146058770615e+00
3.449999999979805807e+02 -2.142827785828211429e+00
3.454999999979675636e+02 -1.605295110750122989e+00
3.459999999979545464e+02 -2.130663329714607368e+00
3.464999999979415293e+02 -2.289601414049680095e+00
3.469999999979285121e+02 -2.551563717192468772e+00
3.474999999979154950e+02 -2.569311402017631973e+00
3.479999999979024778e+02 -2.019030173612196943e+00
3.484999999978894607e+02 -2.185729062323078509e+00
3.489999999978764436e+02 -2.454822511543355734e+00
3.494999999978633696e+02 -2.496085819197281452e+00
3.499999999978503524e+02 -2.298779422016427709e+00
3.504999999978373353e+02 -2.207325117651413038e+00
3.509999999978243181e+02 -2.595611819218414329e+00
3.514999999978113010e+02 -2.450916948451957289e+00
3.519999999977982839e+02 -1.585938166068842081e+00
3.524999999977852667e+02 -2.693686652367683898e+00
3.529999999977722496e+02 -1.845402566643071562e+00
3.534999999977592324e+02 -1.774621668208486769e+00
3.539999999977462153e+02 -1.919828988440612116e+00
3.544999999977331981e+02 -2.047912189900173097e+00
3.549999999977201242e+02 -2.226857050008273387e+00
3.554999999977071070e+02 -2.290334932791860734e+00
3.559999999976940899e+02 -2.230697589075110177e+00
3.564999999976810727e+02 -2.195122207055754782e+00
3.569999999976680556e+02 -2.507945937577196638e+00
3.574999999976550384e+02 -2.143743813680279331e+00
3.579999999976420213e+02 -2.363463671430054092e+00
3.584999999976290042e+02 -1.864127263513310373e+00
3.589999999976159870e+02 -2.105931911447217253e+00
3.594999999976029699e+02 -2.366158055725239961e+00
3.599999999975899527e+02 -2.492687786492640445e+00
3.604999999975768787e+02 -2.198271943050401855e+00
3.609999999975638616e+02 -2.299081325882764926e+00
3.614999999975508445e+02 -1.777263379671100818e+00
3.619999999975378273e+02 -2.295183935319814683e+00
3.624999999975248102e+02 -2.491607157265638861e+00
3.629999999975117930e+02 -1.958242086804229398e+00
3.634999999974987759e+02 -2.669691494536033716e+00
3.639999999974857587e+02 -2.117679530128476539e+00
3.644999999974727416e+02 -1.747937693611345544e+00
3.649999999974597245e+02 -2.048194103810881739e+00
3.654999999974467073e+02 -2.506582006676773666e+00
3.659999999974336333e+02 -1.775136670270312633e+00
3.664999999974206162e+02 -2.776248072585188797e+00
3.669999999974075990e+02 -1.973183285696532785e+00
3.674999999973945819e+02 -2.071796028121565492e+00
3.679999999973815648e+02 -1.996786448528188762e+00
3.684999999973685476e+02 -2.066571471664024440e+00
3.689999999973555305e+02 -2.580885960099140952e+00
3.694999999973425133e+02 -2.151503129325732289e+00
3.699999999973294962e+02 -2.035699419168678137e+00
3.704999999973164790e+02 -2.175878410648782513e+00
3.709999999973034619e+02 -1.623062226535780583e+00
3.714999999972903879e+02 -2.664344366022296295e+00
3.719999999972773708e+02 -1.954181984238506420e+00
3.724999999972643536e+02 -1.921749181382528704e+00
3.729999999972513365e+02 -2.279777054950728576e+00
3.734999999972383193e+02 -1.977172974634552549e+00
3.739999999972253022e+02 -1.849457450238079614e+00
3.744999999972122851e+02 -1.969587026743000235e+00
3.749999999971992679e+02 -2.486968011425872760e+00
3.754999999971862508e+02 -2.206208622589789226e+00
3.759999999971732336e+02 -1.960901122019520937e+00
3.764999999971602165e+02 -1.840137371878310724e+00
3.769999999971471425e+02 -2.566474875898439478e+00
3.774999999971341254e+02 -2.143833423201359167e+00
3.779999999971211082e+02 -2.140179626193084328e+00
3.784999999971080911e+02 -2.373249216952326712e+00
3.789999999970950739e+02 -2.455154266884723935e+00
3.794999999970820568e+02 -1.862659030938543347e+00
3.799999999970690396e+02 -2.394357360095643372e+00
3.804999999970560225e+02 -1.894561983754993628e+00
3.809999999970430054e+02 -1.868179805846899022e+00
3.814999999970299882e+02 -1.835586110807047255e+00
3.819999999970169711e+02 -1.913799051967967957e+00
3.824999999970038971e+02 -2.090264291460192325e+00
3.829999999969908799e+02 -2.432847999549232476e+00
3.834999999969778628e+02 -2.441828496306687413e+00
3.839999999969648456e+02 -1.906324601657569229e+00
3.844999999969518285e+02 -2.419178015161431716e+00
3.849999999969388114e+02 -2.388969350065192732e+00
3.854999999969257942e+02 -2.548706841426947367e+00
3.859999999969127771e+02 -1.965832678301985492e+00
3.864999999968997599e+02 -2.197432104623655125e+00
3.869999999968867428e+02 -2.332257564303902964e+00
3.874999999968737256e+02 -2.196656884534510912e+00
3.879999999968606517e+02 -2.087074524056877323e+00
3.884999999968476345e+02 -2.734850455982065665e+00
3.889999999968346174e+02 -2.459941869223622124e+00
3.894999999968216002e+02 -2.293814002577774680e+00
3.899999999968085831e+02 -2.146142007326809154e+00
3.904999999967955659e+02 -2.504545044734125536e+00
3.909999999967825488e+02 -2.257400821978842398e+00
3.914999999967695317e+02 -1.952410715889844939e+00
3.919999999967565145e+02 -1.852285993004572306e+00
3.924999999967434974e+02 -2.512498387242775966e+00
3.929999999967304234e+02 -1.240616498131334122e+00
3.934999999967174062e+02 -2.344321920486941657e+00
3.939999999967043891e+02 -2.619921786149769005e+00
3.944999999966913720e+02 -2.164343809332360813e+00
3.949999999966783548e+02 -2.814077293358703269e+00
3.954999999966653377e+02 -1.363028626271583166e+00
3.959999999966523205e+02 -2.062712829945437587e+00
3.964999999966393034e+02 -2.533037016985663747e+00
3.969999999966262862e+02 -2.295406757030564737e+00
3.974999999966132691e+02 -2.066321545290261241e+00
3.979999999966002520e+02 -2.344765117779486374e+00
3.984999999965871780e+02 -2.044147805874616974e+00
3.989999999965741608e+02 -2.058944660332064469e+00
3.994999999965611437e+02 -2.451228084440801869e+00
3.999999999965481265e+02 -2.381889074703261500e+00
4.004999999965351094e+02 -2.436965424833162253e+00
4.009999999965220923e+02 -2.042280367050920198e+00
4.014999999965090751e+02 -1.444585179068223146e+00
4.019999999964960580e+02 -1.542628789549600254e+00
4.024999999964830408e+02 -2.323668904164527316e+00
4.029999999964700237e+02 -2.300072929391518528e+00
4.034999999964570065e+02 -1.493778831926193984e+00
4.039999999964439326e+02 -1.822919661524375012e+00
4.044999999964309154e+02 -1.813373428094468887e+00
4.049999999964178983e+02 -2.282465460441237326e+00
4.054999999964048811e+02 -2.428140637212865993e+00
4.059999999964079507e+02 -2.302874849857957873e+00
4.064999999964400104e+02 -2.242924766149938520e+00
4.069999999964720132e+02 -1.785837258748794509e+00
4.074999999965040729e+02 -2.088283144200548946e+00
4.079999999965360757e+02 -2.465453317525351906e+00
4.084999999965681354e+02 -2.254080384876628873e+00
4.089999999966001383e+02 -2.340622514679770116e+00
4.094999999966321980e+02 -1.891703607142341870e+00
4.099999999966642008e+02 -2.143258215804765054e+00
4.104999999966962605e+02 -2.006185288313508952e+00
4.109999999967282633e+02 -2.456225409822094363e+00
4.114999999967603230e+02 -2.234971137063006985e+00
4.119999999967923259e+02 -1.509776489175036707e+00
4.124999999968243856e+02 -1.601019599990313624e+00
4.129999999968563884e+02 -2.413939245205913409e+00
4.134999999968884481e+02 -2.332317116391403822e+00
4.139999999969205078e+02 -2.341177500977498216e+00
4.144999999969525106e+02 -2.275082000553293238e+00
4.149999999969845703e+02 -2.294075090744179590e+00
4.154999999970165732e+02 -2.464412089561282215e+00
4.159999999970486328e+02 -2.166381772247076842e+00
4.164999999970806357e+02 -2.880860812822232386e+00
4.169999999971126954e+02 -1.786771256432607036e+00
4.174999999971446982e+02 -2.748041802939787281e+00
4.179999999971767579e+02 -1.950838242990463822e+00
4.184999999972087608e+02 -2.287167135628656478e+00
4.189999999972408204e+02 -2.318381654372936307e+00
4.194999999972728233e+02 -2.108026148682917711e+00
4.199999999973048830e+02 -2.437294640227515075e+00
4.204999999973368858e+02 -2.363168268724267662e+00
4.209999999973689455e+02 -1.720159275910833063e+00
4.214999999974009484e+02 -2.790352062486661122e+00
4.219999999974330080e+02 -2.288984181897610881e+00
4.224999999974650109e+02 -1.891148064415421493e+00
4.229999999974970706e+02 -2.554930112375140450e+00
4.234999999975291303e+02 -2.227836026108092504e+00
4.239999999975611331e+02 -2.339160169786389520e+00
4.244999999975931928e+02 -2.358496431041140262e+00
4.249999999976251956e+02 -2.187566393518612706e+00
4.254999999976572553e+02 -2.301270877984966656e+00
4.259999999976892582e+02 -2.615959481859865043e+00
4.264999999977213179e+02 -1.604621693810985184e+00
4.269999999977533207e+02 -2.564592291325595408e+00
4.274999999977853804e+02 -2.408772716099920608e+00
4.279999999978173832e+02 -2.230820068556960134e+00
4.284999999978494429e+02 -1.661335176135647185e+00
4.289999999978814458e+02 -2.174874507491467046e+00
4.294999999979135055e+02 -2.295903344956097492e+00
4.299999999979455083e+02 -2.183316466199050065e+00
4.304999999979775680e+02 -2.371393724124263080e+00
4.309999999980095708e+02 -1.846318487648543227e+00
4.314999999980416305e+02 -2.279290180120845388e+00
4.319999999980736902e+02 -2.325748767928713878e+00
4.324999999981056931e+02 -2.084585484966869906e+00
4.329999999981377528e+02 -2.117034047053633738e+00
4.334999999981697556e+02 -2.613709733697600512e+00
4.339999999982018153e+02 -2.084163599704308645e+00
4.344999999982338181e+02 -2.117028404940712427e+00
4.349999999982658778e+02 -2.677804800554100417e+00
4.354999999982978807e+02 -1.511529885791023098e+00
4.359999999983299404e+02 -2.295273093311999357e+00
4.364999999983619432e+02 -2.428891127797072613e+00
4.369999999983940029e+02 -2.193806967890595594e+00
4.374999999984260057e+02 -2.119903531550637599e+00
4.379999999984580654e+02 -2.225250398944855323e+00
4.384999999984900683e+02 -2.213524127846909995e+00
4.389999999985221280e+02 -2.150052058442673442e+00
4.394999999985541308e+02 -2.466268596098305288e+00
4.399999999985861905e+02 -2.616437074209780000e+00
4.404999999986182502e+02 -1.802425966089188814e+00
4.409999999986502530e+02 -2.629444148766415523e+00
4.414999999986823127e+02 -2.334081675266041156e+00
4.419999999987143156e+02 -2.133528575129603144e+00
4.424999999987463752e+02 -1.881303544231834657e+00
4.429999999987783781e+02 -2.480758085133634161e+00
4.434999999988104378e+02 -2.459304739198005407e+00
4.439999999988424406e+02 -2.059877916697170797e+00
4.444999999988745003e+02 -2.342005301306699039e+00
4.449999999989065032e+02 -2.472015494919173939e+00
4.454999999989385628e+02 -2.419628619653513280e+00
4.459999999989705657e+02 -2.154146199617733348e+00
4.464999999990026254e+02 -2.463416124140739072e+00
4.469999999990346282e+02 -2.409015697109395227e+00
4.474999999990666879e+02 -2.002958088523516977e+00
4.479999999990986908e+02 -2.218085581132029471e+00
4.484999999991307504e+02 -2.441002876133560040e+00
4.489999999991627533e+02 -2.030360428215284063e+00
4.494999999991948130e+02 -2.177002369850577601e+00
4.499999999992268727e+02 -2.342571195573314835e+00
4.504999999992588755e+02 -2.387424270002311388e+00
4.509999999992909352e+02 -2.315560271060418174e+00
4.514999999993229380e+02 -2.543546822930412787e+00
4.519999999993549977e+02 -2.340367626786761690e+00
4.524999999993870006e+02 -2.453103093679309232e+00
4.529999999994190603e+02 -2.307456351854134002e+00
4.534999999994510631e+02 -2.045878570678382413e+00
4.539999999994831228e+02 -1.710551055128517017e+00
4.544999999995151256e+02 -2.350276220374308611e+00
4.549999999995471853e+02 -2.392350773819968079e+00
4.554999999995791882e+02 -2.281389240898230142e+00
4.559999999996112479e+02 -2.131474592686332326e+00
4.564999999996432507e+02 -2.388673236476085204e+00
4.569999999996753104e+02 -1.608227516312718208e+00
4.574999999997073132e+02 -2.581204157889181783e+00
4.579999999997393729e+02 -1.804580893963911858e+00
4.584999999997714326e+02 -2.523308121887598787e+00
4.589999999998034355e+02 -2.311877943346540398e+00
4.594999999998354951e+02 -2.237389686953503265e+00
4.599999999998674980e+02 -2.050482658128172542e+00
4.604999999998995577e+02 -2.211859952370516247e+00
4.609999999999315605e+02 -2.501625181783227791e+00
4.614999999999636202e+02 -2.189960247854657371e+00
4.619999999999956231e+02 -2.790137931620965794e+00
4.625000000000276827e+02 -2.198401976329805940e+00
4.630000000000596856e+02 -2.238598988383685207e+00
4.635000000000917453e+02 -2.083206656939122325e+00
4.640000000001237481e+02 -2.258618173814775698e+00
4.645000000001558078e+02 -2.585178054593685548e+00
4.650000000001878107e+02 -2.155952104928104074e+00
4.655000000002198703e+02 -1.753235272585469184e+00
4.660000000002518732e+02 -1.982573570568453514e+00
4.665000000002839329e+02 -2.201649393950960931e+00
4.670000000003159357e+02 -2.252652157388809417e+00
4.675000000003479954e+02 -2.288065490798189661e+00
4.680000000003800551e+02 -2.428999703549129752e+00
4.685000000004120579e+02 -2.307310551865073833e+00
4.690000000004441176e+02 -2.410972253384840780e+00
4.695000000004761205e+02 -2.335492313758105176e+00
4.700000000005081802e+02 -2.009136668829481831e+00
4.705000000005401830e+02 -2.359786405761188366e+00
4.710000000005722427e+02 -2.431211391114315834e+00
4.715000000006042455e+02 -2.609878665870619230e+00
4.720000000006363052e+02 -2.293750708735392330e+00
4.725000000006683081e+02 -2.122782830591527059e+00
4.730000000007003678e+02 -1.542733462863298932e+00
4.735000000007323706e+02 -1.985972543901394216e+00
4.740000000007644303e+02 -2.297489403618777626e+00
4.745000000007964331e+02 -1.925230973840716731e+00
4.750000000008284928e+02 -2.311923286799172583e+00
4.755000000008604957e+02 -2.264352525388694914e+00
4.760000000008925554e+02 -2.357561943934394222e+00
4.765000000009246151e+02 -1.915745075840483480e+00
4.770000000009566179e+02 -2.353863463809345635e+00
4.775000000009886776e+02 -1.790052229249284421e+00
4.780000000010206804e+02 -2.407154628974369714e+00
4.785000000010527401e+02 -2.354355970087374406e+00
4.790000000010847430e+02 -1.889620009127187306e+00
4.795000000011168027e+02 -2.263844646761004054e+00
4.800000000011488055e+02 -2.749626603985598550e+00
4.805000000011808652e+02 -2.113155672829149623e+00
4.810000000012128680e+02 -2.477175129769305872e+00
4.815000000012449277e+02 -2.312126979526108350e+00
4.820000000012769306e+02 -2.039809639887164128e+00
4.825000000013089902e+02 -2.117506765998476315e+00
4.830000000013409931e+02 -2.100162452133316204e+00
4.835000000013730528e+02 -2.211105202397013691e+00
4.840000000014050556e+02 -2.306127246251134189e+00
4.845000000014371153e+02 -2.254183374345902102e+00
4.850000000014691750e+02 -2.091955263060851777e+00
4.855000000015011778e+02 -2.196952931365516282e+00
4.860000000015332375e+02 -2.581487936882739920e+00
4.865000000015652404e+02 -1.869228786908786022e+00
4.870000000015973001e+02 -2.177072067750397633e+00
4.875000000016293029e+02 -2.415765464260343887e+00
4.880000000016613626e+02 -2.363314883494215923e+00
4.885000000016933654e+02 -2.426972108869573930e+00
4.890000000017254251e+02 -2.264159811993595728e+00
4.895000000017574280e+02 -2.234861836023313231e+00
4.900000000017894877e+02 -2.222128270996976962e+00
4.905000000018214905e+02 -2.495573624302035221e+00
4.910000000018535502e+02 -2.323900946809561496e+00
4.915000000018855530e+02 -2.366017532281382341e+00
4.920000000019176127e+02 -2.433633920316251587e+00
4.925000000019496156e+02 -1.903482990702397126e+00
4.930000000019816753e+02 -2.675392995266168139e+00
4.935000000020136781e+02 -2.174351753723860803e+00
4.940000000020457378e+02 -2.293929707032299259e+00
4.945000000020777975e+02 -2.310615675033933059e+00
4.950000000021098003e+02 -2.553056953490814074e+00
4.955000000021418600e+02 -2.048551912378491213e+00
4.960000000021738629e+02 -2.107892635132383674e+00
4.965000000022059226e+02 -2.388699762757537481e+00
4.970000000022379254e+02 -2.362550997642151707e+00
4.975000000022699851e+02 -2.016140181448454527e+00
4.980000000023019879e+02 -1.990191537570783931e+00
4.985000000023340476e+02 -2.325329673837283284e+00
4.990000000023660505e+02 -2.395098244044797653e+00
4.995000000023981102e+02 -2.536500469084362663e+00
5.000000000024301130e+02 -2.418442607707900649e+00
5.005000000024621727e+02 -2.086746618610860970e+00
5.010000000024941755e+02 -2.560813917381807414e+00
5.015000000025262352e+02 -2.423890482769790911e+00
5.020000000025582381e+02 -1.618443079435222698e+00
5.025000000025902978e+02 -2.024648165099946606e+00
5.030000000026223574e+02 -1.768789910145622146e+00
5.035000000026543603e+02 -2.159476614775265979e+00
5.040000000026864200e+02 -2.408020472772495424e+00
5.045000000027184228e+02 -2.527388661890703325e+00
5.050000000027504825e+02 -2.366846922662901420e+00
5.055000000027824854e+02 -2.243242558234594952e+00
5.060000000028145450e+02 -2.705366972492274869e+00
5.065000000028465479e+02 -1.812369330760686958e+00
5.070000000028786076e+02 -2.170023412007778596e+00
5.075000000029106104e+02 -2.464851274356199440e+00
5.080000000029426701e+02 -2.037063196836614853e+00
5.085000000029746730e+02 -1.842413967167461308e+00
5.090000000030067326e+02 -1.713426060068674150e+00
5.095000000030387355e+02 -2.746350824158315440e+00
5.100000000030707952e+02 -2.453898477961055313e+00
5.105000000031027980e+02 -2.513957272963267986e+00
5.110000000031348577e+02 -2.078294008420321859e+00
5.115000000031668606e+02 -2.199079877026050234e+00
5.120000000031989202e+02 -1.479951992522306803e+00
5.125000000032309799e+02 -2.076080456347866754e+00
5.130000000032630396e+02 -2.583256351889642755e+00
5.135000000032949856e+02 -2.277758544132205465e+00
5.140000000033270453e+02 -2.104580386144947024e+00
5.145000000033591050e+02 -1.807548018083857455e+00
5.150000000033911647e+02 -1.944849267894090517e+00
5.155000000034231107e+02 -2.511193662606788557e+00
5.160000000034551704e+02 -2.376164287873753000e+00
5.165000000034872301e+02 -2.288944888157979918e+00
5.170000000035192897e+02 -2.672273124452179349e+00
5.175000000035512357e+02 -2.282125500523124462e+00
5.180000000035832954e+02 -2.129917827778865735e+00
5.185000000036153551e+02 -2.287249002235631767e+00
5.190000000036474148e+02 -2.509719211828159491e+00
5.195000000036793608e+02 -2.053207914252956456e+00
5.200000000037114205e+02 -2.337393906622795559e+00
5.205000000037434802e+02 -2.012858364898109542e+00
5.210000000037755399e+02 -1.705171237589456101e+00
5.215000000038075996e+02 -1.966220360335877215e+00
5.220000000038395456e+02 -2.447990793581014124e+00
5.225000000038716053e+02 -2.285628672783078130e+00
5.230000000039036649e+02 -2.394691984992222800e+00
5.235000000039357246e+02 -2.723465190563177263e+00
5.240000000039676706e+02 -2.097321639015911732e+00
5.245000000039997303e+02 -2.469322328802642907e+00
5.250000000040317900e+02 -2.352354351688916267e+00
5.255000000040638497e+02 -2.490675028189630602e+00
5.260000000040957957e+02 -1.888591881596584088e+00
5.265000000041278554e+02 -2.128623830427684993e+00
5.270000000041599151e+02 -2.022831463360256876e+00
5.275000000041919748e+02 -2.403182770889842335e+00
5.280000000042239208e+02 -2.297586403605812233e+00
5.285000000042559805e+02 -2.681963220475490406e+00
5.290000000042880401e+02 -2.120129243009008402e+00
5.295000000043200998e+02 -2.398631326700458644e+00
5.300000000043521595e+02 -2.176565005291561050e+00
5.305000000043841055e+02 -2.055315801097968631e+00
5.310000000044161652e+02 -2.360690774404145209e+00
5.315000000044482249e+02 -2.372357157778113290e+00
5.320000000044802846e+02 -2.339670192623409140e+00
5.325000000045122306e+02 -2.098659871587738479e+00
5.330000000045442903e+02 -2.468878129701531421e+00
5.335000000045763500e+02 -2.329553321862968041e+00
5.340000000046084097e+02 -1.684237211583824667e+00
5.345000000046403557e+02 -2.807177284661918737e+00
5.350000000046724153e+02 -1.767975953407320056e+00
5.355000000047044750e+02 -2.042135552779713148e+00
5.360000000047365347e+02 -2.045896566530407856e+00
5.365000000047684807e+02 -2.208682985833662737e+00
5.370000000048005404e+02 -1.925510282513642757e+00
5.375000000048326001e+02 -2.511476728692142224e+00
5.380000000048646598e+02 -1.599225115744229653e+00
5.385000000048967195e+02 -2.859280727800975974e+00
5.390000000049286655e+02 -2.071662872514582698e+00
5.395000000049607252e+02 -2.717590499511651991e+00
5.400000000049927849e+02 -2.099626242779774277e+00
5.405000000050248445e+02 -2.450791739431502414e+00
5.410000000050567905e+02 -1.909040330029830868e+00
5.415000000050888502e+02 -2.241831952219691004e+00
5.420000000051209099e+02 -2.473322350111382573e+00
5.425000000051529696e+02 -2.213943486090469648e+00
5.430000000051849156e+02 -2.420397800513209852e+00
5.435000000052169753e+02 -2.191271058548068584e+00
5.440000000052490350e+02 -2.752511219768333905e+00
5.445000000052810947e+02 -2.188435943401552120e+00
5.450000000053130407e+02 -1.442858578185849838e+00
5.455000000053451004e+02 -1.991605455029549887e+00
5.460000000053771601e+02 -2.543750285011615375e+00
5.465000000054092197e+02 -2.454527603062239827e+00
5.470000000054411657e+02 -2.239503222831583429e+00
5.475000000054732254e+02 -2.744206354043399632e+00
5.480000000055052851e+02 -2.159334539934547603e+00
5.485000000055373448e+02 -2.457473584228018648e+00
5.490000000055694045e+02 -2.024461842351460206e+00
5.495000000056013505e+02 -2.208446954934341289e+00
5.500000000056334102e+02 -2.336822271088887071e+00
5.505000000056654699e+02 -2.149665360734065445e+00
5.510000000056975296e+02 -2.587307007088465838e+00
5.515000000057294756e+02 -2.258665395340390791e+00
5.520000000057615352e+02 -2.101792266279165489e+00
5.525000000057935949e+02 -2.384838602449515843e+00
5.530000000058256546e+02 -2.564710908256677691e+00
5.535000000058576006e+02 -2.388132249250147776e+00
5.540000000058896603e+02 -1.993994052665525318e+00
5.545000000059217200e+02 -2.622724372090198042e+00
5.550000000059537797e+02 -2.238212045152374596e+00
5.555000000059857257e+02 -2.560212093519446785e+00
5.560000000060177854e+02 -1.742789724710019472e+00
5.565000000060498451e+02 -1.672090444433300016e+00
5.570000000060819048e+02 -2.423375995626733559e+00
5.575000000061139644e+02 -2.185578921040864930e+00
5.580000000061459104e+02 -1.907648746556943165e+00
5.585000000061779701e+02 -2.331637145277149159e+00
5.590000000062100298e+02 -2.189558289267341529e+00
5.595000000062420895e+02 -1.314110270336798614e+00
5.600000000062740355e+02 -1.860840375541330083e+00
5.605000000063060952e+02 -2.073759011968105526e+00
5.610000000063381549e+02 -2.580396330714413988e+00
5.615000000063702146e+02 -1.660523204566190181e+00
5.620000000064021606e+02 -2.345260007341053665e+00
5.625000000064342203e+02 -1.727632793500522457e+00
5.630000000064662800e+02 -2.447469786282173931e+00
5.635000000064983396e+02 -1.964247500427463322e+00
5.640000000065302856e+02 -2.114400552776177555e+00
5.645000000065623453e+02 -2.602251693802556165e+00
5.650000000065944050e+02 -2.261925036410218137e+00
5.655000000066264647e+02 -2.658773753310548216e+00
5.660000000066585244e+02 -2.179755029151902779e+00
5.665000000066904704e+02 -1.579455614722348855e+00
5.670000000067225301e+02 -2.800343196755897601e+00
5.675000000067545898e+02 -1.900989767944992748e+00
5.680000000067866495e+02 -2.247722195313873073e+00
5.685000000068185955e+02 -2.330176310295633435e+00
5.690000000068506552e+02 -2.135254843486486198e+00
5.695000000068827148e+02 -2.331369703353477263e+00
5.700000000069147745e+02 -2.765362919729441593e+00
5.705000000069467205e+02 -2.487881598063441224e+00
5.710000000069787802e+02 -2.050282721117502760e+00
5.715000000070108399e+02 -2.749190310469335596e+00
5.720000000070428996e+02 -2.038860342950247873e+00
5.725000000070748456e+02 -2.952222695333352132e+00
5.730000000071069053e+02 -1.962157290406078003e+00
5.735000000071389650e+02 -2.092449878913432482e+00
5.740000000071710247e+02 -2.019275775525177785e+00
5.745000000072030844e+02 -2.004730341572338315e+00
5.750000000072350304e+02 -1.974883493710326787e+00
5.755000000072670900e+02 -2.049927516632317648e+00
5.760000000072991497e+02 -1.786147861768819567e+00
5.765000000073312094e+02 -2.729473365920591199e+00
5.770000000073631554e+02 -1.894511886893315733e+00
5.775000000073952151e+02 -2.324652555695841727e+00
5.780000000074272748e+02 -2.685244942040434513e+00
5.785000000074593345e+02 -2.564774354390519928e+00
5.790000000074912805e+02 -1.816683136572935453e+00
5.795000000075233402e+02 -2.574447996852043286e+00
5.800000000075553999e+02 -2.259863403472437415e+00
5.805000000075874595e+02 -2.189077331604881049e+00
5.810000000076194056e+02 -2.632775831003120182e+00
5.815000000076514652e+02 -2.477582208936953467e+00
5.820000000076835249e+02 -2.267273901170940409e+00
5.825000000077155846e+02 -2.466626508988033706e+00
5.830000000077476443e+02 -1.886965381822639953e+00
5.835000000077795903e+02 -2.238752920465899354e+00
5.840000000078116500e+02 -1.838526023421514388e+00
5.845000000078437097e+02 -2.557029225141646656e+00
5.850000000078757694e+02 -2.599426831615033073e+00
5.855000000079077154e+02 -2.030408788015726884e+00
5.860000000079397751e+02 -2.240079384675175866e+00
5.865000000079718347e+02 -2.153391051228136455e+00
5.870000000080038944e+02 -2.457496185175208403e+00
5.875000000080358404e+02 -2.498235610941426099e+00
5.880000000080679001e+02 -2.250911930250890425e+00
5.885000000080999598e+02 -2.433410507805746192e+00
5.890000000081320195e+02 -2.306689037583287138e+00
5.895000000081639655e+02 -1.883816807476811128e+00
5.900000000081960252e+02 -2.498548936126459896e+00
5.905000000082280849e+02 -2.346664674429474573e+00
5.910000000082601446e+02 -2.514348863897045927e+00
5.915000000082920906e+02 -1.868572155329387474e+00
5.920000000083241503e+02 -2.025226121356162867e+00
5.925000000083562099e+02 -2.077102253545196398e+00
5.930000000083882696e+02 -2.041088270036131469e+00
5.935000000084203293e+02 -2.083828480385622406e+00
5.940000000084522753e+02 -2.909707664901818092e+00
5.945000000084843350e+02 -1.718904383754844556e+00
5.950000000085163947e+02 -2.377666748736087854e+00
5.955000000085484544e+02 -2.498822302723703981e+00
5.960000000085804004e+02 -2.036623920326497750e+00
5.965000000086124601e+02 -2.278441662975771109e+00
5.970000000086445198e+02 -2.213992963868873787e+00
5.975000000086765795e+02 -2.409371428801670323e+00
5.980000000087085255e+02 -2.269033762777105334e+00
5.985000000087405851e+02 -2.203933421021342820e+00
5.990000000087726448e+02 -2.239296444472936187e+00
5.995000000088047045e+02 -2.214989130601252132e+00
6.000000000088366505e+02 -2.429803317983905142e+00
6.005000000088687102e+02 -2.126467274402287888e+00
6.010000000089007699e+02 -2.580059614737676199e+00
6.015000000089328296e+02 -2.502358041382755527e+00
6.020000000089648893e+02 -1.996079647503054222e+00
6.025000000089968353e+02 -2.130427576272823753e+00
6.030000000090288950e+02 -1.891750199378183117e+00
6.035000000090609547e+02 -2.086209471855228426e+00
6.040000000090930143e+02 -2.269987188888859198e+00
6.045000000091249603e+02 -2.481502215904327624e+00
6.050000000091570200e+02 -2.347481219231584149e+00
6.055000000091890797e+02 -2.436618395673848969e+00
6.060000000092211394e+02 -2.777663457904403277e+00
6.065000000092530854e+02 -2.092888846890855525e+00
6.070000000092851451e+02 -2.147095852917230818e+00
6.075000000093172048e+02 -2.088057194294330454e+00
6.080000000093492645e+02 -2.236812590202498452e+00
6.085000000093812105e+02 -2.187974297245084188e+00
6.090000000094132702e+02 -2.107990694788423713e+00
6.095000000094453299e+02 -2.305709911549975288e+00
6.100000000094773895e+02 -1.792670583346841928e+00
6.105000000095094492e+02 -1.500914267539947833e+00
6.110000000095413952e+02 -2.582682174484227655e+00
6.115000000095734549e+02 -2.322831950762265230e+00
6.120000000096055146e+02 -2.581986150903937016e+00
6.125000000096375743e+02 -2.430097536370255717e+00
6.130000000096695203e+02 -2.393749499969365147e+00
6.135000000097015800e+02 -2.619754278523952706e+00
6.140000000097336397e+02 -1.887947281238946839e+00
6.145000000097656994e+02 -2.021419131354895704e+00
6.150000000097976454e+02 -2.023419694921258838e+00
6.155000000098297050e+02 -2.219657678623384811e+00
6.160000000098617647e+02 -2.574018018797899821e+00
6.165000000098938244e+02 -1.864338425263525556e+00
6.170000000099257704e+02 -2.636993194928412887e+00
6.175000000099578301e+02 -1.966049018331154752e+00
6.180000000099898898e+02 -2.690000580896547255e+00
6.185000000100219495e+02 -1.875384474275776148e+00
6.190000000100540092e+02 -3.124048401567086852e+00
6.195000000100859552e+02 -1.529587652468184622e+00
6.200000000101180149e+02 -2.519616901316367841e+00
6.205000000101500746e+02 -2.056839580240276799e+00
6.210000000101821342e+02 -2.551208956871745315e+00
6.215000000102140802e+02 -2.340931616544381200e+00
6.220000000102461399e+02 -2.045397575646822563e+00
6.225000000102781996e+02 -2.244590144227093464e+00
6.230000000103102593e+02 -2.591042151919041192e+00
6.235000000103422053e+02 -2.123947833131473839e+00
6.240000000103742650e+02 -2.329614410739146990e+00
6.245000000104063247e+02 -2.130700053648661552e+00
6.250000000104383844e+02 -2.572083682116169001e+00
6.255000000104703304e+02 -2.261730279718467962e+00
6.260000000105023901e+02 -2.188834917482088915e+00
6.265000000105344498e+02 -2.181490968719358214e+00
6.270000000105665094e+02 -2.361255589218110185e+00
6.275000000105985691e+02 -2.082855374010365246e+00
6.280000000106305151e+02 -2.407349704366664511e+00
6.285000000106625748e+02 -2.124895026575985835e+00
6.290000000106946345e+02 -1.821825490268627057e+00
6.295000000107266942e+02 -2.781842359949035171e+00
6.300000000107586402e+02 -2.047704587798135911e+00
6.305000000107906999e+02 -2.125211825363151785e+00
6.310000000108227596e+02 -2.121723421279702038e+00
6.315000000108548193e+02 -2.196077701743344601e+00
6.320000000108867653e+02 -2.023544627752981828e+00
6.325000000109188250e+02 -2.220374959790994751e+00
6.330000000109508846e+02 -2.390557416725881179e+00
6.335000000109829443e+02 -1.738342412636433298e+00
6.340000000110148903e+02 -2.353712435835799699e+00
6.345000000110469500e+02 -2.048955610486757006e+00
6.350000000110790097e+02 -2.461327598027005514e+00
6.355000000111110694e+02 -1.795120749701980767e+00
6.360000000111430154e+02 -1.846018024188489370e+00
6.365000000111750751e+02 -2.030921629214447410e+00
6.370000000112071348e+02 -2.709189172257794098e+00
6.375000000112391945e+02 -2.325827875708149417e+00
6.380000000112712542e+02 -1.920014298781323570e+00
6.385000000113032002e+02 -2.156745096324207633e+00
6.390000000113352598e+02 -2.557729250461332704e+00
6.395000000113673195e+02 -2.124022411805347232e+00
6.400000000113993792e+02 -2.324174164181255886e+00
6.405000000114313252e+02 -2.442868654746962243e+00
6.410000000114633849e+02 -2.095657673734992343e+00
6.415000000114954446e+02 -2.269614274947906463e+00
6.420000000115275043e+02 -2.365028825846136495e+00
6.425000000115594503e+02 -2.638778715146070208e+00
6.430000000115915100e+02 -2.232626909664726433e+00
6.435000000116235697e+02 -2.192409412315214468e+00
6.440000000116556294e+02 -1.911952379106402367e+00
6.445000000116875754e+02 -2.871741402470010751e+00
6.450000000117196350e+02 -2.526191825697361004e+00
6.455000000117516947e+02 -2.541574485901124447e+00
6.460000000117837544e+02 -2.731623517951118352e+00
6.465000000118158141e+02 -1.847025236118132963e+00
6.470000000118477601e+02 -2.277303143011477626e+00
6.475000000118798198e+02 -2.948124069918810264e+00
6.480000000119118795e+02 -1.990417390714575907e+00
6.485000000119439392e+02 -2.731424004654741555e+00
6.490000000119758852e+02 -2.249455997730887891e+00
6.495000000120079449e+02 -2.262400092313066047e+00
6.500000000120400045e+02 -2.392699115222757467e+00
6.505000000120720642e+02 -2.615446395850977712e+00
6.510000000121040102e+02 -2.122456380555862943e+00
6.515000000121360699e+02 -2.138378626810900407e+00
6.520000000121681296e+02 -2.196196951707194867e+00
6.525000000122001893e+02 -2.272021419489362870e+00
6.530000000122321353e+02 -2.315112065101325722e+00
6.535000000122641950e+02 -2.519348510478295555e+00
6.540000000122962547e+02 -2.543827485881949624e+00
6.545000000123283144e+02 -2.191547431878793972e+00
6.550000000123603741e+02 -1.861041528095683573e+00
6.555000000123923201e+02 -1.939813940404651271e+00
6.560000000124243797e+02 -2.602756134970965363e+00
6.565000000124564394e+02 -1.983630294026767604e+00
6.570000000124884991e+02 -2.779496182132861648e+00
6.575000000125204451e+02 -1.692470679163920799e+00
6.580000000125525048e+02 -2.481456950114089732e+00
6.585000000125845645e+02 -2.049382494072848004e+00
6.590000000126166242e+02 -1.516585300414213355e+00
6.595000000126485702e+02 -2.421356394125966816e+00
6.600000000126806299e+02 -2.335871567576703445e+00
6.605000000127126896e+02 -1.862847723392816013e+00
6.610000000127447493e+02 -2.285974620168049309e+00
6.615000000127766953e+02 -2.010843543099663844e+00
6.620000000128087549e+02 -2.151026602405545773e+00
6.625000000128408146e+02 -2.261526305030993722e+00
6.630000000128728743e+02 -2.285070748229398596e+00
6.635000000129049340e+02 -2.390787077649650261e+00
6.640000000129368800e+02 -2.182008590719673791e+00
6.645000000129689397e+02 -2.790219108722974628e+00
6.650000000130009994e+02 -2.102238666819928437e+00
6.655000000130330591e+02 -2.399836968894847544e+00
6.660000000130650051e+02 -2.622535161624589772e+00
6.665000000130970648e+02 -2.263929340823891412e+00
6.670000000131291245e+02 -2.189055087669494970e+00
6.675000000131611841e+02 -2.341738551429566773e+00
6.680000000131931301e+02 -2.429379202731767329e+00
6.685000000132251898e+02 -2.450488561571376511e+00
6.690000000132572495e+02 -2.461160060608039490e+00
6.695000000132893092e+02 -2.162593058833909954e+00
6.700000000133212552e+02 -1.987223936924376266e+00
6.705000000133533149e+02 -2.030821970465574999e+00
6.710000000133853746e+02 -2.488911158649790512e+00
6.715000000134174343e+02 -1.826014563187504880e+00
6.720000000134494940e+02 -2.301655176778701684e+00
6.725000000134814400e+02 -1.903800700763323306e+00
6.730000000135134997e+02 -2.350991425041648153e+00
6.735000000135455593e+02 -2.112238287938009496e+00
6.740000000135776190e+02 -2.136634949666997851e+00
6.745000000136095650e+02 -2.055937761023624244e+00
6.750000000136416247e+02 -2.282579335257963304e+00
6.755000000136736844e+02 -2.387938605830125738e+00
6.760000000137057441e+02 -2.196173901227123526e+00
6.765000000137376901e+02 -1.899293232583242785e+00
6.770000000137697498e+02 -2.253836874545871449e+00
6.775000000138018095e+02 -2.256401862843424144e+00
6.780000000138338692e+02 -2.136698812510214651e+00
6.785000000138658152e+02 -2.096737408919433943e+00
6.790000000138978749e+02 -1.882981477743281618e+00
6.795000000139299345e+02 -2.336748211016256516e+00
6.800000000139619942e+02 -2.254648327473371960e+00
6.805000000139939402e+02 -2.564570094122313737e+00
6.810000000140259999e+02 -1.974001851951465047e+00
6.815000000140580596e+02 -2.228157330835812910e+00
6.820000000140901193e+02 -2.424389948574385389e+00
6.825000000141221790e+02 -2.128590987675331281e+00
6.830000000141541250e+02 -2.574206035845156393e+00
6.835000000141861847e+02 -2.279934123869803653e+00
6.840000000142182444e+02 -2.438866006307832013e+00
6.845000000142503040e+02 -2.156312591618643637e+00
6.850000000142822500e+02 -2.193027715801143973e+00
6.855000000143143097e+02 -2.696130234237313239e+00
6.860000000143463694e+02 -2.015117160038039312e+00
6.865000000143784291e+02 -2.204270451475311976e+00
6.870000000144103751e+02 -2.077068730650998063e+00
6.875000000144424348e+02 -2.000879172028593445e+00
6.880000000144744945e+02 -2.631621758776807152e+00
6.885000000145065542e+02 -2.376139551632326263e+00
6.890000000145385002e+02 -2.329570817236565006e+00
6.895000000145705599e+02 -2.247898680636053470e+00
6.900000000146026196e+02 -2.335571949955134841e+00
6.905000000146346792e+02 -2.246865629313824719e+00
6.910000000146667389e+02 -2.408274233274978915e+00
6.915000000146986849e+02 -2.000112476860040456e+00
6.920000000147307446e+02 -1.675170820009648898e+00
6.925000000147628043e+02 -2.177645353096216319e+00
6.930000000147948640e+02 -2.212052708489427921e+00
6.935000000148268100e+02 -1.639958631643001929e+00
6.940000000148588697e+02 -2.242293674371953038e+00
6.945000000148909294e+02 -1.965924603964100292e+00
6.950000000149229891e+02 -2.686574767407232667e+00
6.955000000149549351e+02 -1.869526205901881788e+00
6.960000000149869948e+02 -2.365657652921691056e+00
6.965000000150190544e+02 -1.780549222395854114e+00
6.970000000150511141e+02 -2.229621935991332293e+00
6.975000000150830601e+02 -2.562204121419072056e+00
6.980000000151151198e+02 -2.250387987933215594e+00
6.985000000151471795e+02 -1.611678597162344406e+00
6.990000000151792392e+02 -2.863169981153889765e+00
6.995000000152112989e+02 -1.853576807593779296e+00
7.000000000152432449e+02 -2.066174068234040373e+00
7.005000000152753046e+02 -2.376516136044766192e+00
7.010000000153073643e+02 -2.318230477959860369e+00
7.015000000153394240e+02 -2.199755079619182041e+00
7.020000000153713700e+02 -2.342255535069044825e+00
7.025000000154034296e+02 -1.847135825427710820e+00
7.030000000154354893e+02 -2.146205597678491728e+00
7.035000000154675490e+02 -2.055818969817177155e+00
7.040000000154994950e+02 -2.332642369357001311e+00
7.045000000155315547e+02 -2.097987471304207485e+00
7.050000000155636144e+02 -2.314097150578461548e+00
7.055000000155956741e+02 -2.244225612299341588e+00
7.060000000156276201e+02 -2.005131030277190973e+00
7.065000000156596798e+02 -2.503523625003626130e+00
7.070000000156917395e+02 -2.218131979593290559e+00
7.075000000157237992e+02 -2.191720470485367667e+00
7.080000000157558588e+02 -2.484459911464736326e+00
7.085000000157878048e+02 -2.504451378147036777e+00
7.090000000158198645e+02 -2.060967545989769611e+00
7.095000000158519242e+02 -2.552846541732364471e+00
7.100000000158839839e+02 -2.811476480777503451e+00
7.105000000159159299e+02 -2.154637501120785004e+00
7.110000000159479896e+02 -2.397801546676860074e+00
7.115000000159800493e+02 -2.225714239045969212e+00
7.120000000160121090e+02 -2.287185975464502974e+00
7.125000000160440550e+02 -1.842111169796682102e+00
7.130000000160761147e+02 -2.788646977153923068e+00
7.135000000161081743e+02 -2.072966171779615507e+00
7.140000000161402340e+02 -2.607636196730162226e+00
7.145000000161721800e+02 -2.770504843794143301e+00
7.150000000162042397e+02 -1.993820683360469248e+00
7.155000000162362994e+02 -1.985950065887190030e+00
7.160000000162683591e+02 -2.473640682348694941e+00
7.165000000163003051e+02 -2.448290016247772982e+00
7.170000000163323648e+02 -2.214219159797068404e+00
7.175000000163644245e+02 -2.454510208963550877e+00
7.180000000163964842e+02 -1.804640108764698381e+00
7.185000000164285439e+02 -1.938372570329600197e+00
7.190000000164604899e+02 -2.385191104527725425e+00
7.195000000164925495e+02 -1.855074536767342019e+00
7.200000000165246092e+02 -2.275801576217174382e+00
7.205000000165566689e+02 -2.213231092012085455e+00
7.210000000165886149e+02 -2.484176248390298714e+00
7.215000000166206746e+02 -2.168134837405077953e+00
7.220000000166527343e+02 -2.439322847773158998e+00
7.225000000166847940e+02 -2.174795276079751538e+00
7.230000000167167400e+02 -2.411466184694829096e+00
7.235000000167487997e+02 -2.724505610054598126e+00
7.240000000167808594e+02 -2.392523706545901963e+00
7.245000000168129191e+02 -2.329788543729316430e+00
7.250000000168448651e+02 -2.408604888930228505e+00
7.255000000168769247e+02 -1.848482355103567620e+00
7.260000000169089844e+02 -1.687031792185441414e+00
7.265000000169410441e+02 -2.265120819732179491e+00
7.270000000169731038e+02 -2.098342430676513715e+00
7.275000000170050498e+02 -2.262906755374849421e+00
7.280000000170371095e+02 -2.318469590510850775e+00
7.285000000170691692e+02 -2.336212670333304597e+00
7.290000000171012289e+02 -2.291815925763782680e+00
7.295000000171331749e+02 -2.541790790550436441e+00
7.300000000171652346e+02 -2.385305161944799135e+00
7.305000000171972943e+02 -2.132415639697823995e+00
7.310000000172293539e+02 -2.092864331410228207e+00
7.315000000172612999e+02 -2.331874677346513991e+00
7.320000000172933596e+02 -2.591978212646738111e+00
7.325000000173254193e+02 -2.522698953493226703e+00
7.330000000173574790e+02 -2.349665593238573713e+00
7.335000000173894250e+02 -2.222138920692070752e+00
7.340000000174214847e+02 -2.078124437670917146e+00
7.345000000174535444e+02 -2.546852837164904404e+00
7.350000000174856041e+02 -2.428955774091932529e+00
7.355000000175176638e+02 -2.124566502277805302e+00
7.360000000175496098e+02 -2.069471009057160416e+00
7.365000000175816695e+02 -2.393671891861405499e+00
7.370000000176137291e+02 -2.211982944838202680e+00
7.375000000176457888e+02 -2.078985366563535830e+00
7.380000000176777348e+02 -2.210835044677018413e+00
7.385000000177097945e+02 -2.171122977103079776e+00
7.390000000177418542e+02 -2.386604960195106706e+00
7.395000000177739139e+02 -2.527342202849390596e+00
7.400000000178058599e+02 -2.346768075062307446e+00
7.405000000178379196e+02 -1.855826364578024190e+00
7.410000000178699793e+02 -2.168660040703894065e+00
7.415000000179020390e+02 -2.037190926688890347e+00
7.420000000179339850e+02 -2.553057110228641680e+00
7.425000000179660447e+02 -2.161900141985329871e+00
7.430000000179981043e+02 -2.513535337001660874e+00
7.435000000180301640e+02 -2.419501832806393082e+00
7.440000000180622237e+02 -2.213007845651388639e+00
7.445000000180941697e+02 -1.357285209992622477e+00
7.450000000181262294e+02 -2.256674754088366708e+00
7.455000000181582891e+02 -1.722092469052656449e+00
7.460000000181903488e+02 -1.732854734425265830e+00
7.465000000182222948e+02 -2.191909732093684227e+00
7.470000000182543545e+02 -2.018168592843461617e+00
7.475000000182864142e+02 -2.169956127255962208e+00
7.480000000183184738e+02 -2.621350317563341026e+00
7.485000000183504199e+02 -2.115566992569065441e+00
7.490000000183824795e+02 -1.953001382812103337e+00
7.495000000184145392e+02 -2.488117116885188107e+00
7.500000000184465989e+02 -2.163846280642892861e+00
7.505000000184785449e+02 -2.365664623151196633e+00
7.510000000185106046e+02 -2.271548025663236103e+00
7.515000000185426643e+02 -2.244690833505825989e+00
7.520000000185747240e+02 -2.459905703191247017e+00
7.525000000186067837e+02 -1.642375815422518093e+00
7.530000000186387297e+02 -2.183969819429204762e+00
7.535000000186707894e+02 -2.147792396341227317e+00
7.540000000187028490e+02 -2.642867084146222734e+00
7.545000000187349087e+02 -2.195049143709480344e+00
7.550000000187668547e+02 -2.301171524408955005e+00
7.555000000187989144e+02 -2.433945483070727445e+00
7.560000000188309741e+02 -2.447156979207923300e+00
7.565000000188630338e+02 -2.334167284596888159e+00
7.570000000188949798e+02 -2.061614478593456923e+00
7.575000000189270395e+02 -2.623953267006186696e+00
7.580000000189590992e+02 -2.131000913221780646e+00
7.585000000189911589e+02 -2.409521933357045675e+00
7.590000000190231049e+02 -2.089848521184825003e+00
7.595000000190551646e+02 -2.255233933869137175e+00
7.600000000190872242e+02 -1.824131694271874160e+00
7.605000000191192839e+02 -2.385338379731596348e+00
7.610000000191512299e+02 -2.182622316340883994e+00
7.615000000191832896e+02 -2.506305114297659564e+00
7.620000000192153493e+02 -2.419612436314178439e+00
7.625000000192474090e+02 -1.836425249092454637e+00
7.630000000192794687e+02 -2.806369149242949224e+00
7.635000000193114147e+02 -2.469720997777507865e+00
7.640000000193434744e+02 -2.435028754873108436e+00
7.645000000193755341e+02 -2.153761431359249467e+00
7.650000000194075938e+02 -2.162981120710760763e+00
7.655000000194395398e+02 -2.228374255591962338e+00
7.660000000194715994e+02 -1.904379367986685612e+00
7.665000000195036591e+02 -2.536180144802341552e+00
7.670000000195357188e+02 -2.044396797063511073e+00
7.675000000195676648e+02 -2.515674032621781020e+00
7.680000000195997245e+02 -2.380948527448112806e+00
7.685000000196317842e+02 -2.447061202531671142e+00
7.690000000196638439e+02 -2.404612691976899974e+00
7.695000000196957899e+02 -2.533834184507847809e+00
7.700000000197278496e+02 -1.689399047064901849e+00
7.705000000197599093e+02 -1.998310058240283738e+00
7.710000000197919690e+02 -2.544014447857558370e+00
7.715000000198240286e+02 -2.224807104520720280e+00
7.720000000198559746e+02 -2.316084401002362458e+00
7.725000000198880343e+02 -2.090505917733850971e+00
7.730000000199200940e+02 -1.952211006814879690e+00
7.735000000199521537e+02 -2.081664667631045074e+00
7.740000000199840997e+02 -2.705527908601803588e+00
7.745000000200161594e+02 -2.358025038406260876e+00
7.750000000200482191e+02 -1.910391972643130654e+00
7.755000000200802788e+02 -2.200254538362390822e+00
7.760000000201122248e+02 -1.506580923762212532e+00
7.765000000201442845e+02 -2.504189073211000149e+00
7.770000000201763442e+02 -2.214242952064164882e+00
7.775000000202084038e+02 -1.403371432783770967e+00
7.780000000202403498e+02 -2.060649171656451450e+00
7.785000000202724095e+02 -2.048671996617356328e+00
7.790000000203044692e+02 -2.870025680582999339e+00
7.795000000203365289e+02 -1.956874821785436813e+00
7.800000000203685886e+02 -2.487699139821109906e+00
7.805000000204005346e+02 -2.326549406877828297e+00
7.810000000204325943e+02 -2.078345301582077642e+00
7.815000000204646540e+02 -2.550299324834857995e+00
7.820000000204967137e+02 -2.679568024946014315e+00
7.825000000205286597e+02 -1.927285277876834124e+00
7.830000000205607193e+02 -2.607542283880194933e+00
7.835000000205927790e+02 -2.516557514330389544e+00
7.840000000206248387e+02 -1.818534270058882463e+00
7.845000000206567847e+02 -2.404201929285934902e+00
7.850000000206888444e+02 -2.502125565164984966e+00
7.855000000207209041e+02 -2.461852609830816885e+00
7.860000000207529638e+02 -2.221484021509415374e+00
7.865000000207849098e+02 -2.319430334855053122e+00
7.870000000208169695e+02 -2.415676443982871291e+00
7.875000000208490292e+02 -2.320780756329041239e+00
7.880000000208810889e+02 -2.288748667960768035e+00
7.885000000209131485e+02 -2.531232494808092870e+00
7.890000000209450945e+02 -2.328149132416893252e+00
7.895000000209771542e+02 -2.562770878313905154e+00
7.900000000210092139e+02 -1.955511891190816920e+00
7.905000000210412736e+02 -2.340145257099065734e+00
7.910000000210732196e+02 -2.253184218069082867e+00
7.915000000211052793e+02 -2.165960164458287096e+00
7.920000000211373390e+02 -2.400687001704429502e+00
7.925000000211693987e+02 -2.269976829905508531e+00
7.930000000212013447e+02 -1.924195080884530062e+00
7.935000000212334044e+02 -2.732351717902520516e+00
7.940000000212654641e+02 -2.016830338866910655e+00
7.945000000212975237e+02 -2.401970972171915353e+00
7.950000000213294697e+02 -2.114676403411478667e+00
7.955000000213615294e+02 -2.401363594976455573e+00
7.960000000213935891e+02 -2.280650508624043393e+00
7.965000000214256488e+02 -2.310943705692169559e+00
7.970000000214577085e+02 -2.213014553903674297e+00
7.975000000214896545e+02 -2.263546127006303532e+00
7.980000000215217142e+02 -2.193843379031200413e+00
7.985000000215537739e+02 -2.220253124441234682e+00
7.990000000215858336e+02 -2.272999507052946289e+00
7.995000000216177796e+02 -2.075071971005479909e+00
8.000000000216498393e+02 -2.540635065664998749e+00
8.005000000216818989e+02 -1.959206451246056746e+00
8.010000000217139586e+02 -2.527962615642363353e+00
8.015000000217459046e+02 -2.359067942776343685e+00
8.020000000217779643e+02 -2.594206778350754750e+00
8.025000000218100240e+02 -2.080320367664118208e+00
8.030000000218420837e+02 -1.826904367503695559e+00
8.035000000218740297e+02 -2.290386988976850446e+00
8.040000000219060894e+02 -2.480158396119328312e+00
8.045000000219381491e+02 -2.688002637757242574e+00
8.050000000219702088e+02 -2.165504664230705423e+00
8.055000000220021548e+02 -2.487385573625399804e+00
8.060000000220342145e+02 -2.446299643714471728e+00
8.065000000220662741e+02 -2.534464746931404111e+00
8.070000000220983338e+02 -2.401263776120956539e+00
8.075000000221303935e+02 -2.248178173785127854e+00
8.080000000221623395e+02 -2.368149089208435587e+00
8.085000000221943992e+02 -2.524326675824259070e+00
8.090000000222264589e+02 -2.411000491729021977e+00
8.095000000222585186e+02 -2.674481787138423883e+00
8.100000000222904646e+02 -1.382708458722447187e+00
8.105000000223225243e+02 -2.149964246418428537e+00
8.110000000223545840e+02 -2.332159550803048820e+00
8.115000000223866436e+02 -2.491698167957382193e+00
8.120000000224185897e+02 -2.430176742717340410e+00
8.125000000224506493e+02 -2.288556138894788816e+00
8.130000000224827090e+02 -2.035914396693037975e+00
8.135000000225147687e+02 -2.626217264660850592e+00
8.140000000225467147e+02 -2.301451712160905494e+00
8.145000000225787744e+02 -2.171931215265497261e+00
8.150000000226108341e+02 -2.493819233034592742e+00
8.155000000226428938e+02 -2.218053586273247113e+00
8.160000000226749535e+02 -2.150117083180734134e+00
8.165000000227068995e+02 -2.171580887239441537e+00
8.170000000227389592e+02 -2.702177234739797651e+00
8.175000000227710188e+02 -2.071646906231908059e+00
8.180000000228030785e+02 -2.460904089486977142e+00
8.185000000228350245e+02 -2.285051030430544472e+00
8.190000000228670842e+02 -2.461360755453503746e+00
8.195000000228991439e+02 -2.044336086871908709e+00
8.200000000229312036e+02 -2.145951058535220390e+00
8.205000000229631496e+02 -2.356028241246715282e+00
8.210000000229952093e+02 -2.471300757587756358e+00
8.215000000230272690e+02 -2.487945508756506552e+00
8.220000000230593287e+02 -2.251156203590075400e+00
8.225000000230912747e+02 -2.000271961381523411e+00
8.230000000231233344e+02 -2.148202959510178367e+00
8.235000000231553940e+02 -2.805708378718169360e+00
8.240000000231874537e+02 -2.104548539761194714e+00
8.245000000232195134e+02 -2.288160100531847263e+00
8.250000000232514594e+02 -2.138944101110438645e+00
8.255000000232835191e+02 -2.356754558061421534e+00
8.260000000233155788e+02 -2.216701264901661084e+00
8.265000000233476385e+02 -2.128316971744095287e+00
8.270000000233795845e+02 -2.556625783776997007e+00
8.275000000234116442e+02 -2.131621832382911030e+00
8.280000000234437039e+02 -2.627217710431107633e+00
8.285000000234757636e+02 -2.233882036470266730e+00
8.290000000235077096e+02 -1.824670373436142468e+00
8.295000000235397692e+02 -2.873282122854085241e+00
8.300000000235718289e+02 -1.894272546433205084e+00
8.305000000236038886e+02 -2.032436088432702626e+00
8.310000000236358346e+02 -1.859867239311094211e+00
8.315000000236678943e+02 -2.122496156785631527e+00
8.320000000236999540e+02 -2.515032121033359935e+00
8.325000000237320137e+02 -2.310035873935834871e+00
8.330000000237640734e+02 -2.520505695789939438e+00
8.335000000237960194e+02 -2.305931301002684730e+00
8.340000000238280791e+02 -2.490050881041459885e+00
8.345000000238601388e+02 -2.114654875902513442e+00
8.350000000238921984e+02 -1.811004354113930903e+00
8.355000000239241444e+02 -2.242135761096124114e+00
8.360000000239562041e+02 -2.596731414958383777e+00
8.365000000239882638e+02 -2.124497842563448646e+00
8.370000000240203235e+02 -2.406489648067041465e+00
8.375000000240522695e+02 -2.364433266712934856e+00
8.380000000240843292e+02 -2.083163162300745164e+00
8.385000000241163889e+02 -2.889000220570515864e+00
8.390000000241484486e+02 -2.160814523404299248e+00
8.395000000241803946e+02 -2.402565830520084766e+00
8.400000000242124543e+02 -1.996131829368141819e+00
8.405000000242445140e+02 -2.277401949545234228e+00
8.410000000242765736e+02 -2.136314622325870882e+00
8.415000000243086333e+02 -2.205241440172263978e+00
8.420000000243405793e+02 -2.010307682402953322e+00
8.425000000243726390e+02 -2.176858288733721114e+00
8.430000000244046987e+02 -2.443141470327768960e+00
8.435000000244367584e+02 -2.144959156893187391e+00
8.440000000244687044e+02 -2.562089814159143053e+00
8.445000000245007641e+02 -1.906826730622882549e+00
8.450000000245328238e+02 -1.953377049178174341e+00
8.455000000245648835e+02 -2.632043246684084625e+00
8.460000000245968295e+02 -2.123085388764874626e+00
8.465000000246288892e+02 -2.019736631832745211e+00
8.470000000246609488e+02 -2.414833192882728241e+00
8.475000000246930085e+02 -2.135085397960764908e+00
8.480000000247249545e+02 -1.808235312003371620e+00
8.485000000247570142e+02 -2.358852183969847527e+00
8.490000000247890739e+02 -2.213542442959795853e+00
8.495000000248211336e+02 -1.787478769675871160e+00
8.500000000248530796e+02 -1.761847755967328899e+00
8.505000000248851393e+02 -1.884586813942900729e+00
8.510000000249171990e+02 -2.166791028051016532e+00
8.515000000249492587e+02 -2.008487476638946667e+00
8.520000000249813183e+02 -2.233537912441675211e+00
8.525000000250132643e+02 -1.948844251829706442e+00
8.530000000250453240e+02 -2.623215450414933869e+00
8.535000000250773837e+02 -2.215735106964123347e+00
8.540000000251094434e+02 -2.670510475668742334e+00
8.545000000251413894e+02 -2.272933880671219153e+00
8.550000000251734491e+02 -2.422699016087220603e+00
8.555000000252055088e+02 -2.068879129190611454e+00
8.560000000252375685e+02 -1.988044069626583976e+00
8.565000000252695145e+02 -2.336910324161692198e+00
8.570000000253015742e+02 -2.537663996033804992e+00
8.575000000253336339e+02 -2.301650690540987920e+00
8.580000000253656935e+02 -2.361795207611332881e+00
8.585000000253976395e+02 -2.314435656974536570e+00
8.590000000254296992e+02 -1.913590233414808273e+00
8.595000000254617589e+02 -2.189978274445102624e+00
8.600000000254938186e+02 -2.560288106185936829e+00
8.605000000255258783e+02 -1.639605030167997635e+00
8.610000000255578243e+02 -2.326407776465738930e+00
8.615000000255898840e+02 -1.899826158119054531e+00
8.620000000256219437e+02 -2.646349590154998488e+00
8.625000000256540034e+02 -2.194239631009967884e+00
8.630000000256859494e+02 -2.513740052821753945e+00
8.635000000257180091e+02 -1.955128668311844731e+00
8.640000000257500687e+02 -2.506857319091525760e+00
8.645000000257821284e+02 -2.292625992222957709e+00
8.650000000258140744e+02 -2.506854113332123379e+00
8.655000000258461341e+02 -2.271036426025958121e+00
8.660000000258781938e+02 -2.788327350242982838e+00
8.665000000259102535e+02 -2.386931769791582614e+00
8.670000000259421995e+02 -2.287434331343969340e+00
8.675000000259742592e+02 -2.426087162355761162e+00
8.680000000260063189e+02 -2.375368635635497494e+00
8.685000000260383786e+02 -2.043573746305432870e+00
8.690000000260704383e+02 -2.122760985020221813e+00
8.695000000261023843e+02 -2.660769697738048833e+00
8.700000000261344439e+02 -1.128905344129659483e+00
8.705000000261665036e+02 -2.624775414219402414e+00
8.710000000261985633e+02 -2.024677887492161599e+00
8.715000000262305093e+02 -1.939622867360822012e+00
8.720000000262625690e+02 -2.247698668443067316e+00
8.725000000262946287e+02 -2.016928484360575702e+00
8.730000000263266884e+02 -2.666324254517632664e+00
8.735000000263586344e+02 -2.004677347738186288e+00
8.740000000263906941e+02 -2.345547270801632500e+00
8.745000000264227538e+02 -2.430890452052693718e+00
8.750000000264548135e+02 -1.694111393872308247e+00
8.755000000264867595e+02 -2.153631480328006109e+00
8.760000000265188191e+02 -2.558937118856675408e+00
8.765000000265508788e+02 -2.259349290179359482e+00
8.770000000265829385e+02 -2.124113284488177822e+00
8.775000000266149982e+02 -2.544092790792352954e+00
8.780000000266469442e+02 -2.546457621601990073e+00
8.785000000266790039e+02 -2.087175604987613120e+00
8.790000000267110636e+02 -2.613707063023439137e+00
8.795000000267431233e+02 -2.056800334537630004e+00
8.800000000267750693e+02 -2.594442473946546368e+00
8.805000000268071290e+02 -2.455872077438303602e+00
8.810000000268391886e+02 -2.191554418446420627e+00
8.815000000268712483e+02 -2.125456503897966698e+00
8.820000000269031943e+02 -2.196176359359538477e+00
8.825000000269352540e+02 -1.770120445663369235e+00
8.830000000269673137e+02 -2.335384802940152937e+00
8.835000000269993734e+02 -2.245894806518191622e+00
8.840000000270313194e+02 -2.322644557231639428e+00
8.845000000270633791e+02 -1.843578765771157535e+00
8.850000000270954388e+02 -1.778484610803219956e+00
8.855000000271274985e+02 -2.421664496667395472e+00
8.860000000271595582e+02 -2.164301330637531162e+00
8.865000000271915042e+02 -2.326321019253343891e+00
8.870000000272235638e+02 -2.379953173453825066e+00
8.875000000272556235e+02 -2.029447823765445857e+00
8.880000000272876832e+02 -2.563040624655012145e+00
8.885000000273196292e+02 -1.491738305610903037e+00
8.890000000273516889e+02 -1.957454961314735398e+00
8.895000000273837486e+02 -2.526272149065103889e+00
8.900000000274158083e+02 -2.326430310994847428e+00
8.905000000274477543e+02 -2.269459703729477251e+00
8.910000000274798140e+02 -2.202658484163288133e+00
8.915000000275118737e+02 -2.289380478366753291e+00
8.920000000275439334e+02 -2.462773329857864457e+00
8.925000000275758794e+02 -2.076831470862499085e+00
8.930000000276079390e+02 -2.376112816024473773e+00
8.935000000276399987e+02 -1.810388684993460284e+00
8.940000000276720584e+02 -2.085166288490101660e+00
8.945000000277040044e+02 -2.504508335126323093e+00
8.950000000277360641e+02 -2.389341441449824632e+00
8.955000000277681238e+02 -2.223445097858123276e+00
8.960000000278001835e+02 -2.267458217616139748e+00
8.965000000278322432e+02 -2.200026341472553604e+00
8.970000000278641892e+02 -2.241519638063637299e+00
8.975000000278962489e+02 -2.471635676753163757e+00
8.980000000279283086e+02 -1.875412909728727762e+00
8.985000000279603682e+02 -2.552993732968992457e+00
8.990000000279923142e+02 -2.351470564144991116e+00
8.995000000280243739e+02 -2.328378521888422537e+00
9.000000000280564336e+02 -2.114719458327119384e+00
9.005000000280884933e+02 -2.020734802042275291e+00
9.010000000281204393e+02 -2.834801511828269227e+00
9.015000000281524990e+02 -1.949124974823903678e+00
9.020000000281845587e+02 -2.650997597691912233e+00
9.025000000282166184e+02 -2.181002157885334025e+00
9.030000000282485644e+02 -1.789009709599642450e+00
9.035000000282806241e+02 -2.559331985856965641e+00
9.040000000283126838e+02 -1.996506103763199258e+00
9.045000000283447434e+02 -2.154872520283318327e+00
9.050000000283768031e+02 -1.920022993964395575e+00
9.055000000284087491e+02 -2.223782544869513877e+00
9.060000000284408088e+02 -1.936113319641142416e+00
9.065000000284728685e+02 -2.322433145575193425e+00
9.070000000285049282e+02 -1.625625854632545053e+00
9.075000000285368742e+02 -2.123475407664867642e+00
9.080000000285689339e+02 -2.354319183537179505e+00
9.085000000286009936e+02 -2.438381182032190786e+00
9.090000000286330533e+02 -2.330472481585944333e+00
9.095000000286649993e+02 -2.217811304697530073e+00
9.100000000286970590e+02 -2.314777019587540341e+00
9.105000000287291186e+02 -1.658588867786267906e+00
9.110000000287611783e+02 -2.118188074482421523e+00
9.115000000287931243e+02 -2.122569006281935344e+00
9.120000000288251840e+02 -2.238211022514325244e+00
9.125000000288572437e+02 -2.415018034385777224e+00
9.130000000288893034e+02 -2.189333125527280544e+00
9.135000000289213631e+02 -2.225530670508285347e+00
9.140000000289533091e+02 -2.253734252503365454e+00
9.145000000289853688e+02 -2.575079231600509555e+00
9.150000000290174285e+02 -2.299363252315885120e+00
9.155000000290494881e+02 -2.389619281910181581e+00
9.160000000290814341e+02 -2.307145143239540452e+00
9.165000000291134938e+02 -2.243383814659191344e+00
9.170000000291455535e+02 -1.714165731822829608e+00
9.175000000291776132e+02 -2.531800191449182780e+00
9.180000000292095592e+02 -1.803467710289859971e+00
9.185000000292416189e+02 -2.361497265371552690e+00
9.190000000292736786e+02 -2.292436733254077375e+00
9.195000000293057383e+02 -2.514308217479628738e+00
9.200000000293376843e+02 -2.157910732454031866e+00
9.205000000293697440e+02 -2.338225869720942374e+00
9.210000000294018037e+02 -2.263591541678185326e+00
9.215000000294338633e+02 -2.543476053598617170e+00
9.220000000294659230e+02 -2.297823991193421289e+00
9.225000000294978690e+02 -2.175292313915814013e+00
9.230000000295299287e+02 -2.711173283117765287e+00
9.235000000295619884e+02 -1.712563889702457542e+00
9.240000000295940481e+02 -2.024404932567014814e+00
9.245000000296259941e+02 -2.664052871908909825e+00
9.250000000296580538e+02 -1.822831355303468515e+00
9.255000000296901135e+02 -1.904545747211477513e+00
9.260000000297221732e+02 -2.492902977148174770e+00
9.265000000297541192e+02 -2.413320977908651077e+00
9.270000000297861789e+02 -1.992677693540714889e+00
9.275000000298182385e+02 -2.275184849048152103e+00
9.280000000298502982e+02 -2.372109182692147655e+00
9.285000000298822442e+02 -1.870602969530980708e+00
9.290000000299143039e+02 -2.278314763376811491e+00
9.295000000299463636e+02 -2.327018367682919919e+00
9.300000000299784233e+02 -2.255906035639067220e+00
9.305000000300104830e+02 -2.402423443442943896e+00
9.310000000300424290e+02 -2.586848046309067062e+00
9.315000000300744887e+02 -2.295483280090895750e+00
9.320000000301065484e+02 -2.693330408893108707e+00
9.325000000301386081e+02 -2.212381476271072955e+00
9.330000000301705541e+02 -1.984625730479705474e+00
9.335000000302026137e+02 -2.618074241285553772e+00
9.340000000302346734e+02 -2.048269532082807043e+00
9.345000000302667331e+02 -2.521721424309983028e+00
9.350000000302986791e+02 -2.345331388151492558e+00
9.355000000303307388e+02 -2.475238992186168385e+00
9.360000000303627985e+02 -1.959099770725416523e+00
9.365000000303948582e+02 -2.394007844543108110e+00
9.370000000304268042e+02 -2.460810051527660747e+00
9.375000000304588639e+02 -1.762050896252554733e+00
9.380000000304909236e+02 -2.357180706767604494e+00
9.385000000305229833e+02 -2.431655336291321579e+00
9.390000000305549293e+02 -1.741560895225060968e+00
9.395000000305869889e+02 -2.626521687896714141e+00
9.400000000306190486e+02 -1.804441431162287390e+00
9.405000000306511083e+02 -2.885945302414789637e+00
9.410000000306831680e+02 -2.007078933155852951e+00
9.415000000307151140e+02 -2.409176307734691935e+00
9.420000000307471737e+02 -1.450666511148836380e+00
9.425000000307792334e+02 -2.328193660527591469e+00
9.430000000308112931e+02 -2.102219912772554711e+00
9.435000000308432391e+02 -2.688080052565409606e+00
9.440000000308752988e+02 -1.599436061294323252e+00
9.445000000309073585e+02 -2.064937698251608111e+00
9.450000000309394181e+02 -2.367487335679453242e+00
9.455000000309713641e+02 -2.205096941084982998e+00
9.460000000310034238e+02 -2.203864305295959447e+00
9.465000000310354835e+02 -2.666615366885878302e+00
9.470000000310675432e+02 -1.925214226131845008e+00
9.475000000310994892e+02 -2.574869432814250736e+00
9.480000000311315489e+02 -2.314311510429561292e+00
9.485000000311636086e+02 -1.735237718422988573e+00
9.490000000311956683e+02 -2.304536063633594090e+00
9.495000000312277280e+02 -2.512045767835395349e+00
9.500000000312596740e+02 -2.468166052337265715e+00
9.505000000312917336e+02 -1.713188781500188274e+00
9.510000000313237933e+02 -2.323928954668522007e+00
9.515000000313558530e+02 -2.504131841005092340e+00
9.520000000313877990e+02 -2.486113812376277377e+00
9.525000000314198587e+02 -2.265752349187576620e+00
9.530000000314519184e+02 -1.861627111858973560e+00
9.535000000314839781e+02 -1.662313610131922692e+00
9.540000000315159241e+02 -2.258438929192203126e+00
9.545000000315479838e+02 -2.575994094639191712e+00
9.550000000315800435e+02 -2.063536075212822229e+00
9.555000000316121032e+02 -1.628161564423276531e+00
9.560000000316440492e+02 -2.368668874467052099e+00
9.565000000316761088e+02 -2.215841881370509192e+00
9.570000000317081685e+02 -1.847471982941537805e+00
9.575000000317402282e+02 -1.972095706401538528e+00
9.580000000317722879e+02 -2.205964906510164969e+00
9.585000000318042339e+02 -2.454756158409349798e+00
9.590000000318362936e+02 -2.100964173073176955e+00
9.595000000318683533e+02 -2.176127597121658042e+00
9.600000000319004130e+02 -2.303739049404891492e+00
9.605000000319323590e+02 -2.013988196710111200e+00
9.610000000319644187e+02 -2.593875131240251708e+00
9.615000000319964784e+02 -1.946309085323031818e+00
9.620000000320285380e+02 -2.313609851633179559e+00
9.625000000320604840e+02 -2.138472497194903177e+00
9.630000000320925437e+02 -2.535249397509196090e+00
9.635000000321246034e+02 -2.286032777832538887e+00
9.640000000321566631e+02 -2.138183369005035139e+00
9.645000000321886091e+02 -2.094226289363679161e+00
9.650000000322206688e+02 -2.586486772846505744e+00
9.655000000322527285e+02 -1.896064303465852641e+00
9.660000000322847882e+02 -1.952113227243301941e+00
9.665000000323168479e+02 -1.885960278427506465e+00
9.670000000323487939e+02 -1.916496261789252920e+00
9.675000000323808536e+02 -2.332606086418544056e+00
9.680000000324129132e+02 -2.533360821582500311e+00
9.685000000324449729e+02 -2.076389688877971373e+00
9.690000000324769189e+02 -2.841952344975931410e+00
9.695000000325089786e+02 -2.235540699372306594e+00
9.700000000325410383e+02 -2.231516712234924871e+00
9.705000000325730980e+02 -2.101063096440972444e+00
9.710000000326050440e+02 -1.827819268311853707e+00
9.715000000326371037e+02 -2.362441629418771782e+00
9.720000000326691634e+02 -2.493494048264070173e+00
9.725000000327012231e+02 -1.784676045052881577e+00
9.730000000327331691e+02 -2.309595420644791730e+00
9.735000000327652288e+02 -2.249662814841285829e+00
9.740000000327972884e+02 -2.701213870455184463e+00
9.745000000328293481e+02 -2.421176052215094021e+00
9.750000000328614078e+02 -2.210088480028139735e+00
9.755000000328933538e+02 -2.083037805734902825e+00
9.760000000329254135e+02 -2.413002802320817874e+00
9.765000000329574732e+02 -1.917121944962550284e+00
9.770000000329895329e+02 -2.716817660578091598e+00
9.775000000330214789e+02 -2.261129986612299803e+00
9.780000000330535386e+02 -2.077241632541700245e+00
9.785000000330855983e+02 -2.289147904592159666e+00
9.790000000331176579e+02 -2.265755688952088676e+00
9.795000000331496040e+02 -2.502187023756063500e+00
9.800000000331816636e+02 -2.292728755581046940e+00
9.805000000332137233e+02 -2.477376006461994074e+00
9.810000000332457830e+02 -1.985528947133402111e+00
9.815000000332777290e+02 -2.203947165471861425e+00
9.820000000333097887e+02 -2.447386108453962983e+00
9.825000000333418484e+02 -2.257437377297438541e+00
9.830000000333739081e+02 -2.284224217783335842e+00
9.835000000334058541e+02 -2.092528165526163608e+00
9.840000000334379138e+02 -2.472927530018224296e+00
9.845000000334699735e+02 -2.241873616676853587e+00
9.850000000335020331e+02 -2.280129705966299269e+00
9.855000000335340928e+02 -2.398750168567044927e+00
9.860000000335660388e+02 -1.796872723348333922e+00
9.865000000335980985e+02 -2.130983964298683642e+00
9.870000000336301582e+02 -2.248467124220140168e+00
9.875000000336622179e+02 -1.892587005764535535e+00
9.880000000336941639e+02 -1.904575007286090305e+00
9.885000000337262236e+02 -2.756788056161570744e+00
9.890000000337582833e+02 -1.698200938547208327e+00
9.895000000337903430e+02 -1.768874615608958978e+00
9.900000000338222890e+02 -2.389581629245076666e+00
9.905000000338543487e+02 -2.685166568328580361e+00
9.910000000338864083e+02 -2.054111604265213664e+00
9.915000000339184680e+02 -2.385204345020646599e+00
9.920000000339504140e+02 -2.265272012187218742e+00
9.925000000339824737e+02 -2.038592613554199406e+00
9.930000000340145334e+02 -1.934883211733431807e+00
9.935000000340465931e+02 -2.083172762004201761e+00
9.940000000340786528e+02 -2.045430911459072743e+00
9.945000000341105988e+02 -2.188720126548699518e+00
9.950000000341426585e+02 -2.415748981467113143e+00
9.955000000341747182e+02 -2.475791863483312483e+00
9.960000000342067779e+02 -1.866524312670283736e+00
9.965000000342387239e+02 -2.502778152240918708e+00
9.970000000342707835e+02 -1.963230414700362303e+00
9.975000000343028432e+02 -2.452130448986538980e+00
9.980000000343349029e+02 -1.733145074115478135e+00
9.985000000343668489e+02 -2.022053029266431601e+00
9.990000000343989086e+02 -2.064936889727657210e+00
9.995000000344309683e+02 -2.576600553325854026e+00
1.000000000034463028e+03 -1.806323063428050046e+00
