# Time (ps)	CV (angstrom)
9.999999999975766229e+01 1.410951905130043205e+00
1.004999999997559001e+02 1.391097451970914500e+00
1.009999999997541380e+02 1.222543175529293258e+00
1.014999999997533990e+02 1.405050758722360627e+00
1.019999999997629061e+02 1.193997223632933258e+00
1.024999999997724132e+02 1.077845244463890184e+00
1.029999999997819060e+02 1.120735449210233492e+00
1.034999999997914131e+02 1.280736569587862084e+00
1.039999999998009201e+02 1.253370032457362448e+00
1.044999999998104272e+02 1.333569328025364653e+00
1.049999999998199343e+02 1.000726833863471388e+00
1.054999999998294413e+02 1.345905410795398716e+00
1.059999999998389484e+02 1.610902676584422988e+00
1.064999999998484554e+02 1.395644802366724724e+00
1.069999999998579483e+02 1.422113739093986418e+00
1.074999999998674554e+02 1.473424202547139794e+00
1.079999999998769624e+02 1.213186843874585419e+00
1.084999999998864695e+02 1.777430315036897968e+00
1.089999999998959765e+02 1.468769400989506257e+00
1.094999999999054836e+02 8.893926685867532544e-01
1.099999999999149907e+02 1.477819253811599953e+00
1.104999999999244977e+02 1.569679511404797001e+00
1.109999999999339906e+02 1.385394791352518196e+00
1.114999999999434976e+02 1.507009624849569462e+00
1.119999999999530047e+02 1.214119450998427441e+00
1.124999999999625118e+02 1.469774313823204670e+00
1.129999999999720188e+02 1.375622443950347940e+00
1.134999999999815259e+02 9.325243664565584512e-01
1.139999999999910330e+02 1.568384800875022966e+00
1.145000000000005400e+02 1.078152772349924016e+00
1.150000000000100329e+02 1.274018046159282935e+00
1.155000000000195399e+02 1.610164702200389319e+00
1.160000000000290470e+02 1.133954753608485300e+00
1.165000000000385540e+02 1.479925456236822257e+00
1.170000000000480611e+02 1.549064205166524655e+00
1.175000000000575682e+02 1.366493141892665131e+00
1.180000000000670752e+02 1.056101552999192839e+00
1.185000000000765823e+02 1.283858199391440413e+00
1.190000000000860751e+02 1.605539064549996953e+00
1.195000000000955822e+02 1.449161424220221317e+00
1.200000000001050893e+02 1.617887814583037098e+00
1.205000000001145963e+02 1.292041762113825376e+00
1.210000000001241034e+02 1.590854571537342332e+00
1.215000000001336105e+02 1.391625552241394281e+00
1.220000000001431175e+02 1.121429601799697862e+00
1.225000000001526246e+02 1.559603821394564660e+00
1.230000000001621174e+02 1.491806803794426095e+00
1.235000000001716245e+02 1.369015733060412687e+00
1.240000000001811316e+02 1.597688155994649417e+00
1.245000000001906386e+02 1.240885368788724241e+00
1.250000000002001457e+02 1.329023101079513269e+00
1.255000000002096527e+02 1.416200610001353999e+00
1.260000000002191598e+02 1.038259384965842136e+00
1.265000000002286527e+02 1.510390001393235648e+00
1.270000000002381597e+02 1.604566708774758155e+00
1.275000000002476668e+02 1.080384630556536996e+00
1.280000000002571880e+02 1.721020329740637234e+00
1.285000000002666809e+02 1.320912003978708560e+00
1.290000000002761738e+02 1.231061045139552279e+00
1.295000000002856950e+02 1.508781095171999542e+00
1.300000000002951879e+02 1.008328004473288519e+00
1.305000000003047091e+02 1.326430851379982290e+00
1.310000000003142020e+02 1.492570224751756491e+00
1.315000000003237233e+02 1.240048403841359725e+00
1.320000000003332161e+02 1.532318950079026632e+00
1.325000000003427090e+02 1.098928439718907413e+00
1.330000000003522302e+02 1.417962209107298754e+00
1.335000000003617231e+02 1.429606012031835238e+00
1.340000000003712444e+02 1.403433714309974878e+00
1.345000000003807372e+02 1.362938292892694969e+00
1.350000000003902585e+02 1.567286646982515075e+00
1.355000000003997513e+02 1.551214051712713982e+00
1.360000000004092726e+02 1.281001452066580670e+00
1.365000000004187655e+02 9.480725813149736281e-01
1.370000000004282583e+02 1.684877445077105351e+00
1.375000000004377796e+02 1.566558720807427862e+00
1.380000000004472724e+02 1.305633315568945463e+00
1.385000000004567937e+02 1.352121057585455643e+00
1.390000000004662866e+02 1.175911288021002976e+00
1.395000000004758078e+02 1.468267956515364681e+00
1.400000000004853007e+02 1.542527446770616484e+00
1.405000000004947935e+02 1.474993773315209200e+00
1.410000000005043148e+02 1.119730606004653906e+00
1.415000000005138077e+02 1.455418963313773517e+00
1.420000000005233289e+02 1.309035521077068331e+00
1.425000000005328218e+02 1.306547403753415049e+00
1.430000000005423431e+02 1.468252416249470338e+00
1.435000000005518359e+02 1.140042430481599478e+00
1.440000000005613572e+02 1.125067328666865984e+00
1.445000000005708500e+02 1.160078430065951016e+00
1.450000000005803429e+02 1.739398033516360798e+00
1.455000000005898642e+02 1.556116791079261930e+00
1.460000000005993570e+02 1.080609939132581188e+00
1.465000000006088783e+02 1.504295783398060138e+00
1.470000000006183711e+02 1.218568114476523467e+00
1.475000000006278924e+02 1.065289414273650648e+00
1.480000000006373853e+02 1.356537679428856835e+00
1.485000000006468781e+02 1.460040797321886297e+00
1.490000000006563994e+02 1.264836394974125700e+00
1.495000000006658922e+02 1.358254681390063334e+00
1.500000000006754135e+02 1.388536213257533403e+00
1.505000000006849064e+02 1.416474724218210746e+00
1.510000000006944276e+02 1.088030245545282826e+00
1.515000000007039205e+02 1.821892246024039208e+00
1.520000000007134133e+02 1.650492825801077812e+00
1.525000000007229346e+02 1.096573270159214797e+00
1.530000000007324275e+02 1.629302356412372754e+00
1.535000000007419487e+02 1.290332828779755081e+00
1.540000000007514416e+02 1.322583317617336274e+00
1.545000000007609628e+02 1.387636977593849297e+00
1.550000000007704557e+02 1.187535422839348875e+00
1.555000000007799770e+02 1.360290672371372800e+00
1.560000000007894698e+02 1.526272757377202804e+00
1.565000000007989627e+02 1.283266269961859107e+00
1.570000000008084839e+02 1.235932675409614268e+00
1.575000000008179768e+02 1.264365504246463212e+00
1.580000000008274981e+02 1.724926434142863840e+00
1.585000000008369909e+02 1.102400642557994415e+00
1.590000000008465122e+02 1.696112062282105315e+00
1.595000000008560050e+02 1.171289978623444084e+00
1.600000000008654979e+02 1.564053950081410127e+00
1.605000000008750192e+02 1.258020427513719008e+00
1.610000000008845120e+02 1.207537804667208725e+00
1.615000000008940333e+02 1.256158623148476261e+00
1.620000000009035261e+02 1.172594940890777648e+00
1.625000000009130474e+02 1.313811624224288988e+00
1.630000000009225403e+02 1.636068187762841131e+00
1.635000000009320615e+02 1.256125819070927685e+00
1.640000000009415544e+02 1.268076500953989605e+00
1.645000000009510472e+02 1.302377642641572741e+00
1.650000000009605685e+02 1.544347193585376088e+00
1.655000000009700614e+02 1.617053003801841138e+00
1.660000000009795826e+02 1.434464990629763959e+00
1.665000000009890755e+02 1.059992368633281501e+00
1.670000000009985968e+02 1.379578043636203954e+00
1.675000000010080896e+02 1.292694237874834728e+00
1.680000000010175825e+02 1.447169056401612419e+00
1.685000000010271037e+02 1.349245114273537771e+00
1.690000000010365966e+02 1.319112330735700889e+00
1.695000000010461179e+02 1.248748168515242840e+00
1.700000000010556107e+02 1.290074368829797535e+00
1.705000000010651320e+02 1.355330094320532197e+00
1.710000000010746248e+02 1.507691742191773265e+00
1.715000000010841177e+02 1.428462679144946179e+00
1.720000000010936390e+02 1.553679806219713022e+00
1.725000000011031318e+02 1.220205742901746326e+00
1.730000000011126531e+02 1.200909269724953710e+00
1.735000000011221459e+02 1.236472113035861353e+00
1.740000000011316672e+02 1.016834007520373673e+00
1.745000000011411601e+02 1.621382192476777950e+00
1.750000000011506813e+02 1.659497493729183537e+00
1.755000000011601742e+02 1.331188559964521678e+00
1.760000000011696670e+02 9.933579407905583913e-01
1.765000000011791883e+02 1.193240373431373014e+00
1.770000000011886812e+02 1.458885577980806092e+00
1.775000000011982024e+02 1.505902922934977184e+00
1.780000000012076953e+02 1.489405955282232297e+00
1.785000000012172165e+02 1.428133553148843715e+00
1.790000000012267094e+02 1.215028414840439996e+00
1.795000000012362023e+02 1.713915048703254396e+00
1.800000000012457235e+02 1.415720979904489196e+00
1.805000000012552164e+02 1.385621867564863718e+00
1.810000000012647376e+02 1.538535893339535665e+00
1.815000000012742305e+02 1.389431945407757274e+00
1.820000000012837518e+02 1.505846278999583676e+00
1.825000000012932446e+02 1.498796063756477448e+00
1.830000000013027659e+02 1.256912640412369386e+00
1.835000000013122587e+02 1.675573177577628581e+00
1.840000000013217516e+02 9.975534962392874627e-01
1.845000000013312729e+02 1.585629728991834408e+00
1.850000000013407657e+02 1.567446276423600349e+00
1.855000000013502870e+02 1.284997176738991387e+00
1.860000000013597798e+02 1.313429624420248354e+00
1.865000000013693011e+02 1.564942037132053043e+00
1.870000000013787940e+02 1.281501069186115949e+00
1.875000000013882868e+02 1.054316847563271375e+00
1.880000000013978081e+02 1.457979180406725472e+00
1.885000000014073009e+02 1.090330132453354750e+00
1.890000000014168222e+02 1.092778416721699841e+00
1.895000000014263151e+02 1.083654846046915088e+00
1.900000000014358363e+02 1.653680718085230428e+00
1.905000000014453292e+02 1.556934814651250498e+00
1.910000000014548220e+02 9.815457049322086069e-01
1.915000000014643433e+02 1.360760934687854196e+00
1.920000000014738362e+02 1.146438826499938557e+00
1.925000000014833574e+02 1.285607656287212519e+00
1.930000000014928503e+02 1.559831321811848026e+00
1.935000000015023716e+02 1.230410883224358098e+00
1.940000000015118644e+02 1.169631166894199437e+00
1.945000000015213857e+02 1.410730371485351187e+00
1.950000000015308785e+02 1.431374687685023739e+00
1.955000000015403714e+02 1.312291040667663777e+00
1.960000000015498927e+02 1.342444491614764424e+00
1.965000000015593855e+02 1.279084715092599689e+00
1.970000000015689068e+02 1.408690890186800493e+00
1.975000000015783996e+02 1.415371016164373330e+00
1.980000000015879209e+02 1.366815830363400153e+00
1.985000000015974138e+02 1.286902034157464847e+00
1.990000000016069066e+02 1.624870146919290992e+00
1.995000000016164279e+02 1.384955703612498423e+00
2.000000000016259207e+02 1.087113475361258796e+00
2.005000000016354420e+02 1.585986313018818095e+00
2.010000000016449349e+02 1.075373394958548223e+00
2.015000000016544561e+02 1.361466937584262293e+00
2.020000000016639490e+02 1.557701425520159333e+00
2.025000000016734703e+02 1.248957481625143195e+00
2.030000000016789556e+02 1.249693051059402871e+00
2.035000000016659385e+02 1.209055169320948586e+00
2.040000000016529214e+02 1.314287541846832053e+00
2.045000000016398758e+02 1.834068875357185213e+00
2.050000000016268586e+02 1.255433254375545982e+00
2.055000000016138415e+02 1.612071477422266641e+00
2.060000000016008244e+02 1.517782973425834792e+00
2.065000000015878072e+02 1.286093507844376038e+00
2.070000000015747617e+02 1.435383019226513568e+00
2.075000000015617445e+02 1.350541741307325072e+00
2.080000000015487274e+02 1.436629673735258850e+00
2.085000000015357102e+02 1.071866434145781755e+00
2.090000000015226931e+02 1.319098457416832737e+00
2.095000000015096475e+02 1.197500355508650527e+00
2.100000000014966304e+02 1.229114477712668796e+00
2.105000000014836132e+02 1.271990999477683237e+00
2.110000000014705961e+02 1.284735410433373026e+00
2.115000000014575789e+02 1.349455327573938046e+00
2.120000000014445618e+02 1.343784948205887231e+00
2.125000000014315162e+02 9.998869983013565221e-01
2.130000000014184991e+02 1.568690432707517957e+00
2.135000000014054820e+02 1.410530484974696241e+00
2.140000000013924648e+02 1.344468062765974192e+00
2.145000000013794477e+02 1.242076458921793636e+00
2.150000000013664021e+02 1.113173962968302400e+00
2.155000000013533850e+02 1.732627734468279890e+00
2.160000000013403678e+02 1.532617052753764364e+00
2.165000000013273507e+02 1.221606939416723936e+00
2.170000000013143335e+02 1.437005441119659332e+00
2.175000000013013164e+02 1.123061892742214241e+00
2.180000000012882708e+02 1.283328653122712382e+00
2.185000000012752537e+02 1.645559003488120231e+00
2.190000000012622365e+02 1.174861774879121024e+00
2.195000000012492194e+02 1.175496524868791415e+00
2.200000000012362023e+02 1.668935947272348841e+00
2.205000000012231567e+02 1.491839161744821229e+00
2.210000000012101395e+02 1.428935566426835058e+00
2.215000000011971224e+02 1.450337612737403914e+00
2.220000000011841053e+02 1.444777795354059036e+00
2.225000000011710881e+02 1.373523401793197873e+00
2.230000000011580710e+02 1.296835829627224879e+00
2.235000000011450254e+02 1.104425479251040398e+00
2.240000000011320083e+02 1.506196481660618147e+00
2.245000000011189911e+02 1.556788341824432376e+00
2.250000000011059740e+02 1.032345701134449012e+00
2.255000000010929568e+02 1.525880042354556654e+00
2.260000000010799113e+02 1.493736178934794934e+00
2.265000000010668941e+02 1.122784922576034461e+00
2.270000000010538770e+02 1.826047426800551321e+00
2.275000000010408598e+02 1.528473643389339998e+00
2.280000000010278427e+02 1.068362309206507765e+00
2.285000000010148256e+02 1.247603681427439604e+00
2.290000000010017800e+02 1.386264297875586804e+00
2.295000000009887628e+02 1.096542636409644889e+00
2.300000000009757457e+02 1.505203976072045480e+00
2.305000000009627286e+02 1.269795556170338457e+00
2.310000000009497114e+02 1.113397478326710877e+00
2.315000000009366659e+02 1.757630334305300579e+00
2.320000000009236487e+02 1.732222392929522625e+00
2.325000000009106316e+02 1.213312539736498774e+00
2.330000000008976144e+02 1.312348896740418658e+00
2.335000000008845973e+02 1.461918619316230794e+00
2.340000000008715517e+02 1.231346130882798873e+00
2.345000000008585346e+02 1.454743029409391264e+00
2.350000000008455174e+02 1.370637691697792038e+00
2.355000000008325003e+02 1.414041746013702250e+00
2.360000000008194831e+02 1.329953877219516967e+00
2.365000000008064660e+02 1.406712110713226327e+00
2.370000000007934204e+02 1.010569135346801595e+00
2.375000000007804033e+02 1.280589320838051215e+00
2.380000000007673862e+02 1.170829343983817328e+00
2.385000000007543690e+02 1.589500336837612826e+00
2.390000000007413519e+02 1.481588323606518598e+00
2.395000000007283063e+02 1.310092585690048939e+00
2.400000000007152892e+02 1.307933552831360480e+00
2.405000000007022720e+02 1.467164753180788317e+00
2.410000000006892549e+02 1.170265945078322822e+00
2.415000000006762377e+02 1.336376379093852318e+00
2.420000000006632206e+02 1.403245750216031373e+00
2.425000000006501750e+02 1.455421181899734240e+00
2.430000000006371579e+02 1.154212661330130230e+00
2.435000000006241407e+02 1.500145613769641617e+00
2.440000000006111236e+02 1.278137157433900661e+00
2.445000000005981065e+02 1.159815139917652616e+00
2.450000000005850609e+02 1.417105506367499990e+00
2.455000000005720437e+02 1.307328842129048319e+00
2.460000000005590266e+02 1.502482411138571505e+00
2.465000000005460095e+02 1.769035789333213149e+00
2.470000000005329923e+02 1.331779669249318676e+00
2.475000000005199752e+02 1.080181855768384214e+00
2.480000000005069296e+02 1.807787457356491823e+00
2.485000000004939125e+02 9.527371944009835891e-01
2.490000000004808953e+02 1.723965036245275639e+00
2.495000000004678782e+02 1.592247279858911346e+00
2.500000000004548610e+02 1.305724220003695146e+00
2.505000000004418155e+02 1.646286195352843373e+00
2.510000000004287983e+02 1.207344141612824995e+00
2.515000000004157812e+02 1.509110548532242690e+00
2.520000000004027640e+02 1.267006007726514172e+00
2.525000000003897469e+02 1.300975402145121640e+00
2.530000000003767013e+02 1.441130289799205544e+00
2.535000000003636842e+02 1.311747893407004373e+00
2.540000000003506671e+02 1.331144212557100026e+00
2.545000000003376499e+02 1.431572280528838448e+00
2.550000000003246328e+02 1.391826566598569404e+00
2.555000000003116156e+02 9.302253765440651190e-01
2.560000000002985985e+02 1.784681177229962001e+00
2.565000000002855813e+02 1.656703226755266600e+00
2.570000000002725642e+02 1.132381228959817410e+00
2.575000000002594902e+02 1.792590917137371065e+00
2.580000000002464731e+02 5.983167309456988159e-01
2.585000000002334559e+02 1.431937376337084400e+00
2.590000000002204388e+02 1.708064350065178649e+00
2.595000000002074216e+02 1.452650337918788281e+00
2.600000000001944045e+02 1.939365932645846335e+00
2.605000000001813873e+02 1.242366030124568699e+00
2.610000000001683702e+02 1.302604705645256766e+00
2.615000000001553531e+02 1.080223494858778555e+00
2.620000000001423359e+02 1.500718017045578279e+00
2.625000000001292619e+02 1.432387091178719318e+00
2.630000000001162448e+02 1.268492063359522914e+00
2.635000000001032276e+02 1.454557329804671006e+00
2.640000000000902105e+02 1.610174859088006949e+00
2.645000000000771934e+02 1.373523420447473109e+00
2.650000000000641762e+02 1.379327332081651702e+00
2.655000000000511591e+02 1.195122100323106951e+00
2.660000000000381419e+02 1.454827027158850372e+00
2.665000000000251248e+02 1.383536234117509256e+00
2.670000000000121076e+02 1.158726708642762837e+00
2.674999999999990905e+02 1.168473397107816947e+00
2.679999999999860165e+02 1.412013305952086961e+00
2.684999999999729994e+02 1.334473029543537637e+00
2.689999999999599822e+02 1.367696545594931923e+00
2.694999999999469651e+02 1.566652220207379598e+00
2.699999999999339479e+02 1.300598778198580385e+00
2.704999999999209308e+02 1.271505941196912737e+00
2.709999999999079137e+02 1.296045678778539711e+00
2.714999999998948965e+02 1.630402893677206144e+00
2.719999999998818794e+02 1.364840805228056952e+00
2.724999999998688622e+02 1.394929095905494520e+00
2.729999999998558451e+02 1.661132770896402322e+00
2.734999999998427711e+02 1.233441848394955853e+00
2.739999999998297540e+02 1.427893107787663318e+00
2.744999999998167368e+02 1.308062707789793055e+00
2.749999999998037197e+02 1.367982659949844582e+00
2.754999999997907025e+02 1.332909387703288706e+00
2.759999999997776854e+02 1.221191871782229432e+00
2.764999999997646682e+02 1.233937526409490060e+00
2.769999999997516511e+02 1.343457586253773650e+00
2.774999999997386340e+02 1.391683083009249255e+00
2.779999999997256168e+02 1.498750902742816971e+00
2.784999999997125997e+02 1.448826901859634697e+00
2.789999999996995257e+02 1.592675107824512271e+00
2.794999999996865085e+02 1.384443759286589470e+00
2.799999999996734914e+02 1.193079489503853008e+00
2.804999999996604743e+02 1.211761979523586108e+00
2.809999999996474571e+02 1.094967437253035358e+00
2.814999999996344400e+02 1.343318420055299889e+00
2.819999999996214228e+02 1.529702639055608770e+00
2.824999999996084057e+02 1.654200430737046812e+00
2.829999999995953885e+02 1.283171856654494736e+00
2.834999999995823714e+02 1.261060528820667548e+00
2.839999999995693543e+02 1.179490144667423523e+00
2.844999999995562803e+02 1.228733459607904699e+00
2.849999999995432631e+02 1.309642862638941141e+00
2.854999999995302460e+02 1.075924706314880686e+00
2.859999999995172288e+02 1.489204795928967595e+00
2.864999999995042117e+02 1.113724848690350600e+00
2.869999999994911946e+02 1.225573975398589699e+00
2.874999999994781774e+02 1.478709653527987999e+00
2.879999999994651603e+02 1.550202826180905769e+00
2.884999999994521431e+02 1.181486442092221312e+00
2.889999999994391260e+02 1.116082565558138340e+00
2.894999999994261088e+02 1.503203267336240545e+00
2.899999999994130349e+02 1.097585893355037534e+00
2.904999999994000177e+02 1.426280281132557892e+00
2.909999999993870006e+02 1.563608087009448866e+00
2.914999999993739834e+02 1.310722380607515003e+00
2.919999999993609663e+02 1.203602022287289630e+00
2.924999999993479491e+02 1.549553199534898562e+00
2.929999999993349320e+02 1.447865047367552727e+00
2.934999999993219149e+02 1.101222390641164228e+00
2.939999999993088977e+02 1.406131230627162720e+00
2.944999999992958806e+02 1.392135439562298682e+00
2.949999999992828634e+02 1.255865286177428652e+00
2.954999999992697894e+02 1.398340301358123483e+00
2.959999999992567723e+02 1.482592490215106196e+00
2.964999999992437552e+02 1.260101844574200269e+00
2.969999999992307380e+02 1.265045748718028218e+00
2.974999999992177209e+02 1.417151765253571005e+00
2.979999999992047037e+02 1.323637929918139333e+00
2.984999999991916866e+02 1.291022287660563483e+00
2.989999999991786694e+02 1.358735786731447348e+00
2.994999999991656523e+02 1.571469214132275694e+00
2.999999999991526352e+02 1.293933092228347181e+00
3.004999999991396180e+02 1.245546453568368461e+00
3.009999999991265440e+02 1.670518970510948442e+00
3.014999999991135269e+02 1.370725761019900624e+00
3.019999999991005097e+02 1.355247963886042628e+00
3.024999999990874926e+02 1.417385375544621517e+00
3.029999999990744755e+02 1.541516710367160981e+00
3.034999999990614583e+02 1.306973188768965288e+00
3.039999999990484412e+02 1.015600338625651355e+00
3.044999999990354240e+02 1.350993468320488278e+00
3.049999999990224069e+02 1.374615382487158088e+00
3.054999999990093897e+02 1.112845355585208251e+00
3.059999999989963158e+02 1.250323731832411189e+00
3.064999999989832986e+02 1.411646540346509049e+00
3.069999999989702815e+02 1.111459107048492267e+00
3.074999999989572643e+02 1.581107754647244956e+00
3.079999999989442472e+02 1.652325466125216247e+00
3.084999999989312300e+02 1.122324813962588541e+00
3.089999999989182129e+02 1.154926218553781858e+00
3.094999999989051958e+02 1.471903461547203973e+00
3.099999999988921786e+02 1.122348226781808789e+00
3.104999999988791615e+02 1.367162471381579536e+00
3.109999999988661443e+02 1.493935817259807619e+00
3.114999999988530703e+02 1.419996702924885890e+00
3.119999999988400532e+02 1.479660767803100185e+00
3.124999999988270361e+02 1.090402623925562642e+00
3.129999999988140189e+02 1.759706572765847632e+00
3.134999999988010018e+02 1.158160819063549729e+00
3.139999999987879846e+02 1.242575582834579917e+00
3.144999999987749675e+02 1.227726834359071706e+00
3.149999999987619503e+02 1.304960779662876824e+00
3.154999999987489332e+02 1.333541253064590926e+00
3.159999999987359161e+02 1.298781488094958192e+00
3.164999999987228989e+02 1.375112856910081227e+00
3.169999999987098249e+02 1.248655352859587397e+00
3.174999999986968078e+02 1.771842971644704390e+00
3.179999999986837906e+02 1.491756144994826894e+00
3.184999999986707735e+02 1.274167036620373450e+00
3.189999999986577564e+02 1.561974993525660604e+00
3.194999999986447392e+02 1.384937146429094490e+00
3.199999999986317221e+02 1.265097652737837031e+00
3.204999999986187049e+02 1.358168684289691175e+00
3.209999999986056878e+02 1.453213194356649751e+00
3.214999999985926706e+02 1.356765479795764451e+00
3.219999999985796535e+02 1.312629870877940252e+00
3.224999999985665795e+02 1.484566868341063550e+00
3.229999999985535624e+02 1.142472803102942080e+00
3.234999999985405452e+02 1.066618877872531401e+00
3.239999999985275281e+02 1.499628168837856101e+00
3.244999999985145109e+02 1.144686052505139440e+00
3.249999999985014938e+02 1.140866161652651867e+00
3.254999999984884766e+02 1.115525431903957143e+00
3.259999999984754595e+02 1.304100010964151179e+00
3.264999999984624424e+02 1.410075354613982590e+00
3.269999999984494252e+02 1.171790880296588178e+00
3.274999999984364081e+02 1.199383250629361575e+00
3.279999999984233341e+02 1.778283988644188351e+00
3.284999999984103169e+02 1.222915709974141008e+00
3.289999999983972998e+02 1.413893653122602290e+00
3.294999999983842827e+02 1.231269856729157786e+00
3.299999999983712655e+02 1.806891523118951737e+00
3.304999999983582484e+02 1.390450091639531482e+00
3.309999999983452312e+02 1.267493913426843477e+00
3.314999999983322141e+02 1.515616042987700363e+00
3.319999999983191969e+02 1.450417191470726008e+00
3.324999999983061798e+02 1.181278601020097740e+00
3.329999999982931627e+02 1.166988651608859895e+00
3.334999999982800887e+02 1.588084027993599268e+00
3.339999999982670715e+02 1.529080477300090557e+00
3.344999999982540544e+02 1.431709482391993804e+00
3.349999999982410372e+02 1.240824630021620578e+00
3.354999999982280201e+02 1.274437265097892347e+00
3.359999999982150030e+02 1.156843890865455249e+00
3.364999999982019858e+02 1.469980147393721737e+00
3.369999999981889687e+02 1.272720869448728198e+00
3.374999999981759515e+02 1.474896873908025041e+00
3.379999999981629344e+02 1.154435441374350724e+00
3.384999999981499172e+02 1.287114339800671914e+00
3.389999999981368433e+02 1.481934417676299631e+00
3.394999999981238261e+02 1.422873476198350806e+00
3.399999999981108090e+02 1.366760336511970486e+00
3.404999999980977918e+02 1.363501942025062474e+00
3.409999999980847747e+02 1.151870396697302956e+00
3.414999999980717575e+02 1.063792470398508883e+00
3.419999999980587404e+02 1.424158466968387771e+00
3.424999999980457233e+02 1.450300617108671197e+00
3.429999999980327061e+02 1.183454100225069805e+00
3.434999999980196890e+02 1.384900239273342049e+00
3.439999999980066718e+02 1.408577676666959322e+00
3.444999999979935978e+02 1.113585559673738512e+00
3.449999999979805807e+02 1.401340258411576833e+00
3.454999999979675636e+02 1.371584134798292665e+00
3.459999999979545464e+02 1.039157861431035057e+00
3.464999999979415293e+02 1.652088832878273461e+00
3.469999999979285121e+02 1.554521729263409258e+00
3.474999999979154950e+02 1.451273094177761180e+00
3.479999999979024778e+02 1.475412478152332785e+00
3.484999999978894607e+02 1.179537892799980447e+00
3.489999999978764436e+02 1.128615063025883547e+00
3.494999999978633696e+02 1.174267181499159429e+00
3.499999999978503524e+02 1.648470557649229784e+00
3.504999999978373353e+02 1.479638049458732230e+00
3.509999999978243181e+02 1.521636174048209833e+00
3.514999999978113010e+02 1.140909837144267636e+00
3.519999999977982839e+02 1.112605531545068249e+00
3.524999999977852667e+02 1.392675452600904196e+00
3.529999999977722496e+02 1.387661501975238521e+00
3.534999999977592324e+02 1.176600051815705150e+00
3.539999999977462153e+02 1.200014913005095885e+00
3.544999999977331981e+02 1.487253756254300452e+00
3.549999999977201242e+02 1.386893448275325236e+00
3.554999999977071070e+02 1.456880708897942522e+00
3.559999999976940899e+02 1.286324856601574140e+00
3.564999999976810727e+02 1.443716129767286027e+00
3.569999999976680556e+02 1.751469770418238481e+00
3.574999999976550384e+02 1.229121403115675859e+00
3.579999999976420213e+02 1.598537147237066858e+00
3.584999999976290042e+02 1.844434964500495155e+00
3.589999999976159870e+02 1.378170779259459522e+00
3.594999999976029699e+02 1.616599248947014456e+00
3.599999999975899527e+02 1.525070499176737648e+00
3.604999999975768787e+02 1.276577852433098625e+00
3.609999999975638616e+02 1.531288699670753539e+00
3.614999999975508445e+02 1.291031091932205443e+00
3.619999999975378273e+02 1.214002741570091137e+00
3.624999999975248102e+02 1.410533722028555426e+00
3.629999999975117930e+02 1.256716572062079429e+00
3.634999999974987759e+02 1.714188372861223941e+00
3.639999999974857587e+02 1.342542144905471968e+00
3.644999999974727416e+02 1.576574688041571193e+00
3.649999999974597245e+02 1.233417968078254434e+00
3.654999999974467073e+02 1.675598588141131051e+00
3.659999999974336333e+02 1.388180141265470180e+00
3.664999999974206162e+02 1.192748239721820092e+00
3.669999999974075990e+02 1.568839309278605487e+00
3.674999999973945819e+02 1.207125855073003518e+00
3.679999999973815648e+02 1.602614427202059044e+00
3.684999999973685476e+02 1.114630839140780649e+00
3.689999999973555305e+02 1.436385287491586782e+00
3.694999999973425133e+02 1.361164538135560154e+00
3.699999999973294962e+02 1.022960394102218729e+00
3.704999999973164790e+02 1.217952668037762143e+00
3.709999999973034619e+02 1.656279363750939870e+00
3.714999999972903879e+02 1.374463859683225930e+00
3.719999999972773708e+02 1.512485151452853005e+00
3.724999999972643536e+02 1.540927383398879247e+00
3.729999999972513365e+02 1.443362868526160359e+00
3.734999999972383193e+02 1.189776486111543408e+00
3.739999999972253022e+02 1.247798867676068957e+00
3.744999999972122851e+02 1.456705359481089479e+00
3.749999999971992679e+02 1.321583635389649292e+00
3.754999999971862508e+02 1.254143307664546070e+00
3.759999999971732336e+02 1.244923106854953776e+00
3.764999999971602165e+02 1.374441940231820203e+00
3.769999999971471425e+02 1.349227428045202570e+00
3.774999999971341254e+02 1.282946043097982880e+00
3.779999999971211082e+02 1.617529609714445593e+00
3.784999999971080911e+02 1.132691468006713054e+00
3.789999999970950739e+02 1.922766953213088881e+00
3.794999999970820568e+02 1.421810726872824837e+00
3.799999999970690396e+02 1.240480766390275935e+00
3.804999999970560225e+02 1.518657870542063471e+00
3.809999999970430054e+02 1.325044916782864624e+00
3.814999999970299882e+02 1.193288547328700044e+00
3.819999999970169711e+02 1.521953011693318869e+00
3.824999999970038971e+02 1.332463234272400543e+00
3.829999999969908799e+02 1.302325926192692274e+00
3.834999999969778628e+02 1.374885420940556990e+00
3.839999999969648456e+02 1.144132113744707357e+00
3.844999999969518285e+02 1.561571687110340889e+00
3.849999999969388114e+02 1.337984228546420518e+00
3.854999999969257942e+02 9.236902388122008034e-01
3.859999999969127771e+02 1.369367515311286976e+00
3.864999999968997599e+02 1.160893811194386060e+00
3.869999999968867428e+02 1.572837176395577519e+00
3.874999999968737256e+02 1.509966639100500441e+00
3.879999999968606517e+02 1.217523225027409284e+00
3.884999999968476345e+02 1.589620135400879430e+00
3.889999999968346174e+02 1.164053609781553256e+00
3.894999999968216002e+02 1.354597535867621660e+00
3.899999999968085831e+02 1.110362197023214037e+00
3.904999999967955659e+02 1.682529881956280837e+00
3.909999999967825488e+02 1.473381509418822732e+00
3.914999999967695317e+02 1.293478782231869406e+00
3.919999999967565145e+02 1.215128289550888585e+00
3.924999999967434974e+02 1.004061718918644930e+00
3.929999999967304234e+02 1.423061081193037536e+00
3.934999999967174062e+02 1.668328040559497349e+00
3.939999999967043891e+02 1.361632548416738198e+00
3.944999999966913720e+02 1.273789689635943079e+00
3.949999999966783548e+02 1.479825423909884252e+00
3.954999999966653377e+02 1.432739123036252282e+00
3.959999999966523205e+02 1.834015066089918378e+00
3.964999999966393034e+02 1.297957506238608616e+00
3.969999999966262862e+02 1.111458111965325957e+00
3.974999999966132691e+02 1.281808237997924094e+00
3.979999999966002520e+02 1.529053484106609018e+00
3.984999999965871780e+02 1.359720801791804101e+00
3.989999999965741608e+02 1.518831062320177727e+00
3.994999999965611437e+02 1.645952866157047279e+00
3.999999999965481265e+02 1.617431097759736369e+00
4.004999999965351094e+02 1.285667891421010456e+00
4.009999999965220923e+02 1.274039106485631789e+00
4.014999999965090751e+02 1.534555702099537955e+00
4.019999999964960580e+02 1.496041229479827983e+00
4.024999999964830408e+02 1.639931799818266978e+00
4.029999999964700237e+02 9.946059152632747979e-01
4.034999999964570065e+02 1.263147790362396661e+00
4.039999999964439326e+02 1.576526755061282703e+00
4.044999999964309154e+02 1.428460882763482598e+00
4.049999999964178983e+02 1.433343437193855152e+00
4.054999999964048811e+02 1.558064113428960340e+00
4.059999999964079507e+02 1.232950341190911736e+00
4.064999999964400104e+02 1.407487912760256865e+00
4.069999999964720132e+02 1.351053766773764764e+00
4.074999999965040729e+02 1.056524692737866866e+00
4.079999999965360757e+02 1.542333585636618265e+00
4.084999999965681354e+02 1.367946511100194718e+00
4.089999999966001383e+02 1.141609939656227368e+00
4.094999999966321980e+02 1.325251762172472425e+00
4.099999999966642008e+02 1.396872541891787112e+00
4.104999999966962605e+02 1.314924872359821251e+00
4.109999999967282633e+02 1.263609488284092697e+00
4.114999999967603230e+02 1.282551162010621582e+00
4.119999999967923259e+02 1.287202736498754607e+00
4.124999999968243856e+02 1.321937756313987800e+00
4.129999999968563884e+02 1.266577363866034478e+00
4.134999999968884481e+02 1.590194799787935764e+00
4.139999999969205078e+02 1.522945230986306075e+00
4.144999999969525106e+02 1.298324733596874392e+00
4.149999999969845703e+02 1.322464063046388416e+00
4.154999999970165732e+02 1.494648614557559707e+00
4.159999999970486328e+02 1.697420414666101829e+00
4.164999999970806357e+02 1.347235453297827679e+00
4.169999999971126954e+02 1.513078332232339118e+00
4.174999999971446982e+02 1.341868005925454188e+00
4.179999999971767579e+02 1.290266316025551196e+00
4.184999999972087608e+02 1.213514824562266892e+00
4.189999999972408204e+02 1.444722947961841530e+00
4.194999999972728233e+02 1.348723580240566822e+00
4.199999999973048830e+02 1.196279374951810581e+00
4.204999999973368858e+02 1.077999039515773694e+00
4.209999999973689455e+02 1.287163871806482618e+00
4.214999999974009484e+02 1.345975582471743204e+00
4.219999999974330080e+02 1.110234080264158152e+00
4.224999999974650109e+02 1.250260697405441546e+00
4.229999999974970706e+02 1.624183792805275139e+00
4.234999999975291303e+02 1.245300282555448668e+00
4.239999999975611331e+02 1.486472920709938972e+00
4.244999999975931928e+02 1.055687877346898285e+00
4.249999999976251956e+02 1.372172880229391989e+00
4.254999999976572553e+02 1.573356185403786078e+00
4.259999999976892582e+02 1.350569254563212862e+00
4.264999999977213179e+02 1.348772387211031321e+00
4.269999999977533207e+02 1.422826732645532832e+00
4.274999999977853804e+02 9.211562962252073383e-01
4.279999999978173832e+02 1.707245160249739824e+00
4.284999999978494429e+02 1.165444341519626725e+00
4.289999999978814458e+02 1.395600255186399741e+00
4.294999999979135055e+02 1.572724619418624625e+00
4.299999999979455083e+02 1.064283271212546511e+00
4.304999999979775680e+02 1.545023777587153146e+00
4.309999999980095708e+02 1.456128075728971183e+00
4.314999999980416305e+02 1.471986870461133412e+00
4.319999999980736902e+02 1.832003144232178915e+00
4.324999999981056931e+02 1.930979587436305156e+00
4.329999999981377528e+02 1.671580330629368616e+00
4.334999999981697556e+02 1.506597896953411508e+00
4.339999999982018153e+02 1.694483690587558433e+00
4.344999999982338181e+02 1.235718736918365535e+00
4.349999999982658778e+02 1.396694848806763201e+00
4.354999999982978807e+02 1.470898931035100832e+00
4.359999999983299404e+02 1.489810556090633842e+00
4.364999999983619432e+02 1.606914447769841825e+00
4.369999999983940029e+02 1.309440056448798684e+00
4.374999999984260057e+02 1.470953305974199266e+00
4.379999999984580654e+02 1.490073539301277616e+00
4.384999999984900683e+02 1.518586207091406015e+00
4.389999999985221280e+02 1.541742695568748545e+00
4.394999999985541308e+02 1.243377988206258333e+00
4.399999999985861905e+02 1.429627967009337253e+00
4.404999999986182502e+02 1.489291430199988886e+00
4.409999999986502530e+02 1.329489813566332446e+00
4.414999999986823127e+02 1.674030836891597485e+00
4.419999999987143156e+02 1.690149902643391489e+00
4.424999999987463752e+02 1.681751436811665945e+00
4.429999999987783781e+02 1.180853891270109646e+00
4.434999999988104378e+02 1.247923604012263432e+00
4.439999999988424406e+02 1.591892444378553595e+00
4.444999999988745003e+02 1.037659814427007721e+00
4.449999999989065032e+02 1.141338926121995945e+00
4.454999999989385628e+02 1.298820938970057348e+00
4.459999999989705657e+02 1.318224820811632725e+00
4.464999999990026254e+02 1.223631827975185882e+00
4.469999999990346282e+02 1.287708294926439123e+00
4.474999999990666879e+02 1.212212348770187464e+00
4.479999999990986908e+02 1.464020298906900441e+00
4.484999999991307504e+02 1.611377245398260660e+00
4.489999999991627533e+02 1.455293921742282004e+00
4.494999999991948130e+02 1.361154084306485323e+00
4.499999999992268727e+02 1.240042066264126275e+00
4.504999999992588755e+02 1.021681196552000070e+00
4.509999999992909352e+02 1.386459101322278675e+00
4.514999999993229380e+02 1.317430644584166144e+00
4.519999999993549977e+02 1.231111821356046354e+00
4.524999999993870006e+02 1.348466567306824127e+00
4.529999999994190603e+02 1.459873190367392937e+00
4.534999999994510631e+02 1.373069511519384944e+00
4.539999999994831228e+02 1.093755264913195635e+00
4.544999999995151256e+02 1.128980928508236836e+00
4.549999999995471853e+02 1.435636635737661537e+00
4.554999999995791882e+02 1.574755408674135992e+00
4.559999999996112479e+02 1.044280992297989430e+00
4.564999999996432507e+02 1.280747070490620532e+00
4.569999999996753104e+02 1.415619242696743774e+00
4.574999999997073132e+02 1.270525623463905740e+00
4.579999999997393729e+02 1.512597320039508419e+00
4.584999999997714326e+02 1.612819246982419186e+00
4.589999999998034355e+02 1.507654544749127412e+00
4.594999999998354951e+02 1.309202501506083527e+00
4.599999999998674980e+02 1.392839798978590116e+00
4.604999999998995577e+02 1.377420168453575622e+00
4.609999999999315605e+02 1.229378393705978345e+00
4.614999999999636202e+02 1.459634603864179425e+00
4.619999999999956231e+02 1.310089388959777335e+00
4.625000000000276827e+02 1.209353312083280230e+00
4.630000000000596856e+02 1.293223391682222667e+00
4.635000000000917453e+02 1.268441957716663016e+00
4.640000000001237481e+02 1.180365365282697976e+00
4.645000000001558078e+02 1.449509393977902905e+00
4.650000000001878107e+02 1.471469051455065014e+00
4.655000000002198703e+02 1.242214896620857711e+00
4.660000000002518732e+02 1.298051623449768099e+00
4.665000000002839329e+02 1.244372008596872137e+00
4.670000000003159357e+02 1.519601777221071481e+00
4.675000000003479954e+02 1.275996530623724201e+00
4.680000000003800551e+02 1.417930053832812787e+00
4.685000000004120579e+02 1.290796804963851185e+00
4.690000000004441176e+02 1.285594118467473512e+00
4.695000000004761205e+02 1.420407145585024677e+00
4.700000000005081802e+02 1.297990837641858075e+00
4.705000000005401830e+02 1.183466143700097506e+00
4.710000000005722427e+02 1.511422336925646315e+00
4.715000000006042455e+02 1.288877915282623743e+00
4.720000000006363052e+02 1.223325506856155265e+00
4.725000000006683081e+02 1.604973137286547225e+00
4.730000000007003678e+02 1.583461581741443469e+00
4.735000000007323706e+02 1.269067692972445371e+00
4.740000000007644303e+02 1.757035434490892500e+00
4.745000000007964331e+02 1.266184134697752262e+00
4.750000000008284928e+02 1.181774797078795736e+00
4.755000000008604957e+02 1.371713877205811949e+00
4.760000000008925554e+02 1.087125125534917025e+00
4.765000000009246151e+02 1.353253071612531944e+00
4.770000000009566179e+02 1.334167750217429838e+00
4.775000000009886776e+02 1.671324851435248782e+00
4.780000000010206804e+02 1.639939719783696237e+00
4.785000000010527401e+02 1.395120940384227071e+00
4.790000000010847430e+02 8.352657775607474910e-01
4.795000000011168027e+02 1.685191947893562192e+00
4.800000000011488055e+02 1.377159021390002014e+00
4.805000000011808652e+02 1.575399634213501487e+00
4.810000000012128680e+02 1.346794007367447144e+00
4.815000000012449277e+02 1.222397297314591791e+00
4.820000000012769306e+02 1.430377699650374979e+00
4.825000000013089902e+02 1.224254796087218766e+00
4.830000000013409931e+02 1.231103861568978219e+00
4.835000000013730528e+02 1.406878073930184048e+00
4.840000000014050556e+02 1.187826856297248712e+00
4.845000000014371153e+02 1.263828971899995102e+00
4.850000000014691750e+02 1.651305897875494644e+00
4.855000000015011778e+02 1.598413350304318525e+00
4.860000000015332375e+02 1.207653372525285151e+00
4.865000000015652404e+02 1.379340630355044617e+00
4.870000000015973001e+02 1.495759667456049602e+00
4.875000000016293029e+02 1.331116100378416434e+00
4.880000000016613626e+02 1.326996158426519745e+00
4.885000000016933654e+02 1.385467298825080462e+00
4.890000000017254251e+02 1.114534541121378952e+00
4.895000000017574280e+02 1.329080520828939127e+00
4.900000000017894877e+02 1.283311633667051588e+00
4.905000000018214905e+02 1.363149501431219823e+00
4.910000000018535502e+02 1.373535321747204829e+00
4.915000000018855530e+02 9.836141796305892804e-01
4.920000000019176127e+02 1.430289556009884278e+00
4.925000000019496156e+02 1.401897575670860707e+00
4.930000000019816753e+02 1.295249002156678930e+00
4.935000000020136781e+02 1.140470305659561090e+00
4.940000000020457378e+02 1.146172222963519616e+00
4.945000000020777975e+02 1.631893595502407424e+00
4.950000000021098003e+02 7.928530694598445727e-01
4.955000000021418600e+02 1.363285191792013240e+00
4.960000000021738629e+02 1.480047798191863606e+00
4.965000000022059226e+02 1.385486320504363045e+00
4.970000000022379254e+02 1.332085738988491252e+00
4.975000000022699851e+02 1.358232020809948537e+00
4.980000000023019879e+02 1.132282999683829061e+00
4.985000000023340476e+02 1.339452568923749531e+00
4.990000000023660505e+02 1.877404773073878319e+00
4.995000000023981102e+02 1.511780824713272020e+00
5.000000000024301130e+02 1.565863125590792437e+00
5.005000000024621727e+02 1.163024699941591189e+00
5.010000000024941755e+02 1.291455208893689033e+00
5.015000000025262352e+02 1.316949971979436196e+00
5.020000000025582381e+02 1.376936223330275322e+00
5.025000000025902978e+02 1.487036832126471309e+00
5.030000000026223574e+02 1.415091604874154196e+00
5.035000000026543603e+02 1.398007038344642128e+00
5.040000000026864200e+02 1.548940922527103359e+00
5.045000000027184228e+02 1.422995490810394781e+00
5.050000000027504825e+02 1.498064010642171873e+00
5.055000000027824854e+02 1.196073541651346162e+00
5.060000000028145450e+02 1.269088318984284092e+00
5.065000000028465479e+02 1.294307190554433440e+00
5.070000000028786076e+02 1.212838539316541953e+00
5.075000000029106104e+02 1.840437694387082601e+00
5.080000000029426701e+02 1.479951593850561853e+00
5.085000000029746730e+02 1.619870997398840551e+00
5.090000000030067326e+02 1.479256725538483197e+00
5.095000000030387355e+02 1.325771801627574575e+00
5.100000000030707952e+02 1.214099716784729610e+00
5.105000000031027980e+02 1.374440519873513455e+00
5.110000000031348577e+02 1.081019096943828250e+00
5.115000000031668606e+02 1.332589268719119646e+00
5.120000000031989202e+02 1.422433953594824052e+00
5.125000000032309799e+02 1.152880833350013789e+00
5.130000000032630396e+02 1.505527750357354977e+00
5.135000000032949856e+02 1.582376586424931286e+00
5.140000000033270453e+02 1.559759990935463358e+00
5.145000000033591050e+02 1.274340579296600495e+00
5.150000000033911647e+02 1.503871619501108814e+00
5.155000000034231107e+02 1.272911527115194286e+00
5.160000000034551704e+02 1.264746814556044097e+00
5.165000000034872301e+02 1.321438924114297864e+00
5.170000000035192897e+02 1.460307380127565446e+00
5.175000000035512357e+02 1.123272397796712507e+00
5.180000000035832954e+02 1.394363431112023655e+00
5.185000000036153551e+02 1.502788823204785684e+00
5.190000000036474148e+02 1.220177819213254633e+00
5.195000000036793608e+02 1.515092524109779015e+00
5.200000000037114205e+02 1.275818137127003871e+00
5.205000000037434802e+02 1.065795586653724536e+00
5.210000000037755399e+02 1.346466167692136340e+00
5.215000000038075996e+02 1.344466106515374904e+00
5.220000000038395456e+02 1.297878028874627221e+00
5.225000000038716053e+02 1.639185304298347301e+00
5.230000000039036649e+02 1.265360989367934952e+00
5.235000000039357246e+02 1.431467326865971224e+00
5.240000000039676706e+02 1.428385270435817311e+00
5.245000000039997303e+02 1.167289461231225900e+00
5.250000000040317900e+02 1.567991747733579189e+00
5.255000000040638497e+02 1.292870143979260478e+00
5.260000000040957957e+02 1.243314074002220382e+00
5.265000000041278554e+02 1.338123319594227700e+00
5.270000000041599151e+02 1.297138427762607238e+00
5.275000000041919748e+02 1.338590430232589057e+00
5.280000000042239208e+02 1.254957463341958901e+00
5.285000000042559805e+02 1.160520586666471621e+00
5.290000000042880401e+02 1.889225665331850879e+00
5.295000000043200998e+02 1.219332060118778926e+00
5.300000000043521595e+02 1.411853444182883388e+00
5.305000000043841055e+02 1.283832898360548480e+00
5.310000000044161652e+02 1.168102061744432429e+00
5.315000000044482249e+02 1.721437467643319730e+00
5.320000000044802846e+02 1.293639682511395828e+00
5.325000000045122306e+02 1.388729004250714549e+00
5.330000000045442903e+02 1.235509340392807687e+00
5.335000000045763500e+02 1.283450311895456331e+00
5.340000000046084097e+02 1.113672252309602317e+00
5.345000000046403557e+02 1.347233118686929743e+00
5.350000000046724153e+02 1.189459302389420881e+00
5.355000000047044750e+02 1.219172534231099281e+00
5.360000000047365347e+02 1.335503094221092368e+00
5.365000000047684807e+02 1.545777022376054077e+00
5.370000000048005404e+02 1.248904545368177743e+00
5.375000000048326001e+02 1.125151472001467257e+00
5.380000000048646598e+02 1.421422720148352026e+00
5.385000000048967195e+02 1.245230995571958932e+00
5.390000000049286655e+02 1.135969511976728352e+00
5.395000000049607252e+02 1.244761620956782000e+00
5.400000000049927849e+02 1.557786447683298769e+00
5.405000000050248445e+02 1.530205277782492823e+00
5.410000000050567905e+02 1.532264705211514810e+00
5.415000000050888502e+02 1.172452052813051537e+00
5.420000000051209099e+02 1.109310154428129636e+00
5.425000000051529696e+02 1.452503842095034470e+00
5.430000000051849156e+02 1.014829619640074121e+00
5.435000000052169753e+02 1.340650764326206223e+00
5.440000000052490350e+02 1.570054708102309959e+00
5.445000000052810947e+02 1.552869850377271987e+00
5.450000000053130407e+02 1.457540972042573157e+00
5.455000000053451004e+02 1.207025297499809691e+00
5.460000000053771601e+02 1.298739611627908852e+00
5.465000000054092197e+02 1.304562130319909086e+00
5.470000000054411657e+02 1.247599816821951535e+00
5.475000000054732254e+02 1.678440539148510657e+00
5.480000000055052851e+02 1.477834787206341982e+00
5.485000000055373448e+02 9.749658213013324692e-01
5.490000000055694045e+02 1.465580571290839185e+00
5.495000000056013505e+02 1.825559157281309020e+00
5.500000000056334102e+02 1.228853497283755036e+00
5.505000000056654699e+02 9.001626314231057080e-01
5.510000000056975296e+02 1.750545636366162894e+00
5.515000000057294756e+02 1.086375237535206928e+00
5.520000000057615352e+02 1.171252716148333706e+00
5.525000000057935949e+02 1.686465861816645928e+00
5.530000000058256546e+02 1.423816988410172346e+00
5.535000000058576006e+02 1.107185687323452461e+00
5.540000000058896603e+02 1.629530168565211934e+00
5.545000000059217200e+02 1.591857041321004251e+00
5.550000000059537797e+02 1.096989518365115046e+00
5.555000000059857257e+02 1.660268846044518964e+00
5.560000000060177854e+02 1.268623201269033274e+00
5.565000000060498451e+02 1.018779730484014712e+00
5.570000000060819048e+02 1.406282107877004472e+00
5.575000000061139644e+02 1.452357461669298688e+00
5.580000000061459104e+02 1.468766964543424702e+00
5.585000000061779701e+02 1.187318355891763932e+00
5.590000000062100298e+02 1.497862842876816147e+00
5.595000000062420895e+02 1.274439698372771490e+00
5.600000000062740355e+02 1.506825353754856822e+00
5.605000000063060952e+02 1.446756269935134398e+00
5.610000000063381549e+02 1.223405249296561248e+00
5.615000000063702146e+02 1.494433045238919844e+00
5.620000000064021606e+02 1.008066523851350649e+00
5.625000000064342203e+02 1.457620433175274677e+00
5.630000000064662800e+02 1.218975456890035947e+00
5.635000000064983396e+02 1.467394420485163442e+00
5.640000000065302856e+02 1.502074233099470968e+00
5.645000000065623453e+02 1.079701526451678717e+00
5.650000000065944050e+02 1.621561282339707866e+00
5.655000000066264647e+02 1.201684648555845891e+00
5.660000000066585244e+02 1.316215421678412323e+00
5.665000000066904704e+02 1.181769781634955274e+00
5.670000000067225301e+02 1.454576881709066294e+00
5.675000000067545898e+02 1.546051506514355189e+00
5.680000000067866495e+02 1.466044282527412923e+00
5.685000000068185955e+02 1.357569041419468991e+00
5.690000000068506552e+02 1.362030373310211484e+00
5.695000000068827148e+02 1.081384632938467760e+00
5.700000000069147745e+02 1.502069101975298526e+00
5.705000000069467205e+02 1.695110396025937494e+00
5.710000000069787802e+02 1.693195287457034182e+00
5.715000000070108399e+02 1.009567741604061597e+00
5.720000000070428996e+02 1.412801651263174696e+00
5.725000000070748456e+02 1.439616891417179856e+00
5.730000000071069053e+02 1.089154617254557644e+00
5.735000000071389650e+02 1.455081101447907699e+00
5.740000000071710247e+02 1.515303438560001048e+00
5.745000000072030844e+02 9.459847898815146872e-01
5.750000000072350304e+02 1.508554898519407272e+00
5.755000000072670900e+02 1.423460307250377754e+00
5.760000000072991497e+02 1.163731142653851247e+00
5.765000000073312094e+02 1.363725401292637418e+00
5.770000000073631554e+02 1.573946029241162670e+00
5.775000000073952151e+02 1.332770288050105778e+00
5.780000000074272748e+02 1.025860532081136478e+00
5.785000000074593345e+02 1.747754690606217354e+00
5.790000000074912805e+02 1.274826594443346783e+00
5.795000000075233402e+02 1.432182484982117865e+00
5.800000000075553999e+02 1.483959684992534722e+00
5.805000000075874595e+02 1.658640977896515434e+00
5.810000000076194056e+02 1.442383079571539994e+00
5.815000000076514652e+02 1.244027851450959510e+00
5.820000000076835249e+02 1.331443837432587873e+00
5.825000000077155846e+02 1.384695404395907881e+00
5.830000000077476443e+02 1.274686330379111832e+00
5.835000000077795903e+02 1.313766193246668879e+00
5.840000000078116500e+02 1.334321295633780879e+00
5.845000000078437097e+02 1.104335280255047902e+00
5.850000000078757694e+02 1.340510547819604881e+00
5.855000000079077154e+02 1.051000905564835719e+00
5.860000000079397751e+02 1.298347315311230155e+00
5.865000000079718347e+02 1.637325444540715269e+00
5.870000000080038944e+02 1.255106424349407002e+00
5.875000000080358404e+02 1.262783890783562235e+00
5.880000000080679001e+02 1.340081671653299056e+00
5.885000000080999598e+02 1.172640111934510898e+00
5.890000000081320195e+02 1.241608353699094947e+00
5.895000000081639655e+02 1.319987457859188362e+00
5.900000000081960252e+02 1.464195601239923317e+00
5.905000000082280849e+02 1.654014955709033785e+00
5.910000000082601446e+02 1.521837570742683221e+00
5.915000000082920906e+02 1.444966447829213019e+00
5.920000000083241503e+02 1.242160148006208775e+00
5.925000000083562099e+02 1.175634090297151602e+00
5.930000000083882696e+02 9.950115957864875682e-01
5.935000000084203293e+02 1.854414320382424153e+00
5.940000000084522753e+02 1.558373624086245135e+00
5.945000000084843350e+02 1.258952382645548873e+00
5.950000000085163947e+02 1.430907141426963847e+00
5.955000000085484544e+02 1.558728218994758219e+00
5.960000000085804004e+02 1.371861112066316668e+00
5.965000000086124601e+02 1.499695234877481020e+00
5.970000000086445198e+02 1.364927429944622350e+00
5.975000000086765795e+02 1.079321217494823015e+00
5.980000000087085255e+02 1.303616523360968893e+00
5.985000000087405851e+02 1.838647186716219739e+00
5.990000000087726448e+02 1.742398291878747285e+00
5.995000000088047045e+02 1.233276047055801294e+00
6.000000000088366505e+02 1.473482759246588669e+00
6.005000000088687102e+02 1.421002935973948444e+00
6.010000000089007699e+02 1.039682201975266285e+00
6.015000000089328296e+02 1.432344907629530484e+00
6.020000000089648893e+02 1.766331510249008696e+00
6.025000000089968353e+02 7.681008677258541750e-01
6.030000000090288950e+02 1.659482768927605933e+00
6.035000000090609547e+02 1.462540039114595292e+00
6.040000000090930143e+02 1.235028562765048132e+00
6.045000000091249603e+02 1.623083808728086330e+00
6.050000000091570200e+02 1.453225412971534736e+00
6.055000000091890797e+02 1.313445273840500693e+00
6.060000000092211394e+02 1.349015773448275057e+00
6.065000000092530854e+02 1.384499764554063539e+00
6.070000000092851451e+02 1.061423378867673684e+00
6.075000000093172048e+02 1.609732042639790084e+00
6.080000000093492645e+02 1.188521071442230737e+00
6.085000000093812105e+02 8.313376479696762411e-01
6.090000000094132702e+02 1.225148876938045417e+00
6.095000000094453299e+02 1.450441633163885857e+00
6.100000000094773895e+02 1.493647243128503277e+00
6.105000000095094492e+02 9.854108689012921474e-01
6.110000000095413952e+02 1.577039218375675844e+00
6.115000000095734549e+02 1.132631446086301619e+00
6.120000000096055146e+02 1.422374212948880556e+00
6.125000000096375743e+02 1.255058731389169902e+00
6.130000000096695203e+02 1.389316555565799804e+00
6.135000000097015800e+02 1.509788183642990500e+00
6.140000000097336397e+02 1.347998748683483461e+00
6.145000000097656994e+02 1.677111108760126035e+00
6.150000000097976454e+02 1.163979620767340295e+00
6.155000000098297050e+02 1.345668229040608344e+00
6.160000000098617647e+02 1.164247236930097129e+00
6.165000000098938244e+02 1.225913629874151090e+00
6.170000000099257704e+02 1.353113780829523938e+00
6.175000000099578301e+02 1.423528974384140833e+00
6.180000000099898898e+02 1.372020482382972029e+00
6.185000000100219495e+02 1.253072492660430415e+00
6.190000000100540092e+02 1.423423960628628748e+00
6.195000000100859552e+02 1.493726873572159830e+00
6.200000000101180149e+02 1.614758738003096994e+00
6.205000000101500746e+02 1.338799596511909273e+00
6.210000000101821342e+02 1.368748845698626759e+00
6.215000000102140802e+02 1.226523097241028815e+00
6.220000000102461399e+02 1.469470956509130399e+00
6.225000000102781996e+02 1.241918451535244383e+00
6.230000000103102593e+02 1.095981505198638128e+00
6.235000000103422053e+02 1.471678263792554064e+00
6.240000000103742650e+02 1.087066519224739514e+00
6.245000000104063247e+02 1.642193577173297170e+00
6.250000000104383844e+02 1.462120563105559157e+00
6.255000000104703304e+02 1.417751482397123342e+00
6.260000000105023901e+02 1.324052972969189224e+00
6.265000000105344498e+02 1.419763875926278951e+00
6.270000000105665094e+02 1.157387263678766320e+00
6.275000000105985691e+02 1.187273840759710541e+00
6.280000000106305151e+02 1.345944277736631500e+00
6.285000000106625748e+02 1.563108748106481372e+00
6.290000000106946345e+02 1.305946318837156284e+00
6.295000000107266942e+02 1.405641530893563695e+00
6.300000000107586402e+02 1.575046355187928349e+00
6.305000000107906999e+02 1.016152378907927201e+00
6.310000000108227596e+02 1.342064962007736284e+00
6.315000000108548193e+02 1.217353723232401874e+00
6.320000000108867653e+02 1.141119994277124849e+00
6.325000000109188250e+02 1.255040631212277491e+00
6.330000000109508846e+02 1.466740810172360021e+00
6.335000000109829443e+02 1.382933727232837473e+00
6.340000000110148903e+02 1.194453048158699682e+00
6.345000000110469500e+02 1.418695454742329609e+00
6.350000000110790097e+02 1.261687223972440597e+00
6.355000000111110694e+02 1.200695522352399847e+00
6.360000000111430154e+02 1.321446465948475257e+00
6.365000000111750751e+02 1.274678934243201223e+00
6.370000000112071348e+02 1.367410625563277859e+00
6.375000000112391945e+02 1.288953219968537844e+00
6.380000000112712542e+02 1.269540212191797357e+00
6.385000000113032002e+02 1.360192300878257488e+00
6.390000000113352598e+02 1.356611713362861682e+00
6.395000000113673195e+02 1.283334570334241143e+00
6.400000000113993792e+02 1.219008811872535514e+00
6.405000000114313252e+02 1.146651650851991056e+00
6.410000000114633849e+02 1.298299690720924104e+00
6.415000000114954446e+02 1.219174883710177237e+00
6.420000000115275043e+02 1.142225543224847595e+00
6.425000000115594503e+02 1.208993248607160398e+00
6.430000000115915100e+02 1.568845803000374239e+00
6.435000000116235697e+02 1.528705373955963953e+00
6.440000000116556294e+02 1.215677256340143897e+00
6.445000000116875754e+02 1.440070255759822615e+00
6.450000000117196350e+02 1.457264616395003820e+00
6.455000000117516947e+02 1.451940468753054159e+00
6.460000000117837544e+02 1.550727411986523530e+00
6.465000000118158141e+02 1.434330247129377511e+00
6.470000000118477601e+02 1.145584688645800764e+00
6.475000000118798198e+02 1.582599282869177948e+00
6.480000000119118795e+02 1.426730595330984119e+00
6.485000000119439392e+02 1.258699188401611879e+00
6.490000000119758852e+02 1.130213292879057585e+00
6.495000000120079449e+02 1.557811142875728860e+00
6.500000000120400045e+02 1.445917815295591602e+00
6.505000000120720642e+02 1.374788820048424398e+00
6.510000000121040102e+02 1.388022070663440743e+00
6.515000000121360699e+02 1.763724449805197825e+00
6.520000000121681296e+02 8.988026967322580996e-01
6.525000000122001893e+02 1.076714781274634936e+00
6.530000000122321353e+02 1.603778794694134646e+00
6.535000000122641950e+02 1.424679892819702864e+00
6.540000000122962547e+02 1.365256425999334056e+00
6.545000000123283144e+02 1.371774990347255141e+00
6.550000000123603741e+02 1.702603016778200695e+00
6.555000000123923201e+02 1.425436220541384413e+00
6.560000000124243797e+02 1.327883283324530872e+00
6.565000000124564394e+02 1.564991631642480119e+00
6.570000000124884991e+02 1.446368509631385635e+00
6.575000000125204451e+02 8.381764702469948203e-01
6.580000000125525048e+02 1.307626550016192102e+00
6.585000000125845645e+02 1.678034630451098685e+00
6.590000000126166242e+02 1.210725733605761079e+00
6.595000000126485702e+02 1.009003673867600925e+00
6.600000000126806299e+02 1.650450451415702346e+00
6.605000000127126896e+02 1.357053373731445856e+00
6.610000000127447493e+02 1.284072957379381874e+00
6.615000000127766953e+02 1.483400452252805035e+00
6.620000000128087549e+02 1.147835568783680760e+00
6.625000000128408146e+02 1.288915627835012456e+00
6.630000000128728743e+02 1.573006324021852143e+00
6.635000000129049340e+02 1.308685546183964377e+00
6.640000000129368800e+02 1.303683380630445754e+00
6.645000000129689397e+02 1.134691105330717376e+00
6.650000000130009994e+02 1.283236309660353180e+00
6.655000000130330591e+02 1.194362291501039008e+00
6.660000000130650051e+02 1.480429564613880977e+00
6.665000000130970648e+02 1.321209050001943774e+00
6.670000000131291245e+02 9.829112606536054564e-01
6.675000000131611841e+02 1.494994117631555097e+00
6.680000000131931301e+02 1.246733429849759878e+00
6.685000000132251898e+02 1.667656138506521390e+00
6.690000000132572495e+02 1.152968632884625144e+00
6.695000000132893092e+02 1.216990109548393706e+00
6.700000000133212552e+02 1.491436226436886781e+00
6.705000000133533149e+02 1.507931110104208772e+00
6.710000000133853746e+02 1.419267811164448556e+00
6.715000000134174343e+02 1.242414690551653322e+00
6.720000000134494940e+02 1.544056483290174642e+00
6.725000000134814400e+02 1.168839855526622618e+00
6.730000000135134997e+02 1.151664541050784640e+00
6.735000000135455593e+02 1.541316076401961777e+00
6.740000000135776190e+02 1.279885646161462942e+00
6.745000000136095650e+02 1.414952968303932135e+00
6.750000000136416247e+02 1.380909097119418227e+00
6.755000000136736844e+02 1.338208844243631734e+00
6.760000000137057441e+02 1.262966983132902010e+00
6.765000000137376901e+02 1.343564622534168640e+00
6.770000000137697498e+02 1.635222278228304571e+00
6.775000000138018095e+02 1.252268274564027895e+00
6.780000000138338692e+02 1.061688190979958035e+00
6.785000000138658152e+02 1.494585648661590938e+00
6.790000000138978749e+02 1.292146340473800947e+00
6.795000000139299345e+02 1.310887447252883975e+00
6.800000000139619942e+02 1.527683827407418038e+00
6.805000000139939402e+02 1.341472838774960374e+00
6.810000000140259999e+02 1.438058409382270586e+00
6.815000000140580596e+02 1.628772121250110949e+00
6.820000000140901193e+02 1.270529165580440933e+00
6.825000000141221790e+02 1.422310300364363567e+00
6.830000000141541250e+02 1.336949289640968042e+00
6.835000000141861847e+02 1.279557864220920438e+00
6.840000000142182444e+02 1.869082019236921521e+00
6.845000000142503040e+02 1.367726405347149399e+00
6.850000000142822500e+02 1.495446017778096159e+00
6.855000000143143097e+02 1.313209380858242126e+00
6.860000000143463694e+02 1.471926547850411326e+00
6.865000000143784291e+02 1.366359273863356760e+00
6.870000000144103751e+02 1.648001398885063473e+00
6.875000000144424348e+02 1.372322177828657397e+00
6.880000000144744945e+02 1.041520119324886640e+00
6.885000000145065542e+02 9.962103481280389916e-01
6.890000000145385002e+02 1.037230819543307980e+00
6.895000000145705599e+02 1.296500727264293440e+00
6.900000000146026196e+02 1.366406728460932918e+00
6.905000000146346792e+02 1.413062819741897513e+00
6.910000000146667389e+02 1.368796648593767262e+00
6.915000000146986849e+02 1.533918738092652667e+00
6.920000000147307446e+02 1.238379128261575701e+00
6.925000000147628043e+02 1.510973165116756167e+00
6.930000000147948640e+02 1.106293738894191137e+00
6.935000000148268100e+02 1.706012721239514862e+00
6.940000000148588697e+02 1.375384728299879233e+00
6.945000000148909294e+02 1.834975354129360747e+00
6.950000000149229891e+02 1.454057850425508169e+00
6.955000000149549351e+02 1.203240602930655934e+00
6.960000000149869948e+02 1.511116270586686738e+00
6.965000000150190544e+02 1.178764650826912730e+00
6.970000000150511141e+02 1.644555724978913558e+00
6.975000000150830601e+02 1.289413901703515108e+00
6.980000000151151198e+02 1.464840151382619471e+00
6.985000000151471795e+02 1.510351582592506459e+00
6.990000000151792392e+02 1.788013931328529482e+00
6.995000000152112989e+02 1.166326585991988019e+00
7.000000000152432449e+02 1.430618894733361124e+00
7.005000000152753046e+02 1.436466569836764906e+00
7.010000000153073643e+02 1.000199490285082371e+00
7.015000000153394240e+02 1.300509063544829091e+00
7.020000000153713700e+02 1.517356806533669777e+00
7.025000000154034296e+02 1.535221583845457927e+00
7.030000000154354893e+02 9.095604986337728626e-01
7.035000000154675490e+02 1.358357181027552985e+00
7.040000000154994950e+02 1.617601047290901262e+00
7.045000000155315547e+02 1.261673073321705418e+00
7.050000000155636144e+02 1.201577682899951593e+00
7.055000000155956741e+02 1.304057045428975714e+00
7.060000000156276201e+02 1.221434272536002563e+00
7.065000000156596798e+02 1.521553189685870722e+00
7.070000000156917395e+02 1.642457506368826259e+00
7.075000000157237992e+02 1.113089189288360759e+00
7.080000000157558588e+02 1.341811590608773086e+00
7.085000000157878048e+02 1.275382316722016407e+00
7.090000000158198645e+02 1.105504248094679065e+00
7.095000000158519242e+02 1.390609726993996764e+00
7.100000000158839839e+02 1.358294202363080849e+00
7.105000000159159299e+02 1.421103655560413515e+00
7.110000000159479896e+02 1.182421451096248521e+00
7.115000000159800493e+02 1.484298014388795828e+00
7.120000000160121090e+02 1.441435705347685836e+00
7.125000000160440550e+02 1.172127355555174555e+00
7.130000000160761147e+02 1.516842793321561578e+00
7.135000000161081743e+02 1.264473545850139935e+00
7.140000000161402340e+02 1.295910342513006741e+00
7.145000000161721800e+02 1.348260443260087760e+00
7.150000000162042397e+02 1.027183449370703938e+00
7.155000000162362994e+02 1.800618291360982282e+00
7.160000000162683591e+02 1.200766506427479507e+00
7.165000000163003051e+02 1.380508846976001402e+00
7.170000000163323648e+02 1.549683867077425781e+00
7.175000000163644245e+02 1.386431536246929053e+00
7.180000000163964842e+02 1.243484092329291357e+00
7.185000000164285439e+02 1.184517503289253426e+00
7.190000000164604899e+02 1.390007816294787757e+00
7.195000000164925495e+02 1.452887870230944456e+00
7.200000000165246092e+02 1.115324367140406725e+00
7.205000000165566689e+02 1.340999630066536774e+00
7.210000000165886149e+02 1.366589030825930307e+00
7.215000000166206746e+02 1.297012331195285029e+00
7.220000000166527343e+02 1.253091645922112418e+00
7.225000000166847940e+02 1.472762424304602691e+00
7.230000000167167400e+02 1.510412527801537230e+00
7.235000000167487997e+02 1.466509271214629484e+00
7.240000000167808594e+02 1.299202638358202488e+00
7.245000000168129191e+02 1.529439421943250998e+00
7.250000000168448651e+02 1.174232895092437889e+00
7.255000000168769247e+02 1.374646735737851566e+00
7.260000000169089844e+02 1.430908707579604089e+00
7.265000000169410441e+02 1.264807436891566716e+00
7.270000000169731038e+02 1.153291197149668879e+00
7.275000000170050498e+02 1.520770338243790931e+00
7.280000000170371095e+02 1.613364491377398791e+00
7.285000000170691692e+02 1.265255762131933581e+00
7.290000000171012289e+02 1.389921946896864213e+00
7.295000000171331749e+02 1.239838368820787906e+00
7.300000000171652346e+02 1.421708520655699859e+00
7.305000000171972943e+02 1.350379720514019999e+00
7.310000000172293539e+02 1.207050614210917416e+00
7.315000000172612999e+02 1.929227717829187227e+00
7.320000000172933596e+02 1.454852096829609920e+00
7.325000000173254193e+02 1.213734189795344198e+00
7.330000000173574790e+02 1.328530195203009523e+00
7.335000000173894250e+02 1.228783598396548937e+00
7.340000000174214847e+02 1.439872704147111326e+00
7.345000000174535444e+02 1.320995223503310667e+00
7.350000000174856041e+02 1.286797707328448892e+00
7.355000000175176638e+02 1.555757021579726507e+00
7.360000000175496098e+02 1.481228793776247388e+00
7.365000000175816695e+02 1.132924121427141051e+00
7.370000000176137291e+02 1.344527519885003963e+00
7.375000000176457888e+02 1.580170801272060555e+00
7.380000000176777348e+02 1.749510955914466148e+00
7.385000000177097945e+02 1.221839118959793691e+00
7.390000000177418542e+02 1.527800998803349186e+00
7.395000000177739139e+02 1.211561717564785035e+00
7.400000000178058599e+02 1.319220748820197908e+00
7.405000000178379196e+02 1.769995221716403222e+00
7.410000000178699793e+02 1.320950037351457995e+00
7.415000000179020390e+02 1.192646897078981638e+00
7.420000000179339850e+02 1.399601751764533164e+00
7.425000000179660447e+02 1.352958950906373969e+00
7.430000000179981043e+02 1.293336137348974013e+00
7.435000000180301640e+02 1.345650606040250219e+00
7.440000000180622237e+02 1.447833882749112400e+00
7.445000000180941697e+02 1.450544202227265211e+00
7.450000000181262294e+02 8.262109955557638274e-01
7.455000000181582891e+02 1.293950385222668142e+00
7.460000000181903488e+02 1.479080371061707089e+00
7.465000000182222948e+02 1.465146471179375132e+00
7.470000000182543545e+02 1.350669382065290414e+00
7.475000000182864142e+02 1.495414631220038926e+00
7.480000000183184738e+02 1.612951155689197558e+00
7.485000000183504199e+02 1.285967123715120231e+00
7.490000000183824795e+02 1.468463588600167125e+00
7.495000000184145392e+02 1.046448690356337474e+00
7.500000000184465989e+02 1.256495240359223109e+00
7.505000000184785449e+02 1.158283553217769990e+00
7.510000000185106046e+02 1.356526675967482332e+00
7.515000000185426643e+02 1.294822155730790181e+00
7.520000000185747240e+02 1.550441570706701189e+00
7.525000000186067837e+02 1.505033787210887430e+00
7.530000000186387297e+02 1.138281034344580389e+00
7.535000000186707894e+02 1.386875691769963614e+00
7.540000000187028490e+02 1.348064606588980974e+00
7.545000000187349087e+02 1.313616723364172900e+00
7.550000000187668547e+02 1.304829096575166325e+00
7.555000000187989144e+02 1.634496660829193537e+00
7.560000000188309741e+02 1.588631969568861324e+00
7.565000000188630338e+02 1.358272714366747902e+00
7.570000000188949798e+02 1.556411407909334965e+00
7.575000000189270395e+02 1.267342812047720368e+00
7.580000000189590992e+02 1.290544454559066079e+00
7.585000000189911589e+02 1.564393199261749245e+00
7.590000000190231049e+02 1.585585156179839306e+00
7.595000000190551646e+02 1.288734903877642335e+00
7.600000000190872242e+02 1.018769282529804254e+00
7.605000000191192839e+02 1.331358245171995858e+00
7.610000000191512299e+02 1.300061131653569957e+00
7.615000000191832896e+02 1.369728279607816512e+00
7.620000000192153493e+02 1.149651710402885829e+00
7.625000000192474090e+02 1.394412385995291714e+00
7.630000000192794687e+02 1.206231327739686110e+00
7.635000000193114147e+02 1.073366980232502987e+00
7.640000000193434744e+02 1.622723964812493813e+00
7.645000000193755341e+02 1.460005218141577021e+00
7.650000000194075938e+02 1.190227225733261118e+00
7.655000000194395398e+02 1.491328234404771136e+00
7.660000000194715994e+02 1.010029198538994644e+00
7.665000000195036591e+02 1.732484060530406822e+00
7.670000000195357188e+02 1.480009376137948252e+00
7.675000000195676648e+02 1.092516121497005388e+00
7.680000000195997245e+02 1.386420264308127148e+00
7.685000000196317842e+02 1.176299888011742789e+00
7.690000000196638439e+02 1.547739203920615703e+00
7.695000000196957899e+02 1.192246217285781285e+00
7.700000000197278496e+02 1.342061821928105303e+00
7.705000000197599093e+02 1.181707075956516695e+00
7.710000000197919690e+02 1.252310102919623747e+00
7.715000000198240286e+02 1.584929108428935418e+00
7.720000000198559746e+02 1.274749759332418853e+00
7.725000000198880343e+02 1.417008624533668160e+00
7.730000000199200940e+02 1.263794159921761695e+00
7.735000000199521537e+02 1.301482483297290438e+00
7.740000000199840997e+02 1.478628281248004717e+00
7.745000000200161594e+02 1.283836985573629130e+00
7.750000000200482191e+02 1.535001074746819238e+00
7.755000000200802788e+02 1.540983925319584280e+00
7.760000000201122248e+02 1.248122557895219753e+00
7.765000000201442845e+02 9.624817249390088536e-01
7.770000000201763442e+02 1.454267661702935532e+00
7.775000000202084038e+02 1.338181443080363797e+00
7.780000000202403498e+02 1.205560528622349636e+00
7.785000000202724095e+02 1.275681543031151222e+00
7.790000000203044692e+02 1.797996285891008128e+00
7.795000000203365289e+02 1.326101112669157089e+00
7.800000000203685886e+02 1.210042787396732988e+00
7.805000000204005346e+02 1.236912600561916653e+00
7.810000000204325943e+02 1.590082839223651234e+00
7.815000000204646540e+02 1.365570854580848259e+00
7.820000000204967137e+02 1.450076958553029538e+00
7.825000000205286597e+02 1.694670006813751462e+00
7.830000000205607193e+02 1.215232226576252961e+00
7.835000000205927790e+02 1.369272275755178292e+00
7.840000000206248387e+02 1.242766681218336444e+00
7.845000000206567847e+02 1.780910585555386838e+00
7.850000000206888444e+02 1.005883320010476423e+00
7.855000000207209041e+02 1.229840469667138114e+00
7.860000000207529638e+02 1.574772341477651771e+00
7.865000000207849098e+02 1.488676761528355375e+00
7.870000000208169695e+02 1.202384848354825175e+00
7.875000000208490292e+02 1.414026252542430750e+00
7.880000000208810889e+02 1.550666055543889810e+00
7.885000000209131485e+02 1.279227691264238853e+00
7.890000000209450945e+02 1.663571048441778277e+00
7.895000000209771542e+02 1.456332258595291584e+00
7.900000000210092139e+02 1.341170811055940160e+00
7.905000000210412736e+02 1.086073751388477060e+00
7.910000000210732196e+02 1.586410368115589442e+00
7.915000000211052793e+02 1.234678997404389467e+00
7.920000000211373390e+02 1.328862529627604205e+00
7.925000000211693987e+02 1.512029198945702868e+00
7.930000000212013447e+02 1.331868636439841769e+00
7.935000000212334044e+02 1.299678150725395831e+00
7.940000000212654641e+02 1.082693368328337957e+00
7.945000000212975237e+02 1.530144504884761947e+00
7.950000000213294697e+02 1.370968259511910148e+00
7.955000000213615294e+02 1.173346538945762907e+00
7.960000000213935891e+02 1.537515245835620270e+00
7.965000000214256488e+02 1.633986347792360849e+00
7.970000000214577085e+02 1.403834541946419989e+00
7.975000000214896545e+02 1.188211473830333320e+00
7.980000000215217142e+02 1.261776551488205333e+00
7.985000000215537739e+02 1.124302284120854090e+00
7.990000000215858336e+02 1.203909896957907844e+00
7.995000000216177796e+02 1.346072810959185295e+00
8.000000000216498393e+02 1.278149815882734464e+00
8.005000000216818989e+02 1.510595238042570232e+00
8.010000000217139586e+02 1.373677162352836989e+00
8.015000000217459046e+02 1.147134259238300924e+00
8.020000000217779643e+02 1.576096104070791259e+00
8.025000000218100240e+02 1.668286209539608489e+00
8.030000000218420837e+02 1.432617078149925671e+00
8.035000000218740297e+02 1.534403437127823455e+00
8.040000000219060894e+02 1.366994938802447601e+00
8.045000000219381491e+02 1.242017382588359808e+00
8.050000000219702088e+02 1.355779464278422441e+00
8.055000000220021548e+02 1.248332913859565130e+00
8.060000000220342145e+02 1.267764323319299891e+00
8.065000000220662741e+02 1.667277012480623766e+00
8.070000000220983338e+02 1.162858521203817830e+00
8.075000000221303935e+02 1.512230444858933431e+00
8.080000000221623395e+02 1.468455815877011128e+00
8.085000000221943992e+02 1.160188668040261550e+00
8.090000000222264589e+02 1.741434303094117286e+00
8.095000000222585186e+02 1.440656163065445083e+00
8.100000000222904646e+02 1.102668507685269361e+00
8.105000000223225243e+02 1.453755853731289793e+00
8.110000000223545840e+02 1.418584081003845476e+00
8.115000000223866436e+02 1.147809103291173916e+00
8.120000000224185897e+02 1.544522565914211665e+00
8.125000000224506493e+02 1.294719958761163303e+00
8.130000000224827090e+02 1.429215963582689763e+00
8.135000000225147687e+02 1.309430538372120090e+00
8.140000000225467147e+02 1.701978297327327860e+00
8.145000000225787744e+02 1.224287512296594826e+00
8.150000000226108341e+02 1.420361342974175489e+00
8.155000000226428938e+02 1.295185545983533526e+00
8.160000000226749535e+02 1.348635630410730979e+00
8.165000000227068995e+02 1.433577413214162766e+00
8.170000000227389592e+02 9.363708539114370399e-01
8.175000000227710188e+02 1.344895022982612431e+00
8.180000000228030785e+02 1.562268809642261003e+00
8.185000000228350245e+02 1.433560268448319519e+00
8.190000000228670842e+02 1.299464715725247688e+00
8.195000000228991439e+02 1.727830662736245193e+00
8.200000000229312036e+02 1.389835223324144442e+00
8.205000000229631496e+02 1.303128154514621828e+00
8.210000000229952093e+02 1.327579434777170997e+00
8.215000000230272690e+02 9.203794543008460005e-01
8.220000000230593287e+02 1.465844634521109802e+00
8.225000000230912747e+02 1.085739935503071463e+00
8.230000000231233344e+02 1.208156514236543799e+00
8.235000000231553940e+02 1.465868441052346371e+00
8.240000000231874537e+02 1.394228919387153320e+00
8.245000000232195134e+02 1.495702439268431494e+00
8.250000000232514594e+02 1.284667721250966954e+00
8.255000000232835191e+02 1.168661753608982501e+00
8.260000000233155788e+02 1.408519837787520990e+00
8.265000000233476385e+02 1.203445319972533456e+00
8.270000000233795845e+02 1.242224287470214295e+00
8.275000000234116442e+02 1.558897516168334940e+00
8.280000000234437039e+02 1.215227650178387853e+00
8.285000000234757636e+02 1.140791101336933178e+00
8.290000000235077096e+02 1.679098080988199682e+00
8.295000000235397692e+02 1.588332202471818055e+00
8.300000000235718289e+02 1.014340853859691860e+00
8.305000000236038886e+02 1.465672679507034282e+00
8.310000000236358346e+02 1.528636926436474530e+00
8.315000000236678943e+02 9.981055672192694628e-01
8.320000000236999540e+02 1.566301123500000170e+00
8.325000000237320137e+02 1.512249369858309045e+00
8.330000000237640734e+02 1.209867545837752578e+00
8.335000000237960194e+02 1.232438622997765965e+00
8.340000000238280791e+02 1.411224181427836788e+00
8.345000000238601388e+02 1.417436829853199631e+00
8.350000000238921984e+02 1.260446066225120898e+00
8.355000000239241444e+02 1.277340180544399573e+00
8.360000000239562041e+02 1.438548792753695071e+00
8.365000000239882638e+02 1.275164816553379321e+00
8.370000000240203235e+02 1.312359736802789278e+00
8.375000000240522695e+02 1.233342047783731132e+00
8.380000000240843292e+02 1.371161843023020355e+00
8.385000000241163889e+02 1.203147071924971057e+00
8.390000000241484486e+02 1.325168441053372614e+00
8.395000000241803946e+02 1.313462843523688139e+00
8.400000000242124543e+02 1.434894785322715638e+00
8.405000000242445140e+02 1.306730436389074601e+00
8.410000000242765736e+02 1.429538797894699398e+00
8.415000000243086333e+02 1.140812338093240674e+00
8.420000000243405793e+02 1.467549184427400677e+00
8.425000000243726390e+02 1.251615897174467751e+00
8.430000000244046987e+02 1.219191668367135994e+00
8.435000000244367584e+02 1.540218886730709169e+00
8.440000000244687044e+02 1.278173881187514960e+00
8.445000000245007641e+02 1.680552512129950271e+00
8.450000000245328238e+02 1.395449003637292629e+00
8.455000000245648835e+02 1.107675462875116423e+00
8.460000000245968295e+02 1.198273736114403798e+00
8.465000000246288892e+02 1.264620979355120411e+00
8.470000000246609488e+02 1.647755104549958327e+00
8.475000000246930085e+02 1.615251957233370117e+00
8.480000000247249545e+02 1.542327660892687691e+00
8.485000000247570142e+02 1.592955443509241009e+00
8.490000000247890739e+02 1.207697173948962810e+00
8.495000000248211336e+02 1.187255136249355525e+00
8.500000000248530796e+02 1.395881040955159635e+00
8.505000000248851393e+02 1.285532725871264548e+00
8.510000000249171990e+02 1.172182567297165301e+00
8.515000000249492587e+02 1.567132553068563361e+00
8.520000000249813183e+02 1.516351339364088391e+00
8.525000000250132643e+02 1.223583417428771858e+00
8.530000000250453240e+02 1.183378765446715386e+00
8.535000000250773837e+02 1.046526699176644426e+00
8.540000000251094434e+02 1.355505061694241897e+00
8.545000000251413894e+02 1.381058841721131580e+00
8.550000000251734491e+02 1.242509193313414695e+00
8.555000000252055088e+02 1.554826705161370226e+00
8.560000000252375685e+02 9.915740588686687840e-01
8.565000000252695145e+02 1.379266368823035771e+00
8.570000000253015742e+02 1.695751211331135710e+00
8.575000000253336339e+02 1.142982945835999686e+00
8.580000000253656935e+02 1.628523072566322005e+00
8.585000000253976395e+02 1.101624004922952205e+00
8.590000000254296992e+02 1.387776303282413304e+00
8.595000000254617589e+02 1.685676115031689237e+00
8.600000000254938186e+02 1.098496643155864261e+00
8.605000000255258783e+02 1.254715620466043680e+00
8.610000000255578243e+02 1.758662123419258094e+00
8.615000000255898840e+02 1.417659792971467603e+00
8.620000000256219437e+02 1.399663336488528476e+00
8.625000000256540034e+02 1.344988912268199055e+00
8.630000000256859494e+02 1.446658056113262925e+00
8.635000000257180091e+02 1.615507676588803454e+00
8.640000000257500687e+02 1.342418271542245467e+00
8.645000000257821284e+02 1.366842960103606508e+00
8.650000000258140744e+02 1.138677329905063651e+00
8.655000000258461341e+02 1.349879016109255092e+00
8.660000000258781938e+02 1.498848000455244023e+00
8.665000000259102535e+02 1.441917189780459463e+00
8.670000000259421995e+02 1.217606467571459739e+00
8.675000000259742592e+02 1.640860752495827191e+00
8.680000000260063189e+02 1.140371832885094250e+00
8.685000000260383786e+02 1.517555285993600123e+00
8.690000000260704383e+02 1.380091705633105015e+00
8.695000000261023843e+02 8.961179580646478904e-01
8.700000000261344439e+02 1.597451592365831230e+00
8.705000000261665036e+02 1.168611400666898170e+00
8.710000000261985633e+02 1.273646375838460409e+00
8.715000000262305093e+02 1.247440942303016831e+00
8.720000000262625690e+02 1.153895916118691023e+00
8.725000000262946287e+02 1.286509916515918395e+00
8.730000000263266884e+02 1.418507361014890389e+00
8.735000000263586344e+02 1.119358140560255510e+00
8.740000000263906941e+02 1.556785785538461697e+00
8.745000000264227538e+02 1.500479202879994478e+00
8.750000000264548135e+02 1.194473254405680640e+00
8.755000000264867595e+02 1.446602119759256455e+00
8.760000000265188191e+02 1.376127719881797384e+00
8.765000000265508788e+02 1.228133474921828894e+00
8.770000000265829385e+02 1.404961936085616481e+00
8.775000000266149982e+02 1.377467550164757082e+00
8.780000000266469442e+02 1.417660309166024479e+00
8.785000000266790039e+02 1.496896791497787316e+00
8.790000000267110636e+02 1.234716969178950130e+00
8.795000000267431233e+02 1.482052876147797127e+00
8.800000000267750693e+02 1.471681213493652773e+00
8.805000000268071290e+02 1.314464171018401739e+00
8.810000000268391886e+02 1.124492476961213017e+00
8.815000000268712483e+02 1.636902325294611549e+00
8.820000000269031943e+02 1.427490489107642091e+00
8.825000000269352540e+02 1.209917687331196756e+00
8.830000000269673137e+02 1.796513674804670835e+00
8.835000000269993734e+02 1.412565368810145161e+00
8.840000000270313194e+02 1.258940049893620294e+00
8.845000000270633791e+02 1.075976568953448620e+00
8.850000000270954388e+02 1.518677985225865612e+00
8.855000000271274985e+02 1.302350533752046235e+00
8.860000000271595582e+02 1.363033092667424340e+00
8.865000000271915042e+02 1.497078316410826782e+00
8.870000000272235638e+02 1.101978769070724784e+00
8.875000000272556235e+02 1.330093535800436877e+00
8.880000000272876832e+02 1.387868841145991183e+00
8.885000000273196292e+02 1.635800026574780963e+00
8.890000000273516889e+02 1.337503987247614212e+00
8.895000000273837486e+02 1.298137834376382305e+00
8.900000000274158083e+02 1.222848500872442568e+00
8.905000000274477543e+02 1.100122211629096958e+00
8.910000000274798140e+02 1.339083190500826248e+00
8.915000000275118737e+02 1.386948990851285979e+00
8.920000000275439334e+02 1.560575218625830152e+00
8.925000000275758794e+02 1.408910341112499243e+00
8.930000000276079390e+02 1.389327435116334275e+00
8.935000000276399987e+02 1.214018216383044635e+00
8.940000000276720584e+02 1.007728880966290319e+00
8.945000000277040044e+02 1.183439250818160149e+00
8.950000000277360641e+02 1.434730713079343190e+00
8.955000000277681238e+02 1.260156094464725651e+00
8.960000000278001835e+02 1.272811474760414674e+00
8.965000000278322432e+02 1.710225392081581308e+00
8.970000000278641892e+02 1.066628739736340536e+00
8.975000000278962489e+02 9.858017443504336619e-01
8.980000000279283086e+02 1.345963580765586753e+00
8.985000000279603682e+02 1.161420852455061326e+00
8.990000000279923142e+02 1.339262538998212682e+00
8.995000000280243739e+02 1.186457399893067421e+00
9.000000000280564336e+02 1.186588345046084125e+00
9.005000000280884933e+02 1.630819770081317399e+00
9.010000000281204393e+02 1.395935845866505209e+00
9.015000000281524990e+02 9.951273814161559761e-01
9.020000000281845587e+02 1.275419501509831521e+00
9.025000000282166184e+02 1.321122068273881345e+00
9.030000000282485644e+02 1.432088936135609059e+00
9.035000000282806241e+02 1.593539240122322065e+00
9.040000000283126838e+02 1.462435082117483853e+00
9.045000000283447434e+02 1.421766089571619096e+00
9.050000000283768031e+02 1.382877587570567224e+00
9.055000000284087491e+02 1.083877183571549718e+00
9.060000000284408088e+02 1.427422800201519459e+00
9.065000000284728685e+02 1.274615054642819434e+00
9.070000000285049282e+02 1.765377692394522358e+00
9.075000000285368742e+02 1.351563807818214391e+00
9.080000000285689339e+02 9.446905102707491286e-01
9.085000000286009936e+02 1.396989785744126245e+00
9.090000000286330533e+02 1.391654042088640075e+00
9.095000000286649993e+02 1.150785540352144087e+00
9.100000000286970590e+02 1.391282745292990120e+00
9.105000000287291186e+02 1.258689598412541910e+00
9.110000000287611783e+02 1.368831297441831962e+00
9.115000000287931243e+02 1.152773417886390428e+00
9.120000000288251840e+02 1.272098861226494959e+00
9.125000000288572437e+02 1.667003356595344599e+00
9.130000000288893034e+02 1.441737561660305422e+00
9.135000000289213631e+02 1.246760354093040757e+00
9.140000000289533091e+02 1.302830065679784877e+00
9.145000000289853688e+02 1.387262214093243795e+00
9.150000000290174285e+02 9.318191744935293563e-01
9.155000000290494881e+02 1.033043707236533271e+00
9.160000000290814341e+02 1.531970096398367120e+00
9.165000000291134938e+02 1.431555623218894402e+00
9.170000000291455535e+02 9.422945793452426333e-01
9.175000000291776132e+02 1.465498885247759508e+00
9.180000000292095592e+02 1.768603260918638620e+00
9.185000000292416189e+02 1.277536659932347662e+00
9.190000000292736786e+02 1.439055396846028234e+00
9.195000000293057383e+02 1.283109594680186039e+00
9.200000000293376843e+02 1.169624429405162092e+00
9.205000000293697440e+02 1.444507991001275693e+00
9.210000000294018037e+02 1.242181530890369201e+00
9.215000000294338633e+02 1.127073083368855588e+00
9.220000000294659230e+02 1.182950364481802463e+00
9.225000000294978690e+02 1.533536451842887782e+00
9.230000000295299287e+02 1.226875767023947406e+00
9.235000000295619884e+02 1.108532065410982259e+00
9.240000000295940481e+02 1.261324322718704538e+00
9.245000000296259941e+02 1.156517785053968739e+00
9.250000000296580538e+02 1.479818569820394725e+00
9.255000000296901135e+02 1.296748929694854890e+00
9.260000000297221732e+02 1.138299533617445070e+00
9.265000000297541192e+02 1.336035508758929291e+00
9.270000000297861789e+02 1.164642117177303815e+00
9.275000000298182385e+02 1.569639841429625093e+00
9.280000000298502982e+02 1.536975687238317345e+00
9.285000000298822442e+02 1.198695334108837995e+00
9.290000000299143039e+02 1.457077733411005438e+00
9.295000000299463636e+02 1.241443070612140431e+00
9.300000000299784233e+02 1.141644906557398365e+00
9.305000000300104830e+02 1.727132329655179044e+00
9.310000000300424290e+02 1.346925092469025032e+00
9.315000000300744887e+02 1.540798494894516812e+00
9.320000000301065484e+02 1.698284501742428620e+00
9.325000000301386081e+02 1.568378917450900856e+00
9.330000000301705541e+02 1.383106133559409257e+00
9.335000000302026137e+02 1.293201943635389206e+00
9.340000000302346734e+02 1.429597743826030776e+00
9.345000000302667331e+02 1.462117530754060590e+00
9.350000000302986791e+02 1.232927845624270047e+00
9.355000000303307388e+02 1.338716976560590854e+00
9.360000000303627985e+02 1.314848741884461880e+00
9.365000000303948582e+02 1.456834507103788257e+00
9.370000000304268042e+02 1.568230076881008905e+00
9.375000000304588639e+02 1.456409032455188379e+00
9.380000000304909236e+02 1.348766927399102089e+00
9.385000000305229833e+02 1.185685778275503255e+00
9.390000000305549293e+02 1.353481624717175036e+00
9.395000000305869889e+02 1.502085730273021946e+00
9.400000000306190486e+02 1.835436766132050979e+00
9.405000000306511083e+02 1.522695690454580975e+00
9.410000000306831680e+02 1.287657738622615788e+00
9.415000000307151140e+02 1.257406885684535069e+00
9.420000000307471737e+02 1.439910152925148790e+00
9.425000000307792334e+02 1.050478518370334013e+00
9.430000000308112931e+02 1.316061608071025013e+00
9.435000000308432391e+02 1.393866706815097833e+00
9.440000000308752988e+02 1.598542644018787318e+00
9.445000000309073585e+02 1.314566854494589432e+00
9.450000000309394181e+02 1.471543482020994498e+00
9.455000000309713641e+02 1.346748350069667532e+00
9.460000000310034238e+02 1.487508640563622420e+00
9.465000000310354835e+02 1.146087136452860200e+00
9.470000000310675432e+02 1.297827510303762422e+00
9.475000000310994892e+02 1.470930832782713082e+00
9.480000000311315489e+02 1.543470996778818716e+00
9.485000000311636086e+02 1.562293885378915670e+00
9.490000000311956683e+02 1.233755041904592620e+00
9.495000000312277280e+02 1.554095754935864715e+00
9.500000000312596740e+02 1.327752312720353878e+00
9.505000000312917336e+02 1.199929673725877111e+00
9.510000000313237933e+02 1.402651544729160538e+00
9.515000000313558530e+02 1.414484391905349137e+00
9.520000000313877990e+02 1.151762554450366238e+00
9.525000000314198587e+02 1.342366240360809204e+00
9.530000000314519184e+02 1.319943065064928422e+00
9.535000000314839781e+02 1.386250068286760895e+00
9.540000000315159241e+02 1.438937018938429402e+00
9.545000000315479838e+02 1.090856367306802133e+00
9.550000000315800435e+02 1.455455168703191804e+00
9.555000000316121032e+02 1.629324917146897089e+00
9.560000000316440492e+02 1.339929168250615366e+00
9.565000000316761088e+02 1.260151575988387673e+00
9.570000000317081685e+02 1.432950103744205617e+00
9.575000000317402282e+02 1.467533877521135510e+00
9.580000000317722879e+02 1.632669319608178293e+00
9.585000000318042339e+02 1.121511719453632816e+00
9.590000000318362936e+02 1.300985391800699276e+00
9.595000000318683533e+02 1.326151539907839405e+00
9.600000000319004130e+02 1.458539590219222859e+00
9.605000000319323590e+02 1.312024480213013211e+00
9.610000000319644187e+02 1.388022534740368297e+00
9.615000000319964784e+02 1.373104998519537823e+00
9.620000000320285380e+02 1.635228722385805522e+00
9.625000000320604840e+02 1.189496345627880425e+00
9.630000000320925437e+02 1.578809046860165877e+00
9.635000000321246034e+02 1.501227502049436335e+00
9.640000000321566631e+02 1.356247733490033802e+00
9.645000000321886091e+02 1.695349583326544618e+00
9.650000000322206688e+02 1.756488614744694754e+00
9.655000000322527285e+02 1.119815823101716123e+00
9.660000000322847882e+02 1.451967467232883058e+00
9.665000000323168479e+02 1.181583150776379432e+00
9.670000000323487939e+02 1.190694423421552628e+00
9.675000000323808536e+02 1.480449050084081675e+00
9.680000000324129132e+02 1.396875207441429456e+00
9.685000000324449729e+02 1.181037652696222962e+00
9.690000000324769189e+02 1.994569681506439540e+00
9.695000000325089786e+02 1.344534567634592781e+00
9.700000000325410383e+02 1.382648785030959893e+00
9.705000000325730980e+02 1.618821532632392479e+00
9.710000000326050440e+02 1.383872883064587223e+00
9.715000000326371037e+02 1.007029812870354535e+00
9.720000000326691634e+02 1.525349703946102142e+00
9.725000000327012231e+02 1.258696886416578176e+00
9.730000000327331691e+02 1.184089872765908380e+00
9.735000000327652288e+02 1.374720489713468385e+00
9.740000000327972884e+02 1.472591220896695363e+00
9.745000000328293481e+02 1.231002889477411211e+00
9.750000000328614078e+02 1.465371893289547867e+00
9.755000000328933538e+02 1.164314047857657908e+00
9.760000000329254135e+02 1.641002450931833057e+00
9.765000000329574732e+02 1.576012053590175155e+00
9.770000000329895329e+02 1.168184015808801712e+00
9.775000000330214789e+02 1.451076646626044075e+00
9.780000000330535386e+02 1.119264563600963935e+00
9.785000000330855983e+02 1.505954647680271652e+00
9.790000000331176579e+02 1.410459989640213907e+00
9.795000000331496040e+02 1.166094972177553091e+00
9.800000000331816636e+02 1.480685585529380122e+00
9.805000000332137233e+02 1.465568935517950866e+00
9.810000000332457830e+02 1.341001162516216594e+00
9.815000000332777290e+02 1.559906950406265036e+00
9.820000000333097887e+02 1.039380752387440321e+00
9.825000000333418484e+02 1.534619326757281410e+00
9.830000000333739081e+02 1.449711791315781095e+00
9.835000000334058541e+02 1.692303550902185760e+00
9.840000000334379138e+02 1.218232591806125864e+00
9.845000000334699735e+02 1.541666882286535367e+00
9.850000000335020331e+02 1.433682275145711005e+00
9.855000000335340928e+02 1.269702265127712115e+00
9.860000000335660388e+02 1.206898472974908154e+00
9.865000000335980985e+02 1.692288896716326763e+00
9.870000000336301582e+02 1.108964476967096102e+00
9.875000000336622179e+02 1.520394517667077672e+00
9.880000000336941639e+02 1.484516327546130388e+00
9.885000000337262236e+02 1.286979998810931392e+00
9.890000000337582833e+02 1.273571638179863408e+00
9.895000000337903430e+02 1.148699152647656874e+00
9.900000000338222890e+02 1.672899907647311668e+00
9.905000000338543487e+02 1.103935423332595089e+00
9.910000000338864083e+02 1.326112557656372148e+00
9.915000000339184680e+02 1.108854085121388389e+00
9.920000000339504140e+02 1.275415935372576692e+00
9.925000000339824737e+02 1.296088402507406867e+00
9.930000000340145334e+02 1.511210036026415349e+00
9.935000000340465931e+02 1.326301303142734866e+00
9.940000000340786528e+02 1.631973851445235324e+00
9.945000000341105988e+02 1.433071519953877271e+00
9.950000000341426585e+02 1.752538592859991917e+00
9.955000000341747182e+02 1.026895832270442011e+00
9.960000000342067779e+02 9.620042814779016238e-01
9.965000000342387239e+02 1.299332915802876798e+00
9.970000000342707835e+02 1.206997087934907009e+00
9.975000000343028432e+02 1.315084705128956033e+00
9.980000000343349029e+02 1.400867642009775427e+00
9.985000000343668489e+02 1.838967962964741298e+00
9.990000000343989086e+02 1.150250816575606683e+00
9.995000000344309683e+02 1.512614077617378205e+00
1.000000000034463028e+03 1.408997607248517969e+00
