# Time (ps)	CV (angstrom)
9.999999999975766229e+01 2.467850208587568872e+00
1.004999999997559001e+02 2.389291382414700848e+00
1.009999999997541380e+02 2.409273339183456653e+00
1.014999999997533990e+02 2.376158969445009816e+00
1.019999999997629061e+02 2.787189662780392485e+00
1.024999999997724132e+02 2.497195620169312402e+00
1.029999999997819060e+02 2.426432075070826144e+00
1.034999999997914131e+02 2.469335096829682108e+00
1.039999999998009201e+02 2.410038980441977952e+00
1.044999999998104272e+02 2.439856477148428127e+00
1.049999999998199343e+02 2.699129603373962016e+00
1.054999999998294413e+02 2.392918041640911486e+00
1.059999999998389484e+02 2.612676559615182637e+00
1.064999999998484554e+02 2.474768534854245416e+00
1.069999999998579483e+02 2.086373520417072136e+00
1.074999999998674554e+02 2.412452843963309057e+00
1.079999999998769624e+02 2.502662572697959220e+00
1.084999999998864695e+02 2.548620205803030281e+00
1.089999999998959765e+02 2.158929036135344592e+00
1.094999999999054836e+02 2.492167810151252993e+00
1.099999999999149907e+02 2.746652990132048000e+00
1.104999999999244977e+02 2.484691051398342232e+00
1.109999999999339906e+02 2.608549536076852693e+00
1.114999999999434976e+02 2.445940284956118482e+00
1.119999999999530047e+02 2.401528299971123381e+00
1.124999999999625118e+02 2.487041952125589983e+00
1.129999999999720188e+02 2.571542655821481560e+00
1.134999999999815259e+02 2.376214421818058309e+00
1.139999999999910330e+02 2.301469336389107223e+00
1.145000000000005400e+02 2.345104014969533690e+00
1.150000000000100329e+02 2.703342824443927928e+00
1.155000000000195399e+02 2.066401742576832845e+00
1.160000000000290470e+02 2.302625696492812235e+00
1.165000000000385540e+02 2.497036127188767107e+00
1.170000000000480611e+02 2.559510290880716354e+00
1.175000000000575682e+02 2.278361033136171443e+00
1.180000000000670752e+02 2.634159779587810224e+00
1.185000000000765823e+02 2.610481905879380449e+00
1.190000000000860751e+02 2.464568741578920807e+00
1.195000000000955822e+02 2.528608935565462623e+00
1.200000000001050893e+02 2.503428261412045330e+00
1.205000000001145963e+02 2.709084781701624145e+00
1.210000000001241034e+02 2.598928353438294536e+00
1.215000000001336105e+02 2.235703672323962277e+00
1.220000000001431175e+02 2.375026517068114629e+00
1.225000000001526246e+02 2.398546773184765613e+00
1.230000000001621174e+02 2.515009418801275931e+00
1.235000000001716245e+02 2.660013172652737623e+00
1.240000000001811316e+02 2.468608021991980372e+00
1.245000000001906386e+02 2.467098956650140007e+00
1.250000000002001457e+02 2.760518062494451197e+00
1.255000000002096527e+02 2.208615875566418030e+00
1.260000000002191598e+02 2.487013546673720210e+00
1.265000000002286527e+02 2.555626098595848550e+00
1.270000000002381597e+02 2.614285842922674075e+00
1.275000000002476668e+02 2.600904877097198753e+00
1.280000000002571880e+02 2.453929074804127808e+00
1.285000000002666809e+02 2.622754779445457984e+00
1.290000000002761738e+02 2.616936441147921233e+00
1.295000000002856950e+02 2.589664924778567467e+00
1.300000000002951879e+02 2.370798556970087567e+00
1.305000000003047091e+02 2.351250247243579228e+00
1.310000000003142020e+02 2.642270092293786732e+00
1.315000000003237233e+02 2.602786140253163349e+00
1.320000000003332161e+02 2.491999512156649832e+00
1.325000000003427090e+02 2.689156730810194684e+00
1.330000000003522302e+02 2.614474513302441405e+00
1.335000000003617231e+02 2.304280846759808821e+00
1.340000000003712444e+02 2.187079581697137787e+00
1.345000000003807372e+02 2.361980583711087878e+00
1.350000000003902585e+02 2.503667821868158949e+00
1.355000000003997513e+02 2.646383433260775853e+00
1.360000000004092726e+02 2.419928939589540029e+00
1.365000000004187655e+02 2.379322921862029094e+00
1.370000000004282583e+02 2.206735950883617736e+00
1.375000000004377796e+02 2.489446318687810855e+00
1.380000000004472724e+02 2.447817775480283675e+00
1.385000000004567937e+02 2.375605159183385773e+00
1.390000000004662866e+02 2.313612080567718277e+00
1.395000000004758078e+02 2.505599657613037490e+00
1.400000000004853007e+02 2.511125679612435935e+00
1.405000000004947935e+02 2.738832242050856625e+00
1.410000000005043148e+02 2.723509467074636703e+00
1.415000000005138077e+02 2.266412303744882450e+00
1.420000000005233289e+02 2.462675844140111980e+00
1.425000000005328218e+02 2.448863624618991874e+00
1.430000000005423431e+02 2.454799441734135446e+00
1.435000000005518359e+02 2.706900881589714647e+00
1.440000000005613572e+02 2.468637136297679557e+00
1.445000000005708500e+02 2.233798800578863375e+00
1.450000000005803429e+02 2.615153829193882729e+00
1.455000000005898642e+02 2.459377024683418345e+00
1.460000000005993570e+02 2.356190860332152415e+00
1.465000000006088783e+02 2.220143491198588670e+00
1.470000000006183711e+02 2.318301180486587398e+00
1.475000000006278924e+02 2.352756291831229696e+00
1.480000000006373853e+02 2.884354660067523834e+00
1.485000000006468781e+02 2.570922596864565701e+00
1.490000000006563994e+02 2.595948003203869536e+00
1.495000000006658922e+02 2.483755629167395451e+00
1.500000000006754135e+02 2.439310579082840214e+00
1.505000000006849064e+02 2.431941341650659449e+00
1.510000000006944276e+02 2.306773503359512034e+00
1.515000000007039205e+02 2.292591961128815470e+00
1.520000000007134133e+02 2.312395478287897710e+00
1.525000000007229346e+02 2.896520341082699623e+00
1.530000000007324275e+02 2.633834828347694668e+00
1.535000000007419487e+02 2.000415459139984975e+00
1.540000000007514416e+02 2.508086957269700878e+00
1.545000000007609628e+02 2.716244477556891024e+00
1.550000000007704557e+02 2.574647543539690275e+00
1.555000000007799770e+02 2.699177175834925002e+00
1.560000000007894698e+02 2.590423485767836098e+00
1.565000000007989627e+02 2.614436226749178527e+00
1.570000000008084839e+02 2.680236962010464907e+00
1.575000000008179768e+02 2.643694587215002834e+00
1.580000000008274981e+02 2.508058894381077319e+00
1.585000000008369909e+02 2.427758095650242254e+00
1.590000000008465122e+02 2.314987991155115665e+00
1.595000000008560050e+02 2.574182660025515101e+00
1.600000000008654979e+02 2.538219407037774822e+00
1.605000000008750192e+02 2.238237705206084449e+00
1.610000000008845120e+02 2.337351819880484793e+00
1.615000000008940333e+02 2.675148486431734529e+00
1.620000000009035261e+02 2.614199333139965553e+00
1.625000000009130474e+02 2.537790220135057506e+00
1.630000000009225403e+02 2.414583611190986190e+00
1.635000000009320615e+02 2.265319210604141098e+00
1.640000000009415544e+02 2.515848357488487341e+00
1.645000000009510472e+02 2.307922007529669362e+00
1.650000000009605685e+02 2.708722582734258033e+00
1.655000000009700614e+02 2.798590814009372707e+00
1.660000000009795826e+02 2.667941406786440872e+00
1.665000000009890755e+02 2.591493953993213140e+00
1.670000000009985968e+02 2.520177585033525958e+00
1.675000000010080896e+02 2.124382219717021680e+00
1.680000000010175825e+02 2.586327144057756211e+00
1.685000000010271037e+02 2.362402500111047576e+00
1.690000000010365966e+02 2.395912880383255228e+00
1.695000000010461179e+02 2.682842184489099502e+00
1.700000000010556107e+02 2.527548313022408344e+00
1.705000000010651320e+02 2.550551513358273237e+00
1.710000000010746248e+02 2.584250240935806353e+00
1.715000000010841177e+02 2.411763862172592088e+00
1.720000000010936390e+02 2.604618440719747241e+00
1.725000000011031318e+02 2.400676519011277765e+00
1.730000000011126531e+02 2.184967605881250829e+00
1.735000000011221459e+02 2.622608961121410953e+00
1.740000000011316672e+02 2.426085247962696645e+00
1.745000000011411601e+02 2.697703083633456789e+00
1.750000000011506813e+02 2.511773476277195716e+00
1.755000000011601742e+02 2.521735480722156364e+00
1.760000000011696670e+02 2.620855094194323165e+00
1.765000000011791883e+02 2.508529149826740134e+00
1.770000000011886812e+02 2.602147238137135776e+00
1.775000000011982024e+02 2.910755895039999874e+00
1.780000000012076953e+02 2.254124612188318277e+00
1.785000000012172165e+02 2.348555004504652821e+00
1.790000000012267094e+02 2.413960434450480808e+00
1.795000000012362023e+02 2.452780146389468285e+00
1.800000000012457235e+02 2.597763903674604080e+00
1.805000000012552164e+02 2.527344212177338179e+00
1.810000000012647376e+02 2.358537858971616608e+00
1.815000000012742305e+02 2.394956588847215517e+00
1.820000000012837518e+02 2.622308610725538447e+00
1.825000000012932446e+02 2.514398091922672940e+00
1.830000000013027659e+02 2.237551671228196426e+00
1.835000000013122587e+02 2.423546609384129358e+00
1.840000000013217516e+02 2.154194344651227055e+00
1.845000000013312729e+02 2.720994149085819824e+00
1.850000000013407657e+02 2.592785900156696410e+00
1.855000000013502870e+02 2.364489320182014076e+00
1.860000000013597798e+02 2.430340472646764116e+00
1.865000000013693011e+02 2.691076238978972857e+00
1.870000000013787940e+02 2.514783051135517145e+00
1.875000000013882868e+02 2.656060623572948920e+00
1.880000000013978081e+02 2.207048234579437107e+00
1.885000000014073009e+02 2.403876765023102546e+00
1.890000000014168222e+02 2.588284479309803654e+00
1.895000000014263151e+02 2.406194337746315526e+00
1.900000000014358363e+02 2.352035558003408688e+00
1.905000000014453292e+02 2.446246270163683345e+00
1.910000000014548220e+02 2.387857407359098350e+00
1.915000000014643433e+02 2.598478690159202742e+00
1.920000000014738362e+02 2.283627067600896510e+00
1.925000000014833574e+02 2.383593921867169563e+00
1.930000000014928503e+02 2.218780396953369927e+00
1.935000000015023716e+02 2.454225679449502984e+00
1.940000000015118644e+02 2.337957083597994146e+00
1.945000000015213857e+02 2.245283424038782893e+00
1.950000000015308785e+02 2.637703349463971225e+00
1.955000000015403714e+02 2.581549847561769528e+00
1.960000000015498927e+02 2.361701545706262895e+00
1.965000000015593855e+02 2.349144396960817449e+00
1.970000000015689068e+02 2.574546354271127324e+00
1.975000000015783996e+02 2.428772339016834980e+00
1.980000000015879209e+02 2.717809550293881049e+00
1.985000000015974138e+02 2.458448448640173645e+00
1.990000000016069066e+02 2.395803867515150287e+00
1.995000000016164279e+02 2.439521172182490982e+00
2.000000000016259207e+02 2.700894886625865521e+00
2.005000000016354420e+02 2.196664249159805848e+00
2.010000000016449349e+02 2.408679211825279776e+00
2.015000000016544561e+02 2.654365409189441749e+00
2.020000000016639490e+02 2.269329461536468973e+00
2.025000000016734703e+02 2.542099637762850417e+00
2.030000000016789556e+02 2.470935128851157181e+00
2.035000000016659385e+02 2.770046820993163905e+00
2.040000000016529214e+02 2.644071626652543028e+00
2.045000000016398758e+02 2.533490875101545914e+00
2.050000000016268586e+02 2.249180724009304022e+00
2.055000000016138415e+02 2.446094244999222234e+00
2.060000000016008244e+02 2.587520608457575033e+00
2.065000000015878072e+02 2.540363576873906570e+00
2.070000000015747617e+02 2.583222839367116830e+00
2.075000000015617445e+02 2.541519316847304033e+00
2.080000000015487274e+02 2.628230500779145107e+00
2.085000000015357102e+02 2.692163782535723637e+00
2.090000000015226931e+02 2.423563687044775428e+00
2.095000000015096475e+02 2.651795076502824422e+00
2.100000000014966304e+02 2.560121442640875600e+00
2.105000000014836132e+02 2.286864333036279451e+00
2.110000000014705961e+02 2.433669210598879751e+00
2.115000000014575789e+02 2.666288446715538107e+00
2.120000000014445618e+02 2.263381732704179417e+00
2.125000000014315162e+02 2.348425073592383949e+00
2.130000000014184991e+02 2.423539576929307326e+00
2.135000000014054820e+02 2.457207945369317414e+00
2.140000000013924648e+02 2.578705744913618592e+00
2.145000000013794477e+02 2.583236020503820285e+00
2.150000000013664021e+02 2.548122938645319469e+00
2.155000000013533850e+02 2.384904771746151120e+00
2.160000000013403678e+02 2.493657284195351931e+00
2.165000000013273507e+02 2.665812215786292683e+00
2.170000000013143335e+02 2.746371559852987421e+00
2.175000000013013164e+02 2.701718673032000861e+00
2.180000000012882708e+02 2.399358692936661264e+00
2.185000000012752537e+02 2.309316781153542220e+00
2.190000000012622365e+02 2.528983433765406019e+00
2.195000000012492194e+02 2.399160854770144624e+00
2.200000000012362023e+02 2.510372770548112697e+00
2.205000000012231567e+02 2.389921085889571639e+00
2.210000000012101395e+02 2.267975014826146385e+00
2.215000000011971224e+02 2.560892522324498710e+00
2.220000000011841053e+02 2.730925187872040638e+00
2.225000000011710881e+02 2.581629448481600253e+00
2.230000000011580710e+02 2.741742987638029927e+00
2.235000000011450254e+02 2.336944325998727479e+00
2.240000000011320083e+02 2.661754252049262970e+00
2.245000000011189911e+02 2.471914402953705903e+00
2.250000000011059740e+02 2.625494145596054985e+00
2.255000000010929568e+02 2.715984892085616220e+00
2.260000000010799113e+02 2.299517722063919578e+00
2.265000000010668941e+02 2.082840213566230059e+00
2.270000000010538770e+02 2.492766742014886017e+00
2.275000000010408598e+02 2.339724657280958020e+00
2.280000000010278427e+02 2.347153407093278688e+00
2.285000000010148256e+02 2.533800515485442606e+00
2.290000000010017800e+02 2.511006683098843340e+00
2.295000000009887628e+02 2.552184383481643781e+00
2.300000000009757457e+02 2.251792077798184799e+00
2.305000000009627286e+02 2.328603190542505086e+00
2.310000000009497114e+02 2.545933870863759552e+00
2.315000000009366659e+02 2.290999110558751717e+00
2.320000000009236487e+02 2.308093537619294811e+00
2.325000000009106316e+02 2.439188389896707942e+00
2.330000000008976144e+02 2.693380862231426587e+00
2.335000000008845973e+02 2.417333237951513780e+00
2.340000000008715517e+02 2.483837938334792828e+00
2.345000000008585346e+02 2.473848329836306981e+00
2.350000000008455174e+02 2.460370122508026558e+00
2.355000000008325003e+02 2.482142456549859322e+00
2.360000000008194831e+02 2.467446337274115997e+00
2.365000000008064660e+02 2.422477123649457997e+00
2.370000000007934204e+02 2.546827041178246098e+00
2.375000000007804033e+02 2.561953371429631865e+00
2.380000000007673862e+02 2.769380973409458768e+00
2.385000000007543690e+02 2.265058369520895454e+00
2.390000000007413519e+02 2.712898673868765709e+00
2.395000000007283063e+02 2.582792731703781097e+00
2.400000000007152892e+02 2.508857977724410215e+00
2.405000000007022720e+02 2.371428726513999496e+00
2.410000000006892549e+02 2.557624147807007198e+00
2.415000000006762377e+02 2.526723329613077329e+00
2.420000000006632206e+02 2.500463395826101554e+00
2.425000000006501750e+02 2.554012482782555882e+00
2.430000000006371579e+02 2.267775122269505506e+00
2.435000000006241407e+02 2.406112858738860716e+00
2.440000000006111236e+02 2.675587633300171575e+00
2.445000000005981065e+02 2.542168680647575840e+00
2.450000000005850609e+02 2.580813751487812446e+00
2.455000000005720437e+02 2.336664195675110633e+00
2.460000000005590266e+02 2.343914425859058959e+00
2.465000000005460095e+02 2.633066912118526837e+00
2.470000000005329923e+02 2.550699741098067630e+00
2.475000000005199752e+02 2.286689666291768841e+00
2.480000000005069296e+02 2.324980217593970444e+00
2.485000000004939125e+02 2.096401576754071794e+00
2.490000000004808953e+02 2.390377553091387330e+00
2.495000000004678782e+02 2.515461760774578615e+00
2.500000000004548610e+02 2.388660462108370908e+00
2.505000000004418155e+02 2.362434803780847137e+00
2.510000000004287983e+02 2.314473484162737460e+00
2.515000000004157812e+02 2.626984084645936246e+00
2.520000000004027640e+02 2.686111522628031878e+00
2.525000000003897469e+02 2.568278691649425127e+00
2.530000000003767013e+02 2.361953996117718280e+00
2.535000000003636842e+02 2.431228829034751904e+00
2.540000000003506671e+02 2.607913045334974367e+00
2.545000000003376499e+02 2.485465072167756695e+00
2.550000000003246328e+02 2.262172332335325553e+00
2.555000000003116156e+02 2.412572338958764551e+00
2.560000000002985985e+02 2.575910373948465892e+00
2.565000000002855813e+02 2.417045632671470656e+00
2.570000000002725642e+02 2.759048099556454137e+00
2.575000000002594902e+02 2.725585770180843692e+00
2.580000000002464731e+02 2.602352899051535662e+00
2.585000000002334559e+02 2.572048142823118333e+00
2.590000000002204388e+02 2.613030955963112856e+00
2.595000000002074216e+02 2.833493132637852518e+00
2.600000000001944045e+02 2.512112349087831209e+00
2.605000000001813873e+02 2.230038422950882282e+00
2.610000000001683702e+02 2.465473983546717651e+00
2.615000000001553531e+02 2.404939062790999671e+00
2.620000000001423359e+02 2.651612160359848147e+00
2.625000000001292619e+02 2.879411072428954110e+00
2.630000000001162448e+02 2.220007633147471182e+00
2.635000000001032276e+02 2.498581745726277781e+00
2.640000000000902105e+02 2.476987505979570514e+00
2.645000000000771934e+02 2.727750025435095260e+00
2.650000000000641762e+02 2.574752467023046609e+00
2.655000000000511591e+02 2.500449738324877380e+00
2.660000000000381419e+02 2.315107090956579405e+00
2.665000000000251248e+02 2.626439969838752830e+00
2.670000000000121076e+02 2.422522579320939062e+00
2.674999999999990905e+02 2.568187945754722090e+00
2.679999999999860165e+02 2.454738496193946240e+00
2.684999999999729994e+02 2.429218205497072347e+00
2.689999999999599822e+02 2.222910812425683336e+00
2.694999999999469651e+02 2.488109262191997129e+00
2.699999999999339479e+02 2.794699036622099175e+00
2.704999999999209308e+02 2.451246229803276222e+00
2.709999999999079137e+02 2.480316732762576137e+00
2.714999999998948965e+02 2.672304641278171466e+00
2.719999999998818794e+02 2.002124162752287884e+00
2.724999999998688622e+02 2.289086584332646002e+00
2.729999999998558451e+02 2.620621911523940639e+00
2.734999999998427711e+02 2.619646576619379275e+00
2.739999999998297540e+02 2.369215433404974203e+00
2.744999999998167368e+02 2.680097712257438758e+00
2.749999999998037197e+02 2.789615263537890133e+00
2.754999999997907025e+02 2.334742338582201704e+00
2.759999999997776854e+02 2.549507824138237400e+00
2.764999999997646682e+02 2.221577026457163484e+00
2.769999999997516511e+02 2.279203386440525669e+00
2.774999999997386340e+02 2.409130651848149451e+00
2.779999999997256168e+02 2.395570709699510914e+00
2.784999999997125997e+02 2.788551251865447611e+00
2.789999999996995257e+02 2.317292041082886112e+00
2.794999999996865085e+02 2.714491993701459549e+00
2.799999999996734914e+02 2.498994302781440968e+00
2.804999999996604743e+02 2.478121334881247417e+00
2.809999999996474571e+02 2.557941268714501337e+00
2.814999999996344400e+02 2.543760522265764212e+00
2.819999999996214228e+02 2.622816057880427376e+00
2.824999999996084057e+02 2.556276015716181682e+00
2.829999999995953885e+02 2.652644720994175920e+00
2.834999999995823714e+02 2.556852558582429769e+00
2.839999999995693543e+02 2.464535220456502085e+00
2.844999999995562803e+02 2.395311538342770774e+00
2.849999999995432631e+02 2.349000976706168586e+00
2.854999999995302460e+02 2.327086879320193979e+00
2.859999999995172288e+02 2.318157560835332642e+00
2.864999999995042117e+02 2.652994686948182412e+00
2.869999999994911946e+02 2.253884350206798892e+00
2.874999999994781774e+02 2.168760662073662360e+00
2.879999999994651603e+02 2.482040429440445894e+00
2.884999999994521431e+02 2.492404015478529189e+00
2.889999999994391260e+02 2.231000375798380730e+00
2.894999999994261088e+02 2.819166536905658660e+00
2.899999999994130349e+02 2.672647853621310521e+00
2.904999999994000177e+02 2.384044489140234369e+00
2.909999999993870006e+02 2.643456740983951558e+00
2.914999999993739834e+02 2.506896521365905794e+00
2.919999999993609663e+02 2.475942810351245083e+00
2.924999999993479491e+02 2.356652691207056893e+00
2.929999999993349320e+02 2.746226466501463293e+00
2.934999999993219149e+02 2.845064281391860739e+00
2.939999999993088977e+02 2.316587700783891979e+00
2.944999999992958806e+02 2.308918434155742716e+00
2.949999999992828634e+02 2.512247627287652829e+00
2.954999999992697894e+02 2.421040878795995610e+00
2.959999999992567723e+02 2.540133485040434014e+00
2.964999999992437552e+02 2.590704472068266373e+00
2.969999999992307380e+02 2.375789146616817504e+00
2.974999999992177209e+02 2.521486683362140546e+00
2.979999999992047037e+02 2.297962593749392379e+00
2.984999999991916866e+02 2.657367197595509989e+00
2.989999999991786694e+02 2.490129251330770899e+00
2.994999999991656523e+02 2.473976458182855609e+00
2.999999999991526352e+02 2.366410063150607535e+00
3.004999999991396180e+02 2.560940521299474693e+00
3.009999999991265440e+02 2.691077686042564032e+00
3.014999999991135269e+02 2.499485439807940246e+00
3.019999999991005097e+02 2.410228438469451895e+00
3.024999999990874926e+02 2.670304541540025500e+00
3.029999999990744755e+02 2.537456216685080257e+00
3.034999999990614583e+02 2.837550734452844114e+00
3.039999999990484412e+02 2.637386435416698927e+00
3.044999999990354240e+02 2.538244710241214896e+00
3.049999999990224069e+02 2.538422210736475559e+00
3.054999999990093897e+02 2.440222657255384231e+00
3.059999999989963158e+02 2.340127223649035137e+00
3.064999999989832986e+02 2.520456095094333993e+00
3.069999999989702815e+02 2.532820822019973495e+00
3.074999999989572643e+02 2.608648379214440816e+00
3.079999999989442472e+02 2.462268221125514689e+00
3.084999999989312300e+02 2.450837575753648245e+00
3.089999999989182129e+02 2.399910147385790449e+00
3.094999999989051958e+02 2.231973728755061614e+00
3.099999999988921786e+02 2.610861970730354198e+00
3.104999999988791615e+02 2.388673285315619843e+00
3.109999999988661443e+02 2.393227030116308107e+00
3.114999999988530703e+02 2.490233825665065126e+00
3.119999999988400532e+02 2.469052575653724269e+00
3.124999999988270361e+02 2.796758557030560866e+00
3.129999999988140189e+02 2.587608560467643759e+00
3.134999999988010018e+02 2.586277801873775317e+00
3.139999999987879846e+02 2.654383427882768043e+00
3.144999999987749675e+02 2.478138181960112263e+00
3.149999999987619503e+02 2.394023702757566596e+00
3.154999999987489332e+02 2.686859036534937406e+00
3.159999999987359161e+02 2.368587399116281578e+00
3.164999999987228989e+02 2.412904253419497103e+00
3.169999999987098249e+02 2.520572430924977070e+00
3.174999999986968078e+02 2.688482508409155258e+00
3.179999999986837906e+02 2.525003464627556315e+00
3.184999999986707735e+02 2.532256026600855581e+00
3.189999999986577564e+02 2.323790855650156306e+00
3.194999999986447392e+02 2.397217199705434343e+00
3.199999999986317221e+02 2.718299057945595454e+00
3.204999999986187049e+02 2.310558406041028245e+00
3.209999999986056878e+02 2.507495017159163453e+00
3.214999999985926706e+02 2.403777790041896623e+00
3.219999999985796535e+02 2.532735214796413725e+00
3.224999999985665795e+02 2.429570820864145109e+00
3.229999999985535624e+02 2.672385252442409431e+00
3.234999999985405452e+02 2.270762084304100981e+00
3.239999999985275281e+02 2.506748851921730914e+00
3.244999999985145109e+02 2.459204720954875079e+00
3.249999999985014938e+02 1.939774222397379511e+00
3.254999999984884766e+02 2.446688682477140997e+00
3.259999999984754595e+02 2.489838060148128029e+00
3.264999999984624424e+02 2.026751635583383226e+00
3.269999999984494252e+02 2.617868107325460159e+00
3.274999999984364081e+02 2.717117423653091279e+00
3.279999999984233341e+02 2.447014557570312387e+00
3.284999999984103169e+02 2.458063676445026768e+00
3.289999999983972998e+02 2.503585776596431778e+00
3.294999999983842827e+02 2.522691888241252567e+00
3.299999999983712655e+02 2.718556437137612303e+00
3.304999999983582484e+02 2.793518001171352960e+00
3.309999999983452312e+02 2.265992533607744885e+00
3.314999999983322141e+02 2.239344910251484411e+00
3.319999999983191969e+02 2.838310688694288597e+00
3.324999999983061798e+02 2.484905131952512392e+00
3.329999999982931627e+02 2.396128677967626075e+00
3.334999999982800887e+02 2.544592913890240560e+00
3.339999999982670715e+02 2.813902340648883449e+00
3.344999999982540544e+02 2.574629030536452312e+00
3.349999999982410372e+02 2.286814637397203587e+00
3.354999999982280201e+02 2.659776987005518567e+00
3.359999999982150030e+02 2.500252390666926505e+00
3.364999999982019858e+02 2.470191720176988071e+00
3.369999999981889687e+02 2.398073619903473563e+00
3.374999999981759515e+02 2.525619464426222205e+00
3.379999999981629344e+02 2.393687329539569753e+00
3.384999999981499172e+02 2.359019110434354083e+00
3.389999999981368433e+02 2.291231143465427333e+00
3.394999999981238261e+02 2.340399391085515646e+00
3.399999999981108090e+02 2.605828172302116830e+00
3.404999999980977918e+02 2.208392464238924990e+00
3.409999999980847747e+02 2.427166222740940071e+00
3.414999999980717575e+02 2.595409402706973179e+00
3.419999999980587404e+02 2.835785606353033117e+00
3.424999999980457233e+02 2.496387922907034707e+00
3.429999999980327061e+02 2.343860467791940128e+00
3.434999999980196890e+02 2.365271110481235617e+00
3.439999999980066718e+02 2.515513861257983930e+00
3.444999999979935978e+02 2.440106494988258046e+00
3.449999999979805807e+02 2.429565670554167944e+00
3.454999999979675636e+02 2.503963232375401304e+00
3.459999999979545464e+02 2.354009990925904461e+00
3.464999999979415293e+02 2.400762355113966517e+00
3.469999999979285121e+02 2.306605157977427822e+00
3.474999999979154950e+02 2.459009919428930768e+00
3.479999999979024778e+02 2.423375376818661664e+00
3.484999999978894607e+02 2.518228993032207264e+00
3.489999999978764436e+02 2.494448733447082844e+00
3.494999999978633696e+02 2.718567520884620503e+00
3.499999999978503524e+02 2.808040099047585336e+00
3.504999999978373353e+02 2.683032936862577600e+00
3.509999999978243181e+02 2.576734298378318577e+00
3.514999999978113010e+02 2.620275139920050567e+00
3.519999999977982839e+02 2.620381421677252298e+00
3.524999999977852667e+02 2.276808966928793421e+00
3.529999999977722496e+02 2.645985870494114600e+00
3.534999999977592324e+02 2.619030391270116276e+00
3.539999999977462153e+02 2.566899799701937379e+00
3.544999999977331981e+02 2.357182043722739095e+00
3.549999999977201242e+02 2.725133848381728008e+00
3.554999999977071070e+02 2.426974298928159524e+00
3.559999999976940899e+02 2.283348060466627860e+00
3.564999999976810727e+02 2.529225821034590371e+00
3.569999999976680556e+02 2.531448985548896413e+00
3.574999999976550384e+02 2.443457741963665164e+00
3.579999999976420213e+02 2.554440887403951699e+00
3.584999999976290042e+02 2.553142702306772094e+00
3.589999999976159870e+02 2.738069014349846952e+00
3.594999999976029699e+02 2.762066041176855169e+00
3.599999999975899527e+02 2.475810646097374779e+00
3.604999999975768787e+02 2.420760872720772117e+00
3.609999999975638616e+02 2.452078654996548313e+00
3.614999999975508445e+02 2.686396465456883931e+00
3.619999999975378273e+02 2.557508907356418781e+00
3.624999999975248102e+02 2.342650346159107055e+00
3.629999999975117930e+02 2.460653458676593797e+00
3.634999999974987759e+02 2.549793090530571682e+00
3.639999999974857587e+02 2.556035591937559470e+00
3.644999999974727416e+02 2.507348895577349079e+00
3.649999999974597245e+02 2.478036888637788593e+00
3.654999999974467073e+02 2.246113528109704660e+00
3.659999999974336333e+02 2.623025200423451331e+00
3.664999999974206162e+02 2.512770546165552066e+00
3.669999999974075990e+02 2.660645283943396500e+00
3.674999999973945819e+02 2.312267072153183722e+00
3.679999999973815648e+02 2.394631274779095875e+00
3.684999999973685476e+02 2.532007540497146714e+00
3.689999999973555305e+02 2.493706779632330228e+00
3.694999999973425133e+02 2.395847679185074686e+00
3.699999999973294962e+02 2.758187582452917397e+00
3.704999999973164790e+02 2.353979397247698113e+00
3.709999999973034619e+02 2.509095291009060702e+00
3.714999999972903879e+02 2.625125315558552330e+00
3.719999999972773708e+02 2.290669977990265949e+00
3.724999999972643536e+02 2.319511094968733644e+00
3.729999999972513365e+02 2.471112475131609365e+00
3.734999999972383193e+02 2.542227333242778275e+00
3.739999999972253022e+02 2.597626878566908104e+00
3.744999999972122851e+02 2.452752709534757436e+00
3.749999999971992679e+02 2.479526045633142939e+00
3.754999999971862508e+02 2.408515219697964227e+00
3.759999999971732336e+02 2.182087711818234688e+00
3.764999999971602165e+02 2.607195893325756408e+00
3.769999999971471425e+02 2.620918982106873685e+00
3.774999999971341254e+02 2.687144070936041462e+00
3.779999999971211082e+02 2.375402155468319343e+00
3.784999999971080911e+02 2.569606388523911544e+00
3.789999999970950739e+02 2.531053418872551308e+00
3.794999999970820568e+02 2.564631093468484391e+00
3.799999999970690396e+02 2.436660628793250183e+00
3.804999999970560225e+02 2.323399165960866597e+00
3.809999999970430054e+02 2.291616288662474243e+00
3.814999999970299882e+02 2.514069231326400367e+00
3.819999999970169711e+02 2.283817719310163419e+00
3.824999999970038971e+02 2.368049013405274739e+00
3.829999999969908799e+02 2.707409472345964296e+00
3.834999999969778628e+02 2.563916542452126190e+00
3.839999999969648456e+02 2.411156186654799694e+00
3.844999999969518285e+02 2.630785243830461084e+00
3.849999999969388114e+02 2.530799465239052637e+00
3.854999999969257942e+02 2.625785969766010197e+00
3.859999999969127771e+02 2.257478496101894994e+00
3.864999999968997599e+02 2.554048267120340387e+00
3.869999999968867428e+02 2.320823898323187251e+00
3.874999999968737256e+02 2.532082988285143887e+00
3.879999999968606517e+02 2.609571047992889081e+00
3.884999999968476345e+02 2.598973426941317832e+00
3.889999999968346174e+02 2.313175416056513001e+00
3.894999999968216002e+02 2.533587428011110809e+00
3.899999999968085831e+02 2.337022351909368467e+00
3.904999999967955659e+02 2.559720436044831349e+00
3.909999999967825488e+02 2.352298914477604530e+00
3.914999999967695317e+02 2.518430576592853409e+00
3.919999999967565145e+02 2.411944388121645133e+00
3.924999999967434974e+02 2.298691966662503194e+00
3.929999999967304234e+02 2.709869025569330070e+00
3.934999999967174062e+02 2.476489125452515427e+00
3.939999999967043891e+02 2.367483982419039901e+00
3.944999999966913720e+02 2.455946257697066759e+00
3.949999999966783548e+02 2.568917396356320104e+00
3.954999999966653377e+02 2.655459099708318949e+00
3.959999999966523205e+02 2.469856655224122566e+00
3.964999999966393034e+02 2.656932832681650591e+00
3.969999999966262862e+02 2.332189696915248245e+00
3.974999999966132691e+02 2.384761248126080702e+00
3.979999999966002520e+02 2.574904009845011998e+00
3.984999999965871780e+02 2.386881747416301547e+00
3.989999999965741608e+02 2.542586076149275787e+00
3.994999999965611437e+02 2.563074606263561428e+00
3.999999999965481265e+02 2.463394403748179862e+00
4.004999999965351094e+02 2.594130369197652275e+00
4.009999999965220923e+02 2.809220395755660515e+00
4.014999999965090751e+02 2.788732326365412906e+00
4.019999999964960580e+02 2.259843650843377016e+00
4.024999999964830408e+02 2.127133547115927836e+00
4.029999999964700237e+02 2.201729834178709488e+00
4.034999999964570065e+02 2.446610636939202443e+00
4.039999999964439326e+02 2.484472296042947725e+00
4.044999999964309154e+02 2.441390666570931955e+00
4.049999999964178983e+02 2.694720416283303166e+00
4.054999999964048811e+02 2.536694818963525222e+00
4.059999999964079507e+02 2.535981504998156666e+00
4.064999999964400104e+02 2.809571428297891416e+00
4.069999999964720132e+02 2.484601762892733490e+00
4.074999999965040729e+02 2.312474159620884429e+00
4.079999999965360757e+02 2.620870371921188546e+00
4.084999999965681354e+02 2.639913358620958661e+00
4.089999999966001383e+02 2.618064175841457342e+00
4.094999999966321980e+02 2.602694349008531027e+00
4.099999999966642008e+02 2.494210421328456828e+00
4.104999999966962605e+02 2.513646707758718790e+00
4.109999999967282633e+02 2.515253948293864728e+00
4.114999999967603230e+02 2.700507282897818495e+00
4.119999999967923259e+02 2.465519728458317239e+00
4.124999999968243856e+02 2.511825579878729897e+00
4.129999999968563884e+02 2.667238866152778609e+00
4.134999999968884481e+02 2.336260691334275386e+00
4.139999999969205078e+02 2.352268449506160763e+00
4.144999999969525106e+02 2.501322720475207984e+00
4.149999999969845703e+02 2.639686173513867029e+00
4.154999999970165732e+02 2.208272083769065919e+00
4.159999999970486328e+02 2.531611387408908342e+00
4.164999999970806357e+02 2.521430112080521369e+00
4.169999999971126954e+02 2.364801433630265848e+00
4.174999999971446982e+02 2.290831152345909949e+00
4.179999999971767579e+02 2.326822584428879903e+00
4.184999999972087608e+02 2.901940687372129624e+00
4.189999999972408204e+02 2.849859149016178872e+00
4.194999999972728233e+02 2.719704312088519593e+00
4.199999999973048830e+02 2.555628344663086082e+00
4.204999999973368858e+02 2.255647349639024579e+00
4.209999999973689455e+02 2.426858653969868662e+00
4.214999999974009484e+02 2.393674485167982535e+00
4.219999999974330080e+02 2.399760648408445274e+00
4.224999999974650109e+02 2.406493607131368506e+00
4.229999999974970706e+02 2.650980443059916425e+00
4.234999999975291303e+02 2.527228627946923378e+00
4.239999999975611331e+02 2.537170718834676819e+00
4.244999999975931928e+02 2.470235744864988980e+00
4.249999999976251956e+02 2.299811094508353637e+00
4.254999999976572553e+02 2.483285749496487949e+00
4.259999999976892582e+02 2.589915455052470783e+00
4.264999999977213179e+02 2.501415361884369748e+00
4.269999999977533207e+02 2.620012812229556509e+00
4.274999999977853804e+02 2.429585679238515983e+00
4.279999999978173832e+02 2.813087663744139988e+00
4.284999999978494429e+02 2.706251037601805631e+00
4.289999999978814458e+02 2.259240340325225471e+00
4.294999999979135055e+02 2.637893514495259328e+00
4.299999999979455083e+02 2.513947346377851222e+00
4.304999999979775680e+02 2.375737229298361619e+00
4.309999999980095708e+02 2.401831216997293073e+00
4.314999999980416305e+02 2.512055842104507164e+00
4.319999999980736902e+02 2.388648546702162090e+00
4.324999999981056931e+02 2.191707163402990322e+00
4.329999999981377528e+02 2.755349643286585604e+00
4.334999999981697556e+02 2.151644869870559695e+00
4.339999999982018153e+02 2.610446370720592046e+00
4.344999999982338181e+02 2.589263461110316911e+00
4.349999999982658778e+02 2.296641132445670586e+00
4.354999999982978807e+02 2.332098163952573522e+00
4.359999999983299404e+02 2.605112425298779844e+00
4.364999999983619432e+02 2.208071368868143924e+00
4.369999999983940029e+02 2.576560630646052008e+00
4.374999999984260057e+02 2.564063230318317288e+00
4.379999999984580654e+02 2.456289808977718980e+00
4.384999999984900683e+02 2.371671959829177556e+00
4.389999999985221280e+02 2.527117534885545691e+00
4.394999999985541308e+02 2.163059369294855649e+00
4.399999999985861905e+02 2.652820340702997992e+00
4.404999999986182502e+02 2.533946215047912620e+00
4.409999999986502530e+02 2.511141491241296819e+00
4.414999999986823127e+02 2.626736637793531504e+00
4.419999999987143156e+02 2.408343662041341204e+00
4.424999999987463752e+02 2.336602442624907017e+00
4.429999999987783781e+02 2.353153473127245210e+00
4.434999999988104378e+02 2.596089401815502296e+00
4.439999999988424406e+02 2.502652755228035986e+00
4.444999999988745003e+02 2.671814962370431257e+00
4.449999999989065032e+02 2.480954231051957670e+00
4.454999999989385628e+02 2.587531912622586638e+00
4.459999999989705657e+02 2.439403664223936730e+00
4.464999999990026254e+02 2.480246984067329574e+00
4.469999999990346282e+02 2.437503372404532520e+00
4.474999999990666879e+02 2.434575600516287963e+00
4.479999999990986908e+02 2.269018856366670445e+00
4.484999999991307504e+02 2.494399808322143919e+00
4.489999999991627533e+02 2.568774378984183038e+00
4.494999999991948130e+02 2.487756945711607770e+00
4.499999999992268727e+02 2.376999079220730948e+00
4.504999999992588755e+02 2.432198555098558312e+00
4.509999999992909352e+02 2.424170566353170742e+00
4.514999999993229380e+02 2.446883638997392918e+00
4.519999999993549977e+02 2.411997239697664330e+00
4.524999999993870006e+02 2.305195354733100110e+00
4.529999999994190603e+02 2.508323432100155959e+00
4.534999999994510631e+02 2.391611638059099931e+00
4.539999999994831228e+02 2.303618770118069481e+00
4.544999999995151256e+02 2.747069008882351948e+00
4.549999999995471853e+02 2.569379683501966660e+00
4.554999999995791882e+02 2.468592971109621281e+00
4.559999999996112479e+02 2.802636009143778750e+00
4.564999999996432507e+02 2.618237689534670842e+00
4.569999999996753104e+02 2.522138669276977385e+00
4.574999999997073132e+02 2.540543431336753422e+00
4.579999999997393729e+02 2.463133052324087302e+00
4.584999999997714326e+02 2.475757269065439470e+00
4.589999999998034355e+02 2.828902235077568328e+00
4.594999999998354951e+02 2.567380401602481932e+00
4.599999999998674980e+02 2.406030766550943056e+00
4.604999999998995577e+02 2.217491382124321841e+00
4.609999999999315605e+02 2.133184261503080492e+00
4.614999999999636202e+02 2.447398253415478564e+00
4.619999999999956231e+02 2.489565946902420279e+00
4.625000000000276827e+02 2.413731601071630983e+00
4.630000000000596856e+02 2.383964272653281480e+00
4.635000000000917453e+02 2.437968653486705328e+00
4.640000000001237481e+02 2.537163375394698939e+00
4.645000000001558078e+02 2.374601137059705547e+00
4.650000000001878107e+02 2.217670344944188354e+00
4.655000000002198703e+02 2.380183618915958199e+00
4.660000000002518732e+02 2.548282301815222084e+00
4.665000000002839329e+02 2.471806960690130950e+00
4.670000000003159357e+02 2.214515641527457390e+00
4.675000000003479954e+02 2.563177828372024791e+00
4.680000000003800551e+02 2.476824037646287113e+00
4.685000000004120579e+02 2.343269982733612533e+00
4.690000000004441176e+02 2.385537244253048250e+00
4.695000000004761205e+02 2.319810956396922030e+00
4.700000000005081802e+02 2.384531217735180508e+00
4.705000000005401830e+02 2.478538626587463600e+00
4.710000000005722427e+02 2.543360274359630413e+00
4.715000000006042455e+02 2.669030183729665939e+00
4.720000000006363052e+02 2.352809399811730984e+00
4.725000000006683081e+02 2.251321862810262697e+00
4.730000000007003678e+02 2.549066917475037553e+00
4.735000000007323706e+02 2.676083730310371944e+00
4.740000000007644303e+02 2.265036084014910855e+00
4.745000000007964331e+02 2.617224231991441386e+00
4.750000000008284928e+02 2.244269419796497633e+00
4.755000000008604957e+02 2.525936056772295935e+00
4.760000000008925554e+02 2.256190954071124022e+00
4.765000000009246151e+02 2.729414557743743863e+00
4.770000000009566179e+02 2.578432924745505339e+00
4.775000000009886776e+02 2.268619556289888539e+00
4.780000000010206804e+02 2.352709530908396296e+00
4.785000000010527401e+02 2.171272994367410725e+00
4.790000000010847430e+02 2.677610921656460086e+00
4.795000000011168027e+02 2.648226608946124383e+00
4.800000000011488055e+02 2.419804331140914311e+00
4.805000000011808652e+02 2.371145054984734379e+00
4.810000000012128680e+02 2.462043789966520180e+00
4.815000000012449277e+02 2.473150755320975502e+00
4.820000000012769306e+02 2.260133674101420631e+00
4.825000000013089902e+02 2.478677064750271164e+00
4.830000000013409931e+02 2.344642264325462744e+00
4.835000000013730528e+02 2.524530975971423175e+00
4.840000000014050556e+02 2.534381778650570904e+00
4.845000000014371153e+02 2.299681769772635498e+00
4.850000000014691750e+02 2.453548469643443308e+00
4.855000000015011778e+02 2.356899916390331029e+00
4.860000000015332375e+02 2.473058411677929946e+00
4.865000000015652404e+02 2.273315351012049845e+00
4.870000000015973001e+02 2.326583685509024946e+00
4.875000000016293029e+02 2.205705796858596468e+00
4.880000000016613626e+02 2.720874520652950768e+00
4.885000000016933654e+02 2.499521414735856428e+00
4.890000000017254251e+02 2.854641938784721056e+00
4.895000000017574280e+02 2.635383238028150998e+00
4.900000000017894877e+02 2.311904205760188624e+00
4.905000000018214905e+02 2.620920942464673775e+00
4.910000000018535502e+02 2.496107297903882305e+00
4.915000000018855530e+02 2.370010764745349441e+00
4.920000000019176127e+02 2.281213594462228933e+00
4.925000000019496156e+02 2.573314688386181714e+00
4.930000000019816753e+02 2.034336150488602168e+00
4.935000000020136781e+02 2.756667112154084887e+00
4.940000000020457378e+02 2.390029445430412292e+00
4.945000000020777975e+02 2.482689608483513055e+00
4.950000000021098003e+02 2.710668589276648444e+00
4.955000000021418600e+02 2.643399248962435610e+00
4.960000000021738629e+02 2.432278307247466742e+00
4.965000000022059226e+02 2.435173526592891768e+00
4.970000000022379254e+02 2.399754064084165694e+00
4.975000000022699851e+02 2.495114626717909179e+00
4.980000000023019879e+02 2.218743642866078059e+00
4.985000000023340476e+02 2.205262887449963127e+00
4.990000000023660505e+02 2.519856590019846188e+00
4.995000000023981102e+02 2.492698532391321553e+00
5.000000000024301130e+02 2.684833736784740577e+00
5.005000000024621727e+02 2.435039070160935903e+00
5.010000000024941755e+02 2.676776202176586850e+00
5.015000000025262352e+02 2.586215770926381552e+00
5.020000000025582381e+02 2.359250622888519278e+00
5.025000000025902978e+02 2.473260037457187810e+00
5.030000000026223574e+02 2.393859187875369443e+00
5.035000000026543603e+02 2.391653648122650022e+00
5.040000000026864200e+02 2.294642793303216521e+00
5.045000000027184228e+02 2.730011768769657454e+00
5.050000000027504825e+02 2.295451093838340562e+00
5.055000000027824854e+02 2.602108214227013772e+00
5.060000000028145450e+02 2.412493261432404612e+00
5.065000000028465479e+02 2.487035152276137584e+00
5.070000000028786076e+02 2.534437236561239093e+00
5.075000000029106104e+02 2.191342455848868109e+00
5.080000000029426701e+02 2.336800775951288767e+00
5.085000000029746730e+02 2.542570200150231496e+00
5.090000000030067326e+02 2.627942940147314221e+00
5.095000000030387355e+02 2.393711587788823980e+00
5.100000000030707952e+02 2.286070873611889986e+00
5.105000000031027980e+02 2.351690552958252134e+00
5.110000000031348577e+02 2.422148338551191937e+00
5.115000000031668606e+02 2.433003128255695646e+00
5.120000000031989202e+02 2.618455946648400978e+00
5.125000000032309799e+02 2.364838009584169232e+00
5.130000000032630396e+02 2.464511783398241285e+00
5.135000000032949856e+02 2.381970710962878712e+00
5.140000000033270453e+02 2.580428121289724874e+00
5.145000000033591050e+02 2.372489539824232274e+00
5.150000000033911647e+02 1.999076783206987784e+00
5.155000000034231107e+02 2.483567343479053058e+00
5.160000000034551704e+02 2.539190143436546254e+00
5.165000000034872301e+02 2.270282568912465493e+00
5.170000000035192897e+02 2.702928139303902633e+00
5.175000000035512357e+02 2.455500218387278721e+00
5.180000000035832954e+02 2.492600560763194473e+00
5.185000000036153551e+02 2.445471825330159721e+00
5.190000000036474148e+02 2.365175081088339404e+00
5.195000000036793608e+02 2.544619669515641558e+00
5.200000000037114205e+02 2.288306218277346815e+00
5.205000000037434802e+02 2.581992632198071735e+00
5.210000000037755399e+02 2.490700494020283262e+00
5.215000000038075996e+02 2.423646645025314239e+00
5.220000000038395456e+02 2.402418242181821206e+00
5.225000000038716053e+02 2.648004027576581265e+00
5.230000000039036649e+02 2.564861875131018820e+00
5.235000000039357246e+02 2.426117831970876715e+00
5.240000000039676706e+02 2.455757401672266305e+00
5.245000000039997303e+02 2.413009461828572455e+00
5.250000000040317900e+02 2.433960683694065263e+00
5.255000000040638497e+02 2.600342922938195578e+00
5.260000000040957957e+02 2.706314284742182608e+00
5.265000000041278554e+02 2.630042870583711334e+00
5.270000000041599151e+02 2.240404905487676679e+00
5.275000000041919748e+02 2.637004554028179015e+00
5.280000000042239208e+02 2.583028734665345105e+00
5.285000000042559805e+02 2.309457872596086592e+00
5.290000000042880401e+02 2.310326331468482763e+00
5.295000000043200998e+02 2.315974271182272837e+00
5.300000000043521595e+02 2.441579744831719356e+00
5.305000000043841055e+02 2.425590378167522765e+00
5.310000000044161652e+02 2.705702506716375133e+00
5.315000000044482249e+02 2.560992602098172810e+00
5.320000000044802846e+02 2.615637448077930305e+00
5.325000000045122306e+02 2.310156431699883051e+00
5.330000000045442903e+02 2.518778639759641891e+00
5.335000000045763500e+02 2.571912583174778000e+00
5.340000000046084097e+02 2.504776722049528281e+00
5.345000000046403557e+02 2.266683259861091315e+00
5.350000000046724153e+02 2.469411668671649629e+00
5.355000000047044750e+02 2.726081148266514820e+00
5.360000000047365347e+02 2.414234488734913864e+00
5.365000000047684807e+02 2.730129868521212977e+00
5.370000000048005404e+02 2.314939440413404270e+00
5.375000000048326001e+02 2.588139810778184113e+00
5.380000000048646598e+02 2.657103313886183482e+00
5.385000000048967195e+02 2.580838842351624418e+00
5.390000000049286655e+02 2.565775274368886194e+00
5.395000000049607252e+02 2.518240147500799608e+00
5.400000000049927849e+02 2.289890552874161767e+00
5.405000000050248445e+02 2.452175925504830989e+00
5.410000000050567905e+02 2.345862308525207940e+00
5.415000000050888502e+02 2.335800713467903300e+00
5.420000000051209099e+02 2.298852235041036085e+00
5.425000000051529696e+02 2.273522761698935302e+00
5.430000000051849156e+02 2.601086381294304140e+00
5.435000000052169753e+02 2.549995770474196011e+00
5.440000000052490350e+02 2.336781323716011105e+00
5.445000000052810947e+02 2.738662415175587395e+00
5.450000000053130407e+02 2.439582193713086156e+00
5.455000000053451004e+02 2.503375497339186850e+00
5.460000000053771601e+02 2.092183570765302925e+00
5.465000000054092197e+02 2.224942411042652779e+00
5.470000000054411657e+02 2.637601795965236473e+00
5.475000000054732254e+02 2.415343639633689143e+00
5.480000000055052851e+02 2.475067103673740387e+00
5.485000000055373448e+02 2.583823873213412003e+00
5.490000000055694045e+02 2.574781393615144687e+00
5.495000000056013505e+02 2.610124824348596384e+00
5.500000000056334102e+02 2.371528551658577122e+00
5.505000000056654699e+02 2.397635555131435670e+00
5.510000000056975296e+02 2.575925285017162114e+00
5.515000000057294756e+02 2.516172090488367985e+00
5.520000000057615352e+02 2.366395757677112854e+00
5.525000000057935949e+02 2.478681891837267504e+00
5.530000000058256546e+02 2.467165949264050528e+00
5.535000000058576006e+02 2.649576349054425517e+00
5.540000000058896603e+02 2.203294111301163039e+00
5.545000000059217200e+02 2.522812348550961037e+00
5.550000000059537797e+02 2.416663242774998999e+00
5.555000000059857257e+02 2.652484814109570266e+00
5.560000000060177854e+02 2.339620450172633426e+00
5.565000000060498451e+02 2.475271953235377964e+00
5.570000000060819048e+02 2.845496621583841090e+00
5.575000000061139644e+02 2.689635433778695628e+00
5.580000000061459104e+02 2.229178636453687190e+00
5.585000000061779701e+02 2.427480115736461386e+00
5.590000000062100298e+02 2.395746991007429827e+00
5.595000000062420895e+02 2.370811185250571107e+00
5.600000000062740355e+02 2.377217632915455958e+00
5.605000000063060952e+02 2.757345618757138350e+00
5.610000000063381549e+02 2.493593509908899719e+00
5.615000000063702146e+02 2.386102946279518466e+00
5.620000000064021606e+02 2.501219504541216665e+00
5.625000000064342203e+02 2.472824637770796752e+00
5.630000000064662800e+02 2.605707918867635087e+00
5.635000000064983396e+02 2.428249260032634194e+00
5.640000000065302856e+02 2.527293139020155177e+00
5.645000000065623453e+02 2.305875553501767428e+00
5.650000000065944050e+02 2.742939907958533929e+00
5.655000000066264647e+02 2.684130991702637026e+00
5.660000000066585244e+02 2.481343580818434535e+00
5.665000000066904704e+02 2.468080334855144109e+00
5.670000000067225301e+02 2.438158252834433437e+00
5.675000000067545898e+02 2.467494744560121411e+00
5.680000000067866495e+02 2.154361155553118135e+00
5.685000000068185955e+02 2.837909339447213242e+00
5.690000000068506552e+02 2.432053527781909974e+00
5.695000000068827148e+02 2.447900379758242817e+00
5.700000000069147745e+02 2.364738502717758539e+00
5.705000000069467205e+02 2.308377970585624883e+00
5.710000000069787802e+02 2.300933392471167682e+00
5.715000000070108399e+02 2.504091251567293508e+00
5.720000000070428996e+02 2.370350959388023870e+00
5.725000000070748456e+02 2.231004971897520672e+00
5.730000000071069053e+02 2.328368579942453387e+00
5.735000000071389650e+02 2.695654128650402104e+00
5.740000000071710247e+02 2.672009129001654326e+00
5.745000000072030844e+02 2.522088971974331795e+00
5.750000000072350304e+02 2.544943151535683956e+00
5.755000000072670900e+02 2.544654039754350006e+00
5.760000000072991497e+02 2.422903967849963092e+00
5.765000000073312094e+02 2.407985971359361432e+00
5.770000000073631554e+02 2.229552674782475652e+00
5.775000000073952151e+02 2.594358951215240072e+00
5.780000000074272748e+02 2.554097085910207010e+00
5.785000000074593345e+02 2.194816293954914066e+00
5.790000000074912805e+02 2.387401881307317009e+00
5.795000000075233402e+02 2.571390525452157849e+00
5.800000000075553999e+02 2.661347884678017639e+00
5.805000000075874595e+02 2.453159834961567309e+00
5.810000000076194056e+02 2.548113155753906511e+00
5.815000000076514652e+02 2.432239835862497035e+00
5.820000000076835249e+02 2.322272136275798982e+00
5.825000000077155846e+02 2.126196434461141482e+00
5.830000000077476443e+02 2.623345079724791695e+00
5.835000000077795903e+02 2.576518715607678534e+00
5.840000000078116500e+02 2.770384380435876093e+00
5.845000000078437097e+02 2.616615576508934282e+00
5.850000000078757694e+02 2.376300686798836104e+00
5.855000000079077154e+02 2.470943920229689894e+00
5.860000000079397751e+02 2.635699204864877743e+00
5.865000000079718347e+02 2.169173651125850810e+00
5.870000000080038944e+02 2.135953464680228731e+00
5.875000000080358404e+02 2.842183081484585205e+00
5.880000000080679001e+02 2.349312665179173809e+00
5.885000000080999598e+02 2.480957256677446932e+00
5.890000000081320195e+02 2.498529806864735470e+00
5.895000000081639655e+02 2.388220542245412581e+00
5.900000000081960252e+02 2.497865735268322229e+00
5.905000000082280849e+02 2.745310890331744247e+00
5.910000000082601446e+02 2.185610980629872024e+00
5.915000000082920906e+02 2.494252235320284061e+00
5.920000000083241503e+02 2.312182857151378723e+00
5.925000000083562099e+02 2.561481793585175915e+00
5.930000000083882696e+02 2.621399350838292452e+00
5.935000000084203293e+02 2.565634776964079045e+00
5.940000000084522753e+02 2.649034697417476991e+00
5.945000000084843350e+02 2.325085008169784029e+00
5.950000000085163947e+02 2.457490027265987642e+00
5.955000000085484544e+02 2.400337614207152193e+00
5.960000000085804004e+02 2.463943824331795707e+00
5.965000000086124601e+02 2.758990705430252266e+00
5.970000000086445198e+02 2.516361857590077911e+00
5.975000000086765795e+02 2.358852381831608280e+00
5.980000000087085255e+02 2.457209363576700056e+00
5.985000000087405851e+02 2.581792764492566672e+00
5.990000000087726448e+02 2.721253906791835320e+00
5.995000000088047045e+02 2.617147845591110578e+00
6.000000000088366505e+02 2.401728284434811567e+00
6.005000000088687102e+02 2.578253782668756600e+00
6.010000000089007699e+02 2.210011835897544685e+00
6.015000000089328296e+02 2.488103799022751694e+00
6.020000000089648893e+02 2.844385263230097660e+00
6.025000000089968353e+02 2.452533820864463809e+00
6.030000000090288950e+02 2.660268813688180689e+00
6.035000000090609547e+02 2.757465217198114882e+00
6.040000000090930143e+02 2.668890859458594722e+00
6.045000000091249603e+02 2.414861835912928800e+00
6.050000000091570200e+02 2.594919916537158588e+00
6.055000000091890797e+02 2.264920375772879080e+00
6.060000000092211394e+02 2.479034809420711305e+00
6.065000000092530854e+02 2.373963853419777337e+00
6.070000000092851451e+02 2.334757171455752456e+00
6.075000000093172048e+02 2.317327824126597324e+00
6.080000000093492645e+02 2.556046411592261869e+00
6.085000000093812105e+02 2.440654276915765752e+00
6.090000000094132702e+02 2.555021449063701322e+00
6.095000000094453299e+02 2.419005021046229498e+00
6.100000000094773895e+02 2.504391399980873345e+00
6.105000000095094492e+02 2.353740883214213930e+00
6.110000000095413952e+02 2.271850518992189372e+00
6.115000000095734549e+02 2.542883300194331397e+00
6.120000000096055146e+02 2.604358981902292314e+00
6.125000000096375743e+02 2.624388260956067587e+00
6.130000000096695203e+02 2.484493157809591679e+00
6.135000000097015800e+02 2.638898098433608119e+00
6.140000000097336397e+02 2.103083815881521712e+00
6.145000000097656994e+02 2.298883185783680005e+00
6.150000000097976454e+02 2.263441649649636123e+00
6.155000000098297050e+02 2.654213079789256025e+00
6.160000000098617647e+02 2.506382791173003000e+00
6.165000000098938244e+02 2.471998103046552764e+00
6.170000000099257704e+02 2.691780645851024278e+00
6.175000000099578301e+02 2.408531546298116499e+00
6.180000000099898898e+02 2.549768707771586040e+00
6.185000000100219495e+02 2.725612976578190683e+00
6.190000000100540092e+02 2.662174178015157100e+00
6.195000000100859552e+02 2.474366934337533408e+00
6.200000000101180149e+02 2.747574284587834814e+00
6.205000000101500746e+02 2.709697090055462887e+00
6.210000000101821342e+02 2.447742657771909691e+00
6.215000000102140802e+02 2.535288291316022846e+00
6.220000000102461399e+02 2.644410394091778027e+00
6.225000000102781996e+02 2.285685733924787133e+00
6.230000000103102593e+02 2.149448937687590711e+00
6.235000000103422053e+02 2.532301625631587783e+00
6.240000000103742650e+02 2.385505845600001340e+00
6.245000000104063247e+02 2.521003074266231714e+00
6.250000000104383844e+02 2.569295397317634233e+00
6.255000000104703304e+02 2.510654142995964566e+00
6.260000000105023901e+02 2.735770279295167029e+00
6.265000000105344498e+02 2.354315127665880247e+00
6.270000000105665094e+02 2.524880976425971646e+00
6.275000000105985691e+02 2.707386872311875692e+00
6.280000000106305151e+02 2.473125790718323724e+00
6.285000000106625748e+02 2.720964773946338955e+00
6.290000000106946345e+02 2.376218806301775732e+00
6.295000000107266942e+02 2.434784601648733560e+00
6.300000000107586402e+02 2.750862263004086650e+00
6.305000000107906999e+02 2.577061684410354214e+00
6.310000000108227596e+02 2.788800781046389510e+00
6.315000000108548193e+02 2.617606577376743626e+00
6.320000000108867653e+02 2.504118588583482907e+00
6.325000000109188250e+02 2.704926531087996189e+00
6.330000000109508846e+02 2.673459308344187768e+00
6.335000000109829443e+02 2.397216484282634674e+00
6.340000000110148903e+02 2.213368280268948052e+00
6.345000000110469500e+02 2.633494475085996989e+00
6.350000000110790097e+02 2.401387143521596546e+00
6.355000000111110694e+02 2.836007260148262876e+00
6.360000000111430154e+02 2.181612913776187490e+00
6.365000000111750751e+02 2.508876009835243615e+00
6.370000000112071348e+02 2.671889735122972898e+00
6.375000000112391945e+02 2.527131022549522488e+00
6.380000000112712542e+02 2.498894762515473378e+00
6.385000000113032002e+02 2.249104198029754809e+00
6.390000000113352598e+02 2.339039656422579938e+00
6.395000000113673195e+02 2.712955376638005678e+00
6.400000000113993792e+02 2.545982439487624482e+00
6.405000000114313252e+02 2.540547319269012227e+00
6.410000000114633849e+02 2.372664304499330079e+00
6.415000000114954446e+02 2.573971276983070045e+00
6.420000000115275043e+02 2.241469407539971481e+00
6.425000000115594503e+02 2.344210678938109194e+00
6.430000000115915100e+02 2.576208028626058688e+00
6.435000000116235697e+02 2.426804276956708861e+00
6.440000000116556294e+02 2.493955931567754192e+00
6.445000000116875754e+02 2.385618907746735573e+00
6.450000000117196350e+02 2.761202820930575896e+00
6.455000000117516947e+02 2.420765834049520393e+00
6.460000000117837544e+02 2.656661393430782336e+00
6.465000000118158141e+02 2.310853259952478922e+00
6.470000000118477601e+02 2.295121881626540183e+00
6.475000000118798198e+02 2.424622084163121638e+00
6.480000000119118795e+02 2.443427926181394927e+00
6.485000000119439392e+02 2.435131336711168437e+00
6.490000000119758852e+02 2.366071990418333382e+00
6.495000000120079449e+02 2.305498150582021566e+00
6.500000000120400045e+02 2.124497243837998539e+00
6.505000000120720642e+02 2.284498995030006085e+00
6.510000000121040102e+02 2.298221941421425552e+00
6.515000000121360699e+02 2.712786360450432532e+00
6.520000000121681296e+02 2.193433995077341159e+00
6.525000000122001893e+02 2.378555881307448772e+00
6.530000000122321353e+02 2.425146596799854670e+00
6.535000000122641950e+02 2.615733010863380503e+00
6.540000000122962547e+02 2.413325038437437176e+00
6.545000000123283144e+02 2.373463327334129680e+00
6.550000000123603741e+02 2.734961965002073558e+00
6.555000000123923201e+02 2.642687310689270319e+00
6.560000000124243797e+02 2.279696213325274279e+00
6.565000000124564394e+02 2.456369258853608351e+00
6.570000000124884991e+02 2.588283924789297696e+00
6.575000000125204451e+02 2.570063338789355001e+00
6.580000000125525048e+02 2.444222345054613221e+00
6.585000000125845645e+02 2.385235692359337634e+00
6.590000000126166242e+02 2.539881253111048398e+00
6.595000000126485702e+02 2.499462974301260854e+00
6.600000000126806299e+02 2.719656551630495134e+00
6.605000000127126896e+02 2.648447097943083417e+00
6.610000000127447493e+02 2.716524898268656063e+00
6.615000000127766953e+02 2.451911319764133346e+00
6.620000000128087549e+02 2.312240537340515267e+00
6.625000000128408146e+02 2.868601299297530272e+00
6.630000000128728743e+02 2.401854473470852014e+00
6.635000000129049340e+02 2.385639693400591455e+00
6.640000000129368800e+02 2.594734362670434002e+00
6.645000000129689397e+02 2.490681708855826848e+00
6.650000000130009994e+02 2.738001218942403447e+00
6.655000000130330591e+02 2.383838830577168721e+00
6.660000000130650051e+02 2.596831460202244202e+00
6.665000000130970648e+02 2.671842530443055530e+00
6.670000000131291245e+02 2.386551792758468959e+00
6.675000000131611841e+02 2.869968353934215344e+00
6.680000000131931301e+02 2.623842708058929052e+00
6.685000000132251898e+02 2.279325455428103275e+00
6.690000000132572495e+02 2.524365563442845684e+00
6.695000000132893092e+02 2.314637340560614653e+00
6.700000000133212552e+02 2.487739466429337742e+00
6.705000000133533149e+02 2.634645809927230520e+00
6.710000000133853746e+02 2.616522895364361112e+00
6.715000000134174343e+02 2.781653821624909817e+00
6.720000000134494940e+02 2.493497408945965166e+00
6.725000000134814400e+02 2.666380673399888934e+00
6.730000000135134997e+02 2.563014298010058312e+00
6.735000000135455593e+02 2.826006198301358463e+00
6.740000000135776190e+02 2.462467262318958294e+00
6.745000000136095650e+02 2.368254047497804660e+00
6.750000000136416247e+02 2.600234339475333112e+00
6.755000000136736844e+02 2.372277759870653036e+00
6.760000000137057441e+02 2.260163951199526178e+00
6.765000000137376901e+02 2.503388100544376105e+00
6.770000000137697498e+02 2.511279798000399577e+00
6.775000000138018095e+02 2.366042353530773301e+00
6.780000000138338692e+02 2.533774031554627548e+00
6.785000000138658152e+02 2.702161199041154482e+00
6.790000000138978749e+02 2.543869033178256966e+00
6.795000000139299345e+02 2.380479628838742201e+00
6.800000000139619942e+02 2.472717498111184575e+00
6.805000000139939402e+02 2.391901603342160954e+00
6.810000000140259999e+02 2.490211252548963916e+00
6.815000000140580596e+02 2.706013612465769214e+00
6.820000000140901193e+02 2.647010028343863119e+00
6.825000000141221790e+02 2.683594177982618678e+00
6.830000000141541250e+02 2.487790360853952887e+00
6.835000000141861847e+02 2.734831938205667612e+00
6.840000000142182444e+02 2.529464515395897894e+00
6.845000000142503040e+02 2.411679683673378261e+00
6.850000000142822500e+02 2.525530889217845409e+00
6.855000000143143097e+02 2.247293127641071031e+00
6.860000000143463694e+02 2.331861107843569592e+00
6.865000000143784291e+02 2.354081196809279408e+00
6.870000000144103751e+02 2.553713071199520179e+00
6.875000000144424348e+02 2.351666561018516344e+00
6.880000000144744945e+02 2.645097573646761013e+00
6.885000000145065542e+02 2.377280865204027371e+00
6.890000000145385002e+02 2.485823654702338015e+00
6.895000000145705599e+02 2.469553405383920985e+00
6.900000000146026196e+02 2.497906312112527338e+00
6.905000000146346792e+02 2.473383040736442773e+00
6.910000000146667389e+02 2.429148685106859773e+00
6.915000000146986849e+02 2.416220082030719141e+00
6.920000000147307446e+02 2.490820194860373871e+00
6.925000000147628043e+02 2.357998299575155166e+00
6.930000000147948640e+02 2.287247598199099397e+00
6.935000000148268100e+02 2.391162200921593151e+00
6.940000000148588697e+02 2.441328783205164665e+00
6.945000000148909294e+02 2.484819317068876821e+00
6.950000000149229891e+02 2.178768540616049521e+00
6.955000000149549351e+02 2.553051168872741084e+00
6.960000000149869948e+02 2.570977811832360072e+00
6.965000000150190544e+02 2.501681612882537653e+00
6.970000000150511141e+02 2.734842449057815816e+00
6.975000000150830601e+02 2.517110007123979365e+00
6.980000000151151198e+02 2.478007408244833787e+00
6.985000000151471795e+02 2.519073599035799305e+00
6.990000000151792392e+02 2.627632858313461828e+00
6.995000000152112989e+02 2.588453470013118096e+00
7.000000000152432449e+02 2.580871444017033944e+00
7.005000000152753046e+02 2.406394039223032522e+00
7.010000000153073643e+02 2.587691927663279490e+00
7.015000000153394240e+02 2.484358765975395844e+00
7.020000000153713700e+02 2.499598516610972432e+00
7.025000000154034296e+02 2.351985692476057377e+00
7.030000000154354893e+02 2.739276548430328528e+00
7.035000000154675490e+02 2.467839269372469335e+00
7.040000000154994950e+02 2.744029166434053479e+00
7.045000000155315547e+02 2.677353873348935487e+00
7.050000000155636144e+02 2.560949381897736021e+00
7.055000000155956741e+02 2.255990241633789584e+00
7.060000000156276201e+02 2.567325843260914731e+00
7.065000000156596798e+02 2.515774669185886214e+00
7.070000000156917395e+02 2.598646421261966655e+00
7.075000000157237992e+02 2.370041686094622069e+00
7.080000000157558588e+02 2.725848493580629306e+00
7.085000000157878048e+02 2.629716990256508069e+00
7.090000000158198645e+02 2.565030177540760459e+00
7.095000000158519242e+02 2.603358356454015698e+00
7.100000000158839839e+02 2.349496318436805620e+00
7.105000000159159299e+02 2.559487018243984835e+00
7.110000000159479896e+02 2.470242648677400510e+00
7.115000000159800493e+02 2.439419450196128825e+00
7.120000000160121090e+02 2.399842127727363827e+00
7.125000000160440550e+02 2.637318115935996410e+00
7.130000000160761147e+02 2.558571246740932725e+00
7.135000000161081743e+02 2.767932423603360004e+00
7.140000000161402340e+02 2.462769685457722790e+00
7.145000000161721800e+02 2.702885357637980324e+00
7.150000000162042397e+02 2.909123334647354397e+00
7.155000000162362994e+02 2.706076011998511888e+00
7.160000000162683591e+02 2.327568954190880834e+00
7.165000000163003051e+02 2.156718221986162920e+00
7.170000000163323648e+02 2.412032517294360634e+00
7.175000000163644245e+02 2.584547331096413991e+00
7.180000000163964842e+02 2.537290342832120515e+00
7.185000000164285439e+02 2.575586742859441891e+00
7.190000000164604899e+02 2.577266249899246908e+00
7.195000000164925495e+02 2.399179678762291434e+00
7.200000000165246092e+02 2.657512433317311462e+00
7.205000000165566689e+02 2.342905981528378589e+00
7.210000000165886149e+02 2.397735337256647448e+00
7.215000000166206746e+02 2.518698865524819031e+00
7.220000000166527343e+02 2.219825886492962308e+00
7.225000000166847940e+02 2.680903767062421839e+00
7.230000000167167400e+02 2.448589179123863868e+00
7.235000000167487997e+02 2.301260315259014089e+00
7.240000000167808594e+02 2.526112908515194544e+00
7.245000000168129191e+02 2.403422265199975705e+00
7.250000000168448651e+02 2.299131705061940867e+00
7.255000000168769247e+02 2.522612231843886388e+00
7.260000000169089844e+02 2.360596477387344905e+00
7.265000000169410441e+02 2.191674299052525310e+00
7.270000000169731038e+02 2.338469131383043020e+00
7.275000000170050498e+02 2.457309684773638647e+00
7.280000000170371095e+02 2.616169393798686293e+00
7.285000000170691692e+02 2.552718151463396534e+00
7.290000000171012289e+02 2.442742458338442280e+00
7.295000000171331749e+02 2.443647807643671843e+00
7.300000000171652346e+02 2.563369211178264440e+00
7.305000000171972943e+02 2.618129850947649384e+00
7.310000000172293539e+02 2.707751127865830387e+00
7.315000000172612999e+02 2.415219290427844445e+00
7.320000000172933596e+02 2.326301995555480229e+00
7.325000000173254193e+02 2.923681995545050150e+00
7.330000000173574790e+02 2.288483229987553269e+00
7.335000000173894250e+02 2.432264458548345054e+00
7.340000000174214847e+02 2.037177588246378956e+00
7.345000000174535444e+02 2.315799828277434802e+00
7.350000000174856041e+02 2.465241103211651463e+00
7.355000000175176638e+02 2.684808217533773078e+00
7.360000000175496098e+02 2.578951266647083962e+00
7.365000000175816695e+02 2.602724556330441530e+00
7.370000000176137291e+02 2.379855508932054331e+00
7.375000000176457888e+02 2.445044359395689870e+00
7.380000000176777348e+02 2.678913664415994322e+00
7.385000000177097945e+02 2.297460910087142150e+00
7.390000000177418542e+02 2.412844998201746805e+00
7.395000000177739139e+02 2.397626460680725380e+00
7.400000000178058599e+02 2.481847722309110882e+00
7.405000000178379196e+02 2.660212859021600096e+00
7.410000000178699793e+02 2.313751155335769916e+00
7.415000000179020390e+02 2.352212725075321309e+00
7.420000000179339850e+02 2.437806960273861012e+00
7.425000000179660447e+02 2.310805004082365333e+00
7.430000000179981043e+02 2.487240438280311050e+00
7.435000000180301640e+02 2.552896064275489874e+00
7.440000000180622237e+02 2.495434668865060601e+00
7.445000000180941697e+02 2.593992756721283932e+00
7.450000000181262294e+02 2.475868752877297574e+00
7.455000000181582891e+02 2.255149595864233358e+00
7.460000000181903488e+02 2.496505537869654567e+00
7.465000000182222948e+02 2.376277693173458605e+00
7.470000000182543545e+02 2.368518680930417286e+00
7.475000000182864142e+02 2.432163286986679829e+00
7.480000000183184738e+02 2.582553338932089382e+00
7.485000000183504199e+02 2.542522622671337551e+00
7.490000000183824795e+02 2.744471683364493320e+00
7.495000000184145392e+02 2.280235197426895954e+00
7.500000000184465989e+02 2.301947894470602662e+00
7.505000000184785449e+02 2.329698894846315316e+00
7.510000000185106046e+02 2.482585784188614753e+00
7.515000000185426643e+02 2.135085545178317723e+00
7.520000000185747240e+02 2.575861008249696660e+00
7.525000000186067837e+02 2.444114065310720285e+00
7.530000000186387297e+02 2.330645015918891616e+00
7.535000000186707894e+02 2.485901849599031266e+00
7.540000000187028490e+02 2.565880278767905587e+00
7.545000000187349087e+02 2.581031584127567502e+00
7.550000000187668547e+02 2.387963515112336843e+00
7.555000000187989144e+02 2.292790735901857335e+00
7.560000000188309741e+02 2.473980929597705103e+00
7.565000000188630338e+02 2.659486191073225481e+00
7.570000000188949798e+02 2.855925006089020890e+00
7.575000000189270395e+02 2.737302037261475807e+00
7.580000000189590992e+02 2.246602156554613039e+00
7.585000000189911589e+02 2.456711860749882792e+00
7.590000000190231049e+02 2.552670811072854207e+00
7.595000000190551646e+02 2.507690582559970238e+00
7.600000000190872242e+02 2.173234722451574008e+00
7.605000000191192839e+02 2.318192653212057586e+00
7.610000000191512299e+02 2.578635778975848503e+00
7.615000000191832896e+02 2.445314797140540009e+00
7.620000000192153493e+02 2.960219084523540101e+00
7.625000000192474090e+02 2.265866001919930373e+00
7.630000000192794687e+02 2.478928856542041537e+00
7.635000000193114147e+02 2.707544122155477684e+00
7.640000000193434744e+02 2.654114002115865567e+00
7.645000000193755341e+02 2.326328381365695641e+00
7.650000000194075938e+02 2.480619230514234719e+00
7.655000000194395398e+02 2.791576054982924049e+00
7.660000000194715994e+02 2.725189386437330885e+00
7.665000000195036591e+02 2.753311647647277205e+00
7.670000000195357188e+02 2.505160570114528529e+00
7.675000000195676648e+02 2.302737257858481268e+00
7.680000000195997245e+02 2.616858928379038218e+00
7.685000000196317842e+02 2.522865050180717272e+00
7.690000000196638439e+02 2.715952078910438328e+00
7.695000000196957899e+02 2.557635062252490155e+00
7.700000000197278496e+02 2.431249501077463293e+00
7.705000000197599093e+02 2.407465951289238681e+00
7.710000000197919690e+02 2.652455471769905593e+00
7.715000000198240286e+02 2.515090788836659375e+00
7.720000000198559746e+02 2.650196613328148487e+00
7.725000000198880343e+02 2.474179262276904989e+00
7.730000000199200940e+02 2.410733626558096976e+00
7.735000000199521537e+02 2.496301849528696160e+00
7.740000000199840997e+02 2.797618312375381056e+00
7.745000000200161594e+02 2.472508898880906969e+00
7.750000000200482191e+02 2.341229863022670443e+00
7.755000000200802788e+02 2.388114984433752142e+00
7.760000000201122248e+02 2.621937980073875352e+00
7.765000000201442845e+02 2.374588693227316583e+00
7.770000000201763442e+02 2.469551803954572300e+00
7.775000000202084038e+02 2.410158270275771564e+00
7.780000000202403498e+02 2.598078537272703770e+00
7.785000000202724095e+02 2.721978567795773074e+00
7.790000000203044692e+02 2.541412869713163936e+00
7.795000000203365289e+02 2.334552381085023942e+00
7.800000000203685886e+02 2.545990188183299363e+00
7.805000000204005346e+02 2.464080354239797099e+00
7.810000000204325943e+02 2.794961497799282046e+00
7.815000000204646540e+02 2.285740725675453611e+00
7.820000000204967137e+02 2.184869810676036472e+00
7.825000000205286597e+02 2.720633032674116158e+00
7.830000000205607193e+02 2.456930937519021807e+00
7.835000000205927790e+02 2.494340506553677006e+00
7.840000000206248387e+02 2.361273411017094315e+00
7.845000000206567847e+02 2.559110979273370390e+00
7.850000000206888444e+02 2.418025762421979863e+00
7.855000000207209041e+02 2.400433194336734744e+00
7.860000000207529638e+02 2.627179122142377921e+00
7.865000000207849098e+02 2.291030061401857498e+00
7.870000000208169695e+02 2.693569697483843228e+00
7.875000000208490292e+02 2.405941781652363165e+00
7.880000000208810889e+02 2.425420907175207308e+00
7.885000000209131485e+02 2.685016152103574694e+00
7.890000000209450945e+02 2.635628491937616946e+00
7.895000000209771542e+02 2.419580228135127076e+00
7.900000000210092139e+02 2.625003695843139973e+00
7.905000000210412736e+02 2.425223653323042683e+00
7.910000000210732196e+02 2.419745908822482416e+00
7.915000000211052793e+02 2.502530438288188108e+00
7.920000000211373390e+02 2.187507257554705209e+00
7.925000000211693987e+02 2.475753100295865483e+00
7.930000000212013447e+02 2.562476653247051761e+00
7.935000000212334044e+02 2.511048461457602521e+00
7.940000000212654641e+02 2.544281668555982812e+00
7.945000000212975237e+02 2.487067986624937888e+00
7.950000000213294697e+02 2.618729323906038964e+00
7.955000000213615294e+02 2.845607421227983824e+00
7.960000000213935891e+02 2.674124588972964567e+00
7.965000000214256488e+02 2.867978903503332067e+00
7.970000000214577085e+02 2.437705540434995211e+00
7.975000000214896545e+02 2.358472138398312268e+00
7.980000000215217142e+02 2.780244339400463449e+00
7.985000000215537739e+02 2.632060788249086514e+00
7.990000000215858336e+02 2.228396433412759503e+00
7.995000000216177796e+02 2.410237023737316520e+00
8.000000000216498393e+02 2.438260620045729965e+00
8.005000000216818989e+02 2.460793415711058696e+00
8.010000000217139586e+02 2.314496069384516463e+00
8.015000000217459046e+02 2.560138569224708061e+00
8.020000000217779643e+02 2.719969397567830072e+00
8.025000000218100240e+02 2.602896626337076302e+00
8.030000000218420837e+02 2.514716141178658049e+00
8.035000000218740297e+02 2.409821324647531959e+00
8.040000000219060894e+02 2.527638515141313214e+00
8.045000000219381491e+02 2.615563257085943949e+00
8.050000000219702088e+02 2.716329901740930364e+00
8.055000000220021548e+02 2.604554090306419489e+00
8.060000000220342145e+02 2.456247530548739899e+00
8.065000000220662741e+02 2.811412393996408632e+00
8.070000000220983338e+02 2.569687589590710086e+00
8.075000000221303935e+02 2.344694320741634197e+00
8.080000000221623395e+02 2.591595236503834165e+00
8.085000000221943992e+02 3.046044421633027355e+00
8.090000000222264589e+02 2.432177600052848554e+00
8.095000000222585186e+02 2.356645375749176097e+00
8.100000000222904646e+02 2.705801317778916193e+00
8.105000000223225243e+02 2.440086464699805724e+00
8.110000000223545840e+02 2.440021296818482455e+00
8.115000000223866436e+02 2.571549204074569328e+00
8.120000000224185897e+02 2.655802992294517217e+00
8.125000000224506493e+02 2.340048765359908689e+00
8.130000000224827090e+02 2.684278541876955249e+00
8.135000000225147687e+02 2.205229080184099022e+00
8.140000000225467147e+02 2.558719301221684450e+00
8.145000000225787744e+02 2.786068505736721157e+00
8.150000000226108341e+02 2.627715960682317942e+00
8.155000000226428938e+02 2.253675059165030969e+00
8.160000000226749535e+02 2.808124604162184568e+00
8.165000000227068995e+02 2.422826855903896792e+00
8.170000000227389592e+02 2.292746620055407192e+00
8.175000000227710188e+02 2.523735404474004795e+00
8.180000000228030785e+02 2.459980935194857832e+00
8.185000000228350245e+02 2.673847918429431036e+00
8.190000000228670842e+02 2.339015274050643356e+00
8.195000000228991439e+02 2.294329355675939652e+00
8.200000000229312036e+02 2.508372222962297116e+00
8.205000000229631496e+02 2.573054601015662968e+00
8.210000000229952093e+02 2.629883127165997259e+00
8.215000000230272690e+02 2.893879216882065286e+00
8.220000000230593287e+02 2.703745214710799427e+00
8.225000000230912747e+02 2.487905968869259521e+00
8.230000000231233344e+02 2.727487037987427421e+00
8.235000000231553940e+02 2.731958195743461104e+00
8.240000000231874537e+02 2.115521476855667604e+00
8.245000000232195134e+02 2.444389058117374613e+00
8.250000000232514594e+02 2.429753807179383607e+00
8.255000000232835191e+02 2.476949547947635111e+00
8.260000000233155788e+02 2.429164113707741102e+00
8.265000000233476385e+02 2.382169586421737595e+00
8.270000000233795845e+02 2.371535764008140923e+00
8.275000000234116442e+02 2.715253173594263991e+00
8.280000000234437039e+02 2.555695749056884125e+00
8.285000000234757636e+02 2.267878771707961150e+00
8.290000000235077096e+02 2.639201182767546339e+00
8.295000000235397692e+02 2.555890906882763325e+00
8.300000000235718289e+02 2.485838159864846464e+00
8.305000000236038886e+02 2.765720112201461856e+00
8.310000000236358346e+02 2.649198686331101449e+00
8.315000000236678943e+02 2.308631534469577140e+00
8.320000000236999540e+02 2.718670720226541881e+00
8.325000000237320137e+02 2.812423093008547870e+00
8.330000000237640734e+02 2.787217830064260049e+00
8.335000000237960194e+02 2.459018481108800280e+00
8.340000000238280791e+02 2.327273687851118211e+00
8.345000000238601388e+02 2.615311809136473542e+00
8.350000000238921984e+02 2.488012040127292934e+00
8.355000000239241444e+02 2.363891342516588168e+00
8.360000000239562041e+02 2.384735364210989861e+00
8.365000000239882638e+02 2.592807703728976954e+00
8.370000000240203235e+02 2.618850695190696687e+00
8.375000000240522695e+02 2.998039426673092755e+00
8.380000000240843292e+02 2.485986500045481939e+00
8.385000000241163889e+02 2.358962344411796419e+00
8.390000000241484486e+02 2.519926822176469017e+00
8.395000000241803946e+02 2.412914147731386905e+00
8.400000000242124543e+02 2.694964771078950161e+00
8.405000000242445140e+02 2.527780349228011314e+00
8.410000000242765736e+02 2.435579618128137280e+00
8.415000000243086333e+02 2.850325646640543553e+00
8.420000000243405793e+02 2.427110783978257746e+00
8.425000000243726390e+02 2.513132810602150435e+00
8.430000000244046987e+02 2.677567532677186612e+00
8.435000000244367584e+02 2.545839257673045974e+00
8.440000000244687044e+02 2.567732062591459474e+00
8.445000000245007641e+02 2.327161629282082700e+00
8.450000000245328238e+02 2.476540381320612383e+00
8.455000000245648835e+02 2.529594128684176990e+00
8.460000000245968295e+02 2.405448836646319144e+00
8.465000000246288892e+02 2.476124366828306389e+00
8.470000000246609488e+02 2.652569282167468678e+00
8.475000000246930085e+02 2.644608350553676601e+00
8.480000000247249545e+02 2.785686973151844992e+00
8.485000000247570142e+02 2.528905156430380607e+00
8.490000000247890739e+02 2.624755926744406498e+00
8.495000000248211336e+02 2.596966680688105544e+00
8.500000000248530796e+02 2.535777719500291738e+00
8.505000000248851393e+02 2.501002380584126161e+00
8.510000000249171990e+02 2.787434938758932113e+00
8.515000000249492587e+02 2.559548153286220984e+00
8.520000000249813183e+02 2.527205106067534235e+00
8.525000000250132643e+02 2.569542014466653423e+00
8.530000000250453240e+02 2.379055422264195752e+00
8.535000000250773837e+02 2.426344273945655328e+00
8.540000000251094434e+02 2.393932796331116108e+00
8.545000000251413894e+02 2.415627843668854080e+00
8.550000000251734491e+02 2.433307868814978292e+00
8.555000000252055088e+02 2.722498187333387332e+00
8.560000000252375685e+02 2.683504211529101902e+00
8.565000000252695145e+02 2.725748577188004784e+00
8.570000000253015742e+02 2.651728751367145254e+00
8.575000000253336339e+02 2.324182934703061587e+00
8.580000000253656935e+02 2.336658879646519082e+00
8.585000000253976395e+02 2.689230049107203868e+00
8.590000000254296992e+02 2.313416660513801570e+00
8.595000000254617589e+02 2.440016813543861574e+00
8.600000000254938186e+02 2.552963134886352403e+00
8.605000000255258783e+02 2.729875079004350891e+00
8.610000000255578243e+02 2.564166989328117818e+00
8.615000000255898840e+02 2.305838849405011270e+00
8.620000000256219437e+02 2.502027355880751092e+00
8.625000000256540034e+02 2.668264738844722039e+00
8.630000000256859494e+02 2.429500747800293681e+00
8.635000000257180091e+02 2.465623251388469495e+00
8.640000000257500687e+02 2.406798912264509038e+00
8.645000000257821284e+02 2.312126156778943731e+00
8.650000000258140744e+02 2.315500872940116750e+00
8.655000000258461341e+02 2.311660257836090082e+00
8.660000000258781938e+02 2.367601734355746501e+00
8.665000000259102535e+02 2.451917890229596608e+00
8.670000000259421995e+02 2.287216767119622407e+00
8.675000000259742592e+02 2.455712008358184484e+00
8.680000000260063189e+02 2.514292466072125087e+00
8.685000000260383786e+02 2.565688575847505870e+00
8.690000000260704383e+02 2.562292349752016030e+00
8.695000000261023843e+02 2.481442213922713247e+00
8.700000000261344439e+02 2.559936752799649717e+00
8.705000000261665036e+02 2.548129298089676364e+00
8.710000000261985633e+02 2.438151465299571719e+00
8.715000000262305093e+02 2.673812911798778114e+00
8.720000000262625690e+02 2.471708083485651297e+00
8.725000000262946287e+02 2.389133063856963446e+00
8.730000000263266884e+02 2.792992388137147675e+00
8.735000000263586344e+02 2.762327074946964167e+00
8.740000000263906941e+02 2.254561627580367489e+00
8.745000000264227538e+02 2.219163044392956863e+00
8.750000000264548135e+02 2.327057450446054609e+00
8.755000000264867595e+02 2.462395628560392069e+00
8.760000000265188191e+02 2.318032930430231620e+00
8.765000000265508788e+02 2.668164978924380648e+00
8.770000000265829385e+02 2.491834693529080269e+00
8.775000000266149982e+02 2.581048269649404148e+00
8.780000000266469442e+02 2.469905426482776889e+00
8.785000000266790039e+02 2.272128728622134552e+00
8.790000000267110636e+02 2.192601772299298979e+00
8.795000000267431233e+02 2.970702162719595307e+00
8.800000000267750693e+02 2.735675958717131095e+00
8.805000000268071290e+02 2.543202403688643365e+00
8.810000000268391886e+02 2.596915604471946359e+00
8.815000000268712483e+02 2.262942177742993444e+00
8.820000000269031943e+02 2.368217491188882029e+00
8.825000000269352540e+02 2.519849595735111247e+00
8.830000000269673137e+02 2.531530964710472009e+00
8.835000000269993734e+02 2.456748797775309079e+00
8.840000000270313194e+02 2.143551955076972160e+00
8.845000000270633791e+02 2.169917401289839010e+00
8.850000000270954388e+02 2.449139577023402126e+00
8.855000000271274985e+02 2.561142741301726922e+00
8.860000000271595582e+02 2.474985081107954343e+00
8.865000000271915042e+02 2.698348709413772362e+00
8.870000000272235638e+02 2.320055132562808708e+00
8.875000000272556235e+02 2.581740414630921077e+00
8.880000000272876832e+02 2.669653188145487022e+00
8.885000000273196292e+02 2.585129009699229652e+00
8.890000000273516889e+02 2.313479599445951163e+00
8.895000000273837486e+02 2.684606124020755047e+00
8.900000000274158083e+02 2.266754195947858985e+00
8.905000000274477543e+02 2.321254865753863861e+00
8.910000000274798140e+02 2.504316087361511567e+00
8.915000000275118737e+02 2.535042064803991302e+00
8.920000000275439334e+02 2.591872411890785433e+00
8.925000000275758794e+02 2.547097456512072089e+00
8.930000000276079390e+02 2.351755098733784077e+00
8.935000000276399987e+02 2.458720140803800192e+00
8.940000000276720584e+02 2.619135963809424705e+00
8.945000000277040044e+02 2.476828983794375993e+00
8.950000000277360641e+02 2.363302136339519244e+00
8.955000000277681238e+02 2.577395478248487137e+00
8.960000000278001835e+02 2.599496812048647687e+00
8.965000000278322432e+02 2.488140126225407034e+00
8.970000000278641892e+02 2.407605392678361156e+00
8.975000000278962489e+02 2.251465774065921188e+00
8.980000000279283086e+02 2.507949484952760599e+00
8.985000000279603682e+02 2.541534352223492110e+00
8.990000000279923142e+02 2.679651617019489951e+00
8.995000000280243739e+02 2.669507727869455671e+00
9.000000000280564336e+02 2.264055681149343080e+00
9.005000000280884933e+02 2.315197694403934303e+00
9.010000000281204393e+02 2.214238171146576395e+00
9.015000000281524990e+02 2.228178894502258700e+00
9.020000000281845587e+02 2.467489591284166561e+00
9.025000000282166184e+02 2.456193902293014819e+00
9.030000000282485644e+02 2.548737576047955589e+00
9.035000000282806241e+02 2.358599379984366085e+00
9.040000000283126838e+02 2.419878195245444008e+00
9.045000000283447434e+02 2.645042056033390487e+00
9.050000000283768031e+02 2.527762270921774412e+00
9.055000000284087491e+02 2.476795992736160024e+00
9.060000000284408088e+02 2.549388701602097296e+00
9.065000000284728685e+02 2.320210414128025533e+00
9.070000000285049282e+02 2.861275237999379772e+00
9.075000000285368742e+02 2.612882383931306229e+00
9.080000000285689339e+02 2.403995159219994182e+00
9.085000000286009936e+02 2.551564601964932066e+00
9.090000000286330533e+02 2.402282400565117104e+00
9.095000000286649993e+02 2.577197888812186921e+00
9.100000000286970590e+02 2.411356129271360782e+00
9.105000000287291186e+02 2.816269831337896878e+00
9.110000000287611783e+02 2.508726891549148963e+00
9.115000000287931243e+02 2.607718927861716107e+00
9.120000000288251840e+02 2.548948105478501258e+00
9.125000000288572437e+02 2.444475643175770596e+00
9.130000000288893034e+02 2.281407959063467494e+00
9.135000000289213631e+02 2.627768559895369282e+00
9.140000000289533091e+02 2.366042277264290838e+00
9.145000000289853688e+02 2.607124953603415118e+00
9.150000000290174285e+02 2.431439986645774987e+00
9.155000000290494881e+02 2.685380774085049271e+00
9.160000000290814341e+02 2.478131504148723518e+00
9.165000000291134938e+02 2.522549237902678598e+00
9.170000000291455535e+02 2.513699673035308280e+00
9.175000000291776132e+02 2.508990126123468833e+00
9.180000000292095592e+02 2.418644964973033495e+00
9.185000000292416189e+02 2.328522435172338589e+00
9.190000000292736786e+02 2.762551247351392902e+00
9.195000000293057383e+02 2.518978750114788667e+00
9.200000000293376843e+02 2.361347599883879766e+00
9.205000000293697440e+02 2.416064833865419814e+00
9.210000000294018037e+02 2.613461978832957833e+00
9.215000000294338633e+02 2.461529820739931651e+00
9.220000000294659230e+02 2.563168784390374544e+00
9.225000000294978690e+02 2.462408036384637455e+00
9.230000000295299287e+02 2.521829456701948136e+00
9.235000000295619884e+02 2.514653566574167165e+00
9.240000000295940481e+02 2.674490514023152521e+00
9.245000000296259941e+02 2.274431181911961808e+00
9.250000000296580538e+02 2.563324278348426244e+00
9.255000000296901135e+02 2.581079566003212644e+00
9.260000000297221732e+02 2.587081854996579722e+00
9.265000000297541192e+02 2.353456492494898633e+00
9.270000000297861789e+02 2.577326979125176276e+00
9.275000000298182385e+02 2.496124073701345480e+00
9.280000000298502982e+02 2.342636981650496608e+00
9.285000000298822442e+02 2.310637225453071153e+00
9.290000000299143039e+02 2.392011085390571168e+00
9.295000000299463636e+02 2.431830721616343727e+00
9.300000000299784233e+02 2.600983293417846287e+00
9.305000000300104830e+02 2.628628958970306684e+00
9.310000000300424290e+02 2.623679981526443772e+00
9.315000000300744887e+02 2.495543993350672007e+00
9.320000000301065484e+02 2.618296631928769713e+00
9.325000000301386081e+02 2.606572676927551679e+00
9.330000000301705541e+02 2.197052801282505907e+00
9.335000000302026137e+02 2.574620727582775270e+00
9.340000000302346734e+02 2.726330066084870829e+00
9.345000000302667331e+02 2.459852979502820336e+00
9.350000000302986791e+02 2.524038804467482411e+00
9.355000000303307388e+02 2.608031977162366566e+00
9.360000000303627985e+02 2.189271704648070749e+00
9.365000000303948582e+02 2.534972709762782106e+00
9.370000000304268042e+02 2.691285881100386579e+00
9.375000000304588639e+02 2.536918085768259612e+00
9.380000000304909236e+02 2.599848548842860207e+00
9.385000000305229833e+02 2.472872535656794213e+00
9.390000000305549293e+02 2.805394964357648124e+00
9.395000000305869889e+02 2.325826076985739288e+00
9.400000000306190486e+02 2.311106136171635406e+00
9.405000000306511083e+02 2.420466429199968239e+00
9.410000000306831680e+02 2.591826112776669522e+00
9.415000000307151140e+02 2.438830559018066779e+00
9.420000000307471737e+02 2.252809161037355068e+00
9.425000000307792334e+02 2.607820097251288605e+00
9.430000000308112931e+02 2.465760938148424675e+00
9.435000000308432391e+02 2.399200508193565451e+00
9.440000000308752988e+02 2.292267199050618043e+00
9.445000000309073585e+02 2.282521561673705346e+00
9.450000000309394181e+02 2.351096728775294409e+00
9.455000000309713641e+02 2.513905546272231728e+00
9.460000000310034238e+02 2.332930337968215362e+00
9.465000000310354835e+02 2.400275060730269860e+00
9.470000000310675432e+02 2.462208632827818100e+00
9.475000000310994892e+02 2.538491376793857501e+00
9.480000000311315489e+02 3.001406117133562201e+00
9.485000000311636086e+02 2.713799815634506007e+00
9.490000000311956683e+02 2.695730362189016738e+00
9.495000000312277280e+02 2.722206288807161201e+00
9.500000000312596740e+02 2.592646054961782021e+00
9.505000000312917336e+02 2.725147184273740919e+00
9.510000000313237933e+02 2.209878150826626531e+00
9.515000000313558530e+02 2.683951477855466727e+00
9.520000000313877990e+02 2.415448411330801903e+00
9.525000000314198587e+02 2.758830672200876855e+00
9.530000000314519184e+02 2.624954573901439492e+00
9.535000000314839781e+02 2.406285475654161843e+00
9.540000000315159241e+02 2.977756421884426796e+00
9.545000000315479838e+02 1.922040887885457128e+00
9.550000000315800435e+02 2.494985892051448939e+00
9.555000000316121032e+02 2.647350444979421180e+00
9.560000000316440492e+02 2.574689829235670135e+00
9.565000000316761088e+02 2.645664201694346573e+00
9.570000000317081685e+02 2.526112259641012159e+00
9.575000000317402282e+02 2.446737997981899948e+00
9.580000000317722879e+02 2.654690131356234328e+00
9.585000000318042339e+02 2.494726261030249859e+00
9.590000000318362936e+02 2.473575900648135040e+00
9.595000000318683533e+02 2.273992401360796833e+00
9.600000000319004130e+02 2.541800764162756021e+00
9.605000000319323590e+02 2.752405022640471266e+00
9.610000000319644187e+02 2.431803746568685476e+00
9.615000000319964784e+02 2.477646738044245733e+00
9.620000000320285380e+02 2.563808355474347156e+00
9.625000000320604840e+02 2.607332669248346502e+00
9.630000000320925437e+02 2.592626182913905897e+00
9.635000000321246034e+02 2.650871113599427176e+00
9.640000000321566631e+02 2.456833760641536468e+00
9.645000000321886091e+02 2.581972391397250988e+00
9.650000000322206688e+02 2.459262541455743190e+00
9.655000000322527285e+02 2.632602477441155830e+00
9.660000000322847882e+02 2.705795211549290702e+00
9.665000000323168479e+02 2.681374555696757422e+00
9.670000000323487939e+02 2.401006376422049282e+00
9.675000000323808536e+02 2.384495362139295693e+00
9.680000000324129132e+02 2.460434803815555682e+00
9.685000000324449729e+02 2.501809967305947957e+00
9.690000000324769189e+02 2.681096380483291686e+00
9.695000000325089786e+02 2.595103654373636992e+00
9.700000000325410383e+02 2.475228594668886117e+00
9.705000000325730980e+02 2.420313316294996131e+00
9.710000000326050440e+02 2.502619004642735234e+00
9.715000000326371037e+02 2.390136342826099991e+00
9.720000000326691634e+02 2.287854655820081184e+00
9.725000000327012231e+02 2.310678645510726881e+00
9.730000000327331691e+02 2.510498972296413278e+00
9.735000000327652288e+02 2.689635986940303258e+00
9.740000000327972884e+02 2.527161700022558577e+00
9.745000000328293481e+02 2.211249297551128201e+00
9.750000000328614078e+02 2.426760608134522545e+00
9.755000000328933538e+02 2.256044942823858701e+00
9.760000000329254135e+02 2.351317877090256303e+00
9.765000000329574732e+02 2.439602799278604905e+00
9.770000000329895329e+02 2.352402759167590673e+00
9.775000000330214789e+02 2.517011779744962485e+00
9.780000000330535386e+02 2.443999813335013371e+00
9.785000000330855983e+02 2.400538701367674221e+00
9.790000000331176579e+02 2.396489717743201187e+00
9.795000000331496040e+02 2.602333538445193106e+00
9.800000000331816636e+02 1.999340254184838628e+00
9.805000000332137233e+02 2.351661336345010955e+00
9.810000000332457830e+02 2.465437181256713295e+00
9.815000000332777290e+02 2.943423981259964961e+00
9.820000000333097887e+02 2.676878552509601494e+00
9.825000000333418484e+02 2.372089943008577340e+00
9.830000000333739081e+02 2.170738568768061150e+00
9.835000000334058541e+02 2.659646610350155260e+00
9.840000000334379138e+02 2.461514934783162190e+00
9.845000000334699735e+02 2.424772787257524431e+00
9.850000000335020331e+02 2.054145000644692409e+00
9.855000000335340928e+02 2.616875193954359524e+00
9.860000000335660388e+02 2.558297665292736056e+00
9.865000000335980985e+02 2.764911799293251704e+00
9.870000000336301582e+02 2.222223068745641683e+00
9.875000000336622179e+02 2.227828920848820893e+00
9.880000000336941639e+02 2.635797466987204629e+00
9.885000000337262236e+02 2.569646265592471668e+00
9.890000000337582833e+02 2.705709554679343487e+00
9.895000000337903430e+02 2.301420450822508901e+00
9.900000000338222890e+02 2.533129938044964113e+00
9.905000000338543487e+02 2.619406024449139725e+00
9.910000000338864083e+02 2.361082272070100796e+00
9.915000000339184680e+02 2.198144801427789563e+00
9.920000000339504140e+02 2.753539107481884685e+00
9.925000000339824737e+02 2.609008463914454623e+00
9.930000000340145334e+02 2.777288327564714443e+00
9.935000000340465931e+02 2.401013243238486972e+00
9.940000000340786528e+02 2.594377390846752007e+00
9.945000000341105988e+02 2.467017848427924598e+00
9.950000000341426585e+02 2.466701150054998681e+00
9.955000000341747182e+02 2.328386854746512746e+00
9.960000000342067779e+02 2.444026395136066121e+00
9.965000000342387239e+02 2.532926969196184874e+00
9.970000000342707835e+02 2.614959088013486088e+00
9.975000000343028432e+02 2.632862696412621606e+00
9.980000000343349029e+02 2.336599523519124144e+00
9.985000000343668489e+02 2.578317772607125136e+00
9.990000000343989086e+02 2.262701312705865053e+00
9.995000000344309683e+02 2.536355837463237339e+00
1.000000000034463028e+03 2.300942397003494122e+00
