# Time (ps)	CV (angstrom)
9.999999999975766229e+01 2.203667001960462724e+00
1.004999999997559001e+02 2.402707341258098594e+00
1.009999999997541380e+02 2.546419804711918200e+00
1.014999999997533990e+02 2.515356143411656475e+00
1.019999999997629061e+02 2.368955585019450805e+00
1.024999999997724132e+02 2.345117839118358916e+00
1.029999999997819060e+02 2.212913194184820576e+00
1.034999999997914131e+02 2.439499168981491994e+00
1.039999999998009201e+02 2.434094538886509618e+00
1.044999999998104272e+02 2.562687609827843271e+00
1.049999999998199343e+02 2.287507143628442652e+00
1.054999999998294413e+02 2.286756775116035367e+00
1.059999999998389484e+02 2.469891645699449079e+00
1.064999999998484554e+02 2.468590852012453762e+00
1.069999999998579483e+02 2.483987725803474600e+00
1.074999999998674554e+02 2.252228302776855262e+00
1.079999999998769624e+02 2.309639413229168436e+00
1.084999999998864695e+02 2.554113022203772676e+00
1.089999999998959765e+02 2.415882631571484307e+00
1.094999999999054836e+02 2.455692822573555922e+00
1.099999999999149907e+02 2.480069620023315657e+00
1.104999999999244977e+02 2.738852348004697568e+00
1.109999999999339906e+02 2.569445087660622740e+00
1.114999999999434976e+02 2.505802982281785773e+00
1.119999999999530047e+02 2.451529484509903156e+00
1.124999999999625118e+02 2.261181700229220493e+00
1.129999999999720188e+02 2.186364950481367586e+00
1.134999999999815259e+02 2.253033653408801573e+00
1.139999999999910330e+02 2.234292387259548818e+00
1.145000000000005400e+02 2.170325843010958433e+00
1.150000000000100329e+02 2.270977214959584156e+00
1.155000000000195399e+02 2.076343857480500432e+00
1.160000000000290470e+02 2.108642937983857379e+00
1.165000000000385540e+02 2.396407690646750854e+00
1.170000000000480611e+02 2.090159311325362257e+00
1.175000000000575682e+02 2.228346375113638533e+00
1.180000000000670752e+02 2.408670037899601990e+00
1.185000000000765823e+02 2.335593313731426868e+00
1.190000000000860751e+02 2.336674193853729875e+00
1.195000000000955822e+02 2.373556457791112795e+00
1.200000000001050893e+02 2.424379303995838342e+00
1.205000000001145963e+02 2.231559371607128917e+00
1.210000000001241034e+02 2.332739846488032676e+00
1.215000000001336105e+02 2.435089609169758695e+00
1.220000000001431175e+02 2.240648833281117192e+00
1.225000000001526246e+02 2.356820834644246965e+00
1.230000000001621174e+02 2.380981513856447407e+00
1.235000000001716245e+02 2.454742059379720232e+00
1.240000000001811316e+02 2.268158803807150292e+00
1.245000000001906386e+02 2.287511808490870102e+00
1.250000000002001457e+02 2.331619944375719289e+00
1.255000000002096527e+02 2.349764288408650703e+00
1.260000000002191598e+02 2.420191646759064064e+00
1.265000000002286527e+02 2.520741817300241827e+00
1.270000000002381597e+02 2.266041814793452236e+00
1.275000000002476668e+02 2.056347839066277050e+00
1.280000000002571880e+02 2.057601852052323821e+00
1.285000000002666809e+02 2.267685203931604221e+00
1.290000000002761738e+02 2.508377651298270727e+00
1.295000000002856950e+02 2.443682288984703188e+00
1.300000000002951879e+02 2.207681381538884047e+00
1.305000000003047091e+02 2.361646281555001892e+00
1.310000000003142020e+02 2.232867881654169828e+00
1.315000000003237233e+02 2.345724559998892733e+00
1.320000000003332161e+02 2.370420076365582940e+00
1.325000000003427090e+02 2.222875284500576143e+00
1.330000000003522302e+02 2.291976652664356795e+00
1.335000000003617231e+02 2.227050938826678372e+00
1.340000000003712444e+02 2.330024543440426310e+00
1.345000000003807372e+02 2.430253824704641019e+00
1.350000000003902585e+02 2.374646681204287013e+00
1.355000000003997513e+02 2.447528772461033952e+00
1.360000000004092726e+02 2.355234056572640622e+00
1.365000000004187655e+02 2.062881235869173935e+00
1.370000000004282583e+02 1.945743759991185762e+00
1.375000000004377796e+02 2.237090078454931685e+00
1.380000000004472724e+02 2.353923543785628070e+00
1.385000000004567937e+02 2.236159616161091712e+00
1.390000000004662866e+02 2.467333572454020629e+00
1.395000000004758078e+02 2.474435877262875394e+00
1.400000000004853007e+02 2.445180485755359179e+00
1.405000000004947935e+02 2.478555090845312670e+00
1.410000000005043148e+02 2.323768083845356713e+00
1.415000000005138077e+02 2.128206034211087339e+00
1.420000000005233289e+02 2.333332209172182203e+00
1.425000000005328218e+02 2.118898898106901019e+00
1.430000000005423431e+02 2.145965504892693776e+00
1.435000000005518359e+02 2.256812245620939184e+00
1.440000000005613572e+02 2.383414606306546002e+00
1.445000000005708500e+02 2.195448903136370866e+00
1.450000000005803429e+02 2.341396172382043339e+00
1.455000000005898642e+02 2.196490377611413969e+00
1.460000000005993570e+02 2.427645404003356600e+00
1.465000000006088783e+02 2.333349995577772340e+00
1.470000000006183711e+02 2.566058864117795491e+00
1.475000000006278924e+02 2.488077465444060277e+00
1.480000000006373853e+02 2.100591429419734979e+00
1.485000000006468781e+02 2.306280373868582423e+00
1.490000000006563994e+02 2.389560899555051687e+00
1.495000000006658922e+02 2.418445709996062121e+00
1.500000000006754135e+02 2.635538916557895739e+00
1.505000000006849064e+02 2.360843412005749986e+00
1.510000000006944276e+02 2.328886521689946143e+00
1.515000000007039205e+02 2.217160126474730042e+00
1.520000000007134133e+02 2.249067935076510150e+00
1.525000000007229346e+02 2.286401397936756119e+00
1.530000000007324275e+02 2.370136277322469009e+00
1.535000000007419487e+02 2.356354806153390324e+00
1.540000000007514416e+02 2.472497839794394192e+00
1.545000000007609628e+02 2.368761849239350514e+00
1.550000000007704557e+02 2.479888066473411534e+00
1.555000000007799770e+02 2.301795588148789484e+00
1.560000000007894698e+02 2.347239627769534209e+00
1.565000000007989627e+02 2.220031417820666153e+00
1.570000000008084839e+02 2.023519048548160448e+00
1.575000000008179768e+02 2.217225873558757776e+00
1.580000000008274981e+02 2.158928299936649253e+00
1.585000000008369909e+02 2.392549707500245315e+00
1.590000000008465122e+02 2.336872610357119573e+00
1.595000000008560050e+02 2.326923990933526643e+00
1.600000000008654979e+02 2.477866488887195295e+00
1.605000000008750192e+02 2.467838344221878533e+00
1.610000000008845120e+02 2.487987175027692288e+00
1.615000000008940333e+02 2.493759141264863199e+00
1.620000000009035261e+02 2.561002484696093706e+00
1.625000000009130474e+02 2.404426803394562384e+00
1.630000000009225403e+02 2.159762023406624820e+00
1.635000000009320615e+02 2.399926410840810931e+00
1.640000000009415544e+02 2.578425601630997654e+00
1.645000000009510472e+02 2.415918594610054981e+00
1.650000000009605685e+02 2.585010942345448814e+00
1.655000000009700614e+02 2.398001995522974994e+00
1.660000000009795826e+02 2.399802352366196434e+00
1.665000000009890755e+02 2.161840017002449876e+00
1.670000000009985968e+02 2.252169952197018432e+00
1.675000000010080896e+02 2.521736944723986795e+00
1.680000000010175825e+02 2.459284309633220644e+00
1.685000000010271037e+02 2.449234001420801832e+00
1.690000000010365966e+02 2.607502223074499526e+00
1.695000000010461179e+02 2.430683055289631689e+00
1.700000000010556107e+02 2.363142293611637523e+00
1.705000000010651320e+02 2.451083676100871855e+00
1.710000000010746248e+02 2.292862815896882012e+00
1.715000000010841177e+02 2.309196202906446338e+00
1.720000000010936390e+02 2.519788892582623507e+00
1.725000000011031318e+02 2.422381614488967827e+00
1.730000000011126531e+02 2.176873778530652892e+00
1.735000000011221459e+02 2.320201666855654654e+00
1.740000000011316672e+02 2.301037671178298716e+00
1.745000000011411601e+02 2.535174846882916722e+00
1.750000000011506813e+02 2.197774374287366328e+00
1.755000000011601742e+02 2.367293209007937715e+00
1.760000000011696670e+02 2.074434148871463268e+00
1.765000000011791883e+02 2.052215750749844414e+00
1.770000000011886812e+02 2.526129663614653520e+00
1.775000000011982024e+02 2.613649083563567732e+00
1.780000000012076953e+02 2.526119174527703848e+00
1.785000000012172165e+02 2.257969093840244579e+00
1.790000000012267094e+02 2.266757322124666185e+00
1.795000000012362023e+02 2.318673067198590676e+00
1.800000000012457235e+02 2.593136904906100160e+00
1.805000000012552164e+02 2.247403464455636435e+00
1.810000000012647376e+02 2.356997314637975904e+00
1.815000000012742305e+02 2.274613071114520491e+00
1.820000000012837518e+02 2.470002377536529625e+00
1.825000000012932446e+02 2.203379715079638146e+00
1.830000000013027659e+02 2.293084660303557509e+00
1.835000000013122587e+02 2.205370496168561179e+00
1.840000000013217516e+02 2.282698225879234766e+00
1.845000000013312729e+02 2.307200049857776492e+00
1.850000000013407657e+02 2.398068288289839867e+00
1.855000000013502870e+02 2.245246388576788377e+00
1.860000000013597798e+02 2.324860198784017395e+00
1.865000000013693011e+02 2.135185245533875786e+00
1.870000000013787940e+02 2.235367044447519103e+00
1.875000000013882868e+02 2.358716166684784454e+00
1.880000000013978081e+02 2.421418710160925247e+00
1.885000000014073009e+02 2.548442281514974095e+00
1.890000000014168222e+02 2.492008677803311034e+00
1.895000000014263151e+02 2.439063843164352541e+00
1.900000000014358363e+02 2.419229078196006189e+00
1.905000000014453292e+02 2.417957457801703569e+00
1.910000000014548220e+02 2.294916239672687652e+00
1.915000000014643433e+02 2.424492306929155294e+00
1.920000000014738362e+02 2.701710600767461390e+00
1.925000000014833574e+02 2.395126244434507168e+00
1.930000000014928503e+02 2.363781914135076878e+00
1.935000000015023716e+02 2.228136778202707724e+00
1.940000000015118644e+02 2.238940856563695014e+00
1.945000000015213857e+02 2.380520781477624137e+00
1.950000000015308785e+02 2.446802314028773129e+00
1.955000000015403714e+02 2.380560204455802076e+00
1.960000000015498927e+02 2.317419689660806359e+00
1.965000000015593855e+02 2.466717497012269611e+00
1.970000000015689068e+02 2.297577804067155949e+00
1.975000000015783996e+02 2.190754993665345651e+00
1.980000000015879209e+02 2.296735931547178922e+00
1.985000000015974138e+02 2.285772639093314851e+00
1.990000000016069066e+02 2.250835666101324239e+00
1.995000000016164279e+02 2.510089897501875722e+00
2.000000000016259207e+02 2.048884999769776449e+00
2.005000000016354420e+02 2.239038832035213922e+00
2.010000000016449349e+02 2.465926236602576704e+00
2.015000000016544561e+02 2.512314207672401434e+00
2.020000000016639490e+02 2.392251664326333405e+00
2.025000000016734703e+02 2.185765856629791948e+00
2.030000000016789556e+02 2.414475916145642831e+00
2.035000000016659385e+02 2.418285275707920956e+00
2.040000000016529214e+02 2.325120040310670433e+00
2.045000000016398758e+02 2.244538730697882123e+00
2.050000000016268586e+02 2.196069742540496250e+00
2.055000000016138415e+02 2.313735838930797595e+00
2.060000000016008244e+02 2.226278347042415895e+00
2.065000000015878072e+02 2.485778305220943452e+00
2.070000000015747617e+02 2.148960465206996240e+00
2.075000000015617445e+02 2.214229793743349717e+00
2.080000000015487274e+02 2.238869670406863133e+00
2.085000000015357102e+02 2.243029018703822430e+00
2.090000000015226931e+02 2.142955042543142952e+00
2.095000000015096475e+02 2.148627047548408608e+00
2.100000000014966304e+02 2.264489926044220613e+00
2.105000000014836132e+02 2.195508870265258761e+00
2.110000000014705961e+02 2.343859112471824879e+00
2.115000000014575789e+02 2.416910305747172583e+00
2.120000000014445618e+02 2.352994052991092211e+00
2.125000000014315162e+02 2.446555915758164446e+00
2.130000000014184991e+02 2.421578853831811262e+00
2.135000000014054820e+02 2.313736544368842019e+00
2.140000000013924648e+02 2.339746736838535401e+00
2.145000000013794477e+02 2.531328580838707154e+00
2.150000000013664021e+02 2.704370665728295542e+00
2.155000000013533850e+02 2.561740648477556892e+00
2.160000000013403678e+02 2.379255439231105829e+00
2.165000000013273507e+02 2.301455368651456279e+00
2.170000000013143335e+02 2.542366795496385112e+00
2.175000000013013164e+02 2.487520763905366028e+00
2.180000000012882708e+02 2.443086070744466376e+00
2.185000000012752537e+02 2.234325855348890499e+00
2.190000000012622365e+02 2.142233984261363577e+00
2.195000000012492194e+02 2.013084697624724306e+00
2.200000000012362023e+02 2.318272591831046281e+00
2.205000000012231567e+02 2.322114178025118658e+00
2.210000000012101395e+02 2.269259162340906855e+00
2.215000000011971224e+02 2.225979431273025444e+00
2.220000000011841053e+02 2.312313544668508580e+00
2.225000000011710881e+02 2.508142577018285468e+00
2.230000000011580710e+02 2.456738635642360169e+00
2.235000000011450254e+02 2.196324858113440470e+00
2.240000000011320083e+02 2.366794979530972842e+00
2.245000000011189911e+02 2.153924682142845715e+00
2.250000000011059740e+02 2.306851636474060552e+00
2.255000000010929568e+02 2.393287364097787862e+00
2.260000000010799113e+02 2.276578102413686189e+00
2.265000000010668941e+02 2.264026325928270911e+00
2.270000000010538770e+02 2.360560887371513150e+00
2.275000000010408598e+02 2.356584399892457160e+00
2.280000000010278427e+02 2.325780373936874756e+00
2.285000000010148256e+02 2.524741604204814305e+00
2.290000000010017800e+02 2.297587410000160091e+00
2.295000000009887628e+02 2.125801585301383856e+00
2.300000000009757457e+02 2.217001030432629971e+00
2.305000000009627286e+02 2.039168525336121807e+00
2.310000000009497114e+02 2.178206981092674077e+00
2.315000000009366659e+02 2.382245938804583130e+00
2.320000000009236487e+02 2.277279192605264679e+00
2.325000000009106316e+02 2.113408895267292920e+00
2.330000000008976144e+02 2.347922013028456600e+00
2.335000000008845973e+02 2.491141066214299205e+00
2.340000000008715517e+02 2.219756981459365175e+00
2.345000000008585346e+02 2.164104353792428714e+00
2.350000000008455174e+02 2.283686001952732969e+00
2.355000000008325003e+02 2.295571652639542215e+00
2.360000000008194831e+02 2.703466195613385636e+00
2.365000000008064660e+02 2.578584084283812583e+00
2.370000000007934204e+02 2.434101909816275722e+00
2.375000000007804033e+02 2.277222082391702429e+00
2.380000000007673862e+02 2.150123724288329541e+00
2.385000000007543690e+02 2.092067548775309316e+00
2.390000000007413519e+02 2.292362517875728312e+00
2.395000000007283063e+02 1.923495985018003562e+00
2.400000000007152892e+02 2.384427518898099674e+00
2.405000000007022720e+02 2.597413915452872590e+00
2.410000000006892549e+02 2.592665988643190200e+00
2.415000000006762377e+02 2.272683074248504465e+00
2.420000000006632206e+02 2.345570768023218733e+00
2.425000000006501750e+02 2.271688671544871418e+00
2.430000000006371579e+02 2.446600162799327016e+00
2.435000000006241407e+02 2.325522101066140657e+00
2.440000000006111236e+02 2.203223046806147334e+00
2.445000000005981065e+02 2.450145433220254798e+00
2.450000000005850609e+02 2.444090295491981202e+00
2.455000000005720437e+02 2.322842979488330073e+00
2.460000000005590266e+02 2.338166641669771728e+00
2.465000000005460095e+02 2.172662786674533386e+00
2.470000000005329923e+02 2.231382845981576768e+00
2.475000000005199752e+02 2.333862327924506985e+00
2.480000000005069296e+02 2.411562221089383673e+00
2.485000000004939125e+02 2.608437267368550305e+00
2.490000000004808953e+02 2.303299308771337817e+00
2.495000000004678782e+02 2.154244306272768306e+00
2.500000000004548610e+02 2.433510267128904836e+00
2.505000000004418155e+02 2.290329725531839777e+00
2.510000000004287983e+02 2.273495126505588271e+00
2.515000000004157812e+02 2.400884660617359057e+00
2.520000000004027640e+02 2.616131486963664710e+00
2.525000000003897469e+02 2.379045436025241766e+00
2.530000000003767013e+02 2.284168778267665179e+00
2.535000000003636842e+02 2.519582558452092336e+00
2.540000000003506671e+02 2.375239561414541178e+00
2.545000000003376499e+02 2.306787014052553708e+00
2.550000000003246328e+02 2.101977982583571158e+00
2.555000000003116156e+02 2.060650657703717581e+00
2.560000000002985985e+02 2.289146077568350979e+00
2.565000000002855813e+02 2.196956943816787522e+00
2.570000000002725642e+02 2.324731461027400137e+00
2.575000000002594902e+02 2.319860295981032383e+00
2.580000000002464731e+02 2.574818011394467199e+00
2.585000000002334559e+02 2.501457105639546707e+00
2.590000000002204388e+02 2.556223413610941186e+00
2.595000000002074216e+02 2.535590359787685433e+00
2.600000000001944045e+02 2.371071201813760077e+00
2.605000000001813873e+02 2.473047378213993674e+00
2.610000000001683702e+02 2.206158395231930580e+00
2.615000000001553531e+02 2.162993572946009024e+00
2.620000000001423359e+02 2.016993056829127440e+00
2.625000000001292619e+02 2.269699119313910884e+00
2.630000000001162448e+02 2.434931062327846174e+00
2.635000000001032276e+02 2.410628900204955460e+00
2.640000000000902105e+02 2.416518628426437498e+00
2.645000000000771934e+02 2.338450606812613852e+00
2.650000000000641762e+02 2.407512034201811257e+00
2.655000000000511591e+02 2.033368332522959676e+00
2.660000000000381419e+02 2.276319198435848179e+00
2.665000000000251248e+02 2.329247282563992716e+00
2.670000000000121076e+02 2.411209338559398674e+00
2.674999999999990905e+02 2.309357500582266187e+00
2.679999999999860165e+02 2.487434667321156478e+00
2.684999999999729994e+02 2.498153603443227233e+00
2.689999999999599822e+02 2.404580076196973781e+00
2.694999999999469651e+02 2.157861462324800694e+00
2.699999999999339479e+02 2.051512610241100543e+00
2.704999999999209308e+02 2.631713588386392022e+00
2.709999999999079137e+02 2.414081553537237301e+00
2.714999999998948965e+02 2.330050976939392449e+00
2.719999999998818794e+02 2.208487311377103524e+00
2.724999999998688622e+02 2.233318675449084356e+00
2.729999999998558451e+02 2.212182608340189649e+00
2.734999999998427711e+02 2.531025159733712115e+00
2.739999999998297540e+02 2.301924324918949161e+00
2.744999999998167368e+02 2.454047258166450529e+00
2.749999999998037197e+02 2.033453760495778972e+00
2.754999999997907025e+02 2.223053917356760500e+00
2.759999999997776854e+02 2.155352372873344358e+00
2.764999999997646682e+02 2.473903294915004825e+00
2.769999999997516511e+02 2.207654152590141639e+00
2.774999999997386340e+02 2.448926571054953261e+00
2.779999999997256168e+02 2.465474039953849950e+00
2.784999999997125997e+02 2.431127377179871818e+00
2.789999999996995257e+02 2.246639887294246574e+00
2.794999999996865085e+02 2.238769456376440647e+00
2.799999999996734914e+02 2.338977440609649072e+00
2.804999999996604743e+02 2.309854735159806882e+00
2.809999999996474571e+02 2.344050147339400869e+00
2.814999999996344400e+02 2.133258721431526617e+00
2.819999999996214228e+02 2.163241503711247571e+00
2.824999999996084057e+02 2.551687671697559168e+00
2.829999999995953885e+02 2.554372104542185884e+00
2.834999999995823714e+02 2.488308568341330851e+00
2.839999999995693543e+02 2.350814769545237048e+00
2.844999999995562803e+02 2.545954135438276200e+00
2.849999999995432631e+02 2.287246957053360674e+00
2.854999999995302460e+02 2.209809520278922079e+00
2.859999999995172288e+02 2.026166071686384296e+00
2.864999999995042117e+02 2.399118978369438437e+00
2.869999999994911946e+02 2.046822724784029379e+00
2.874999999994781774e+02 2.235789405641021244e+00
2.879999999994651603e+02 2.234307165925514482e+00
2.884999999994521431e+02 2.385845004666288904e+00
2.889999999994391260e+02 2.382922804358989843e+00
2.894999999994261088e+02 2.545994166554760074e+00
2.899999999994130349e+02 2.446485129933730018e+00
2.904999999994000177e+02 2.671382141639957908e+00
2.909999999993870006e+02 2.433589943284533152e+00
2.914999999993739834e+02 2.335727137961256528e+00
2.919999999993609663e+02 2.483963525722270305e+00
2.924999999993479491e+02 2.452405642895232329e+00
2.929999999993349320e+02 2.296624284207855915e+00
2.934999999993219149e+02 2.170631317893533918e+00
2.939999999993088977e+02 2.239899894831106408e+00
2.944999999992958806e+02 2.262024567476237813e+00
2.949999999992828634e+02 2.314097930161297612e+00
2.954999999992697894e+02 2.300406379352627262e+00
2.959999999992567723e+02 2.379270644603384444e+00
2.964999999992437552e+02 2.209352999276595231e+00
2.969999999992307380e+02 2.122283417961508878e+00
2.974999999992177209e+02 2.240355589800088865e+00
2.979999999992047037e+02 2.315933404966104003e+00
2.984999999991916866e+02 2.404042969077202052e+00
2.989999999991786694e+02 2.579785307544658401e+00
2.994999999991656523e+02 2.593919705355021588e+00
2.999999999991526352e+02 2.516986655570692122e+00
3.004999999991396180e+02 2.397379069788493577e+00
3.009999999991265440e+02 2.218152178190389012e+00
3.014999999991135269e+02 2.356190201899748260e+00
3.019999999991005097e+02 2.181605341580241220e+00
3.024999999990874926e+02 2.334809725566687533e+00
3.029999999990744755e+02 2.166043566961088906e+00
3.034999999990614583e+02 2.107105991896366159e+00
3.039999999990484412e+02 2.413550111047023883e+00
3.044999999990354240e+02 2.288577090787489610e+00
3.049999999990224069e+02 2.151342075073150006e+00
3.054999999990093897e+02 2.239492199648193349e+00
3.059999999989963158e+02 2.237297447663237904e+00
3.064999999989832986e+02 2.191757131638578660e+00
3.069999999989702815e+02 2.263566263152441138e+00
3.074999999989572643e+02 2.161565543111339860e+00
3.079999999989442472e+02 2.298140832806591760e+00
3.084999999989312300e+02 2.238031893256371863e+00
3.089999999989182129e+02 2.479999813081724902e+00
3.094999999989051958e+02 2.504484531365693378e+00
3.099999999988921786e+02 2.460809474886396231e+00
3.104999999988791615e+02 2.384341615205737508e+00
3.109999999988661443e+02 2.241027619958468886e+00
3.114999999988530703e+02 2.350042531236552712e+00
3.119999999988400532e+02 2.280828724478064284e+00
3.124999999988270361e+02 2.337384427621099992e+00
3.129999999988140189e+02 2.425999265484389600e+00
3.134999999988010018e+02 2.306728827512353419e+00
3.139999999987879846e+02 2.375628661753525162e+00
3.144999999987749675e+02 2.512263477733492678e+00
3.149999999987619503e+02 2.368319243803468144e+00
3.154999999987489332e+02 2.348333959474658617e+00
3.159999999987359161e+02 2.141074353397196095e+00
3.164999999987228989e+02 2.420557294180194052e+00
3.169999999987098249e+02 2.415962239088703445e+00
3.174999999986968078e+02 2.542843997098111153e+00
3.179999999986837906e+02 2.294150580838079101e+00
3.184999999986707735e+02 2.241274209094407333e+00
3.189999999986577564e+02 2.378354170571231663e+00
3.194999999986447392e+02 2.274629188904977006e+00
3.199999999986317221e+02 2.610223754226292048e+00
3.204999999986187049e+02 2.195163605379323979e+00
3.209999999986056878e+02 2.366114943070829035e+00
3.214999999985926706e+02 2.369059235515465378e+00
3.219999999985796535e+02 2.251214387341938572e+00
3.224999999985665795e+02 2.170127377728086948e+00
3.229999999985535624e+02 2.324042336189538371e+00
3.234999999985405452e+02 2.431188382768822098e+00
3.239999999985275281e+02 2.153077486809940488e+00
3.244999999985145109e+02 2.279134947629221308e+00
3.249999999985014938e+02 2.520207340651008820e+00
3.254999999984884766e+02 1.757093245267411286e+00
3.259999999984754595e+02 2.312688090401848306e+00
3.264999999984624424e+02 2.156689551588712117e+00
3.269999999984494252e+02 2.166073897562533990e+00
3.274999999984364081e+02 2.087623615587318682e+00
3.279999999984233341e+02 2.146149465702135384e+00
3.284999999984103169e+02 2.220513246822839903e+00
3.289999999983972998e+02 2.422975835512817255e+00
3.294999999983842827e+02 2.549694319996821168e+00
3.299999999983712655e+02 2.661214203139481427e+00
3.304999999983582484e+02 2.495113964948341589e+00
3.309999999983452312e+02 2.390685626042670542e+00
3.314999999983322141e+02 2.372666597935975563e+00
3.319999999983191969e+02 2.494327040261805628e+00
3.324999999983061798e+02 2.481350712031712646e+00
3.329999999982931627e+02 2.552782537144379305e+00
3.334999999982800887e+02 2.558084314747651078e+00
3.339999999982670715e+02 2.373627772393647195e+00
3.344999999982540544e+02 2.423382266035431165e+00
3.349999999982410372e+02 2.406562227489556616e+00
3.354999999982280201e+02 2.249364973429600401e+00
3.359999999982150030e+02 2.234220611734587525e+00
3.364999999982019858e+02 2.199759534522002014e+00
3.369999999981889687e+02 1.950337482734682881e+00
3.374999999981759515e+02 2.045320176981796134e+00
3.379999999981629344e+02 2.425398843944738037e+00
3.384999999981499172e+02 2.231087811958305078e+00
3.389999999981368433e+02 2.101101161015463958e+00
3.394999999981238261e+02 2.403791033241002850e+00
3.399999999981108090e+02 2.200338513959408715e+00
3.404999999980977918e+02 2.371862014146194575e+00
3.409999999980847747e+02 2.286550387616790303e+00
3.414999999980717575e+02 2.166039453439799978e+00
3.419999999980587404e+02 2.129224587447411388e+00
3.424999999980457233e+02 2.495541928746400462e+00
3.429999999980327061e+02 2.290268310921426576e+00
3.434999999980196890e+02 2.168622764535436787e+00
3.439999999980066718e+02 2.331979305215713172e+00
3.444999999979935978e+02 2.402719935157222597e+00
3.449999999979805807e+02 2.438954013146788391e+00
3.454999999979675636e+02 2.422597287207076899e+00
3.459999999979545464e+02 2.470124265442593448e+00
3.464999999979415293e+02 2.305258691858000919e+00
3.469999999979285121e+02 2.482592389968102609e+00
3.474999999979154950e+02 2.450202867466795720e+00
3.479999999979024778e+02 2.508674270789058358e+00
3.484999999978894607e+02 2.582501186913824132e+00
3.489999999978764436e+02 2.097340463894936669e+00
3.494999999978633696e+02 2.255680051381729445e+00
3.499999999978503524e+02 2.326048227541750890e+00
3.504999999978373353e+02 2.435295277673953596e+00
3.509999999978243181e+02 2.364330953836240923e+00
3.514999999978113010e+02 2.349018493387227124e+00
3.519999999977982839e+02 2.304050383912161770e+00
3.524999999977852667e+02 2.465033392341610341e+00
3.529999999977722496e+02 2.521253951562612894e+00
3.534999999977592324e+02 2.578327629171899282e+00
3.539999999977462153e+02 2.342320792085677006e+00
3.544999999977331981e+02 2.206254627339808927e+00
3.549999999977201242e+02 2.479825277969269326e+00
3.554999999977071070e+02 2.222527408480900135e+00
3.559999999976940899e+02 2.342131284922102097e+00
3.564999999976810727e+02 2.375366367758852792e+00
3.569999999976680556e+02 2.619903468066583141e+00
3.574999999976550384e+02 2.513283640281320785e+00
3.579999999976420213e+02 2.210775341332663402e+00
3.584999999976290042e+02 2.366167718446997359e+00
3.589999999976159870e+02 2.432329320624636804e+00
3.594999999976029699e+02 2.342588613093848693e+00
3.599999999975899527e+02 2.109659183862189202e+00
3.604999999975768787e+02 2.305093137727336927e+00
3.609999999975638616e+02 2.264213529154925908e+00
3.614999999975508445e+02 2.121268199205977645e+00
3.619999999975378273e+02 2.292753033824455944e+00
3.624999999975248102e+02 2.435639305864677251e+00
3.629999999975117930e+02 2.233709152069605963e+00
3.634999999974987759e+02 2.341289782283083376e+00
3.639999999974857587e+02 2.402190353864378736e+00
3.644999999974727416e+02 2.477378788769844853e+00
3.649999999974597245e+02 2.203664605733147930e+00
3.654999999974467073e+02 2.292164140991420407e+00
3.659999999974336333e+02 2.469135379075096282e+00
3.664999999974206162e+02 2.377546443853525648e+00
3.669999999974075990e+02 2.327029763412617580e+00
3.674999999973945819e+02 2.467036624909821008e+00
3.679999999973815648e+02 2.372198803059644145e+00
3.684999999973685476e+02 2.310181618123166025e+00
3.689999999973555305e+02 2.353081325584770234e+00
3.694999999973425133e+02 2.197541073499040376e+00
3.699999999973294962e+02 2.561340999114244621e+00
3.704999999973164790e+02 2.399879971428941605e+00
3.709999999973034619e+02 2.448063063816328988e+00
3.714999999972903879e+02 2.377203729127395082e+00
3.719999999972773708e+02 2.531178507919118914e+00
3.724999999972643536e+02 2.477188115378894828e+00
3.729999999972513365e+02 2.313818989754002686e+00
3.734999999972383193e+02 2.367497563497475088e+00
3.739999999972253022e+02 1.961489869061462610e+00
3.744999999972122851e+02 2.106994164522889790e+00
3.749999999971992679e+02 2.290881017153231447e+00
3.754999999971862508e+02 2.282384366215240767e+00
3.759999999971732336e+02 2.423126550325300776e+00
3.764999999971602165e+02 1.989842797772135130e+00
3.769999999971471425e+02 2.275244389677909318e+00
3.774999999971341254e+02 2.357734734032531421e+00
3.779999999971211082e+02 2.323963301359448952e+00
3.784999999971080911e+02 2.198807409016099168e+00
3.789999999970950739e+02 2.227383713996417658e+00
3.794999999970820568e+02 2.412067547808534496e+00
3.799999999970690396e+02 2.614261248581364327e+00
3.804999999970560225e+02 2.668765239831643488e+00
3.809999999970430054e+02 2.485343077011618718e+00
3.814999999970299882e+02 2.198808717516158140e+00
3.819999999970169711e+02 2.403223059992462218e+00
3.824999999970038971e+02 2.218411095473811212e+00
3.829999999969908799e+02 2.430296077118325737e+00
3.834999999969778628e+02 2.237924759180272005e+00
3.839999999969648456e+02 2.402115690672742776e+00
3.844999999969518285e+02 2.165048039993316298e+00
3.849999999969388114e+02 2.227294773940320383e+00
3.854999999969257942e+02 2.459987928769169496e+00
3.859999999969127771e+02 2.469579684742641223e+00
3.864999999968997599e+02 2.354717082236224890e+00
3.869999999968867428e+02 2.270588601218777036e+00
3.874999999968737256e+02 2.421508167367753650e+00
3.879999999968606517e+02 2.241460129465323803e+00
3.884999999968476345e+02 2.371979177830395802e+00
3.889999999968346174e+02 2.494805136389991684e+00
3.894999999968216002e+02 2.280380218333193820e+00
3.899999999968085831e+02 2.416914288362057128e+00
3.904999999967955659e+02 2.239665006226275956e+00
3.909999999967825488e+02 2.292099401006228554e+00
3.914999999967695317e+02 2.192667128248503072e+00
3.919999999967565145e+02 2.287527464262598009e+00
3.924999999967434974e+02 2.332612213362866616e+00
3.929999999967304234e+02 2.267341014484846262e+00
3.934999999967174062e+02 2.242620486539084634e+00
3.939999999967043891e+02 2.298730676725016409e+00
3.944999999966913720e+02 2.384936978430005183e+00
3.949999999966783548e+02 2.358364708115415098e+00
3.954999999966653377e+02 2.359228334091815871e+00
3.959999999966523205e+02 2.285834329403960474e+00
3.964999999966393034e+02 2.354189703979567838e+00
3.969999999966262862e+02 2.100194121990189178e+00
3.974999999966132691e+02 2.267970306999325558e+00
3.979999999966002520e+02 2.245720570329293952e+00
3.984999999965871780e+02 2.340667570180826385e+00
3.989999999965741608e+02 2.278956148515993707e+00
3.994999999965611437e+02 2.305136879183424803e+00
3.999999999965481265e+02 2.242789829794592293e+00
4.004999999965351094e+02 2.195758397794079109e+00
4.009999999965220923e+02 2.443100251873187467e+00
4.014999999965090751e+02 2.434282341168052088e+00
4.019999999964960580e+02 2.253137177579969119e+00
4.024999999964830408e+02 2.130504827671050982e+00
4.029999999964700237e+02 2.406216015191537050e+00
4.034999999964570065e+02 2.297997981317994487e+00
4.039999999964439326e+02 2.364083019399088048e+00
4.044999999964309154e+02 2.366392286388769417e+00
4.049999999964178983e+02 2.388573290170310948e+00
4.054999999964048811e+02 2.503832245774339160e+00
4.059999999964079507e+02 2.481226006163957720e+00
4.064999999964400104e+02 2.267486029055338914e+00
4.069999999964720132e+02 2.577856976514270482e+00
4.074999999965040729e+02 2.457264354422535213e+00
4.079999999965360757e+02 2.327422853975817052e+00
4.084999999965681354e+02 2.354862686138436967e+00
4.089999999966001383e+02 2.409523162099588500e+00
4.094999999966321980e+02 2.503803052894400860e+00
4.099999999966642008e+02 2.402084382640072846e+00
4.104999999966962605e+02 2.453429106733116871e+00
4.109999999967282633e+02 2.537012310569666251e+00
4.114999999967603230e+02 2.454282068660501803e+00
4.119999999967923259e+02 2.625301332603751536e+00
4.124999999968243856e+02 2.268285382981539922e+00
4.129999999968563884e+02 2.415524938972214652e+00
4.134999999968884481e+02 2.217870494275875348e+00
4.139999999969205078e+02 2.584107546819399914e+00
4.144999999969525106e+02 2.461151810617703717e+00
4.149999999969845703e+02 2.522294770863930946e+00
4.154999999970165732e+02 2.451395441218062743e+00
4.159999999970486328e+02 2.375831049643477577e+00
4.164999999970806357e+02 2.365181640991916190e+00
4.169999999971126954e+02 2.239670773166037243e+00
4.174999999971446982e+02 2.492146340238936997e+00
4.179999999971767579e+02 2.371762190358786881e+00
4.184999999972087608e+02 2.532041266086894282e+00
4.189999999972408204e+02 2.512249207503892912e+00
4.194999999972728233e+02 2.198900524118812871e+00
4.199999999973048830e+02 2.216050155423280099e+00
4.204999999973368858e+02 2.268143598186280752e+00
4.209999999973689455e+02 2.367849438037246124e+00
4.214999999974009484e+02 2.438724421170598511e+00
4.219999999974330080e+02 2.460899430287907919e+00
4.224999999974650109e+02 2.334836880019997452e+00
4.229999999974970706e+02 2.258845506083533738e+00
4.234999999975291303e+02 2.322492245977122227e+00
4.239999999975611331e+02 2.556938157377136811e+00
4.244999999975931928e+02 2.555572813053121894e+00
4.249999999976251956e+02 2.463400074858962174e+00
4.254999999976572553e+02 2.500422436020587114e+00
4.259999999976892582e+02 2.237116214551088333e+00
4.264999999977213179e+02 2.149869408865228149e+00
4.269999999977533207e+02 2.458138146077017527e+00
4.274999999977853804e+02 2.255906247082743565e+00
4.279999999978173832e+02 2.582679729861709461e+00
4.284999999978494429e+02 2.409566281643020336e+00
4.289999999978814458e+02 2.345328857859025895e+00
4.294999999979135055e+02 2.293122774691339849e+00
4.299999999979455083e+02 2.362028492644774325e+00
4.304999999979775680e+02 2.318595778479824343e+00
4.309999999980095708e+02 2.216855587854920984e+00
4.314999999980416305e+02 2.395405787301201794e+00
4.319999999980736902e+02 2.246898691885147681e+00
4.324999999981056931e+02 2.186421374096099601e+00
4.329999999981377528e+02 2.284170358784165966e+00
4.334999999981697556e+02 2.595602819471736655e+00
4.339999999982018153e+02 2.471143987665278097e+00
4.344999999982338181e+02 2.257302235812615798e+00
4.349999999982658778e+02 2.314537158769555347e+00
4.354999999982978807e+02 2.242503254868601026e+00
4.359999999983299404e+02 2.529925018925477609e+00
4.364999999983619432e+02 2.563717130530724919e+00
4.369999999983940029e+02 2.346662172317350414e+00
4.374999999984260057e+02 2.086629840762043386e+00
4.379999999984580654e+02 2.128825427359251510e+00
4.384999999984900683e+02 2.330912567087962017e+00
4.389999999985221280e+02 2.293843871506887400e+00
4.394999999985541308e+02 2.042268865757595364e+00
4.399999999985861905e+02 2.198201174840110461e+00
4.404999999986182502e+02 2.164199173196473591e+00
4.409999999986502530e+02 2.061391691257940639e+00
4.414999999986823127e+02 2.184822449962189772e+00
4.419999999987143156e+02 2.126280253402153875e+00
4.424999999987463752e+02 2.179014331095988855e+00
4.429999999987783781e+02 2.178661805824855691e+00
4.434999999988104378e+02 2.177649231593008938e+00
4.439999999988424406e+02 2.143723036229957302e+00
4.444999999988745003e+02 2.282578191484462948e+00
4.449999999989065032e+02 2.545553462352964313e+00
4.454999999989385628e+02 2.601168181606845042e+00
4.459999999989705657e+02 2.281104009857039649e+00
4.464999999990026254e+02 2.245238121498702721e+00
4.469999999990346282e+02 2.486346629546112741e+00
4.474999999990666879e+02 2.397990347870084360e+00
4.479999999990986908e+02 2.310049077428334208e+00
4.484999999991307504e+02 2.581408644497252602e+00
4.489999999991627533e+02 2.421042363296080691e+00
4.494999999991948130e+02 2.411986825386065014e+00
4.499999999992268727e+02 2.314189182344200457e+00
4.504999999992588755e+02 2.135521607472247840e+00
4.509999999992909352e+02 2.040204677266289401e+00
4.514999999993229380e+02 2.023582261673253502e+00
4.519999999993549977e+02 2.115091344385399363e+00
4.524999999993870006e+02 2.366457514038041943e+00
4.529999999994190603e+02 2.247930458623086380e+00
4.534999999994510631e+02 2.283722665886406933e+00
4.539999999994831228e+02 2.480533829050899808e+00
4.544999999995151256e+02 2.309370552008325639e+00
4.549999999995471853e+02 2.305561500468619407e+00
4.554999999995791882e+02 2.506570967096859004e+00
4.559999999996112479e+02 2.410657599011077235e+00
4.564999999996432507e+02 2.503500998440436831e+00
4.569999999996753104e+02 2.592739839295932658e+00
4.574999999997073132e+02 2.516014833744892432e+00
4.579999999997393729e+02 2.496820407493986149e+00
4.584999999997714326e+02 2.306949603827083806e+00
4.589999999998034355e+02 2.315129267206185393e+00
4.594999999998354951e+02 2.385312924266811407e+00
4.599999999998674980e+02 2.512090814342621048e+00
4.604999999998995577e+02 2.421280439600634438e+00
4.609999999999315605e+02 2.209173080440764103e+00
4.614999999999636202e+02 2.244603959274558580e+00
4.619999999999956231e+02 2.414568686687239119e+00
4.625000000000276827e+02 2.408300852053515850e+00
4.630000000000596856e+02 2.371442331872305687e+00
4.635000000000917453e+02 2.425750366465766916e+00
4.640000000001237481e+02 2.399677856053463731e+00
4.645000000001558078e+02 2.435748490562052559e+00
4.650000000001878107e+02 2.579606339647084745e+00
4.655000000002198703e+02 2.239510093095701926e+00
4.660000000002518732e+02 2.282410453399191130e+00
4.665000000002839329e+02 2.104573132191092100e+00
4.670000000003159357e+02 2.381744248505579975e+00
4.675000000003479954e+02 2.415520705217769404e+00
4.680000000003800551e+02 2.414617230464767506e+00
4.685000000004120579e+02 2.504666872069621686e+00
4.690000000004441176e+02 2.443081157320813990e+00
4.695000000004761205e+02 2.633222624137482981e+00
4.700000000005081802e+02 2.341325287527967536e+00
4.705000000005401830e+02 2.534800146458888292e+00
4.710000000005722427e+02 2.272862412931394793e+00
4.715000000006042455e+02 2.040257806434953913e+00
4.720000000006363052e+02 2.070603170373833013e+00
4.725000000006683081e+02 2.248978024250869012e+00
4.730000000007003678e+02 2.224282299055352574e+00
4.735000000007323706e+02 2.213004085633328621e+00
4.740000000007644303e+02 2.244606133402496262e+00
4.745000000007964331e+02 2.481172272584621474e+00
4.750000000008284928e+02 2.552316935063061010e+00
4.755000000008604957e+02 2.320223559991744455e+00
4.760000000008925554e+02 2.303454117586204219e+00
4.765000000009246151e+02 2.061814367849592156e+00
4.770000000009566179e+02 2.179684530017385491e+00
4.775000000009886776e+02 2.335113378825768748e+00
4.780000000010206804e+02 2.312521270188991451e+00
4.785000000010527401e+02 2.333919680879167124e+00
4.790000000010847430e+02 2.322771526546711929e+00
4.795000000011168027e+02 2.365810215673421535e+00
4.800000000011488055e+02 2.331762111179476626e+00
4.805000000011808652e+02 2.435356698858177182e+00
4.810000000012128680e+02 2.337252794975731796e+00
4.815000000012449277e+02 2.246870950721376659e+00
4.820000000012769306e+02 2.384419720207564097e+00
4.825000000013089902e+02 2.467971551747959236e+00
4.830000000013409931e+02 2.447067044567592387e+00
4.835000000013730528e+02 2.034955006496559360e+00
4.840000000014050556e+02 2.350333252891661839e+00
4.845000000014371153e+02 2.334867230744912092e+00
4.850000000014691750e+02 2.477431472237388022e+00
4.855000000015011778e+02 2.315163525486031659e+00
4.860000000015332375e+02 2.499013600355886044e+00
4.865000000015652404e+02 2.504997049391040953e+00
4.870000000015973001e+02 2.305500279538294617e+00
4.875000000016293029e+02 2.256497348902537059e+00
4.880000000016613626e+02 2.440371330860987342e+00
4.885000000016933654e+02 2.623874813526861249e+00
4.890000000017254251e+02 2.190927433094553400e+00
4.895000000017574280e+02 2.303493033457587824e+00
4.900000000017894877e+02 2.310698303924314079e+00
4.905000000018214905e+02 2.449896151162254121e+00
4.910000000018535502e+02 2.278289228479344342e+00
4.915000000018855530e+02 2.272316172699329506e+00
4.920000000019176127e+02 2.190464876698921870e+00
4.925000000019496156e+02 2.188236550516923895e+00
4.930000000019816753e+02 1.987091598839405782e+00
4.935000000020136781e+02 2.057881056289294186e+00
4.940000000020457378e+02 1.995436839786678185e+00
4.945000000020777975e+02 2.184478854568946193e+00
4.950000000021098003e+02 2.109651127850004304e+00
4.955000000021418600e+02 2.050901289993144694e+00
4.960000000021738629e+02 2.139539572407552992e+00
4.965000000022059226e+02 2.389828438564097546e+00
4.970000000022379254e+02 2.281630750714722655e+00
4.975000000022699851e+02 2.147495444070678605e+00
4.980000000023019879e+02 2.274474870172463969e+00
4.985000000023340476e+02 2.181836600874034637e+00
4.990000000023660505e+02 1.945848337902428504e+00
4.995000000023981102e+02 2.579682910641353910e+00
5.000000000024301130e+02 2.550321645826062245e+00
5.005000000024621727e+02 2.472370740407098033e+00
5.010000000024941755e+02 2.487612946709508055e+00
5.015000000025262352e+02 2.471621818966174722e+00
5.020000000025582381e+02 2.315836610323263045e+00
5.025000000025902978e+02 2.472621383940680317e+00
5.030000000026223574e+02 2.053851166333329203e+00
5.035000000026543603e+02 2.286482208757798951e+00
5.040000000026864200e+02 2.059316809667647963e+00
5.045000000027184228e+02 2.288786405044415329e+00
5.050000000027504825e+02 2.406024273797476187e+00
5.055000000027824854e+02 2.318886430285825639e+00
5.060000000028145450e+02 2.339316657660792220e+00
5.065000000028465479e+02 2.328282560070364493e+00
5.070000000028786076e+02 2.120209650133208612e+00
5.075000000029106104e+02 2.126833084293890952e+00
5.080000000029426701e+02 2.448309770470368019e+00
5.085000000029746730e+02 2.349759777669962357e+00
5.090000000030067326e+02 2.300818304303304362e+00
5.095000000030387355e+02 2.360350490133286794e+00
5.100000000030707952e+02 2.396592272083251984e+00
5.105000000031027980e+02 2.466824855783618098e+00
5.110000000031348577e+02 2.397892324172357092e+00
5.115000000031668606e+02 2.391286023623486745e+00
5.120000000031989202e+02 2.286494536399238164e+00
5.125000000032309799e+02 2.220435684331336201e+00
5.130000000032630396e+02 2.286102163301312551e+00
5.135000000032949856e+02 2.303412838857671563e+00
5.140000000033270453e+02 2.439212304463291403e+00
5.145000000033591050e+02 2.378758345706027288e+00
5.150000000033911647e+02 2.631681281727319188e+00
5.155000000034231107e+02 2.482503586722860867e+00
5.160000000034551704e+02 2.268849885272707922e+00
5.165000000034872301e+02 2.225010870584865241e+00
5.170000000035192897e+02 2.522623398685220231e+00
5.175000000035512357e+02 2.427346995581191713e+00
5.180000000035832954e+02 2.118274110793333165e+00
5.185000000036153551e+02 2.215506265620090787e+00
5.190000000036474148e+02 2.346372868398427514e+00
5.195000000036793608e+02 2.354382976364718161e+00
5.200000000037114205e+02 2.374694922532405883e+00
5.205000000037434802e+02 2.154567063876144051e+00
5.210000000037755399e+02 1.915131171470773497e+00
5.215000000038075996e+02 2.227823940875175435e+00
5.220000000038395456e+02 2.088226895278328055e+00
5.225000000038716053e+02 2.010630573107492047e+00
5.230000000039036649e+02 2.373908306895908371e+00
5.235000000039357246e+02 2.524577850031931803e+00
5.240000000039676706e+02 2.644108952735209961e+00
5.245000000039997303e+02 2.249971659550870751e+00
5.250000000040317900e+02 2.225851354279482219e+00
5.255000000040638497e+02 2.288495625362484187e+00
5.260000000040957957e+02 2.229218612502165797e+00
5.265000000041278554e+02 2.277965890262965143e+00
5.270000000041599151e+02 2.332290743443889092e+00
5.275000000041919748e+02 2.362768824286220593e+00
5.280000000042239208e+02 2.357556092263928704e+00
5.285000000042559805e+02 2.290891109372783063e+00
5.290000000042880401e+02 2.179570421826962701e+00
5.295000000043200998e+02 2.248855073999647125e+00
5.300000000043521595e+02 2.428442618887331594e+00
5.305000000043841055e+02 2.355104183538272000e+00
5.310000000044161652e+02 2.331326752114056156e+00
5.315000000044482249e+02 2.376065537430253727e+00
5.320000000044802846e+02 2.408143090019764898e+00
5.325000000045122306e+02 2.539373202681854291e+00
5.330000000045442903e+02 2.496518712335069168e+00
5.335000000045763500e+02 2.386476878828444281e+00
5.340000000046084097e+02 2.217479656170300739e+00
5.345000000046403557e+02 2.429441072744285890e+00
5.350000000046724153e+02 2.362841565955430934e+00
5.355000000047044750e+02 2.418695242800402934e+00
5.360000000047365347e+02 2.181749298694221739e+00
5.365000000047684807e+02 2.218523641150830894e+00
5.370000000048005404e+02 2.448391481302655937e+00
5.375000000048326001e+02 2.151930809949565759e+00
5.380000000048646598e+02 2.260012755700332221e+00
5.385000000048967195e+02 2.406606763416816008e+00
5.390000000049286655e+02 2.565030701504216637e+00
5.395000000049607252e+02 2.284663468485894633e+00
5.400000000049927849e+02 2.161514254214443209e+00
5.405000000050248445e+02 2.189346073214245791e+00
5.410000000050567905e+02 2.350192231756631056e+00
5.415000000050888502e+02 2.605743371310188738e+00
5.420000000051209099e+02 2.278354112810411003e+00
5.425000000051529696e+02 2.365344818400337612e+00
5.430000000051849156e+02 2.388777622145775048e+00
5.435000000052169753e+02 2.182427304531077361e+00
5.440000000052490350e+02 2.261242365540306221e+00
5.445000000052810947e+02 2.420742731937285619e+00
5.450000000053130407e+02 2.429208685331733175e+00
5.455000000053451004e+02 2.417417084211608724e+00
5.460000000053771601e+02 2.139363645628624688e+00
5.465000000054092197e+02 2.234279902856318945e+00
5.470000000054411657e+02 2.316193071689530036e+00
5.475000000054732254e+02 2.276139839199486481e+00
5.480000000055052851e+02 2.475327729227906559e+00
5.485000000055373448e+02 2.580670283728323078e+00
5.490000000055694045e+02 2.500781695807400062e+00
5.495000000056013505e+02 2.552574628605142948e+00
5.500000000056334102e+02 2.363068371657152333e+00
5.505000000056654699e+02 2.333770962922190328e+00
5.510000000056975296e+02 2.311143091053324827e+00
5.515000000057294756e+02 2.375911104615593850e+00
5.520000000057615352e+02 2.339487784165590778e+00
5.525000000057935949e+02 2.344853644760924727e+00
5.530000000058256546e+02 2.356426190609576921e+00
5.535000000058576006e+02 2.381342720287175752e+00
5.540000000058896603e+02 2.185818394734105663e+00
5.545000000059217200e+02 2.452375624327405301e+00
5.550000000059537797e+02 2.378355013766132231e+00
5.555000000059857257e+02 2.459918385541369545e+00
5.560000000060177854e+02 2.633809520800837856e+00
5.565000000060498451e+02 2.307262185957369205e+00
5.570000000060819048e+02 2.278817776871847833e+00
5.575000000061139644e+02 2.401012157447341089e+00
5.580000000061459104e+02 2.194365385143000946e+00
5.585000000061779701e+02 2.315295454535083230e+00
5.590000000062100298e+02 2.054822398399770655e+00
5.595000000062420895e+02 2.086721377457273263e+00
5.600000000062740355e+02 2.144358189837563877e+00
5.605000000063060952e+02 2.308402241883321881e+00
5.610000000063381549e+02 2.557400298781140613e+00
5.615000000063702146e+02 2.539831767599613599e+00
5.620000000064021606e+02 2.559553701517276458e+00
5.625000000064342203e+02 2.483596850112395948e+00
5.630000000064662800e+02 2.494844386235340217e+00
5.635000000064983396e+02 2.347177240929565034e+00
5.640000000065302856e+02 2.127678346230603257e+00
5.645000000065623453e+02 2.392499914045778109e+00
5.650000000065944050e+02 2.489359711474321113e+00
5.655000000066264647e+02 2.440018166234012131e+00
5.660000000066585244e+02 2.512392324404233879e+00
5.665000000066904704e+02 2.320720813344270717e+00
5.670000000067225301e+02 2.409446912821642250e+00
5.675000000067545898e+02 2.228032245151786661e+00
5.680000000067866495e+02 2.239046283511685331e+00
5.685000000068185955e+02 2.486526613718661682e+00
5.690000000068506552e+02 2.331355398880720742e+00
5.695000000068827148e+02 2.273546935817486236e+00
5.700000000069147745e+02 2.397548299762916280e+00
5.705000000069467205e+02 2.488321790535360734e+00
5.710000000069787802e+02 2.163993231096708048e+00
5.715000000070108399e+02 2.162171520898573895e+00
5.720000000070428996e+02 2.123465243964063554e+00
5.725000000070748456e+02 2.153561485209856574e+00
5.730000000071069053e+02 2.348498326649312684e+00
5.735000000071389650e+02 2.603313510989491153e+00
5.740000000071710247e+02 2.402036417996602946e+00
5.745000000072030844e+02 2.220484312342909217e+00
5.750000000072350304e+02 2.164888576195669323e+00
5.755000000072670900e+02 2.083542959871029776e+00
5.760000000072991497e+02 2.255267906318074722e+00
5.765000000073312094e+02 2.185076171244950682e+00
5.770000000073631554e+02 2.183125864660815374e+00
5.775000000073952151e+02 2.089023752344133733e+00
5.780000000074272748e+02 2.149746564181766573e+00
5.785000000074593345e+02 2.344746245760566339e+00
5.790000000074912805e+02 2.000876680441781019e+00
5.795000000075233402e+02 2.117686814927035588e+00
5.800000000075553999e+02 2.243073618769199307e+00
5.805000000075874595e+02 2.269082125414418005e+00
5.810000000076194056e+02 2.415349790554853104e+00
5.815000000076514652e+02 2.437283213939376303e+00
5.820000000076835249e+02 2.405616518283514527e+00
5.825000000077155846e+02 2.435090385247320466e+00
5.830000000077476443e+02 2.081805269745538922e+00
5.835000000077795903e+02 2.330137399975360513e+00
5.840000000078116500e+02 2.362028312147796516e+00
5.845000000078437097e+02 2.312406753292393091e+00
5.850000000078757694e+02 2.565269918989946163e+00
5.855000000079077154e+02 2.256147066378772603e+00
5.860000000079397751e+02 2.382499313068515256e+00
5.865000000079718347e+02 2.676808914380532034e+00
5.870000000080038944e+02 2.455589887528963011e+00
5.875000000080358404e+02 2.506481509381798922e+00
5.880000000080679001e+02 2.448627497242994444e+00
5.885000000080999598e+02 2.421380035723514901e+00
5.890000000081320195e+02 2.179059041890412995e+00
5.895000000081639655e+02 2.303761298778272071e+00
5.900000000081960252e+02 2.232256287384273286e+00
5.905000000082280849e+02 2.393534414388688525e+00
5.910000000082601446e+02 2.184694476577731415e+00
5.915000000082920906e+02 2.453073046597145090e+00
5.920000000083241503e+02 2.397997918043271337e+00
5.925000000083562099e+02 2.501972185513035019e+00
5.930000000083882696e+02 2.243965814449469853e+00
5.935000000084203293e+02 2.297813512477482334e+00
5.940000000084522753e+02 2.351559341310925255e+00
5.945000000084843350e+02 2.264385254419256199e+00
5.950000000085163947e+02 2.469897558930217674e+00
5.955000000085484544e+02 2.501505618976697765e+00
5.960000000085804004e+02 2.289371486662070243e+00
5.965000000086124601e+02 2.262930100225443830e+00
5.970000000086445198e+02 2.236666450576094256e+00
5.975000000086765795e+02 2.112673423142274132e+00
5.980000000087085255e+02 2.131366010203054273e+00
5.985000000087405851e+02 2.226438261470664592e+00
5.990000000087726448e+02 2.110653825587010868e+00
5.995000000088047045e+02 2.416846336507493032e+00
6.000000000088366505e+02 2.130857876176970755e+00
6.005000000088687102e+02 2.272121555849368590e+00
6.010000000089007699e+02 2.519202929940306035e+00
6.015000000089328296e+02 2.673219530122272758e+00
6.020000000089648893e+02 2.520921207130183639e+00
6.025000000089968353e+02 2.410079810584677240e+00
6.030000000090288950e+02 2.354425484017236059e+00
6.035000000090609547e+02 2.409174347325085730e+00
6.040000000090930143e+02 2.432644190012441587e+00
6.045000000091249603e+02 2.326728101160183915e+00
6.050000000091570200e+02 2.442277162802641843e+00
6.055000000091890797e+02 2.377968411620414724e+00
6.060000000092211394e+02 2.421112740198167579e+00
6.065000000092530854e+02 2.454232761247391981e+00
6.070000000092851451e+02 2.437505853941856149e+00
6.075000000093172048e+02 2.401138066792663839e+00
6.080000000093492645e+02 2.352906667197870227e+00
6.085000000093812105e+02 2.450125022257735541e+00
6.090000000094132702e+02 2.510611255499816785e+00
6.095000000094453299e+02 2.426093504170773407e+00
6.100000000094773895e+02 2.104275567099175959e+00
6.105000000095094492e+02 2.180309244295718152e+00
6.110000000095413952e+02 2.239832001487077839e+00
6.115000000095734549e+02 2.191520737307148359e+00
6.120000000096055146e+02 2.070565110412713850e+00
6.125000000096375743e+02 2.359004687163788194e+00
6.130000000096695203e+02 2.364819111169750077e+00
6.135000000097015800e+02 2.383864157408131845e+00
6.140000000097336397e+02 2.440937628249890690e+00
6.145000000097656994e+02 2.463296712199205984e+00
6.150000000097976454e+02 2.287512006658282804e+00
6.155000000098297050e+02 2.260161820813030520e+00
6.160000000098617647e+02 2.471518369954369909e+00
6.165000000098938244e+02 2.336445654892631119e+00
6.170000000099257704e+02 2.335006936726714777e+00
6.175000000099578301e+02 2.462720632422954914e+00
6.180000000099898898e+02 2.348570978408878407e+00
6.185000000100219495e+02 2.568620853842299212e+00
6.190000000100540092e+02 2.433739606188812132e+00
6.195000000100859552e+02 2.235927068309120358e+00
6.200000000101180149e+02 2.342757019918314310e+00
6.205000000101500746e+02 2.330172866092572459e+00
6.210000000101821342e+02 2.213233788297340521e+00
6.215000000102140802e+02 2.420577485180723798e+00
6.220000000102461399e+02 2.372834959066161264e+00
6.225000000102781996e+02 2.213772383853725767e+00
6.230000000103102593e+02 2.144314721045037508e+00
6.235000000103422053e+02 2.205691057606879557e+00
6.240000000103742650e+02 2.383280333004105689e+00
6.245000000104063247e+02 2.323201086688718497e+00
6.250000000104383844e+02 2.266673782420916439e+00
6.255000000104703304e+02 2.295420654250629244e+00
6.260000000105023901e+02 2.380629804312291764e+00
6.265000000105344498e+02 2.446460441126801388e+00
6.270000000105665094e+02 2.366310469574409492e+00
6.275000000105985691e+02 2.368103142822516549e+00
6.280000000106305151e+02 2.405971474931152265e+00
6.285000000106625748e+02 2.250734080651889180e+00
6.290000000106946345e+02 2.373501501497658150e+00
6.295000000107266942e+02 2.224784366338434349e+00
6.300000000107586402e+02 2.555573984004595012e+00
6.305000000107906999e+02 2.513235450444832431e+00
6.310000000108227596e+02 2.427343088967062190e+00
6.315000000108548193e+02 2.270064248376922222e+00
6.320000000108867653e+02 2.157555628743322185e+00
6.325000000109188250e+02 2.286982131138625363e+00
6.330000000109508846e+02 2.396056756716247627e+00
6.335000000109829443e+02 2.285027108470711443e+00
6.340000000110148903e+02 2.305831168726891978e+00
6.345000000110469500e+02 2.574888563985024081e+00
6.350000000110790097e+02 2.437911345109494032e+00
6.355000000111110694e+02 2.456248778765173668e+00
6.360000000111430154e+02 2.325801085445436733e+00
6.365000000111750751e+02 2.176000332712444418e+00
6.370000000112071348e+02 2.482639683099765904e+00
6.375000000112391945e+02 2.190744276184385608e+00
6.380000000112712542e+02 2.157047463204383675e+00
6.385000000113032002e+02 2.084989697689588528e+00
6.390000000113352598e+02 2.039927481984988411e+00
6.395000000113673195e+02 2.324768587165169542e+00
6.400000000113993792e+02 2.473270674008019920e+00
6.405000000114313252e+02 2.285950802285896089e+00
6.410000000114633849e+02 2.242788057234897714e+00
6.415000000114954446e+02 2.159738567792489849e+00
6.420000000115275043e+02 2.266185957332782941e+00
6.425000000115594503e+02 2.351443891624611204e+00
6.430000000115915100e+02 2.184619863979396115e+00
6.435000000116235697e+02 2.346762583703244864e+00
6.440000000116556294e+02 2.331695827607603633e+00
6.445000000116875754e+02 2.359211940487728754e+00
6.450000000117196350e+02 2.430262968676212942e+00
6.455000000117516947e+02 2.340952531507347611e+00
6.460000000117837544e+02 2.430323260618177272e+00
6.465000000118158141e+02 2.235246222419497997e+00
6.470000000118477601e+02 2.217733799542207063e+00
6.475000000118798198e+02 2.445009438736289731e+00
6.480000000119118795e+02 2.199897275061768465e+00
6.485000000119439392e+02 2.174552737212319009e+00
6.490000000119758852e+02 2.003615302207848892e+00
6.495000000120079449e+02 2.512710162181319262e+00
6.500000000120400045e+02 2.509479868076618825e+00
6.505000000120720642e+02 2.565337886973278803e+00
6.510000000121040102e+02 2.462776113507591624e+00
6.515000000121360699e+02 2.411760449001008499e+00
6.520000000121681296e+02 2.360062113043857046e+00
6.525000000122001893e+02 2.332274291809585787e+00
6.530000000122321353e+02 2.409726012483065283e+00
6.535000000122641950e+02 2.353817334266580907e+00
6.540000000122962547e+02 2.357346837228049719e+00
6.545000000123283144e+02 2.435190102189053185e+00
6.550000000123603741e+02 2.200063774760302682e+00
6.555000000123923201e+02 2.370510695503160292e+00
6.560000000124243797e+02 2.455848829100860886e+00
6.565000000124564394e+02 2.571360302087998928e+00
6.570000000124884991e+02 2.190490649662290679e+00
6.575000000125204451e+02 2.434954488885896495e+00
6.580000000125525048e+02 2.296203462256543926e+00
6.585000000125845645e+02 2.335897331827666346e+00
6.590000000126166242e+02 2.389633003613869544e+00
6.595000000126485702e+02 2.409793332666852805e+00
6.600000000126806299e+02 2.508635288914826678e+00
6.605000000127126896e+02 2.397023610198746102e+00
6.610000000127447493e+02 2.493378904908759797e+00
6.615000000127766953e+02 2.574527995929773549e+00
6.620000000128087549e+02 2.386605181227201555e+00
6.625000000128408146e+02 2.471486299994600344e+00
6.630000000128728743e+02 2.428375600260771705e+00
6.635000000129049340e+02 2.317434560199260307e+00
6.640000000129368800e+02 2.475414915910649771e+00
6.645000000129689397e+02 2.467289780136195709e+00
6.650000000130009994e+02 2.410723099843089745e+00
6.655000000130330591e+02 2.445584824160918824e+00
6.660000000130650051e+02 2.116837821484698789e+00
6.665000000130970648e+02 2.155650117568641111e+00
6.670000000131291245e+02 2.238918867920565603e+00
6.675000000131611841e+02 1.805729959608844970e+00
6.680000000131931301e+02 2.395938671558586197e+00
6.685000000132251898e+02 2.134755030167823975e+00
6.690000000132572495e+02 2.245024014005189805e+00
6.695000000132893092e+02 2.575982450017632708e+00
6.700000000133212552e+02 2.398229231078027102e+00
6.705000000133533149e+02 2.366822243358876587e+00
6.710000000133853746e+02 2.506684585501416596e+00
6.715000000134174343e+02 2.461691415258916216e+00
6.720000000134494940e+02 2.364210671614954684e+00
6.725000000134814400e+02 2.357116087523785541e+00
6.730000000135134997e+02 2.218253180223891619e+00
6.735000000135455593e+02 2.325064453209048310e+00
6.740000000135776190e+02 2.290186138550313277e+00
6.745000000136095650e+02 2.378112276701776828e+00
6.750000000136416247e+02 2.428447384579639490e+00
6.755000000136736844e+02 2.477750543876798162e+00
6.760000000137057441e+02 2.333550538977804401e+00
6.765000000137376901e+02 2.114995164170669462e+00
6.770000000137697498e+02 2.322483802510483475e+00
6.775000000138018095e+02 2.266462582371675083e+00
6.780000000138338692e+02 2.238856979923591783e+00
6.785000000138658152e+02 2.358076892080581910e+00
6.790000000138978749e+02 2.305077508182322266e+00
6.795000000139299345e+02 2.364843627749348531e+00
6.800000000139619942e+02 2.324403380564520116e+00
6.805000000139939402e+02 2.491339668706339161e+00
6.810000000140259999e+02 2.318259924726087551e+00
6.815000000140580596e+02 2.519651389438809730e+00
6.820000000140901193e+02 2.433159527541795430e+00
6.825000000141221790e+02 2.331088457711070205e+00
6.830000000141541250e+02 2.450339382183955195e+00
6.835000000141861847e+02 2.285334097217936122e+00
6.840000000142182444e+02 2.403294978941235449e+00
6.845000000142503040e+02 2.668148547022092476e+00
6.850000000142822500e+02 2.345375011502708773e+00
6.855000000143143097e+02 2.244634320409985229e+00
6.860000000143463694e+02 2.140403417629417326e+00
6.865000000143784291e+02 2.270338418346176113e+00
6.870000000144103751e+02 2.540428679225115172e+00
6.875000000144424348e+02 2.143517399285417291e+00
6.880000000144744945e+02 2.413186080707620196e+00
6.885000000145065542e+02 2.367997547260646041e+00
6.890000000145385002e+02 2.393055404489946358e+00
6.895000000145705599e+02 2.284551546286571977e+00
6.900000000146026196e+02 2.455699359830906037e+00
6.905000000146346792e+02 2.314704528318349386e+00
6.910000000146667389e+02 2.253351875675906779e+00
6.915000000146986849e+02 2.443690401090560460e+00
6.920000000147307446e+02 2.561660791453430619e+00
6.925000000147628043e+02 2.420921550598919669e+00
6.930000000147948640e+02 2.265012390124435893e+00
6.935000000148268100e+02 2.261873564420417537e+00
6.940000000148588697e+02 2.259292850554933896e+00
6.945000000148909294e+02 2.081440592212823404e+00
6.950000000149229891e+02 1.981785368258416558e+00
6.955000000149549351e+02 2.288363672930418868e+00
6.960000000149869948e+02 2.280752911784055481e+00
6.965000000150190544e+02 2.472786533143454868e+00
6.970000000150511141e+02 2.581707079686730744e+00
6.975000000150830601e+02 2.555815761556401444e+00
6.980000000151151198e+02 2.274307890608308735e+00
6.985000000151471795e+02 2.197881116831602366e+00
6.990000000151792392e+02 1.920098148851389741e+00
6.995000000152112989e+02 2.383510875308484600e+00
7.000000000152432449e+02 2.254877280411274665e+00
7.005000000152753046e+02 2.297814068899625362e+00
7.010000000153073643e+02 2.285389730092473481e+00
7.015000000153394240e+02 2.264686846619299754e+00
7.020000000153713700e+02 2.468496757022907495e+00
7.025000000154034296e+02 2.569903518316535074e+00
7.030000000154354893e+02 2.496094570878478969e+00
7.035000000154675490e+02 2.529612883751424679e+00
7.040000000154994950e+02 2.567852779359984794e+00
7.045000000155315547e+02 2.515680213492410999e+00
7.050000000155636144e+02 2.259010057936075455e+00
7.055000000155956741e+02 2.474936341732367318e+00
7.060000000156276201e+02 2.331064510952912006e+00
7.065000000156596798e+02 2.144315905498377361e+00
7.070000000156917395e+02 2.304598638693173385e+00
7.075000000157237992e+02 2.466899335741058241e+00
7.080000000157558588e+02 2.407224254129990193e+00
7.085000000157878048e+02 2.296830233147632239e+00
7.090000000158198645e+02 2.234361780763260530e+00
7.095000000158519242e+02 2.524124466794996469e+00
7.100000000158839839e+02 2.411482335992839232e+00
7.105000000159159299e+02 2.624575746532453291e+00
7.110000000159479896e+02 2.358907097537132458e+00
7.115000000159800493e+02 2.344720508925027591e+00
7.120000000160121090e+02 2.397533304346612493e+00
7.125000000160440550e+02 2.289003460726783956e+00
7.130000000160761147e+02 2.256822459488391441e+00
7.135000000161081743e+02 2.644323704504443207e+00
7.140000000161402340e+02 2.292921508178506151e+00
7.145000000161721800e+02 2.271335457881693110e+00
7.150000000162042397e+02 2.308195649628000279e+00
7.155000000162362994e+02 1.993644219168624110e+00
7.160000000162683591e+02 2.419696943734535921e+00
7.165000000163003051e+02 2.323758637800436677e+00
7.170000000163323648e+02 2.275801768054686924e+00
7.175000000163644245e+02 2.276567193027332792e+00
7.180000000163964842e+02 2.253934690576624877e+00
7.185000000164285439e+02 2.433671526953469222e+00
7.190000000164604899e+02 2.376595649676067179e+00
7.195000000164925495e+02 2.375114456144794328e+00
7.200000000165246092e+02 2.428877779282337723e+00
7.205000000165566689e+02 2.521096393475031228e+00
7.210000000165886149e+02 2.248503149151172664e+00
7.215000000166206746e+02 2.377101157746208226e+00
7.220000000166527343e+02 2.101534806337825412e+00
7.225000000166847940e+02 2.227875030520327204e+00
7.230000000167167400e+02 2.479840220917804317e+00
7.235000000167487997e+02 2.328669936684758746e+00
7.240000000167808594e+02 2.269345274178131255e+00
7.245000000168129191e+02 2.210293532958390372e+00
7.250000000168448651e+02 2.429866103229621377e+00
7.255000000168769247e+02 2.135191316278350460e+00
7.260000000169089844e+02 2.371779617275168839e+00
7.265000000169410441e+02 2.206553249753173240e+00
7.270000000169731038e+02 2.348897664600538615e+00
7.275000000170050498e+02 2.391923826871837022e+00
7.280000000170371095e+02 2.082155812507458847e+00
7.285000000170691692e+02 2.135316538836578015e+00
7.290000000171012289e+02 2.612408742797132533e+00
7.295000000171331749e+02 2.335348907792826889e+00
7.300000000171652346e+02 2.623715822787901608e+00
7.305000000171972943e+02 2.521944593037924953e+00
7.310000000172293539e+02 2.186928180823377588e+00
7.315000000172612999e+02 2.444471402917025138e+00
7.320000000172933596e+02 2.545867397221764250e+00
7.325000000173254193e+02 2.563472967974667949e+00
7.330000000173574790e+02 2.433169508797115466e+00
7.335000000173894250e+02 2.339594748344409503e+00
7.340000000174214847e+02 2.393611145463554912e+00
7.345000000174535444e+02 2.455184210133138034e+00
7.350000000174856041e+02 2.297100640779384140e+00
7.355000000175176638e+02 2.255718654596944539e+00
7.360000000175496098e+02 2.434510103491346111e+00
7.365000000175816695e+02 2.191215986605379307e+00
7.370000000176137291e+02 2.337144641525472633e+00
7.375000000176457888e+02 2.351824405564098885e+00
7.380000000176777348e+02 2.408494134938349518e+00
7.385000000177097945e+02 2.468576262340139493e+00
7.390000000177418542e+02 2.558427775514044988e+00
7.395000000177739139e+02 2.237020595744544593e+00
7.400000000178058599e+02 1.989013352912430532e+00
7.405000000178379196e+02 2.349643228737809952e+00
7.410000000178699793e+02 2.301773126312877782e+00
7.415000000179020390e+02 2.504466747496254975e+00
7.420000000179339850e+02 2.491923364410947528e+00
7.425000000179660447e+02 2.167253790930499413e+00
7.430000000179981043e+02 2.161510208563552471e+00
7.435000000180301640e+02 2.310036423598908595e+00
7.440000000180622237e+02 2.450811615138944966e+00
7.445000000180941697e+02 2.269424725604331172e+00
7.450000000181262294e+02 2.441348688023059488e+00
7.455000000181582891e+02 2.430746461387397694e+00
7.460000000181903488e+02 2.542124131062403425e+00
7.465000000182222948e+02 2.527594087443057802e+00
7.470000000182543545e+02 2.500202893940348225e+00
7.475000000182864142e+02 2.319423483940652453e+00
7.480000000183184738e+02 2.368008769039525063e+00
7.485000000183504199e+02 1.953808478484879707e+00
7.490000000183824795e+02 2.172960590014328730e+00
7.495000000184145392e+02 2.603768011716603326e+00
7.500000000184465989e+02 2.359276315748950914e+00
7.505000000184785449e+02 2.283522626334775651e+00
7.510000000185106046e+02 2.248663625682834066e+00
7.515000000185426643e+02 2.152252390622753531e+00
7.520000000185747240e+02 2.187959249146067542e+00
7.525000000186067837e+02 2.388778952025147007e+00
7.530000000186387297e+02 2.270067670571433105e+00
7.535000000186707894e+02 2.272383143768279545e+00
7.540000000187028490e+02 2.398236373686817746e+00
7.545000000187349087e+02 2.486083000988805747e+00
7.550000000187668547e+02 2.498783808588797672e+00
7.555000000187989144e+02 2.228245244842295136e+00
7.560000000188309741e+02 2.551033444582006648e+00
7.565000000188630338e+02 2.306087297814391590e+00
7.570000000188949798e+02 2.547738647279003565e+00
7.575000000189270395e+02 2.332499066835272306e+00
7.580000000189590992e+02 2.180197795746192657e+00
7.585000000189911589e+02 2.236639915256223521e+00
7.590000000190231049e+02 2.365150870054764987e+00
7.595000000190551646e+02 2.275041905642605666e+00
7.600000000190872242e+02 2.301000018727751062e+00
7.605000000191192839e+02 2.517609075940797858e+00
7.610000000191512299e+02 2.450844314628362941e+00
7.615000000191832896e+02 2.436901645536341920e+00
7.620000000192153493e+02 2.309702880611099296e+00
7.625000000192474090e+02 2.302249800798942037e+00
7.630000000192794687e+02 2.323119154228470151e+00
7.635000000193114147e+02 2.466510364746335338e+00
7.640000000193434744e+02 2.548506633128600818e+00
7.645000000193755341e+02 2.312871434129899040e+00
7.650000000194075938e+02 2.348553764973437374e+00
7.655000000194395398e+02 2.082353503373358450e+00
7.660000000194715994e+02 2.449185597989804286e+00
7.665000000195036591e+02 2.212316336281713980e+00
7.670000000195357188e+02 2.279972120991141882e+00
7.675000000195676648e+02 2.375452246215038254e+00
7.680000000195997245e+02 2.419912036085555940e+00
7.685000000196317842e+02 2.204605739504180484e+00
7.690000000196638439e+02 2.315498863195814216e+00
7.695000000196957899e+02 2.486287691658375376e+00
7.700000000197278496e+02 2.256675112714244591e+00
7.705000000197599093e+02 2.399901957628609139e+00
7.710000000197919690e+02 2.297375352874087451e+00
7.715000000198240286e+02 2.378489436032745097e+00
7.720000000198559746e+02 2.461343676822877136e+00
7.725000000198880343e+02 2.228861393182513861e+00
7.730000000199200940e+02 2.106505641211750657e+00
7.735000000199521537e+02 2.284798857674569916e+00
7.740000000199840997e+02 2.413583617924154545e+00
7.745000000200161594e+02 2.229142033934262024e+00
7.750000000200482191e+02 2.262414700948154334e+00
7.755000000200802788e+02 2.316464572799664889e+00
7.760000000201122248e+02 2.417607194978506513e+00
7.765000000201442845e+02 2.319922841871020491e+00
7.770000000201763442e+02 2.447140846556019600e+00
7.775000000202084038e+02 2.430446529849259019e+00
7.780000000202403498e+02 2.301232240185249633e+00
7.785000000202724095e+02 2.477324316946564853e+00
7.790000000203044692e+02 2.206725668600302281e+00
7.795000000203365289e+02 2.519607765143801803e+00
7.800000000203685886e+02 2.184180835760265005e+00
7.805000000204005346e+02 2.112641463221062832e+00
7.810000000204325943e+02 2.439671822214304342e+00
7.815000000204646540e+02 2.377770314006744545e+00
7.820000000204967137e+02 2.295788869998554915e+00
7.825000000205286597e+02 2.240232152935774046e+00
7.830000000205607193e+02 2.462882127821190981e+00
7.835000000205927790e+02 2.496210265629773328e+00
7.840000000206248387e+02 2.397247616919433000e+00
7.845000000206567847e+02 2.249012032693438634e+00
7.850000000206888444e+02 2.155575749389856632e+00
7.855000000207209041e+02 2.444335465797402573e+00
7.860000000207529638e+02 2.140480799843642146e+00
7.865000000207849098e+02 2.234375940055318921e+00
7.870000000208169695e+02 2.189518541248912875e+00
7.875000000208490292e+02 2.156023815810145017e+00
7.880000000208810889e+02 2.172164166993402645e+00
7.885000000209131485e+02 2.036502508577092030e+00
7.890000000209450945e+02 2.322295515351822548e+00
7.895000000209771542e+02 2.335503801800531409e+00
7.900000000210092139e+02 2.474447842151854982e+00
7.905000000210412736e+02 2.385497760209786211e+00
7.910000000210732196e+02 2.443172227295019372e+00
7.915000000211052793e+02 2.330455616749763870e+00
7.920000000211373390e+02 2.524266161438144085e+00
7.925000000211693987e+02 2.260930434997549199e+00
7.930000000212013447e+02 2.180522486947652272e+00
7.935000000212334044e+02 2.401939989376870699e+00
7.940000000212654641e+02 2.250591338971034361e+00
7.945000000212975237e+02 2.277945805356615505e+00
7.950000000213294697e+02 2.308383716853316336e+00
7.955000000213615294e+02 2.287131710581189914e+00
7.960000000213935891e+02 2.255814914328482690e+00
7.965000000214256488e+02 2.304012743171986788e+00
7.970000000214577085e+02 2.402676400934860901e+00
7.975000000214896545e+02 2.280235132637370654e+00
7.980000000215217142e+02 2.239871825292554686e+00
7.985000000215537739e+02 2.467891939788374511e+00
7.990000000215858336e+02 2.394323537485495201e+00
7.995000000216177796e+02 2.538822455019202007e+00
8.000000000216498393e+02 2.458070342392033591e+00
8.005000000216818989e+02 2.210801580668901867e+00
8.010000000217139586e+02 2.306376907558190581e+00
8.015000000217459046e+02 2.276572466007776629e+00
8.020000000217779643e+02 2.304028395722088174e+00
8.025000000218100240e+02 2.236125443518608868e+00
8.030000000218420837e+02 2.450518024776602743e+00
8.035000000218740297e+02 2.254074005180361606e+00
8.040000000219060894e+02 2.304880699076732764e+00
8.045000000219381491e+02 2.186937799444717001e+00
8.050000000219702088e+02 2.415301343474455464e+00
8.055000000220021548e+02 2.284459203689821916e+00
8.060000000220342145e+02 2.170853884579808213e+00
8.065000000220662741e+02 2.412988307170496061e+00
8.070000000220983338e+02 2.528296747337864581e+00
8.075000000221303935e+02 2.585944104629382512e+00
8.080000000221623395e+02 2.415618116971329776e+00
8.085000000221943992e+02 2.287255734373719207e+00
8.090000000222264589e+02 2.255923323358562715e+00
8.095000000222585186e+02 2.318561070271478286e+00
8.100000000222904646e+02 2.444774908114959455e+00
8.105000000223225243e+02 2.543800929925862597e+00
8.110000000223545840e+02 2.356658298546569164e+00
8.115000000223866436e+02 2.224506820659565065e+00
8.120000000224185897e+02 2.342629405434734302e+00
8.125000000224506493e+02 2.380312374398651176e+00
8.130000000224827090e+02 2.264405805727720100e+00
8.135000000225147687e+02 2.423203828436403029e+00
8.140000000225467147e+02 2.352260291390118940e+00
8.145000000225787744e+02 2.329842529060041745e+00
8.150000000226108341e+02 2.325145339430224833e+00
8.155000000226428938e+02 2.411202810502542260e+00
8.160000000226749535e+02 2.392285860044514934e+00
8.165000000227068995e+02 1.945578703654642139e+00
8.170000000227389592e+02 2.349963605038571934e+00
8.175000000227710188e+02 2.410441252585866057e+00
8.180000000228030785e+02 2.579520069499155355e+00
8.185000000228350245e+02 2.053287035160003438e+00
8.190000000228670842e+02 2.177903435775393692e+00
8.195000000228991439e+02 2.289353571243716967e+00
8.200000000229312036e+02 2.113240666812506774e+00
8.205000000229631496e+02 2.186271602423213167e+00
8.210000000229952093e+02 1.971139666545049351e+00
8.215000000230272690e+02 2.365287127747010221e+00
8.220000000230593287e+02 2.453334994004984893e+00
8.225000000230912747e+02 2.531811264444690845e+00
8.230000000231233344e+02 2.278715160798466588e+00
8.235000000231553940e+02 2.207671598724604500e+00
8.240000000231874537e+02 2.209372285761868948e+00
8.245000000232195134e+02 2.375459437924422712e+00
8.250000000232514594e+02 2.499405259101917576e+00
8.255000000232835191e+02 2.356891649660576959e+00
8.260000000233155788e+02 2.350320923193195632e+00
8.265000000233476385e+02 2.333292015037360834e+00
8.270000000233795845e+02 2.460296751223254308e+00
8.275000000234116442e+02 2.575512981349683539e+00
8.280000000234437039e+02 2.429046732708599610e+00
8.285000000234757636e+02 2.351808938670735039e+00
8.290000000235077096e+02 2.331780625753500757e+00
8.295000000235397692e+02 2.503832651525936370e+00
8.300000000235718289e+02 2.286547509049082993e+00
8.305000000236038886e+02 2.362177721846211664e+00
8.310000000236358346e+02 2.328643728619391950e+00
8.315000000236678943e+02 2.356279776909732337e+00
8.320000000236999540e+02 2.373545430325515238e+00
8.325000000237320137e+02 2.245215596644084766e+00
8.330000000237640734e+02 2.283669039683769331e+00
8.335000000237960194e+02 2.426718811595937719e+00
8.340000000238280791e+02 2.330847647798345079e+00
8.345000000238601388e+02 2.345993848099271695e+00
8.350000000238921984e+02 2.428116167187885477e+00
8.355000000239241444e+02 2.423272431028238305e+00
8.360000000239562041e+02 2.413022648794303837e+00
8.365000000239882638e+02 2.429103161475705264e+00
8.370000000240203235e+02 2.584505721761741981e+00
8.375000000240522695e+02 2.675114776412097051e+00
8.380000000240843292e+02 2.458889443065692682e+00
8.385000000241163889e+02 2.340726400129123252e+00
8.390000000241484486e+02 2.276219254748177434e+00
8.395000000241803946e+02 2.164333085289857461e+00
8.400000000242124543e+02 2.200923285067754254e+00
8.405000000242445140e+02 2.249974071169255296e+00
8.410000000242765736e+02 2.153730463858126498e+00
8.415000000243086333e+02 2.104458887932354028e+00
8.420000000243405793e+02 2.216995450520496735e+00
8.425000000243726390e+02 2.106819885762385880e+00
8.430000000244046987e+02 2.134951197642708465e+00
8.435000000244367584e+02 2.401543944313814460e+00
8.440000000244687044e+02 2.201555808654179991e+00
8.445000000245007641e+02 2.226477785739680915e+00
8.450000000245328238e+02 2.316594164194766048e+00
8.455000000245648835e+02 2.400028576508093980e+00
8.460000000245968295e+02 2.536392585822335288e+00
8.465000000246288892e+02 2.402529201558303296e+00
8.470000000246609488e+02 2.408822243103238669e+00
8.475000000246930085e+02 2.415359420157146442e+00
8.480000000247249545e+02 2.216032567248021667e+00
8.485000000247570142e+02 2.232357509095389769e+00
8.490000000247890739e+02 2.389970544009901499e+00
8.495000000248211336e+02 2.370424150733135171e+00
8.500000000248530796e+02 2.349191879846309394e+00
8.505000000248851393e+02 2.296926996670114463e+00
8.510000000249171990e+02 2.219734064358512171e+00
8.515000000249492587e+02 2.509621785752222944e+00
8.520000000249813183e+02 2.601215015413480103e+00
8.525000000250132643e+02 2.518921090356538439e+00
8.530000000250453240e+02 2.346055012856114619e+00
8.535000000250773837e+02 2.420780632816628586e+00
8.540000000251094434e+02 2.461487717972818068e+00
8.545000000251413894e+02 2.361164051377607986e+00
8.550000000251734491e+02 2.148070060287720295e+00
8.555000000252055088e+02 2.034132131946107425e+00
8.560000000252375685e+02 2.323071730150400693e+00
8.565000000252695145e+02 2.174193284484097433e+00
8.570000000253015742e+02 2.341969778042583439e+00
8.575000000253336339e+02 2.235920840307161317e+00
8.580000000253656935e+02 2.241518767649728350e+00
8.585000000253976395e+02 2.372760439973604196e+00
8.590000000254296992e+02 2.542572240861258326e+00
8.595000000254617589e+02 2.353826521789837756e+00
8.600000000254938186e+02 2.438114536172661051e+00
8.605000000255258783e+02 2.436927759078585609e+00
8.610000000255578243e+02 2.222240019466647176e+00
8.615000000255898840e+02 2.354787027560581780e+00
8.620000000256219437e+02 2.403157751165105882e+00
8.625000000256540034e+02 2.324628031302075293e+00
8.630000000256859494e+02 2.303998738802584878e+00
8.635000000257180091e+02 2.094612459122430881e+00
8.640000000257500687e+02 2.478816400056609748e+00
8.645000000257821284e+02 2.070803889811263954e+00
8.650000000258140744e+02 2.063289966790806229e+00
8.655000000258461341e+02 2.232623600604382919e+00
8.660000000258781938e+02 2.538790355524379816e+00
8.665000000259102535e+02 2.235655659006694052e+00
8.670000000259421995e+02 2.335410849719083970e+00
8.675000000259742592e+02 2.273406219838102871e+00
8.680000000260063189e+02 2.217107371264244620e+00
8.685000000260383786e+02 2.406550716142727531e+00
8.690000000260704383e+02 2.478006139760562387e+00
8.695000000261023843e+02 2.368836860793598564e+00
8.700000000261344439e+02 2.318884619341261999e+00
8.705000000261665036e+02 2.272550502235319847e+00
8.710000000261985633e+02 2.133207656553781639e+00
8.715000000262305093e+02 2.119361379965996495e+00
8.720000000262625690e+02 2.244421598584344313e+00
8.725000000262946287e+02 2.351671966817946657e+00
8.730000000263266884e+02 2.427414501559849835e+00
8.735000000263586344e+02 2.466711222333089815e+00
8.740000000263906941e+02 2.502171223951998869e+00
8.745000000264227538e+02 2.234537176610989384e+00
8.750000000264548135e+02 2.254619601187961120e+00
8.755000000264867595e+02 2.545898368204613682e+00
8.760000000265188191e+02 2.396985336307469794e+00
8.765000000265508788e+02 2.307796637841855958e+00
8.770000000265829385e+02 2.249271570963248479e+00
8.775000000266149982e+02 2.337478651293307230e+00
8.780000000266469442e+02 2.410351580192997556e+00
8.785000000266790039e+02 2.425545741136156952e+00
8.790000000267110636e+02 2.156697852833782125e+00
8.795000000267431233e+02 2.351284154047425634e+00
8.800000000267750693e+02 2.242420527413765186e+00
8.805000000268071290e+02 2.288258507394210550e+00
8.810000000268391886e+02 2.354162091235292742e+00
8.815000000268712483e+02 2.435405495656118635e+00
8.820000000269031943e+02 2.465717084855137742e+00
8.825000000269352540e+02 2.439377108104058944e+00
8.830000000269673137e+02 2.237385378888202769e+00
8.835000000269993734e+02 2.600646900428201125e+00
8.840000000270313194e+02 2.499859946007896738e+00
8.845000000270633791e+02 2.529679569933021011e+00
8.850000000270954388e+02 2.366927540675371588e+00
8.855000000271274985e+02 2.427960375266670301e+00
8.860000000271595582e+02 2.260099981393483226e+00
8.865000000271915042e+02 2.180407527707247883e+00
8.870000000272235638e+02 2.334752955660598595e+00
8.875000000272556235e+02 2.318280577353215577e+00
8.880000000272876832e+02 2.308002236944657781e+00
8.885000000273196292e+02 2.468073830500921328e+00
8.890000000273516889e+02 2.347232785203482219e+00
8.895000000273837486e+02 2.231856434667534472e+00
8.900000000274158083e+02 2.605001485756906821e+00
8.905000000274477543e+02 2.234606714191284649e+00
8.910000000274798140e+02 2.205231940127496237e+00
8.915000000275118737e+02 2.215245371824529297e+00
8.920000000275439334e+02 2.353443219794952412e+00
8.925000000275758794e+02 2.412912110085910999e+00
8.930000000276079390e+02 2.359018653013603917e+00
8.935000000276399987e+02 2.329699683911268693e+00
8.940000000276720584e+02 2.336882723898616288e+00
8.945000000277040044e+02 2.257433522998628206e+00
8.950000000277360641e+02 2.361591163743157029e+00
8.955000000277681238e+02 2.168787375504658943e+00
8.960000000278001835e+02 2.257564815903539746e+00
8.965000000278322432e+02 2.362143616605428598e+00
8.970000000278641892e+02 2.207457523584329007e+00
8.975000000278962489e+02 2.195927133075258109e+00
8.980000000279283086e+02 2.185012298923335816e+00
8.985000000279603682e+02 2.088865259256997842e+00
8.990000000279923142e+02 2.569151471707364465e+00
8.995000000280243739e+02 2.190039590321102292e+00
9.000000000280564336e+02 2.411433677846547052e+00
9.005000000280884933e+02 2.388875122682339480e+00
9.010000000281204393e+02 2.557834486348974590e+00
9.015000000281524990e+02 2.550859731913587947e+00
9.020000000281845587e+02 2.397247808400702507e+00
9.025000000282166184e+02 2.386240037420210847e+00
9.030000000282485644e+02 2.470142291220700059e+00
9.035000000282806241e+02 2.230029689790935521e+00
9.040000000283126838e+02 2.275563831460234443e+00
9.045000000283447434e+02 2.361647281293957956e+00
9.050000000283768031e+02 2.416705284470128667e+00
9.055000000284087491e+02 2.120681806201736297e+00
9.060000000284408088e+02 2.121560970526124468e+00
9.065000000284728685e+02 2.166626059599289000e+00
9.070000000285049282e+02 2.282834429691696698e+00
9.075000000285368742e+02 2.348194143254656474e+00
9.080000000285689339e+02 2.252932453441611305e+00
9.085000000286009936e+02 2.143639076919099828e+00
9.090000000286330533e+02 2.319695845873833928e+00
9.095000000286649993e+02 2.410228143936245626e+00
9.100000000286970590e+02 2.412286411638549843e+00
9.105000000287291186e+02 2.195813823389308972e+00
9.110000000287611783e+02 2.426944929187631050e+00
9.115000000287931243e+02 2.452989918918132339e+00
9.120000000288251840e+02 2.537263332858122666e+00
9.125000000288572437e+02 2.242608991793428874e+00
9.130000000288893034e+02 2.298221005000455897e+00
9.135000000289213631e+02 2.410593115029757261e+00
9.140000000289533091e+02 2.313958820793744486e+00
9.145000000289853688e+02 2.460324154405350683e+00
9.150000000290174285e+02 2.583808402866403675e+00
9.155000000290494881e+02 2.524832851790677068e+00
9.160000000290814341e+02 2.214856954160987268e+00
9.165000000291134938e+02 2.294129531246676734e+00
9.170000000291455535e+02 2.362186808817634542e+00
9.175000000291776132e+02 2.401601223513440519e+00
9.180000000292095592e+02 2.094569444854200491e+00
9.185000000292416189e+02 2.053644470042097936e+00
9.190000000292736786e+02 2.278620281928121827e+00
9.195000000293057383e+02 2.304300764891148212e+00
9.200000000293376843e+02 2.237640860071830939e+00
9.205000000293697440e+02 2.517299972840665312e+00
9.210000000294018037e+02 2.373849172859644252e+00
9.215000000294338633e+02 2.487251078250120262e+00
9.220000000294659230e+02 2.155577323198183848e+00
9.225000000294978690e+02 2.144842028087859731e+00
9.230000000295299287e+02 2.356296923067136007e+00
9.235000000295619884e+02 2.351817968645642409e+00
9.240000000295940481e+02 2.389801158214217125e+00
9.245000000296259941e+02 2.360602571274922568e+00
9.250000000296580538e+02 2.312907841321050206e+00
9.255000000296901135e+02 2.327560491712238555e+00
9.260000000297221732e+02 2.265560970111630379e+00
9.265000000297541192e+02 2.254656299394729668e+00
9.270000000297861789e+02 2.433733483816234333e+00
9.275000000298182385e+02 2.315697399859249828e+00
9.280000000298502982e+02 2.381307687655818572e+00
9.285000000298822442e+02 2.193673227845921669e+00
9.290000000299143039e+02 2.480360998690876340e+00
9.295000000299463636e+02 2.434574097968690065e+00
9.300000000299784233e+02 2.246710410046411255e+00
9.305000000300104830e+02 2.266215290215745526e+00
9.310000000300424290e+02 2.536632237287765879e+00
9.315000000300744887e+02 2.427374181377958795e+00
9.320000000301065484e+02 2.209256508463756319e+00
9.325000000301386081e+02 2.321741275245213565e+00
9.330000000301705541e+02 2.218748873273300060e+00
9.335000000302026137e+02 2.428986460912956780e+00
9.340000000302346734e+02 2.282990256626209913e+00
9.345000000302667331e+02 2.354769872988173418e+00
9.350000000302986791e+02 2.309327799981914175e+00
9.355000000303307388e+02 2.458314129814526350e+00
9.360000000303627985e+02 2.461306637488321680e+00
9.365000000303948582e+02 2.365507756511839421e+00
9.370000000304268042e+02 2.170558158853058917e+00
9.375000000304588639e+02 2.133425240692849112e+00
9.380000000304909236e+02 2.443836564279657342e+00
9.385000000305229833e+02 2.615336617661714769e+00
9.390000000305549293e+02 2.401055996722420538e+00
9.395000000305869889e+02 2.361715253588227093e+00
9.400000000306190486e+02 2.156973676869323953e+00
9.405000000306511083e+02 2.361368210057873895e+00
9.410000000306831680e+02 2.167835375750241766e+00
9.415000000307151140e+02 2.331371625360385558e+00
9.420000000307471737e+02 2.252363856497742844e+00
9.425000000307792334e+02 2.147472964492055603e+00
9.430000000308112931e+02 2.205561579747394418e+00
9.435000000308432391e+02 2.362232738360934725e+00
9.440000000308752988e+02 2.288586780058458725e+00
9.445000000309073585e+02 2.435278200779629643e+00
9.450000000309394181e+02 2.208159516325151284e+00
9.455000000309713641e+02 2.467473035101544809e+00
9.460000000310034238e+02 2.558593585455042341e+00
9.465000000310354835e+02 2.113352017087565038e+00
9.470000000310675432e+02 2.135091623619324697e+00
9.475000000310994892e+02 2.279149935517545966e+00
9.480000000311315489e+02 2.298295783405549741e+00
9.485000000311636086e+02 2.194381844520211455e+00
9.490000000311956683e+02 2.281477773631949368e+00
9.495000000312277280e+02 2.258698665670177519e+00
9.500000000312596740e+02 2.323482070923140963e+00
9.505000000312917336e+02 2.197924275318636322e+00
9.510000000313237933e+02 1.994151324645691448e+00
9.515000000313558530e+02 2.322579714830145026e+00
9.520000000313877990e+02 2.392714710838624637e+00
9.525000000314198587e+02 2.536731171091947346e+00
9.530000000314519184e+02 2.235265270252358327e+00
9.535000000314839781e+02 2.104413321370623091e+00
9.540000000315159241e+02 2.458015698521307524e+00
9.545000000315479838e+02 2.258869435231597222e+00
9.550000000315800435e+02 2.309669091115191364e+00
9.555000000316121032e+02 2.448512355016696951e+00
9.560000000316440492e+02 2.333360826833635659e+00
9.565000000316761088e+02 2.494642170997363628e+00
9.570000000317081685e+02 2.131409976395654660e+00
9.575000000317402282e+02 2.183091694183170617e+00
9.580000000317722879e+02 1.973962957339418400e+00
9.585000000318042339e+02 1.960978815621249316e+00
9.590000000318362936e+02 2.342659836726477263e+00
9.595000000318683533e+02 2.247345963712197747e+00
9.600000000319004130e+02 2.043267662333935863e+00
9.605000000319323590e+02 2.103621935937652232e+00
9.610000000319644187e+02 2.229806968997978256e+00
9.615000000319964784e+02 2.293607678540249051e+00
9.620000000320285380e+02 2.166469765805922432e+00
9.625000000320604840e+02 2.426939402928091294e+00
9.630000000320925437e+02 2.336337374630503394e+00
9.635000000321246034e+02 2.496247109740626691e+00
9.640000000321566631e+02 2.437984748514489652e+00
9.645000000321886091e+02 2.479520147361972349e+00
9.650000000322206688e+02 2.309574671538620283e+00
9.655000000322527285e+02 2.129841559017908281e+00
9.660000000322847882e+02 2.307725916085455964e+00
9.665000000323168479e+02 2.618670809207388483e+00
9.670000000323487939e+02 2.414676051766023956e+00
9.675000000323808536e+02 2.429979390453623544e+00
9.680000000324129132e+02 2.352839021457932667e+00
9.685000000324449729e+02 2.507469494886652495e+00
9.690000000324769189e+02 2.294106074312687760e+00
9.695000000325089786e+02 2.115090411470357257e+00
9.700000000325410383e+02 2.029835429209663644e+00
9.705000000325730980e+02 2.293804668717890127e+00
9.710000000326050440e+02 2.155302099661859039e+00
9.715000000326371037e+02 2.147812151215660936e+00
9.720000000326691634e+02 2.278731996090295198e+00
9.725000000327012231e+02 2.544138656483430516e+00
9.730000000327331691e+02 2.301007960168067523e+00
9.735000000327652288e+02 2.543971749681213090e+00
9.740000000327972884e+02 2.438682400628985114e+00
9.745000000328293481e+02 2.475336339071800840e+00
9.750000000328614078e+02 2.481529412066090678e+00
9.755000000328933538e+02 2.392997116828012416e+00
9.760000000329254135e+02 2.224308832548171022e+00
9.765000000329574732e+02 2.282223872062793202e+00
9.770000000329895329e+02 2.497182142368541857e+00
9.775000000330214789e+02 2.546438205339501604e+00
9.780000000330535386e+02 2.418301732327512443e+00
9.785000000330855983e+02 2.406795074813805169e+00
9.790000000331176579e+02 2.319896306627151183e+00
9.795000000331496040e+02 2.265772126980338363e+00
9.800000000331816636e+02 2.202970474863731543e+00
9.805000000332137233e+02 2.048375931230753899e+00
9.810000000332457830e+02 2.268073897039998510e+00
9.815000000332777290e+02 2.240457710285205017e+00
9.820000000333097887e+02 2.259541630860433692e+00
9.825000000333418484e+02 1.966825425975441632e+00
9.830000000333739081e+02 2.199304213563613164e+00
9.835000000334058541e+02 2.506385570318352851e+00
9.840000000334379138e+02 2.564858552566302130e+00
9.845000000334699735e+02 2.154663502976524203e+00
9.850000000335020331e+02 2.454102592021983664e+00
9.855000000335340928e+02 2.246015007752625969e+00
9.860000000335660388e+02 2.264825952686016830e+00
9.865000000335980985e+02 2.472096312233992066e+00
9.870000000336301582e+02 2.271422853979495393e+00
9.875000000336622179e+02 2.453492810063924612e+00
9.880000000336941639e+02 2.345094888402826427e+00
9.885000000337262236e+02 2.333930572506400125e+00
9.890000000337582833e+02 2.305837309356915554e+00
9.895000000337903430e+02 2.311900969865007038e+00
9.900000000338222890e+02 2.172743538874194247e+00
9.905000000338543487e+02 2.277111709180880794e+00
9.910000000338864083e+02 2.282726082636234111e+00
9.915000000339184680e+02 2.061603429223747064e+00
9.920000000339504140e+02 2.233170497399154630e+00
9.925000000339824737e+02 2.272588446927736427e+00
9.930000000340145334e+02 2.287235284793056600e+00
9.935000000340465931e+02 2.454845746063945011e+00
9.940000000340786528e+02 2.486557429032601352e+00
9.945000000341105988e+02 2.243362604921829817e+00
9.950000000341426585e+02 2.233859428943076875e+00
9.955000000341747182e+02 2.213619181421366822e+00
9.960000000342067779e+02 1.991048584174853087e+00
9.965000000342387239e+02 2.340661736446234098e+00
9.970000000342707835e+02 2.258039331548018946e+00
9.975000000343028432e+02 1.718483214699666695e+00
9.980000000343349029e+02 1.851608175205579077e+00
9.985000000343668489e+02 2.274512094991262945e+00
9.990000000343989086e+02 2.221889458438599085e+00
9.995000000344309683e+02 2.169593766809521540e+00
1.000000000034463028e+03 2.489893656372194730e+00
